#PATCH_CHECK: SepMBpoisson v0.60 fullmb-kondo adaptive-t500 active
#discretizing the bath:
#     0 0.0000000000000000e+00 -9.1873305439137479e-02
#     1 4.4721359549995798e-03 -1.6996561506240432e-01
#     2 4.4721359549995798e-03 -1.6538935211869343e-01
#     3 4.4721359549995798e-03 -1.6077828451849061e-01
#adaptive measurement: gap=4.5762629437108848e-03 period_steps=2746 nmeas=200 nwf=200 tmax=1.0000000000000000e+02 forced_stride=1
  0.00000000 +2.0000000000000000e+00 +1.9999999999999998e+00 +1.8374661879283106e-03 +1.0000000000000000e+00 +1.0000000000000000e+00 +0.0000000000000000e+00 +0.0000000000000000e+00
  0.50000000 +2.0000000000000000e+00 +1.9999999999665650e+00 +1.8414056165008722e-03 +9.9998999874570138e-01 +1.0000000000001634e+00 +5.0040113690297596e-06 +4.9972430939589350e-06
  1.00000000 +2.0000000000000000e+00 +1.9999999999091780e+00 +1.8530207605559721e-03 +9.9996050470528219e-01 +9.9999999994295452e-01 +1.9742527470208751e-05 +1.9752822674187677e-05
  1.50000000 +2.0000000000000000e+00 +2.0000000073470350e+00 +1.8726161272761518e-03 +9.9991072683192361e-01 +9.9999999963123620e-01 +4.4661087622966857e-05 +4.4612449233088438e-05
  2.00000000 +2.0000000000000000e+00 +1.9999999960434309e+00 +1.8996174048393781e-03 +9.9984209594879669e-01 +9.9999999847648691e-01 +7.9521388766378085e-05 +7.8384185606147151e-05
  2.50000000 +2.0000000000000000e+00 +1.9999999790274137e+00 +1.9324300158823035e-03 +9.9975861807835642e-01 +9.9999999504114434e-01 +1.2140285181636807e-04 +1.1998402743025998e-04
  3.00000000 +2.0000000000000000e+00 +1.9999999553653571e+00 +1.9710902619069163e-03 +9.9966017109501715e-01 +9.9999998921272815e-01 +1.7130581371694911e-04 +1.6853387818219104e-04
  3.50000000 +2.0000000000000000e+00 +2.0000001312793008e+00 +2.0136188815476426e-03 +9.9955170260654636e-01 +9.9999997952120023e-01 +2.2596401057142350e-04 +2.2235386008868983e-04
  4.00000000 +2.0000000000000000e+00 +2.0000000156629927e+00 +2.0600610458240982e-03 +9.9943305864490295e-01 +9.9999996211789588e-01 +2.8563532004310954e-04 +2.8134391680464227e-04
  4.50000000 +2.0000000000000000e+00 +2.0000000047326298e+00 +2.1089698123775633e-03 +9.9930787738949867e-01 +9.9999993691716049e-01 +3.4923243085768942e-04 +3.4295326205937524e-04
  5.00000000 +2.0000000000000000e+00 +1.9999998920503070e+00 +2.1592156176492953e-03 +9.9917897494640351e-01 +9.9999990599455257e-01 +4.1341883768159296e-04 +4.0770022136900547e-04
  5.50000000 +2.0000000000000000e+00 +1.9999998967134851e+00 +2.2087781711173497e-03 +9.9905147406893768e-01 +9.9999986059513479e-01 +4.7903790306208749e-04 +4.6962743121705243e-04
  6.00000000 +2.0000000000000000e+00 +2.0000001830792207e+00 +2.2567150950901344e-03 +9.9892758306641660e-01 +9.9999980447647729e-01 +5.4162003272788305e-04 +5.3099242285347835e-04
  6.50000000 +2.0000000000000000e+00 +1.9999999182571884e+00 +2.3019267269290106e-03 +9.9881027191137395e-01 +9.9999974270278058e-01 +6.0223265978047804e-04 +5.8775272615523759e-04
  7.00000000 +2.0000000000000000e+00 +1.9999992261604937e+00 +2.3419224078068774e-03 +9.9870572265396362e-01 +9.9999966665642648e-01 +6.5734221914076824e-04 +6.3726847081883539e-04
  7.50000000 +2.0000000000000000e+00 +1.9999996133381635e+00 +2.3812472293383413e-03 +9.9860259106225246e-01 +9.9999958266971289e-01 +7.0716348150643251e-04 +6.9066278810787148e-04
  8.00000000 +2.0000000000000000e+00 +1.9999993226038166e+00 +2.4098861463524761e-03 +9.9852592412751262e-01 +9.9999945774936860e-01 +7.5174126441123466e-04 +7.2287685873460112e-04
  8.50000000 +2.0000000000000000e+00 +1.9999987558098686e+00 +2.4349721128130836e-03 +9.9845823745598850e-01 +9.9999933770095684e-01 +7.8472184351018482e-04 +7.5770299804173624e-04
  9.00000000 +2.0000000000000000e+00 +1.9999985016128212e+00 +2.4521468544161490e-03 +9.9841025431249175e-01 +9.9999921760411092e-01 +8.0746302624630224e-04 +7.8306505726313997e-04
  9.50000000 +2.0000000000000000e+00 +1.9999980072260655e+00 +2.4645843379187847e-03 +9.9837437548518904e-01 +9.9999904817642871e-01 +8.3055169204797590e-04 +7.9602464744889256e-04
 10.00000000 +2.0000000000000000e+00 +1.9999975259758311e+00 +2.4618701232983265e-03 +9.9837653627416090e-01 +9.9999886727865017e-01 +8.2739977174229912e-04 +7.9719667654298658e-04
 10.50000000 +2.0000000000000000e+00 +1.9999977724282130e+00 +2.4635142975925348e-03 +9.9836793618273911e-01 +9.9999871504305426e-01 +8.3712059563697790e-04 +7.9622817847663425e-04
 11.00000000 +2.0000000000000000e+00 +1.9999970599511012e+00 +2.4419994877219304e-03 +9.9841806850538672e-01 +9.9999854680521183e-01 +8.1318507253164683e-04 +7.7019961543853179e-04
 11.50000000 +2.0000000000000000e+00 +1.9999962262114639e+00 +2.4260528033671581e-03 +9.9845455157965235e-01 +9.9999836056789737e-01 +7.8758780667792364e-04 +7.5950004730213950e-04
 12.00000000 +2.0000000000000000e+00 +1.9999953277491500e+00 +2.3967125426215693e-03 +9.9852535997660075e-01 +9.9999809074856350e-01 +7.5700718085121039e-04 +7.1954209512262472e-04
 12.50000000 +2.0000000000000000e+00 +1.9999961530506836e+00 +2.3616053566333515e-03 +9.9861171936958226e-01 +9.9999795180077755e-01 +7.2796616717478153e-04 +6.6236266142106668e-04
 13.00000000 +2.0000000000000000e+00 +1.9999976747514370e+00 +2.3304490942336132e-03 +9.9868838124858572e-01 +9.9999777049422867e-01 +6.8504192304697810e-04 +6.2880633413777852e-04
 13.50000000 +2.0000000000000000e+00 +1.9999938900970007e+00 +2.2763907110507054e-03 +9.9882396039706900e-01 +9.9999758674292039e-01 +6.1253576835388203e-04 +5.6591709278460279e-04
 14.00000000 +2.0000000000000000e+00 +1.9999946038069842e+00 +2.2504087905787112e-03 +9.9888872865587630e-01 +9.9999742475926678e-01 +5.8396286836649692e-04 +5.2988371637908592e-04
 14.50000000 +2.0000000000000000e+00 +1.9999952349421699e+00 +2.2019455915802673e-03 +9.9901235053931237e-01 +9.9999699824791100e-01 +5.2439328967198741e-04 +4.6625792199704553e-04
 15.00000000 +2.0000000000000000e+00 +1.9999954350471747e+00 +2.1492847725468121e-03 +9.9914748531062325e-01 +9.9999693841149928e-01 +4.5622866109308721e-04 +3.9934761542713177e-04
 15.50000000 +2.0000000000000000e+00 +1.9999958264768785e+00 +2.1265333449952272e-03 +9.9920739329361841e-01 +9.9999682692372949e-01 +4.0769128788091947e-04 +3.8808849439703701e-04
 16.00000000 +2.0000000000000000e+00 +1.9999933372860157e+00 +2.0574495391916261e-03 +9.9938572452231145e-01 +9.9999674027553676e-01 +3.3823978884306216e-04 +2.7929541188485157e-04
 16.50000000 +2.0000000000000000e+00 +1.9999911850762158e+00 +2.0269931841248178e-03 +9.9946694543186743e-01 +9.9999676620520939e-01 +2.7455908773204224e-04 +2.6172927521396364e-04
 17.00000000 +2.0000000000000000e+00 +1.9999945406371789e+00 +2.0054105523819813e-03 +9.9952562181841853e-01 +9.9999659348075343e-01 +2.7221984514570931e-04 +2.0556485565985204e-04
 17.50000000 +2.0000000000000000e+00 +1.9999959065149857e+00 +1.9746606924317214e-03 +9.9961088225894368e-01 +9.9999625790447033e-01 +1.9033640701256239e-04 +2.0252342969287861e-04
 18.00000000 +2.0000000000000000e+00 +1.9999958255209398e+00 +1.9504444468926457e-03 +9.9967815417451777e-01 +9.9999596188613116e-01 +1.5994275703055236e-04 +1.6594118140535587e-04
 18.50000000 +2.0000000000000000e+00 +1.9999945043343870e+00 +1.9202821809729061e-03 +9.9976139583747325e-01 +9.9999582439456958e-01 +1.2956839642622636e-04 +1.1321137015208780e-04
 19.00000000 +2.0000000000000000e+00 +1.9999918746695702e+00 +1.9232893947682870e-03 +9.9976185651020355e-01 +9.9999611981295156e-01 +1.4520320807107458e-04 +9.6820467783299019e-05
 19.50000000 +2.0000000000000000e+00 +1.9999922604868874e+00 +1.9056495952679291e-03 +9.9981338578672319e-01 +9.9999630849421339e-01 +1.0898489867594235e-04 +8.1320820262306619e-05
 20.00000000 +2.0000000000000000e+00 +1.9999977658105064e+00 +1.9073557415578105e-03 +9.9981802166356148e-01 +9.9999577173669041e-01 +9.8356531222006316e-05 +8.7850067278904867e-05
 20.50000000 +2.0000000000000000e+00 +1.9999946436209770e+00 +1.9249963832064377e-03 +9.9978047330027064e-01 +9.9999605165610894e-01 +1.2541791844782808e-04 +9.8057125178461631e-05
 21.00000000 +2.0000000000000000e+00 +1.9999916221450433e+00 +1.9527801711975113e-03 +9.9971669325221990e-01 +9.9999600977086711e-01 +1.5382012901105736e-04 +1.3347684793215615e-04
 21.50000000 +2.0000000000000000e+00 +1.9999920893053307e+00 +1.9697812881435970e-03 +9.9967947902708687e-01 +9.9999588014102381e-01 +1.6773445619199393e-04 +1.5690637448450157e-04
 22.00000000 +2.0000000000000000e+00 +1.9999928723076748e+00 +1.9767250177490136e-03 +9.9966883977904974e-01 +9.9999547230041641e-01 +1.5980632109905812e-04 +1.7588159813544142e-04
 22.50000000 +2.0000000000000000e+00 +1.9999962763485881e+00 +2.0169725096634921e-03 +9.9956949995615652e-01 +9.9999582792617325e-01 +1.9501689380293428e-04 +2.3965522346805452e-04
 23.00000000 +2.0000000000000000e+00 +1.9999949171448090e+00 +2.0381855089699865e-03 +9.9952044267059759e-01 +9.9999489111711737e-01 +2.1049985786230561e-04 +2.7416635323922688e-04
 23.50000000 +2.0000000000000000e+00 +1.9999929712674125e+00 +2.1022570255267892e-03 +9.9935934779172642e-01 +9.9999560212026295e-01 +2.6115435107667152e-04 +3.8389573744772619e-04
 24.00000000 +2.0000000000000000e+00 +1.9999966775048035e+00 +2.1271473455850508e-03 +9.9929905491642124e-01 +9.9999516892202722e-01 +3.3534726611575362e-04 +3.7042889668604699e-04
 24.50000000 +2.0000000000000000e+00 +1.9999930957412726e+00 +2.1756616242164838e-03 +9.9917620710894972e-01 +9.9999550937241455e-01 +3.6279163736755674e-04 +4.6549188254760586e-04
 25.00000000 +2.0000000000000000e+00 +1.9999937919411783e+00 +2.1843776434321664e-03 +9.9914946308856600e-01 +9.9999519891576083e-01 +4.4511642687295253e-04 +4.1022156920322877e-04
 25.50000000 +2.0000000000000000e+00 +1.9999880921202122e+00 +2.2524356352608492e-03 +9.9897336485083099e-01 +9.9999591982966829e-01 +4.8650289414009360e-04 +5.4421242495784807e-04
 26.00000000 +2.0000000000000000e+00 +1.9999873306953602e+00 +2.3057291752713303e-03 +9.9883577194502537e-01 +9.9999477247818080e-01 +5.6371138299751906e-04 +6.0574419336897314e-04
 26.50000000 +2.0000000000000000e+00 +1.9999958401808848e+00 +2.3198761519720263e-03 +9.9879720202262323e-01 +9.9999559729680665e-01 +6.0278072022342227e-04 +6.0441996075636609e-04
 27.00000000 +2.0000000000000000e+00 +1.9999914879155023e+00 +2.3277385473038886e-03 +9.9877245031186423e-01 +9.9999366730151273e-01 +6.1829833406011115e-04 +6.1558405246168622e-04
 27.50000000 +2.0000000000000000e+00 +1.9999940573924258e+00 +2.3602792501913497e-03 +9.9868168034567373e-01 +9.9999270973890386e-01 +6.8098511728122309e-04 +6.4462479894667813e-04
 28.00000000 +2.0000000000000000e+00 +1.9999874470387022e+00 +2.3884012193421170e-03 +9.9860364163430004e-01 +9.9999251386700083e-01 +7.1412536813203790e-04 +6.8971913013616735e-04
 28.50000000 +2.0000000000000000e+00 +1.9999933791157967e+00 +2.3373785026792834e-03 +9.9872698392492398e-01 +9.9999270481523483e-01 +6.5070994048745557e-04 +6.2960131976338215e-04
 29.00000000 +2.0000000000000000e+00 +1.9999827032808055e+00 +2.3735479000277478e-03 +9.9862122611400761e-01 +9.9999310389467500e-01 +6.8054492717808978e-04 +7.0512506529674405e-04
 29.50000000 +2.0000000000000000e+00 +1.9999879560363645e+00 +2.3798114777444385e-03 +9.9859931528741286e-01 +9.9999059453000316e-01 +7.5978324972675619e-04 +6.5030693181619811e-04
 30.00000000 +2.0000000000000000e+00 +1.9999897136126092e+00 +2.3483596661258567e-03 +9.9867322415032134e-01 +9.9999158425891621e-01 +6.8514960640082302e-04 +6.5004198446492350e-04
 30.50000000 +2.0000000000000000e+00 +1.9999861038258102e+00 +2.4013815278848150e-03 +9.9852488231510173e-01 +9.9999027742628488e-01 +8.1084285866073831e-04 +6.7399740049772544e-04
 31.00000000 +2.0000000000000000e+00 +1.9999803328731580e+00 +2.3468611375897781e-03 +9.9866074026511975e-01 +9.9998977357821772e-01 +7.0219723972746238e-04 +6.4728891763095678e-04
 31.50000000 +2.0000000000000000e+00 +1.9999842079185515e+00 +2.3025429189985538e-03 +9.9876845847944651e-01 +9.9999213916747087e-01 +5.7427447540822261e-04 +6.6512787722858909e-04
 32.00000000 +2.0000000000000000e+00 +1.9999734633930326e+00 +2.3787544692808029e-03 +9.9856381821264684e-01 +9.9998950586652346e-01 +7.4994735810638357e-04 +6.9672856337910994e-04
 32.50000000 +2.0000000000000000e+00 +1.9999791430384004e+00 +2.2747033686437838e-03 +9.9882226852377176e-01 +9.9998953108560651e-01 +6.2474597053881209e-04 +5.6345441965403116e-04
 33.00000000 +2.0000000000000000e+00 +1.9999726828818318e+00 +2.2343034552740038e-03 +9.9891793750702662e-01 +9.9998840049960747e-01 +5.4450777234264162e-04 +5.4915422090387868e-04
 33.50000000 +2.0000000000000000e+00 +1.9999595018027547e+00 +2.2440982054949266e-03 +9.9888943819218745e-01 +9.9998498336067720e-01 +5.8914584131632825e-04 +5.3643260519446474e-04
 34.00000000 +2.0000000000000000e+00 +1.9999653707631866e+00 +2.2101173839113165e-03 +9.9897193350287317e-01 +9.9998820535695132e-01 +4.8295733494477331e-04 +5.5690380565652780e-04
 34.50000000 +2.0000000000000000e+00 +1.9999632911533882e+00 +2.2452882544150648e-03 +9.9888684419946427e-01 +9.9998745098091890e-01 +4.8493210609573228e-04 +6.4077271405452759e-04
 35.00000000 +2.0000000000000000e+00 +1.9999636688924314e+00 +2.2007064436279410e-03 +9.9900336933290468e-01 +9.9998772709856165e-01 +4.9314828808158506e-04 +5.1575528033787944e-04
 35.50000000 +2.0000000000000000e+00 +1.9999516212013446e+00 +2.1817207267149168e-03 +9.9904998982071469e-01 +9.9998545632061120e-01 +4.7114786450517133e-04 +4.9340599520012677e-04
 36.00000000 +2.0000000000000000e+00 +1.9999598271788712e+00 +2.1239497608442023e-03 +9.9920887580676432e-01 +9.9998935902361352e-01 +5.1336726165014028e-04 +2.8839790709042569e-04
 36.50000000 +2.0000000000000000e+00 +1.9999652548361897e+00 +2.1878185367198233e-03 +9.9905073070845041e-01 +9.9998545224116298e-01 +4.9908939155441604e-04 +4.6472765783045879e-04
 37.00000000 +2.0000000000000000e+00 +1.9999707295058298e+00 +2.1276043307919155e-03 +9.9921259780006677e-01 +9.9998697515050605e-01 +4.5434864117366080e-04 +3.4607840869392618e-04
 37.50000000 +2.0000000000000000e+00 +1.9999586777340412e+00 +2.1276966469903130e-03 +9.9920936659422621e-01 +9.9998666766612221e-01 +4.5922472706012081e-04 +3.4474101310883441e-04
 38.00000000 +2.0000000000000000e+00 +1.9999599889744706e+00 +2.1319502731659157e-03 +9.9920705297133972e-01 +9.9998483091430113e-01 +3.2098864463609762e-04 +4.8712746961441009e-04
 38.50000000 +2.0000000000000000e+00 +1.9999634487935998e+00 +2.0401433515852118e-03 +9.9944488197952408e-01 +9.9998384919235261e-01 +3.4297915720936302e-04 +2.2828967094066979e-04
 39.00000000 +2.0000000000000000e+00 +1.9999643406534064e+00 +2.0857050851960995e-03 +9.9933622815140655e-01 +9.9998173446195660e-01 +3.2437699797716990e-04 +3.5766038910274247e-04
 39.50000000 +2.0000000000000000e+00 +1.9999473116691422e+00 +2.0685437740820341e-03 +9.9938082020769381e-01 +9.9997939721418361e-01 +3.9630911004385897e-04 +2.4347346844087690e-04
 40.00000000 +2.0000000000000000e+00 +1.9999596563109598e+00 +2.0483148751361106e-03 +9.9944397856141254e-01 +9.9998397273411721e-01 +2.5401378725432551e-04 +3.1803491765645020e-04
 40.50000000 +2.0000000000000000e+00 +1.9999638504248791e+00 +2.0823128373327342e-03 +9.9936626642424786e-01 +9.9998541468066504e-01 +3.1349710808323684e-04 +3.3482178788831970e-04
 41.00000000 +2.0000000000000000e+00 +1.9999757223315340e+00 +2.1425052394202296e-03 +9.9921977473721413e-01 +9.9997599732020781e-01 +4.2373248968759257e-04 +3.8049545286513369e-04
 41.50000000 +2.0000000000000000e+00 +1.9999662523860178e+00 +2.1703626428232164e-03 +9.9915420029376978e-01 +9.9998469903972842e-01 +4.3502155227130969e-04 +4.2607911381487723e-04
 42.00000000 +2.0000000000000000e+00 +1.9999475462653602e+00 +2.1649190641321605e-03 +9.9916034334614234e-01 +9.9997737534141251e-01 +4.4816160333515542e-04 +4.1411970914901117e-04
 42.50000000 +2.0000000000000000e+00 +1.9999667185317314e+00 +2.1915570722762724e-03 +9.9911288688254474e-01 +9.9998014451210815e-01 +5.1683003287165898e-04 +3.9013857305988589e-04
 43.00000000 +2.0000000000000000e+00 +1.9999546507835051e+00 +2.1381469241934735e-03 +9.9923947431672600e-01 +9.9998263080429450e-01 +3.4411763887806602e-04 +4.3377724054765649e-04
 43.50000000 +2.0000000000000000e+00 +1.9999560100177114e+00 +2.1645498311450738e-03 +9.9918090544480309e-01 +9.9998410061806819e-01 +3.3585687267355185e-04 +4.9913706419897749e-04
 44.00000000 +2.0000000000000000e+00 +1.9999587458655776e+00 +2.2075870886569594e-03 +9.9907246491696766e-01 +9.9997608249959336e-01 +4.8578221948302565e-04 +4.6567036451581950e-04
 44.50000000 +2.0000000000000000e+00 +1.9999652116846147e+00 +2.1809759599715904e-03 +9.9914532146199786e-01 +9.9998370721012197e-01 +4.6813685908240164e-04 +4.0283446924750178e-04
 45.00000000 +2.0000000000000000e+00 +1.9999620105741029e+00 +2.2177450847344579e-03 +9.9904877766241229e-01 +9.9997884964898820e-01 +5.5874982407400553e-04 +4.1362286431292819e-04
 45.50000000 +2.0000000000000000e+00 +1.9999676217362841e+00 +2.2070862297497635e-03 +9.9908093176038126e-01 +9.9998346355426282e-01 +5.0585444938469149e-04 +4.2975023600605455e-04
 46.00000000 +2.0000000000000000e+00 +1.9999478522584990e+00 +2.2325947813632459e-03 +9.9899510442047923e-01 +9.9997301766624458e-01 +5.8039986497218242e-04 +4.5147804842226013e-04
 46.50000000 +2.0000000000000000e+00 +1.9999664472139382e+00 +2.2531490508640654e-03 +9.9895951178152109e-01 +9.9998341123442891e-01 +5.5883292160802556e-04 +4.9824406259058355e-04
 47.00000000 +2.0000000000000000e+00 +1.9999493886401774e+00 +2.2615974255908097e-03 +9.9892232905143452e-01 +9.9998311959662745e-01 +6.2506232507506367e-04 +4.6948902639987650e-04
 47.50000000 +2.0000000000000000e+00 +1.9999605935742122e+00 +2.2628083696244394e-03 +9.9892005933709505e-01 +9.9998205632035697e-01 +5.0393830303314578e-04 +5.9394603924175604e-04
 48.00000000 +2.0000000000000000e+00 +1.9999681971237233e+00 +2.2447513148778774e-03 +9.9896526538352504e-01 +9.9996792250860522e-01 +3.9276496570486041e-04 +6.7404714203352122e-04
 48.50000000 +2.0000000000000000e+00 +1.9999724479950789e+00 +2.2464660469916089e-03 +9.9896421129495161e-01 +9.9997759735188807e-01 +5.2927038840178489e-04 +5.2892096502407822e-04
 49.00000000 +2.0000000000000000e+00 +1.9999470395447707e+00 +2.1875676645425630e-03 +9.9908996270322170e-01 +9.9997880968100328e-01 +4.3462394419245917e-04 +4.9660367216429588e-04
 49.50000000 +2.0000000000000000e+00 +1.9999631707237810e+00 +2.2847894448440381e-03 +9.9885473943163072e-01 +9.9997700210855212e-01 +4.3695016664352767e-04 +7.3130829336903746e-04
 50.00000000 +2.0000000000000000e+00 +1.9999471674462908e+00 +2.3110445507772757e-03 +9.9877835719890962e-01 +9.9997198874306714e-01 +5.3162778571660073e-04 +7.1802627177055243e-04
 50.50000000 +2.0000000000000000e+00 +1.9999474279810805e+00 +2.3071196785626443e-03 +9.9877882219710301e-01 +9.9996605250418047e-01 +6.4804492788276082e-04 +6.0708037068863275e-04
 51.00000000 +2.0000000000000000e+00 +1.9999512692310362e+00 +2.2374586425832226e-03 +9.9895371294727620e-01 +9.9997413462843854e-01 +5.8220751205723923e-04 +4.8994491227282030e-04
 51.50000000 +2.0000000000000000e+00 +1.9999434847386530e+00 +2.2562976358227590e-03 +9.9890751910186237e-01 +9.9995975299121309e-01 +4.9022871150736279e-04 +6.4249919600325978e-04
 52.00000000 +2.0000000000000000e+00 +1.9999281777893807e+00 +2.2542620796464530e-03 +9.9889145362840881e-01 +9.9998020177478708e-01 +7.0001670000541456e-04 +4.2832789632807165e-04
 52.50000000 +2.0000000000000000e+00 +1.9999238508834587e+00 +2.3113345796873705e-03 +9.9875080316812859e-01 +9.9996987134705662e-01 +5.7538042041948179e-04 +7.0394506451606847e-04
 53.00000000 +2.0000000000000000e+00 +1.9999572634229850e+00 +2.2206074134393317e-03 +9.9898407225933306e-01 +9.9996941978550646e-01 +6.7706863272656154e-04 +3.6943932193800858e-04
 53.50000000 +2.0000000000000000e+00 +1.9999401953178764e+00 +2.2941936191638633e-03 +9.9879219011706577e-01 +9.9997231904179495e-01 +6.1502532685353659e-04 +6.2046551429876867e-04
 54.00000000 +2.0000000000000000e+00 +1.9999162307545122e+00 +2.2501770843561765e-03 +9.9889227121793445e-01 +9.9996191636474052e-01 +6.3682756366152758e-04 +5.0898485416170770e-04
 54.50000000 +2.0000000000000000e+00 +1.9999537381895485e+00 +2.3571735966863142e-03 +9.9865316887330791e-01 +9.9998315159717432e-01 +6.8653546646285039e-04 +6.7714406347575478e-04
 55.00000000 +2.0000000000000000e+00 +1.9999252903840541e+00 +2.2692357435348978e-03 +9.9885151254556015e-01 +9.9993925932032957e-01 +6.1614858031233937e-04 +5.9307955383587575e-04
 55.50000000 +2.0000000000000000e+00 +1.9999163182125779e+00 +2.3852172552196950e-03 +9.9856174098348716e-01 +9.9995684151935782e-01 +9.1871614569345565e-04 +5.6270135086167986e-04
 56.00000000 +2.0000000000000000e+00 +1.9999319648748406e+00 +2.3989114690636652e-03 +9.9851845371747217e-01 +9.9995765839474349e-01 +6.8724904359672954e-04 +8.3663884419642783e-04
 56.50000000 +2.0000000000000000e+00 +1.9999298593820201e+00 +2.2180232550261369e-03 +9.9898293015902440e-01 +9.9996995042558678e-01 +5.4743366677344348e-04 +4.9968574858512166e-04
 57.00000000 +2.0000000000000000e+00 +1.9999278923107406e+00 +2.2341490280383758e-03 +9.9895161404801147e-01 +9.9995589721893263e-01 +6.0050037262380401e-04 +4.9198836046630986e-04
 57.50000000 +2.0000000000000000e+00 +1.9999541428684977e+00 +2.1068916338298246e-03 +9.9927770670401450e-01 +9.9997286944885599e-01 +2.7605617484517680e-04 +4.7336767276380792e-04
 58.00000000 +2.0000000000000000e+00 +1.9999263465085573e+00 +2.1571135033796613e-03 +9.9914438766961422e-01 +9.9997562148105457e-01 +5.1121495741079145e-04 +3.6877589140271423e-04
 58.50000000 +2.0000000000000000e+00 +1.9999248579620614e+00 +2.1590924081170059e-03 +9.9914237870025935e-01 +9.9997493517555047e-01 +4.6734488645616240e-04 +4.1534123742450004e-04
 59.00000000 +2.0000000000000000e+00 +1.9999279409679309e+00 +2.2051250429538437e-03 +9.9902818436997831e-01 +9.9995772309155473e-01 +5.1280050648691458e-04 +5.0129203191790221e-04
 59.50000000 +2.0000000000000000e+00 +1.9999503744062201e+00 +2.1757417877698794e-03 +9.9913161689070051e-01 +9.9995630471401553e-01 +4.9026721505326075e-04 +4.2181118085239644e-04
 60.00000000 +2.0000000000000000e+00 +1.9999003701852129e+00 +2.2414380890048700e-03 +9.9893074021250905e-01 +9.9996447012036027e-01 +5.7879019214464734e-04 +5.2599947529768985e-04
 60.50000000 +2.0000000000000000e+00 +1.9999004090119892e+00 +2.2685633726683275e-03 +9.9886395662895711e-01 +9.9996562190665739e-01 +7.0419464570509259e-04 +4.6622681883938435e-04
 61.00000000 +2.0000000000000000e+00 +1.9999233370821532e+00 +2.1984765200086078e-03 +9.9907096662293593e-01 +9.9996138703247195e-01 +3.6434160712021533e-04 +6.0330473684627555e-04
 61.50000000 +2.0000000000000000e+00 +1.9999194986275919e+00 +2.1481954533737351e-03 +9.9921077195921537e-01 +9.9996863921905554e-01 +5.5563730787194581e-04 +2.6495151395953870e-04
 62.00000000 +2.0000000000000000e+00 +1.9999304969664793e+00 +2.1818151599122928e-03 +9.9910164735848239e-01 +9.9994707919989334e-01 +4.4636501647360812e-04 +5.0490842453542871e-04
 62.50000000 +2.0000000000000000e+00 +1.9999004187504390e+00 +2.1873951761341060e-03 +9.9909598002264843e-01 +9.9995371621481588e-01 +5.2480933480517663e-04 +4.2549442739626975e-04
 63.00000000 +2.0000000000000000e+00 +1.9999369070550004e+00 +2.1479168785142251e-03 +9.9920072096905976e-01 +9.9995103226047310e-01 +4.2304969129830099e-04 +4.2519707851931750e-04
 63.50000000 +2.0000000000000000e+00 +1.9999371660057850e+00 +2.2194005385537435e-03 +9.9902061336735215e-01 +9.9994729274924210e-01 +5.2987857273851927e-04 +5.0221531081876577e-04
 64.00000000 +2.0000000000000000e+00 +1.9999328625888693e+00 +2.3119191222935602e-03 +9.9877801248225773e-01 +9.9997781502007632e-01 +3.9053746007685041e-04 +8.5363503730650873e-04
 64.50000000 +2.0000000000000000e+00 +1.9998565188776742e+00 +2.2937510834221374e-03 +9.9879403805418787e-01 +9.9995147258013917e-01 +4.9211800791088955e-04 +7.6237135756706783e-04
 65.00000000 +2.0000000000000000e+00 +1.9999317214595509e+00 +2.2751119175957249e-03 +9.9888738418448264e-01 +9.9994055901824896e-01 +5.2540142143729152e-04 +6.4665537521033285e-04
 65.50000000 +2.0000000000000000e+00 +1.9999064893170264e+00 +2.1357990231482210e-03 +9.9920813665681973e-01 +9.9993045685054260e-01 +3.6903193128472997e-04 +4.9237456119341320e-04
 66.00000000 +2.0000000000000000e+00 +1.9999184021854168e+00 +2.3637625429832458e-03 +9.9865727750961075e-01 +9.9995986193474673e-01 +6.5206592995410543e-04 +7.3079462618811915e-04
 66.50000000 +2.0000000000000000e+00 +1.9998910328452797e+00 +2.3345220052828504e-03 +9.9872881978035621e-01 +9.9994787304969501e-01 +6.4826870311453775e-04 +6.7503846695026490e-04
 67.00000000 +2.0000000000000000e+00 +1.9998852762831252e+00 +2.4100826532659041e-03 +9.9851272800495394e-01 +9.9995233723671906e-01 +7.1686568410608668e-04 +8.1806907399443432e-04
 67.50000000 +2.0000000000000000e+00 +1.9999017079993999e+00 +2.3847988490374975e-03 +9.9858988530792581e-01 +9.9992636219029030e-01 +7.1269846954248486e-04 +7.7105403265647927e-04
 68.00000000 +2.0000000000000000e+00 +1.9998930129641559e+00 +2.3785965609590802e-03 +9.9859766693514418e-01 +9.9995019004336327e-01 +6.1794747582691800e-04 +8.3419554606497018e-04
 68.50000000 +2.0000000000000000e+00 +1.9999028978548092e+00 +2.2215157075683965e-03 +9.9900897200997363e-01 +9.9995339198398348e-01 +5.9537887421610199e-04 +4.4225713195748123e-04
 69.00000000 +2.0000000000000000e+00 +1.9998816116263070e+00 +2.2814983384909287e-03 +9.9883673264352268e-01 +9.9993864223095075e-01 +7.0334399975671821e-04 +5.2128112522337405e-04
 69.50000000 +2.0000000000000000e+00 +1.9998754866766022e+00 +2.3858915689625396e-03 +9.9857833884260905e-01 +9.9995286778633985e-01 +8.0894543429600350e-04 +6.5984793679005024e-04
 70.00000000 +2.0000000000000000e+00 +1.9999197765219454e+00 +2.2623991173343818e-03 +9.9891538734657637e-01 +9.9994198456190730e-01 +5.5991383273340241e-04 +5.8271425942546539e-04
 70.50000000 +2.0000000000000000e+00 +1.9999017704785405e+00 +2.2243987219370833e-03 +9.9900492403930907e-01 +9.9993779164654228e-01 +6.8362734985026640e-04 +3.7365696417549540e-04
 71.00000000 +2.0000000000000000e+00 +1.9998950594614688e+00 +2.0614422900967202e-03 +9.9938297611597426e-01 +9.9997434075410618e-01 +6.0398617785458646e-04 +3.8696951399472988e-05
 71.50000000 +2.0000000000000000e+00 +1.9999114755509311e+00 +2.2533917855187902e-03 +9.9891730784545052e-01 +9.9990968497161958e-01 +8.2128514623844523e-04 +3.5172203652751913e-04
 72.00000000 +2.0000000000000000e+00 +1.9998428645610877e+00 +2.3242156815574968e-03 +9.9870532961530090e-01 +9.9994265633399360e-01 +7.0150894861352832e-04 +6.5050510260186961e-04
 72.50000000 +2.0000000000000000e+00 +1.9999136061983123e+00 +2.1787039802232074e-03 +9.9911647856775943e-01 +9.9991315664912694e-01 +3.8128312917753472e-04 +5.8908165461340123e-04
 73.00000000 +2.0000000000000000e+00 +1.9998712303755668e+00 +2.3595313565245406e-03 +9.9865769465040677e-01 +9.9992223802278302e-01 +8.5690240190456843e-04 +5.6316492501401819e-04
 73.50000000 +2.0000000000000000e+00 +1.9999359052352568e+00 +2.1365152813284964e-03 +9.9922828874461900e-01 +9.9997045084690339e-01 +3.9212842263584895e-04 +4.0913198516009166e-04
 74.00000000 +2.0000000000000000e+00 +1.9998917258807487e+00 +2.3082506363807020e-03 +9.9878311821857235e-01 +9.9997144233067481e-01 +7.3964356815686846e-04 +5.0579588263058219e-04
 74.50000000 +2.0000000000000000e+00 +1.9998674734395907e+00 +2.4726271634804143e-03 +9.9836283475086074e-01 +9.9989974597676767e-01 +8.3934652124840429e-04 +8.9807275063739543e-04
 75.00000000 +2.0000000000000000e+00 +1.9998343373875354e+00 +2.2222738080085310e-03 +9.9897385445411491e-01 +9.9993565209113910e-01 +3.5414930553016454e-04 +7.3634414918238291e-04
 75.50000000 +2.0000000000000000e+00 +1.9998806882131861e+00 +2.1786322075353702e-03 +9.9907203785539689e-01 +9.9993919091125250e-01 +4.6374452994349863e-04 +5.2502670352998150e-04
 76.00000000 +2.0000000000000000e+00 +1.9998599284563907e+00 +2.2319657201446664e-03 +9.9895271919476836e-01 +9.9991117046276590e-01 +4.3936595311787482e-04 +6.9674438920649213e-04
 76.50000000 +2.0000000000000000e+00 +1.9999284787116032e+00 +2.0961571809420300e-03 +9.9931680795436273e-01 +9.9991462153426180e-01 +3.4344146602037945e-04 +4.2512904600294473e-04
 77.00000000 +2.0000000000000000e+00 +1.9998839579883527e+00 +2.2725171384073714e-03 +9.9886600080706966e-01 +9.9995984117031822e-01 +5.2283417422525078e-04 +6.5132384838047458e-04
 77.50000000 +2.0000000000000000e+00 +1.9999095802559519e+00 +2.2882871912794415e-03 +9.9884325780699734e-01 +9.9995175393591851e-01 +6.0824982042078106e-04 +5.9673843717162809e-04
 78.00000000 +2.0000000000000000e+00 +1.9998607503957881e+00 +2.0951823962652078e-03 +9.9930128105941618e-01 +9.9989636794040360e-01 +2.4868575184904240e-04 +5.5366524829032185e-04
 78.50000000 +2.0000000000000000e+00 +1.9998712835373769e+00 +2.3231083479439241e-03 +9.9872672753116676e-01 +9.9993285746089211e-01 +7.2858112548123538e-04 +6.1183388195420996e-04
 79.00000000 +2.0000000000000000e+00 +1.9998926031773854e+00 +2.5395671801503607e-03 +9.9820800100153784e-01 +9.9996413820073338e-01 +6.0379281145919532e-04 +1.2240679867698027e-03
 79.50000000 +2.0000000000000000e+00 +1.9998108852615604e+00 +2.4094385771023827e-03 +9.9849061761557789e-01 +9.9988833145764200e-01 +6.1358190094938018e-04 +1.0074690265001163e-03
 80.00000000 +2.0000000000000000e+00 +1.9998470342136712e+00 +2.2504201966152253e-03 +9.9890944222008182e-01 +9.9995881510241813e-01 +5.6755920949412087e-04 +5.6418346751420118e-04
 80.50000000 +2.0000000000000000e+00 +1.9998903319931360e+00 +2.1070093431254763e-03 +9.9927008620348656e-01 +9.9992193434373344e-01 +5.3626114237243698e-04 +2.7171831092918897e-04
 81.00000000 +2.0000000000000000e+00 +1.9998661074643935e+00 +2.2361681968084517e-03 +9.9894384123008784e-01 +9.9993984691466697e-01 +6.4223849327875047e-04 +4.7407336131227723e-04
 81.50000000 +2.0000000000000000e+00 +1.9998789407162241e+00 +2.2494883041792911e-03 +9.9892523190832672e-01 +9.9990185934019804e-01 +6.3863487850057893e-04 +5.3427387310968875e-04
 82.00000000 +2.0000000000000000e+00 +1.9998543102600022e+00 +2.4443299612923147e-03 +9.9843740744469212e-01 +9.9988636144771925e-01 +7.8554992601768015e-04 +8.9068118095614009e-04
 82.50000000 +2.0000000000000000e+00 +1.9998661380956682e+00 +2.4774780241360148e-03 +9.9834614530890531e-01 +9.9993211970390539e-01 +8.5381353970072381e-04 +8.6792144809881393e-04
 83.00000000 +2.0000000000000000e+00 +1.9998862470371706e+00 +2.3506019567543072e-03 +9.9866566254875022e-01 +9.9991488814059148e-01 +3.9806631566824234e-04 +1.0213829954798506e-03
 83.50000000 +2.0000000000000000e+00 +1.9998325632557705e+00 +2.3008840806421744e-03 +9.9877913815345853e-01 +9.9988728556317930e-01 +8.0139398947871204e-04 +5.3218229374164437e-04
 84.00000000 +2.0000000000000000e+00 +1.9998234986944110e+00 +2.3803068669668859e-03 +9.9855391453627995e-01 +9.9997466648558808e-01 +6.6686922239292715e-04 +8.0454975619417195e-04
 84.50000000 +2.0000000000000000e+00 +1.9998538711618743e+00 +2.4737194842240368e-03 +9.9837202012023807e-01 +9.9986806305948084e-01 +1.1319575739457415e-03 +6.2795924694998638e-04
 85.00000000 +2.0000000000000000e+00 +1.9998289206615238e+00 +2.6566080356129657e-03 +9.9791515721050972e-01 +9.9991706036702088e-01 +1.0889931177826204e-03 +1.0787893041098494e-03
 85.50000000 +2.0000000000000000e+00 +1.9998699208013573e+00 +2.1747431798766572e-03 +9.9911548877148904e-01 +9.9993883122173655e-01 +4.4153052433489059e-04 +5.0414948261901221e-04
 86.00000000 +2.0000000000000000e+00 +1.9998326412913052e+00 +2.4535173700843379e-03 +9.9839764830303224e-01 +9.9988876215203504e-01 +1.2665385660043105e-03 +4.4705097878372930e-04
 86.50000000 +2.0000000000000000e+00 +1.9998658443603359e+00 +2.0762110046466139e-03 +9.9938437442832539e-01 +9.9985841220288130e-01 +5.9855460809911550e-04 +1.5865876065217940e-04
 87.00000000 +2.0000000000000000e+00 +1.9998690808967605e+00 +2.2815410137536620e-03 +9.9886488903651227e-01 +9.9990330558048524e-01 +2.9609157166588180e-04 +9.3571381088530076e-04
 87.50000000 +2.0000000000000000e+00 +1.9998397060209707e+00 +2.3090901675597562e-03 +9.9879015142002781e-01 +9.9988107308006235e-01 +5.4389081432137162e-04 +7.8488468572409471e-04
 88.00000000 +2.0000000000000000e+00 +1.9999245245670998e+00 +2.0158539325988074e-03 +9.9955749724347398e-01 +9.9990184298625118e-01 +5.0302922393523537e-04 +3.7630546199740145e-05
 88.50000000 +2.0000000000000000e+00 +1.9997194654421344e+00 +2.4798232734204897e-03 +9.9830899977922127e-01 +9.9988798054540307e-01 +9.0574230311387597e-04 +8.9727737171448844e-04
 89.00000000 +2.0000000000000000e+00 +1.9999323817590200e+00 +1.9547508343319363e-03 +9.9969166197260972e-01 +9.9983719061463805e-01 -2.0092474424289878e-04 +6.7207215646124209e-04
 89.50000000 +2.0000000000000000e+00 +1.9998670765912314e+00 +2.0748812970055163e-03 +9.9940780530906059e-01 +9.9993824389795893e-01 +3.0139481823522629e-04 +3.5255597517624916e-04
 90.00000000 +2.0000000000000000e+00 +1.9998722110926910e+00 +2.4620795289339594e-03 +9.9840062587003076e-01 +9.9992510855679773e-01 +1.0721561420416077e-03 +6.0210943152124699e-04
 90.50000000 +2.0000000000000000e+00 +1.9997664650010796e+00 +2.6574266932784252e-03 +9.9789282653456679e-01 +9.9989788970876647e-01 +1.0644150077791161e-03 +1.1448687488787167e-03
 91.00000000 +2.0000000000000000e+00 +1.9997560432150976e+00 +2.5033816204679295e-03 +9.9828068626221433e-01 +9.9991134887865840e-01 +1.0846134783887313e-03 +7.2335138055635857e-04
 91.50000000 +2.0000000000000000e+00 +1.9997496265045211e+00 +2.3602892943321964e-03 +9.9857811454684842e-01 +9.9993745964908587e-01 +8.4007093140186834e-04 +6.4435487265145812e-04
 92.00000000 +2.0000000000000000e+00 +1.9998030370751361e+00 +2.1931926895368730e-03 +9.9904357574574798e-01 +9.9994926483384483e-01 +6.3483391723177004e-04 +3.7232550263332961e-04
 92.50000000 +2.0000000000000000e+00 +1.9997475522747250e+00 +2.4811571903269390e-03 +9.9833932147682891e-01 +9.9988436693803850e-01 +1.2681909274619341e-03 +5.0812065781932856e-04
 93.00000000 +2.0000000000000000e+00 +1.9998252945339121e+00 +2.4265139962122103e-03 +9.9848263527531722e-01 +9.9993042236210805e-01 +8.9137565028775260e-04 +6.9556671246060202e-04
 93.50000000 +2.0000000000000000e+00 +1.9998030483109293e+00 +2.3890664623247289e-03 +9.9857474917490585e-01 +9.9988265050248115e-01 +1.2035245665872891e-04 +1.4222478664751843e-03
 94.00000000 +2.0000000000000000e+00 +1.9998801644477995e+00 +2.2523168997733139e-03 +9.9896389701974453e-01 +9.9995354583292007e-01 +3.3168049568701243e-04 +7.5087665202666902e-04
 94.50000000 +2.0000000000000000e+00 +1.9998190432851479e+00 +2.4352118682074170e-03 +9.9842724818914286e-01 +9.9985478276845485e-01 +1.1528364970082650e-03 +5.6513254500876044e-04
 95.00000000 +2.0000000000000000e+00 +1.9997920631954278e+00 +2.3635412643011511e-03 +9.9865744780226351e-01 +9.9977234366373002e-01 +7.7287840782924678e-04 +7.9733012570153865e-04
 95.50000000 +2.0000000000000000e+00 +1.9998330210922175e+00 +2.2027833061859553e-03 +9.9903276334839086e-01 +9.9987708559126298e-01 +6.5615461220793652e-04 +4.3399644812703610e-04
 96.00000000 +2.0000000000000000e+00 +1.9997763696803990e+00 +2.1327694392845884e-03 +9.9921099599044005e-01 +9.9990415583833603e-01 +6.0316711048513170e-05 +8.2453145971135967e-04
 96.50000000 +2.0000000000000000e+00 +1.9997731684037141e+00 +2.1502211763107311e-03 +9.9909552511542155e-01 +9.9991627300673047e-01 +7.9193708118881570e-04 +1.9626479665685225e-04
 97.00000000 +2.0000000000000000e+00 +1.9997513816280559e+00 +2.2801614205473185e-03 +9.9879718480694168e-01 +9.9990414530639826e-01 +5.5112981624431555e-04 +7.4754007023795108e-04
 97.50000000 +2.0000000000000000e+00 +1.9998157746804517e+00 +2.5643369416540832e-03 +9.9815820073325545e-01 +9.9995401108577486e-01 +1.0622217585307093e-03 +8.2556642244180920e-04
 98.00000000 +2.0000000000000000e+00 +1.9997783045762152e+00 +2.3896871972544829e-03 +9.9855151113812268e-01 +9.9980819677084132e-01 +7.0580458981510472e-04 +9.3448750121402494e-04
 98.50000000 +2.0000000000000000e+00 +1.9997633854343622e+00 +2.2170335739327019e-03 +9.9897392709154476e-01 +9.9981229079369516e-01 +8.4766330623806639e-04 +3.6611880899583551e-04
 99.00000000 +2.0000000000000000e+00 +1.9997610748897241e+00 +2.5137381601179672e-03 +9.9824506681366698e-01 +9.9996973473428430e-01 +1.0467810131684662e-03 +7.3841743921911106e-04
 99.50000000 +2.0000000000000000e+00 +1.9996713165093194e+00 +2.3685297341893320e-03 +9.9857276074450774e-01 +9.9981395335448553e-01 +1.2959822440365236e-03 +3.1730365711172062e-04
100.00000000 +2.0000000000000000e+00 +1.9997197305025687e+00 +2.5765948986301765e-03 +9.9812125084605219e-01 +9.9983397430476006e-01 +8.1756589550810649e-04 +1.2272089532125491e-03
