#PATCH_CHECK: SepMBpoisson v0.61 exact-bernoulli stratified-backward active
#discretizing the bath:
#     0 0.0000000000000000e+00 -6.3189999999999946e-01
#     1 5.7735026918962571e-03 -3.4911856066872238e-01
#     2 5.7735026918962571e-03 -3.2213731952969854e-01
#     3 5.7735026918962571e-03 -2.8809614721820731e-01
#     4 5.7735026918962571e-03 -2.4823978310582573e-01
#     5 5.7735026918962571e-03 -2.0331904246589633e-01
#     6 5.7735026918962571e-03 -1.5385152939037514e-01
#     7 5.7735026918962571e-03 -1.0022227483448726e-01
#     8 5.7735026918962571e-03 -4.2732291340064565e-02
#     9 5.7735026918962571e-03 1.8374661087827371e-02
#sampling: jump_strength=1.4433756729740645e-02 jump_probability=1.4228387643833112e-02 log_scale=1.4330581680401275e-02 back_replicas=4 stratify_forward=0
#adaptive measurement: gap=4.4920740639929402e-02 period_steps=280 nmeas=61 nwf=100 tmax=5.0000000000000000e+01 forced_stride=0
  0.00000000 +5.0000000000000000e+00 +1.9999999999999998e+00 +1.8374661879283106e-03 +1.0000000000000000e+00 +1.0000000000000000e+00 +1.0000000000000000e+00 +1.0000000000000000e+00 +1.0000000000000000e+00 +0.0000000000000000e+00 +0.0000000000000000e+00 +0.0000000000000000e+00 +0.0000000000000000e+00 +0.0000000000000000e+00
  0.50000000 +5.0000000000000000e+00 +1.9999999998561986e+00 +1.8540645133745613e-03 +9.9995786087337657e-01 +9.9999999999922795e-01 +9.9999999999922795e-01 +9.9999999999922795e-01 +9.9999999999922795e-01 +8.4524268336825798e-06 +8.7570187916531253e-06 +8.3177034676571459e-06 +8.6457255762408111e-06 +7.9662512084603627e-06
  1.00000000 +5.0000000000000000e+00 +1.9999999925251266e+00 +1.8990650535311172e-03 +9.9984354755326055e-01 +9.9999999965634168e-01 +9.9999999962205077e-01 +9.9999999965634168e-01 +9.9999999967348718e-01 +3.1775572131281621e-05 +3.1244067287474767e-05 +3.1780457593399625e-05 +3.1766987376937814e-05 +2.9886750388230944e-05
  1.50000000 +5.0000000000000000e+00 +1.9999999801698449e+00 +1.9640800437085268e-03 +9.9967817392582548e-01 +9.9999999704748954e-01 +9.9999999673977535e-01 +9.9999999745149193e-01 +9.9999999720467470e-01 +6.6903283975661216e-05 +6.5406262642072048e-05 +6.4807796541252368e-05 +6.4511528935064862e-05 +6.0208797229429137e-05
  2.00000000 +5.0000000000000000e+00 +1.9999999851461316e+00 +2.0343249735055437e-03 +9.9949908064386639e-01 +9.9999998900468212e-01 +9.9999998759640829e-01 +9.9999999009515950e-01 +9.9999998878364693e-01 +1.0653605252580148e-04 +1.0342332987671942e-04 +1.0085670174844725e-04 +9.8155138317188728e-05 +9.1992640141311225e-05
  2.50000000 +5.0000000000000000e+00 +1.9999999012534460e+00 +2.0966282536732167e-03 +9.9933955105534933e-01 +9.9999997208275904e-01 +9.9999996806025804e-01 +9.9999997491386150e-01 +9.9999997236703797e-01 +1.4586156511318439e-04 +1.3971835381880091e-04 +1.3193345717416011e-04 +1.2731741227611063e-04 +1.1573066489528877e-04
  3.00000000 +5.0000000000000000e+00 +1.9999999105883635e+00 +2.1344866398898422e-03 +9.9924154183559799e-01 +9.9999994152578209e-01 +9.9999993244824248e-01 +9.9999994436557982e-01 +9.9999994678033943e-01 +1.7756187548333274e-04 +1.6458649444187195e-04 +1.5015126899527441e-04 +1.4154634952841076e-04 +1.2484707943111764e-04
  3.50000000 +5.0000000000000000e+00 +1.9999997473379945e+00 +2.1432140839604875e-03 +9.9921719552796051e-01 +9.9999989934335154e-01 +9.9999988558072306e-01 +9.9999990237353875e-01 +9.9999990455060239e-01 +1.9651690900310441e-04 +1.7433752082479285e-04 +1.5616797213565911e-04 +1.3761052904993348e-04 +1.1857969565696886e-04
  4.00000000 +5.0000000000000000e+00 +1.9999998073197800e+00 +2.1233589148710930e-03 +9.9926559209651533e-01 +9.9999984057700841e-01 +9.9999983138048343e-01 +9.9999985164304328e-01 +9.9999985124065960e-01 +2.0073890597453842e-04 +1.7444172578859121e-04 +1.4383033994572926e-04 +1.2016162391872412e-04 +9.5860451690365158e-05
  4.50000000 +5.0000000000000000e+00 +1.9999998638158440e+00 +2.0758510228782801e-03 +9.9938478467416891e-01 +9.9999977300276888e-01 +9.9999977096042469e-01 +9.9999978081627572e-01 +9.9999978780185339e-01 +1.8475797704386735e-04 +1.5124965884628333e-04 +1.1920217804622586e-04 +9.0165723810613023e-05 +7.0727158836408479e-05
  5.00000000 +5.0000000000000000e+00 +1.9999999904804613e+00 +2.0164541589728063e-03 +9.9953530826564285e-01 +9.9999972039025731e-01 +9.9999970018861439e-01 +9.9999971670160537e-01 +9.9999975155240539e-01 +1.5951145729980974e-04 +1.2270109811246421e-04 +8.6850641609954209e-05 +6.0783259273073203e-05 +3.5956409176389243e-05
  5.50000000 +5.0000000000000000e+00 +1.9999995844667986e+00 +1.9451672101454790e-03 +9.9971738168279933e-01 +9.9999965792133871e-01 +9.9999963598145858e-01 +9.9999964639595851e-01 +9.9999967431462300e-01 +1.1578864561885930e-04 +8.3269551700882995e-05 +5.0456003088454473e-05 +2.5088279066917020e-05 +9.4012448579948473e-06
  6.00000000 +5.0000000000000000e+00 +1.9999993387975359e+00 +1.8953742077730165e-03 +9.9984629533469072e-01 +9.9999959332916588e-01 +9.9999961087774136e-01 +9.9999961059335307e-01 +9.9999960374952046e-01 +8.2107290886701450e-05 +4.9902872938610873e-05 +2.1027227829608315e-05 +1.2303124457586913e-06 +1.0184155102241812e-06
  6.50000000 +5.0000000000000000e+00 +1.9999993911797447e+00 +1.8677631957092098e-03 +9.9991967624614320e-01 +9.9999957422351549e-01 +9.9999955856791689e-01 +9.9999957053360100e-01 +9.9999958528887689e-01 +4.4394785994966069e-05 +1.7916019048182325e-05 +6.6312242310186066e-07 +1.1746763382138246e-05 +7.3144275960340875e-06
  7.00000000 +5.0000000000000000e+00 +1.9999991178806229e+00 +1.8660451905479997e-03 +9.9992786641101827e-01 +9.9999955999755130e-01 +9.9999956646217392e-01 +9.9999958873996719e-01 +9.9999958651132692e-01 +1.8048103027079378e-05 +5.5740230033819645e-06 +8.7193376976489589e-06 +1.0059962498878106e-05 +3.1430519288467596e-05
  7.50000000 +5.0000000000000000e+00 +1.9999994767885696e+00 +1.8871481253747925e-03 +9.9987760519615465e-01 +9.9999954178766093e-01 +9.9999954977562211e-01 +9.9999949300554092e-01 +9.9999963433382166e-01 +9.2703553980537303e-06 +7.8032583433644195e-06 +1.8418902155290361e-05 +3.3856277542679867e-05 +5.4827128713826065e-05
  8.00000000 +5.0000000000000000e+00 +1.9999990742484510e+00 +1.9304613397154312e-03 +9.9976998321864696e-01 +9.9999953771766015e-01 +9.9999954066970920e-01 +9.9999956980596039e-01 +9.9999951819128852e-01 +8.9974775113246289e-06 +1.8988022576284628e-05 +4.0142848456614926e-05 +8.0843509276149137e-05 +8.2878528335635334e-05
  8.50000000 +5.0000000000000000e+00 +1.9999999117667273e+00 +1.9790373768096086e-03 +9.9964732381314425e-01 +9.9999963363422617e-01 +9.9999959228457924e-01 +9.9999961779734448e-01 +9.9999954979198624e-01 +2.4046773588614973e-05 +4.3903864935257276e-05 +7.6086032483512682e-05 +9.5952388971961579e-05 +1.1429360758567719e-04
  9.00000000 +5.0000000000000000e+00 +1.9999994554438572e+00 +2.0378703970551659e-03 +9.9949647910693384e-01 +9.9999958990466742e-01 +9.9999965836399285e-01 +9.9999953727680468e-01 +9.9999960552879741e-01 +4.4361951186570058e-05 +8.8865509740728465e-05 +1.1311749225614899e-04 +1.3519754318369330e-04 +1.2358736358699282e-04
  9.50000000 +5.0000000000000000e+00 +1.9999985015946671e+00 +2.0711414357298982e-03 +9.9940834937894596e-01 +9.9999961738135468e-01 +9.9999961092826262e-01 +9.9999964119702445e-01 +9.9999948278179285e-01 +9.1144064731314350e-05 +1.2272895592260082e-04 +1.2872372902967435e-04 +1.2615019078632394e-04 +1.2455133786400807e-04
 10.00000000 +5.0000000000000000e+00 +1.9999985032796024e+00 +2.1002452997595004e-03 +9.9933034974595913e-01 +9.9999967433022396e-01 +9.9999958951644852e-01 +9.9999962305426560e-01 +9.9999944950167108e-01 +1.3769964098796233e-04 +1.5401983891906955e-04 +1.4973033015800889e-04 +1.3879938132283737e-04 +9.1064690454011667e-05
 10.50000000 +5.0000000000000000e+00 +1.9999992623684690e+00 +2.0864092755327069e-03 +9.9936134168040369e-01 +9.9999945235451837e-01 +9.9999961676107407e-01 +9.9999943127624213e-01 +9.9999954196964125e-01 +1.6449114390588003e-04 +1.7200075151639955e-04 +1.2955033115363555e-04 +1.1512848102779254e-04 +5.9445197783083623e-05
 11.00000000 +5.0000000000000000e+00 +2.0000005769029978e+00 +2.0680233637487425e-03 +9.9940368424028447e-01 +9.9999967732620498e-01 +9.9999950283729000e-01 +9.9999953808158482e-01 +9.9999943467078889e-01 +1.8194061525636789e-04 +1.6712068829671768e-04 +1.3131353821629646e-04 +8.3316981868235995e-05 +3.4471022645045604e-05
 11.50000000 +5.0000000000000000e+00 +2.0000015648667060e+00 +2.0534988679304423e-03 +9.9943873650847936e-01 +9.9999936749211216e-01 +9.9999930092445766e-01 +9.9999936482030871e-01 +9.9999902007718022e-01 +2.0928018686155699e-04 +1.8327152367838724e-04 +1.1014065949094472e-04 +4.6777655472072510e-05 +1.4740122259495391e-05
 12.00000000 +5.0000000000000000e+00 +2.0000005104858833e+00 +1.9987737579327180e-03 +9.9957745360535122e-01 +9.9999950086127032e-01 +9.9999938643696318e-01 +9.9999921889184296e-01 +9.9999910887474908e-01 +1.9489787635409417e-04 +1.3460183518742240e-04 +6.2881339683059766e-05 +2.8034728474557118e-05 +4.9155211760723073e-06
 12.50000000 +5.0000000000000000e+00 +2.0000004930888440e+00 +1.9841901964538096e-03 +9.9961616129826758e-01 +9.9999932570405514e-01 +9.9999950829440309e-01 +9.9999888779426127e-01 +9.9999928223102186e-01 +1.6072593527152721e-04 +1.3333635893041299e-04 +4.6115582515379352e-05 +3.1465187079219701e-05 +1.5191603855580438e-05
 13.00000000 +5.0000000000000000e+00 +1.9999985912279989e+00 +1.9466275651663246e-03 +9.9971488097358108e-01 +9.9999937272245709e-01 +9.9999906513498038e-01 +9.9999886528137849e-01 +9.9999859934880431e-01 +1.1545976442240411e-04 +6.2366260768530581e-05 +4.4312444026876111e-05 +3.5778348893581345e-05 +3.1299768862652235e-05
 13.50000000 +5.0000000000000000e+00 +1.9999992352965146e+00 +1.9219700099634075e-03 +9.9978114261702822e-01 +9.9999898307239565e-01 +9.9999954180947936e-01 +9.9999925759700214e-01 +9.9999905944697653e-01 +1.1518386892027434e-04 +2.6721027013955448e-05 -1.1661740939595017e-05 +2.8403677164824166e-05 +6.3368625759089030e-05
 14.00000000 +5.0000000000000000e+00 +1.9999984209368382e+00 +1.9070627866135058e-03 +9.9982250415168950e-01 +9.9999891647380612e-01 +9.9999926060887179e-01 +9.9999915604468415e-01 +9.9999867728213421e-01 +4.4833987089443626e-05 -1.1727148824838027e-05 +1.6120812399017048e-05 +5.9533259831724313e-05 +7.2724527556163675e-05
 14.50000000 +5.0000000000000000e+00 +1.9999983511129598e+00 +1.9266560147358966e-03 +9.9977689438990425e-01 +9.9999908581637909e-01 +9.9999933754975001e-01 +9.9999865172267277e-01 +9.9999911613738035e-01 +2.1424323060103036e-05 +8.0130949096967190e-06 +3.9352006256318731e-05 +5.7818363538269530e-05 +1.0030660444974167e-04
 15.00000000 +5.0000000000000000e+00 +2.0000013573621911e+00 +1.9280666248455314e-03 +9.9977535748921742e-01 +9.9999847209126780e-01 +9.9999901268300118e-01 +9.9999901034839878e-01 +9.9999880182407297e-01 -3.1832379427446340e-05 +1.0781139719305594e-05 +4.3991312655449741e-05 +8.3592458474276320e-05 +1.2281308222771213e-04
 15.50000000 +5.0000000000000000e+00 +2.0000033914621826e+00 +1.9541955771499712e-03 +9.9971036546712744e-01 +9.9999890352590026e-01 +9.9999886295499607e-01 +9.9999927763712415e-01 +9.9999863828240843e-01 +8.5445222417474591e-07 +4.1533903199440982e-05 +8.4655189802618997e-05 +9.2376354955991409e-05 +7.4532257357032356e-05
 16.00000000 +5.0000000000000000e+00 +2.0000017607470277e+00 +2.0236020915741109e-03 +9.9953136033196222e-01 +9.9999946568421660e-01 +9.9999943878717945e-01 +9.9999823114684561e-01 +9.9999931575175638e-01 +2.5689515240740309e-05 +6.1694871021491460e-05 +1.2082329433216085e-04 +1.5105535065733567e-04 +1.1292526515982523e-04
 16.50000000 +5.0000000000000000e+00 +1.9999984128767518e+00 +2.0311139621465649e-03 +9.9951018508566158e-01 +9.9999883120552735e-01 +9.9999861566857751e-01 +9.9999864219251822e-01 +9.9999855414378391e-01 +5.2015504422919344e-05 +1.2225190389316372e-04 +1.3318910823153655e-04 +1.4696168822929599e-04 +4.0753524472200486e-05
 17.00000000 +5.0000000000000000e+00 +2.0000031205890774e+00 +2.0437566929987702e-03 +9.9947570430084598e-01 +9.9999856140637433e-01 +1.0000001942614076e+00 +9.9999874346437267e-01 +9.9999896221212448e-01 +9.7853842831628938e-05 +1.5657327812468189e-04 +1.0280081113375534e-04 +8.4838853825829839e-05 +8.5767610536662087e-05
 17.50000000 +5.0000000000000000e+00 +2.0000009152079348e+00 +2.0293847298194301e-03 +9.9951012747082824e-01 +9.9999897700171081e-01 +9.9999921661571389e-01 +9.9999785035149158e-01 +9.9999870935044222e-01 +1.0654945892013877e-04 +1.7487492470469023e-04 +1.4305865947268493e-04 +4.8857179736516852e-05 +2.1779016949340971e-05
 18.00000000 +5.0000000000000000e+00 +2.0000012675244925e+00 +2.0207139408263621e-03 +9.9952857331077316e-01 +9.9999972644199353e-01 +9.9999931793634167e-01 +9.9999841724900174e-01 +9.9999786661754753e-01 +1.4226379082723093e-04 +1.7073184515195770e-04 +8.8138767541431808e-05 +4.4590537524392467e-05 +3.0373532771389335e-05
 18.50000000 +5.0000000000000000e+00 +2.0000027677118601e+00 +2.0108713282533377e-03 +9.9955373448403517e-01 +9.9999944524984397e-01 +9.9999935201252188e-01 +9.9999871701204890e-01 +9.9999868197322062e-01 +1.6607123387548159e-04 +1.7666198827550160e-04 +7.7321402791273019e-05 +9.4633351743553426e-06 +2.0551311472656640e-05
 19.00000000 +5.0000000000000000e+00 +2.0000042669755493e+00 +2.0010347758597940e-03 +9.9957888016535057e-01 +9.9999916423082658e-01 +9.9999938606772076e-01 +9.9999901659052937e-01 +9.9999949682687184e-01 +1.8986401848047779e-04 +1.8258848015996484e-04 +6.6510698383723518e-05 -2.5642239061260079e-05 +1.0735137798326462e-05
 19.50000000 +5.0000000000000000e+00 +2.0000056449614210e+00 +1.9890578884794812e-03 +9.9960848147319681e-01 +9.9999926395527561e-01 +9.9999935368362625e-01 +9.9999924060898970e-01 +9.9999912449988471e-01 +1.6537875464193140e-04 +1.4864401105171713e-04 +4.6050726836647728e-05 -8.1958768015394039e-06 +4.2658138618296004e-05
 20.00000000 +5.0000000000000000e+00 +2.0000070237956979e+00 +1.9770736271110577e-03 +9.9963810100612027e-01 +9.9999936374112375e-01 +9.9999932127959346e-01 +9.9999946476537471e-01 +9.9999875194366183e-01 +1.4087841559739053e-04 +1.1467864284809704e-04 +2.5578158395058291e-05 +9.2612269191127743e-06 +7.4600793946238015e-05
 20.50000000 +5.0000000000000000e+00 +2.0000042229275903e+00 +1.9790368247688322e-03 +9.9963429701665596e-01 +9.9999935351904967e-01 +9.9999936805320044e-01 +9.9999941613155519e-01 +9.9999901111751444e-01 +1.4741400516662742e-04 +6.7622205061519235e-05 +3.3646272230429770e-05 +3.7036614785307212e-05 +8.2835061034785464e-05
 21.00000000 +5.0000000000000000e+00 +2.0000014229673901e+00 +1.9809993860515486e-03 +9.9963049426026351e-01 +9.9999934330028883e-01 +9.9999941481164523e-01 +9.9999936751350027e-01 +9.9999927020735491e-01 +1.5394747620940376e-04 +2.0581020727982195e-05 +4.1711770768058686e-05 +6.4802999195344853e-05 +9.1066658966629390e-05
 21.50000000 +5.0000000000000000e+00 +2.0000033888776980e+00 +1.9977313719201127e-03 +9.9958972976617322e-01 +9.9999907106799391e-01 +9.9999844692362205e-01 +9.9999916305125836e-01 +9.9999957553533092e-01 +1.1345726046883894e-04 +2.8589810079103566e-05 +7.5961659416190014e-05 +1.1417421913055427e-04 +8.1830720659587067e-05
 22.00000000 +5.0000000000000000e+00 +2.0000053550395878e+00 +2.0144654990162645e-03 +9.9954896005536431e-01 +9.9999879880086040e-01 +9.9999747891173574e-01 +9.9999895856285070e-01 +9.9999988090238012e-01 +7.2961863109806359e-05 +3.6599624331921468e-05 +1.1021593109494466e-04 +1.6355175720510453e-04 +7.2593600410003238e-05
 22.50000000 +5.0000000000000000e+00 +2.0000025166909561e+00 +2.0071857264007120e-03 +9.9956790313774535e-01 +9.9999902951711772e-01 +9.9999742791697777e-01 +9.9999799739776252e-01 +1.0000002137128396e+00 +4.3149530729639337e-05 +5.0874683564980147e-05 +1.4807173846921929e-04 +1.5419983413853807e-04 +4.1132550641365423e-05
 23.00000000 +5.0000000000000000e+00 +1.9999996785167673e+00 +1.9999064011953656e-03 +9.9958684505589668e-01 +9.9999926021919505e-01 +9.9999737692535362e-01 +9.9999703629174719e-01 +1.0000005465028445e+00 +1.3339030596504309e-05 +6.5148865461955974e-05 +1.8592521924959239e-04 +1.4484848583522943e-04 +9.6734344488841728e-06
 23.50000000 +5.0000000000000000e+00 +1.9999998919567741e+00 +1.9927181921890053e-03 +9.9960679549914511e-01 +9.9999873646639947e-01 +9.9999744781629529e-01 +9.9999872228871944e-01 +1.0000006823459382e+00 +3.1469373385053236e-05 +1.0215542540855640e-04 +1.4372391936822324e-04 +1.1233851764098591e-04 +7.9283743739771494e-06
 24.00000000 +5.0000000000000000e+00 +2.0000001054250873e+00 +1.9855290299046176e-03 +9.9962674858815959e-01 +9.9999821264414535e-01 +9.9999751871663844e-01 +1.0000004085092837e+00 +1.0000008182070472e+00 +4.9602120563538079e-05 +1.3916689305057861e-04 +1.0151702288110312e-04 +7.9824238075399035e-05 +6.1830828746050395e-06
 24.50000000 +5.0000000000000000e+00 +1.9999998365142240e+00 +1.9765285805596073e-03 +9.9964892954449969e-01 +9.9999972917086144e-01 +9.9999777927952238e-01 +9.9999945229652221e-01 +1.0000004143123900e+00 +6.0007651874933139e-05 +1.1433193308096090e-04 +1.2641845677457221e-04 +1.6582965529407902e-05 +3.6354390203186736e-05
 25.00000000 +5.0000000000000000e+00 +1.9999995676127118e+00 +1.9675284441983756e-03 +9.9967110972951390e-01 +1.0000012456448415e+00 +9.9999803983334545e-01 +9.9999849611701241e-01 +1.0000000104317781e+00 +7.0412821341893738e-05 +8.9497836728180802e-05 +1.5131902473962356e-04 -4.6656107849446620e-05 +6.6524648347511463e-05
 25.50000000 +5.0000000000000000e+00 +1.9999963577929738e+00 +1.9868633229094277e-03 +9.9962035090878931e-01 +1.0000007640769768e+00 +9.9999713084552666e-01 +9.9999816879880876e-01 +9.9999884304947562e-01 +1.0199795316243387e-04 +1.5582734730121566e-04 +8.6052186108842647e-05 -1.6115930619055427e-05 +5.6980754652340048e-05
 26.00000000 +5.0000000000000000e+00 +1.9999931474225210e+00 +2.0062015189443614e-03 +9.9956958337927238e-01 +1.0000002824264886e+00 +9.9999622170175084e-01 +9.9999784142444637e-01 +9.9999767546688278e-01 +1.3358850410732757e-04 +2.2216823816128393e-04 +2.0774149515782731e-05 +1.4429486450736509e-05 +4.7435223492204258e-05
 26.50000000 +5.0000000000000000e+00 +1.9999923163271012e+00 +1.9977328669927470e-03 +9.9958971124196005e-01 +1.0000005128769776e+00 +9.9999660362229714e-01 +9.9999838962587551e-01 +9.9999844939291449e-01 +1.4859512422029167e-04 +1.5456607723059472e-04 +1.1288129432453780e-05 +2.5320194098955931e-05 +7.6563703452265654e-05
 27.00000000 +5.0000000000000000e+00 +1.9999914858479810e+00 +1.9892704949838599e-03 +9.9960982417879840e-01 +1.0000007431565754e+00 +9.9999698525962999e-01 +9.9999893742078505e-01 +9.9999922274504005e-01 +1.6359061614952848e-04 +8.7014046793083599e-05 +1.8091437228567912e-06 +3.6202825725078614e-05 +1.0567058314029697e-04
 27.50000000 +5.0000000000000000e+00 +1.9999924179298176e+00 +2.0112103095512824e-03 +9.9955415366320033e-01 +9.9999964011704534e-01 +9.9999723517769623e-01 +9.9999879627566590e-01 +9.9999905452529669e-01 +1.6666435364211436e-04 +8.3583715970214975e-05 +3.3386646063746157e-05 +6.9880059298407806e-05 +9.7605454118384523e-05
 28.00000000 +5.0000000000000000e+00 +1.9999933500500882e+00 +2.0331510287925217e-03 +9.9949848085206539e-01 +9.9999853703203256e-01 +9.9999748510606801e-01 +9.9999865512472708e-01 +9.9999888629861722e-01 +1.6973821787824307e-04 +8.0153243699912209e-05 +6.4965450482164848e-05 +1.0355868153030199e-04 +8.9539992536184153e-05
 28.50000000 +5.0000000000000000e+00 +1.9999870492662328e+00 +2.0082602530205481e-03 +9.9956144009384185e-01 +9.9999834647232788e-01 +9.9999916533755295e-01 +9.9999718994987585e-01 +9.9999850179530625e-01 +1.3961993543443830e-04 +4.3210079730639999e-05 +6.6769541714551794e-05 +1.2398971656657400e-04 +7.1767077901394339e-05
 29.00000000 +5.0000000000000000e+00 +1.9999807478966170e+00 +1.9833671632477003e-03 +9.9962440518869988e-01 +9.9999815589490726e-01 +1.0000008457252427e+00 +9.9999572463881303e-01 +9.9999811725624943e-01 +1.0949885300832104e-04 +6.2634812957446502e-06 +6.8573800666447648e-05 +1.4442265099856471e-04 +5.3992510986242517e-05
 29.50000000 +5.0000000000000000e+00 +1.9999855108749485e+00 +1.9683173019511640e-03 +9.9966502020427050e-01 +9.9999860259122098e-01 +1.0000015823372246e+00 +9.9999653025671797e-01 +9.9999639831411169e-01 +8.4396117296226588e-05 +3.5698082677974556e-05 +6.7028530252217496e-05 +1.2592662088663960e-04 +2.8816939982870867e-05
 30.00000000 +5.0000000000000000e+00 +1.9999902752290413e+00 +1.9532630935828986e-03 +9.9970564695127073e-01 +9.9999904941656048e-01 +1.0000023191619734e+00 +9.9999733610732189e-01 +9.9999467887546689e-01 +5.9286130793537148e-05 +6.5141186086968309e-05 +6.5482813494914858e-05 +1.0742524829560315e-04 +3.6340971508209305e-06
 30.50000000 +5.0000000000000000e+00 +1.9999873528758989e+00 +1.9645632648827164e-03 +9.9967482620003856e-01 +9.9999845137240262e-01 +1.0000002114131537e+00 +1.0000001659441451e+00 +9.9999562671695519e-01 +8.1696360320683946e-05 +8.2321483164876570e-05 +6.1795492391077334e-05 +5.9684129787266668e-05 +4.5220873726520378e-05
 31.00000000 +5.0000000000000000e+00 +1.9999844324148275e+00 +1.9758561199146305e-03 +9.9964402540362540e-01 +9.9999785371544692e-01 +9.9999810502899111e-01 +1.0000029939487975e+00 +9.9999657394476604e-01 +1.0409208040026191e-04 +9.9490656902019079e-05 +5.8110558634150356e-05 +1.1973921147793231e-05 +8.6780725046788971e-05
 31.50000000 +5.0000000000000000e+00 +1.9999849070798101e+00 +2.0012624434739023e-03 +9.9958521297056835e-01 +9.9999979087634250e-01 +9.9999557912397419e-01 +1.0000010530232075e+00 +9.9999670149424125e-01 +9.1028170410306400e-05 +1.4184687606643145e-04 +8.0716158503070414e-05 +3.8967779622494216e-05 +6.9103520418051540e-05
 32.00000000 +5.0000000000000000e+00 +1.9999853822237477e+00 +2.0266944029660740e-03 +9.9952634119356121e-01 +1.0000017299919062e+00 +9.9999305067022393e-01 +9.9999911013915066e-01 +9.9999682917241872e-01 +7.7951078445432821e-05 +1.8424583424382532e-04 +1.0334456826969407e-04 +6.5988875912338543e-05 +5.1408478827162883e-05
 32.50000000 +5.0000000000000000e+00 +1.9999938910514421e+00 +2.0272259395062654e-03 +9.9952651810595428e-01 +1.0000008206282258e+00 +9.9999456880558624e-01 +9.9999468924731083e-01 +9.9999463713666070e-01 +7.0765837648856274e-05 +1.3991675199695824e-04 +9.2637323835871084e-05 +9.7763477945991045e-05 +8.7682684891611677e-05
 33.00000000 +5.0000000000000000e+00 +2.0000023867733674e+00 +2.0277566573443173e-03 +9.9952669474585698e-01 +9.9999991266519783e-01 +9.9999608460263223e-01 +9.9999027516477468e-01 +9.9999244847719815e-01 +6.3591663959753478e-05 +9.5655947867878362e-05 +8.1946571295396072e-05 +1.2948913897048369e-04 +1.2390101940653209e-04
 33.50000000 +5.0000000000000000e+00 +2.0000018152622085e+00 +2.0002563632652427e-03 +9.9959004724533584e-01 +1.0000017397354659e+00 +9.9999365734840140e-01 +9.9999466596780706e-01 +9.9999701573153177e-01 +8.7286565138122420e-05 +1.4597440649296821e-04 +4.1940813639272576e-05 +1.0252449731905564e-04 +4.5147688815220804e-05
 34.00000000 +5.0000000000000000e+00 +2.0000012433686889e+00 +1.9727376705281087e-03 +9.9965344212985152e-01 +1.0000035680281079e+00 +9.9999122847025279e-01 +9.9999905970844005e-01 +1.0000015860415186e+00 +1.1099731903367618e-04 +1.9632652992584756e-04 +1.9082907328062753e-06 +7.5541815379766839e-05 -3.3658330507215775e-05
 34.50000000 +5.0000000000000000e+00 +2.0000051329390716e+00 +2.0034988404160044e-03 +9.9956890132115284e-01 +1.0000002836783994e+00 +9.9999348177711955e-01 +1.0000036375190502e+00 +9.9999697139934696e-01 +1.1980713686253987e-04 +1.5432041014389739e-04 +3.7010494486739424e-05 +1.1511247444817582e-04 +1.0473790414648022e-05
 35.00000000 +5.0000000000000000e+00 +2.0000090180900463e+00 +2.0342250588422737e-03 +9.9948445656942597e-01 +9.9999700306043493e-01 +9.9999573252373364e-01 +1.0000082101282595e+00 +9.9999236200042507e-01 +1.2860694479870750e-04 +1.1236201856243484e-04 +7.2072814408816126e-05 +1.5463817253567896e-04 +5.4555767530651227e-05
 35.50000000 +5.0000000000000000e+00 +2.0000110111837595e+00 +2.0133136130261711e-03 +9.9954631634156810e-01 +9.9999263036515584e-01 +9.9999473959820140e-01 +1.0000037346826620e+00 +9.9999427349816083e-01 +1.1246780178640293e-04 +7.1647078611645460e-05 +1.4307049393655810e-04 +7.2047715920334879e-05 +6.9072424074921005e-05
 36.00000000 +5.0000000000000000e+00 +2.0000130032476484e+00 +1.9924129720718408e-03 +9.9960814415100907e-01 +9.9998825992923102e-01 +9.9999374718570977e-01 +9.9999926154950902e-01 +9.9999618400823309e-01 +9.6336997805790189e-05 +3.0953175910127705e-05 +2.1403148924264241e-04 -1.0500066531044459e-05 +8.3581579919872999e-05
 36.50000000 +5.0000000000000000e+00 +1.9999969869652650e+00 +1.9845424367728659e-03 +9.9962386495744637e-01 +9.9999105219260087e-01 +9.9999443662937315e-01 +1.0000014818658056e+00 +9.9999500135261921e-01 +1.0399821460513426e-04 +7.8944758656789458e-05 +1.6765862280129510e-04 +2.3788778864994310e-05 +1.9772629330521591e-05
 37.00000000 +5.0000000000000000e+00 +1.9999809793748571e+00 +1.9766761727841621e-03 +9.9963957723225971e-01 +9.9999384294061955e-01 +9.9999512569887761e-01 +1.0000037009771443e+00 +9.9999381933882781e-01 +1.1165527369057782e-04 +1.2691029654975292e-04 +1.2131092274231961e-04 +5.8059015831998006e-05 -4.4001692378354873e-05
 37.50000000 +5.0000000000000000e+00 +1.9999649804693531e+00 +1.9688141766296386e-03 +9.9965528098239331e-01 +9.9999663217452051e-01 +9.9999581439452800e-01 +1.0000059188845065e+00 +9.9999263796633708e-01 +1.1930817844576666e-04 +1.7484981078493469e-04 +7.4988368584720126e-05 +9.2310659513945330e-05 -1.0774141338855648e-04
 38.00000000 +5.0000000000000000e+00 +1.9999489902416865e+00 +1.9609564448369726e-03 +9.9967097621478274e-01 +9.9999941989553565e-01 +9.9999650271662888e-01 +1.0000081355888717e+00 +9.9999145723462501e-01 +1.2695693225067589e-04 +2.2276332253525800e-04 +2.8690939869718624e-05 +1.2654372503838671e-04 -1.7144656185131169e-04
 38.50000000 +5.0000000000000000e+00 +1.9999545198346043e+00 +1.9614932620440756e-03 +9.9967186797926499e-01 +9.9999679614380732e-01 +9.9999835604951015e-01 +1.0000057725637190e+00 +9.9998936310426167e-01 +1.0590970565175840e-04 +1.8103604938418688e-04 +5.2505630786191163e-05 +1.0839572503275581e-04 -1.1000294515078001e-04
 39.00000000 +5.0000000000000000e+00 +1.9999600489251272e+00 +1.9620300304782796e-03 +9.9967275966272540e-01 +9.9999417263046186e-01 +1.0000002092140059e+00 +1.0000034097532606e+00 +9.9998726916416203e-01 +8.4864391313169970e-05 +1.3931256739337677e-04 +7.6318158002450082e-05 +9.0249373876216698e-05 -4.8564910952538504e-05
 39.50000000 +5.0000000000000000e+00 +1.9999655775133229e+00 +1.9625667501462314e-03 +9.9967365126517482e-01 +9.9999154935546641e-01 +1.0000020622101384e+00 +1.0000010471574672e+00 +9.9998517541430010e-01 +6.3820988974312812e-05 +9.7592876046178413e-05 +1.0012852181335869e-04 +7.2104671344068593e-05 +1.2867541504181451e-05
 40.00000000 +5.0000000000000000e+00 +1.9999711055992611e+00 +1.9631034210545770e-03 +9.9967454278662449e-01 +9.9998892631878900e-01 +1.0000039150379312e+00 +9.9999868477630971e-01 +9.9998308185465001e-01 +4.2779498374636568e-05 +5.5876974826036433e-05 +1.2393672251372675e-04 +5.3961617211651567e-05 +7.4294412980010206e-05
 40.50000000 +5.0000000000000000e+00 +1.9999636436565298e+00 +1.9729277366497626e-03 +9.9964436329912876e-01 +9.9999007689345554e-01 +1.0000062231451832e+00 +1.0000016461357804e+00 +9.9998656312905698e-01 +1.2045814855719972e-04 +1.2451797551217563e-05 +8.1045428114174991e-05 +7.9545183017358279e-05 +7.7626841126900856e-05
 41.00000000 +5.0000000000000000e+00 +1.9999561767144769e+00 +1.9827586343004375e-03 +9.9961416359210131e-01 +9.9999122823897979e-01 +1.0000085327988115e+00 +1.0000046094792909e+00 +9.9999004673583425e-01 +1.9818884156970143e-04 -3.1002473549390645e-05 +3.8125397577537554e-05 +1.0514588919768939e-04 +8.0961501920611762e-05
 41.50000000 +5.0000000000000000e+00 +1.9999487047680757e+00 +1.9925961206235456e-03 +9.9958394364521541e-01 +9.9999238035613647e-01 +1.0000108440003712e+00 +1.0000075748088357e+00 +9.9999353267732671e-01 +2.7597162973083688e-04 -7.4485867723832690e-05 -4.8233979846453660e-06 +1.3076375298387617e-04 +8.4298397605624381e-05
 42.00000000 +5.0000000000000000e+00 +1.9999412278122930e+00 +2.0024402022449056e-03 +9.9955370343811700e-01 +9.9999353324570117e-01 +1.0000131567514183e+00 +1.0000105421264118e+00 +9.9999702095588183e-01 +3.5380656542945285e-04 -1.1799841425937030e-04 -4.7800987499568644e-05 +1.5639879163025427e-04 +8.7637530429429751e-05
 42.50000000 +5.0000000000000000e+00 +1.9999470663191956e+00 +1.9626279849023309e-03 +9.9966200728105759e-01 +9.9999633460678716e-01 +1.0000136321597293e+00 +1.0000054643874539e+00 +1.0000000217536162e+00 +2.6293019489719070e-04 -1.2722720822150489e-04 -4.3947167395237419e-05 +1.6336946199901032e-04 +6.7414533853563653e-05
 43.00000000 +5.0000000000000000e+00 +1.9999529000197172e+00 +1.9228485418094200e-03 +9.9977022196601051e-01 +9.9999913366173443e-01 +1.0000141071766742e+00 +1.0000003908285966e+00 +1.0000030200810313e+00 +1.7212863569308659e-04 -1.3644840484750513e-04 -4.0096519836187209e-05 +1.7033439396618429e-04 +4.7208185271277309e-05
 43.50000000 +5.0000000000000000e+00 +1.9999587289197909e+00 +1.8831018325121522e-03 +9.9987834760302530e-01 +1.0000019304133894e+00 +1.0000145818027364e+00 +9.9999532144468073e-01 +1.0000060159411763e+00 +8.1401795475775069e-05 -1.4566201351494008e-04 -3.6249040906471445e-05 +1.7729359461481894e-04 +2.7018464133564411e-05
 44.00000000 +5.0000000000000000e+00 +1.9999645530253387e+00 +1.8433878166230580e-03 +9.9998638430197084e-01 +1.0000047248645936e+00 +1.0000150560383976e+00 +9.9999025623055493e-01 +1.0000090093370950e+00 -9.2504179441997256e-06 -1.5486804358595170e-04 -3.2404726696585641e-05 +1.8424707101630477e-04 +6.8453499252234567e-06
 44.50000000 +5.0000000000000000e+00 +1.9999544979681059e+00 +1.8506867631069950e-03 +9.9996311326756782e-01 +9.9999877882183175e-01 +1.0000093260453065e+00 +9.9999500547876641e-01 +1.0000069138327696e+00 -1.1916955013549378e-05 -1.5059858012276832e-04 -1.5258635106819087e-05 +1.7920571220722605e-04 +2.5431013863998485e-05
 45.00000000 +5.0000000000000000e+00 +1.9999444468391037e+00 +1.8579828580960458e-03 +9.9993985132450947e-01 +9.9999283510202341e-01 +1.0000035982907640e+00 +9.9999975287157961e-01 +1.0000048191470998e+00 -1.4582450341212686e-05 -1.4633078461992162e-04 +1.8807579830194907e-06 +1.7416632291647417e-04 +4.4009416902066002e-05
 45.50000000 +5.0000000000000000e+00 +1.9999343996360306e+00 +1.8652761032608826e-03 +9.9991659846746872e-01 +9.9998689370380711e-01 +9.9999787277345875e-01 +1.0000044984100809e+00 +1.0000027252796051e+00 -1.7246904537539570e-05 -1.4206465610016409e-04 +1.9013456497539218e-05 +1.6912890199012069e-04 +6.2580563293542236e-05
 46.00000000 +5.0000000000000000e+00 +1.9999243563565863e+00 +1.8725665002708733e-03 +9.9989335469112306e-01 +9.9998095462582282e-01 +9.9999214949207960e-01 +1.0000092420953564e+00 +1.0000006322298065e+00 -1.9910318212403250e-05 -1.3780019358701145e-04 +3.6139464358283942e-05 +1.6409344827513837e-04 +8.1144457289220726e-05
 46.50000000 +5.0000000000000000e+00 +1.9999207032557382e+00 +1.9018942064498692e-03 +9.9981886226437733e-01 +9.9999108137365111e-01 +9.9999218690702751e-01 +9.9999399057345384e-01 +1.0000002668029797e+00 -3.1433165983592223e-05 -1.1622177289012065e-04 -1.6449035540734494e-05 +2.5119339719934663e-04 +1.1652264875941280e-04
 47.00000000 +5.0000000000000000e+00 +1.9999170518887448e+00 +1.9312079929478423e-03 +9.9974440519364693e-01 +1.0000012033150654e+00 +9.9999222430421741e-01 +9.9997874629031447e-01 +9.9999990154959362e-01 -4.2950544715897863e-05 -9.4653593864748518e-05 -6.9012575589855112e-05 +3.3825200625541967e-04 +1.5188404883318841e-04
 47.50000000 +5.0000000000000000e+00 +1.9999134022543725e+00 +1.9605078696723973e-03 +9.9966998345376612e-01 +1.0000113204534866e+00 +9.9999226168366173e-01 +9.9996350924078603e-01 +9.9999953646952511e-01 -5.4462458302015412e-05 -7.3095649221185306e-05 -1.2155117355473864e-04 +4.2526930486781603e-04 +1.8722866946215192e-04
 48.00000000 +5.0000000000000000e+00 +1.9999097543513891e+00 +1.9897938465217382e-03 +9.9959559701959322e-01 +1.0000214327923329e+00 +9.9999229904537335e-01 +9.9994827941972109e-01 +9.9999917156265083e-01 -6.5968910630946737e-05 -5.1547931676637768e-05 -1.7406484718418967e-04 +5.1224532243307659e-04 +2.2255652258656804e-04
 48.50000000 +5.0000000000000000e+00 +1.9999002168018085e+00 +1.9459030358097936e-03 +9.9970537190971764e-01 +1.0000151378782176e+00 +9.9998785866692086e-01 +9.9995626309036401e-01 +1.0000012391789130e+00 -1.3466440302409947e-05 -7.8618154231000514e-05 -1.0144470352531545e-04 +3.9333129398931029e-04 +1.3432727509454494e-04
 49.00000000 +5.0000000000000000e+00 +1.9998906699947818e+00 +1.9019696232936288e-03 +9.9981525335081034e-01 +1.0000088368540601e+00 +9.9998341397849733e-01 +9.9996425451020909e-01 +1.0000033088020688e+00 +3.9086990578591943e-05 -1.0571465199656935e-04 -2.8754072466176166e-05 +2.7430184384162371e-04 +4.6012389514111198e-05
 49.50000000 +5.0000000000000000e+00 +1.9998811139168235e+00 +1.8579935469171455e-03 +9.9992524149807893e-01 +1.0000025297109603e+00 +9.9997896497382399e-01 +9.9997225369054410e-01 +1.0000053804350413e+00 +9.1691456243962437e-05 -1.3283746324724136e-04 +4.4007148668996792e-05 +1.5515680386050533e-04 -4.2388258899815596e-05
 50.00000000 +5.0000000000000000e+00 +1.9998715485544236e+00 +1.8139747445036626e-03 +1.0000353365070334e+00 +9.9999621644000092e-01 +9.9997451164661111e-01 +9.9998026064267975e-01 +1.0000074540807598e+00 +1.4434703106984867e-04 -1.5998662633128565e-04 +1.1683906275548639e-04 +3.5896005589743183e-05 -1.3087479513471608e-04
