#PATCH_CHECK: SepMBpoisson v0.61 exact-bernoulli stratified-backward active
#discretizing the bath:
#     0 0.0000000000000000e+00 -6.3189999999999946e-01
#     1 5.3748384988656995e-03 -2.2049593305392995e-01
#     2 5.3748384988656995e-03 -2.0785800122430018e-01
#     3 5.3748384988656995e-03 -1.9487731515752316e-01
#     4 5.3748384988656995e-03 -1.8156269730106506e-01
#     5 5.3748384988656995e-03 -1.6792232186695760e-01
#     6 5.3748384988656995e-03 -1.5396379054189871e-01
#     7 5.3748384988656995e-03 -1.3969419636547739e-01
#     8 5.3748384988656995e-03 -1.2512017805314982e-01
#     9 5.3748384988656995e-03 -1.1024796652696495e-01
#sampling: jump_strength=1.3437096247164252e-02 jump_probability=1.3258934665923377e-02 log_scale=1.3347619120076136e-02 back_replicas=4 stratify_forward=0
#adaptive measurement: gap=1.3640375434107455e-02 period_steps=922 nmeas=121 nwf=150 tmax=7.5000000000000000e+01 forced_stride=0
  0.00000000 +5.0000000000000000e+00 +1.9999999999999998e+00 +1.8374661879283106e-03 +1.0000000000000000e+00 +1.0000000000000000e+00 +1.0000000000000000e+00 +1.0000000000000000e+00 +1.0000000000000000e+00 +0.0000000000000000e+00 +0.0000000000000000e+00 +0.0000000000000000e+00 +0.0000000000000000e+00 +0.0000000000000000e+00
  0.50000000 +5.0000000000000000e+00 +1.9999999998801170e+00 +1.8517184846650353e-03 +9.9996381687359714e-01 +1.0000000000011842e+00 +1.0000000000011842e+00 +1.0000000000011842e+00 +1.0000000000011842e+00 +7.4229132528530341e-06 +7.1859683058714868e-06 +7.1587332544942966e-06 +7.2744822228473485e-06 +7.1410304710991232e-06
  1.00000000 +5.0000000000000000e+00 +1.9999999967825861e+00 +1.8918392327655681e-03 +9.9986190296117450e-01 +9.9999999976483844e-01 +9.9999999976483844e-01 +9.9999999975371168e-01 +9.9999999983159948e-01 +2.7807665778093792e-05 +2.7432264749324275e-05 +2.7570086246520744e-05 +2.7870197694032493e-05 +2.7417813185085274e-05
  1.50000000 +5.0000000000000000e+00 +1.9999999858016480e+00 +1.9495314115530189e-03 +9.9971517371670171e-01 +9.9999999778751447e-01 +9.9999999772521875e-01 +9.9999999738625056e-01 +9.9999999788359617e-01 +5.7621273297935331e-05 +5.6326943313453631e-05 +5.7054494334221960e-05 +5.6972853098965049e-05 +5.6859910611813431e-05
  2.00000000 +5.0000000000000000e+00 +1.9999999716538923e+00 +2.0137416122861466e-03 +9.9955150816195282e-01 +9.9999999195413269e-01 +9.9999999111076876e-01 +9.9999999074718937e-01 +9.9999999191730771e-01 +9.1340753912857696e-05 +8.9349762154253867e-05 +9.0260556783949492e-05 +8.8794389069685260e-05 +8.8780620871055062e-05
  2.50000000 +5.0000000000000000e+00 +1.9999999837587592e+00 +2.0720957653779346e-03 +9.9940219177203116e-01 +9.9999997872902791e-01 +9.9999997838667098e-01 +9.9999997647375272e-01 +9.9999998003293400e-01 +1.2348399368701483e-04 +1.1974206523737824e-04 +1.2061746857489713e-04 +1.1724749457922264e-04 +1.1680358997273965e-04
  3.00000000 +5.0000000000000000e+00 +2.0000000126830191e+00 +2.1138620964257322e-03 +9.9929447196196852e-01 +9.9999995675647935e-01 +9.9999995490125015e-01 +9.9999995394291874e-01 +9.9999995863354818e-01 +1.4776364575971873e-04 +1.4310930828053019e-04 +1.4141849986334679e-04 +1.3698265659293200e-04 +1.3642959597467643e-04
  3.50000000 +5.0000000000000000e+00 +1.9999998313588001e+00 +2.1289326150112065e-03 +9.9925414574118510e-01 +9.9999992162541540e-01 +9.9999992346239175e-01 +9.9999992139550864e-01 +9.9999992635735901e-01 +1.5857597710787957e-04 +1.5295265922275156e-04 +1.5078923079356649e-04 +1.4311688403352720e-04 +1.4072662400851281e-04
  4.00000000 +5.0000000000000000e+00 +1.9999999054439184e+00 +2.1166910458902313e-03 +9.9928314946088004e-01 +9.9999987945165980e-01 +9.9999988267076834e-01 +9.9999988012472907e-01 +9.9999988738637258e-01 +1.5645785544493999e-04 +1.4923055669974897e-04 +1.4487453318417224e-04 +1.3594008477785916e-04 +1.3081792626391006e-04
  4.50000000 +5.0000000000000000e+00 +1.9999997917934176e+00 +2.0796764369935558e-03 +9.9937547217279143e-01 +9.9999983068783871e-01 +9.9999983358351197e-01 +9.9999983349319665e-01 +9.9999984697649835e-01 +1.4054028986208250e-04 +1.3172839169006567e-04 +1.2592497987488891e-04 +1.1664044391593530e-04 +1.1034897893026181e-04
  5.00000000 +5.0000000000000000e+00 +1.9999997752494283e+00 +2.0254367190632272e-03 +9.9951241527866519e-01 +9.9999977677688834e-01 +9.9999978894912767e-01 +9.9999978550694879e-01 +9.9999979706752928e-01 +1.1451796784776542e-04 +1.0489535708929652e-04 +9.8970150918473691e-05 +8.8301700376087496e-05 +8.1751271218623268e-05
  5.50000000 +5.0000000000000000e+00 +1.9999997140563888e+00 +1.9617441558337531e-03 +9.9967458808175058e-01 +9.9999973592250613e-01 +9.9999974709090689e-01 +9.9999974284232074e-01 +9.9999976305580107e-01 +8.2571067812281418e-05 +7.4068429730228855e-05 +6.6083438095216351e-05 +5.4637996900366848e-05 +4.9062166382611477e-05
  6.00000000 +5.0000000000000000e+00 +1.9999995081225330e+00 +1.9058721492084593e-03 +9.9981830163977092e-01 +9.9999970083321843e-01 +9.9999971365045248e-01 +9.9999971165391577e-01 +9.9999973037207734e-01 +4.9723839945469797e-05 +4.2240540897860670e-05 +3.7078788419543722e-05 +3.0304141050134517e-05 +2.3494451369897892e-05
  6.50000000 +5.0000000000000000e+00 +1.9999992958702988e+00 +1.8610326733751548e-03 +9.9993525763117175e-01 +9.9999967849580973e-01 +9.9999967935463863e-01 +9.9999969889203144e-01 +9.9999971433115087e-01 +2.1311498033896434e-05 +1.5822897827376252e-05 +1.4163680020050925e-05 +8.4257570495657988e-06 +6.2475277432824341e-06
  7.00000000 +5.0000000000000000e+00 +1.9999995733026632e+00 +1.8443426434228863e-03 +9.9998165239089820e-01 +9.9999968483441415e-01 +9.9999967102789156e-01 +9.9999968677988504e-01 +9.9999969335621541e-01 +7.9394864074987054e-06 +1.0543701020308271e-06 +4.2847170819424303e-06 +1.6511465912161845e-06 +4.6818463348925842e-06
  7.50000000 +5.0000000000000000e+00 +1.9999999289649761e+00 +1.8542469616123971e-03 +9.9996046673707206e-01 +9.9999968498502967e-01 +9.9999969052881843e-01 +9.9999967145635482e-01 +9.9999970777850933e-01 +4.2421481290185517e-06 +7.1306313033550530e-06 +5.4201735013274847e-06 +1.1119279948139516e-05 +1.2866341150275540e-05
  8.00000000 +5.0000000000000000e+00 +1.9999999980199654e+00 +1.8870561687688247e-03 +9.9988049539263935e-01 +9.9999964545902309e-01 +9.9999968464665701e-01 +9.9999967371683007e-01 +9.9999969308796288e-01 +1.5958497671329659e-05 +2.2306443399032432e-05 +2.2477934718099506e-05 +2.5190711767252058e-05 +3.4874067731535250e-05
  8.50000000 +5.0000000000000000e+00 +1.9999999981426118e+00 +1.9455695091179690e-03 +9.9973377421448562e-01 +9.9999966286417208e-01 +9.9999963605802233e-01 +9.9999964242948824e-01 +9.9999967099940823e-01 +4.0248038472343223e-05 +4.3354127079785475e-05 +5.3971445322594374e-05 +6.4273066983451432e-05 +6.5766673937612321e-05
  9.00000000 +5.0000000000000000e+00 +1.9999994742734055e+00 +2.0087504925386159e-03 +9.9957325801380725e-01 +9.9999962847400592e-01 +9.9999965444230643e-01 +9.9999967225138942e-01 +9.9999967623713615e-01 +7.1377858375508860e-05 +8.0334587468603840e-05 +8.8950929729397250e-05 +8.9944650949174234e-05 +9.7502470681015433e-05
  9.50000000 +5.0000000000000000e+00 +1.9999989873433606e+00 +2.0630900410627986e-03 +9.9943300312043570e-01 +9.9999960852780423e-01 +9.9999958943984302e-01 +9.9999960198385551e-01 +9.9999963468918585e-01 +1.0182161881131305e-04 +1.0972232628849288e-04 +1.2203469524312596e-04 +1.1820867855025595e-04 +1.1677496788182402e-04
 10.00000000 +5.0000000000000000e+00 +1.9999989333792230e+00 +2.0923566786976242e-03 +9.9935433768264470e-01 +9.9999960845117752e-01 +9.9999957308535858e-01 +9.9999955816990638e-01 +9.9999955099417770e-01 +1.3202100290380677e-04 +1.2401381055965474e-04 +1.3237936504981320e-04 +1.2961297914964998e-04 +1.2934452063265934e-04
 10.50000000 +5.0000000000000000e+00 +1.9999984585096582e+00 +2.1212420921931591e-03 +9.9927550814408350e-01 +9.9999951115623209e-01 +9.9999945878026564e-01 +9.9999938130918364e-01 +9.9999945996552597e-01 +1.5107047178352829e-04 +1.4990675721870595e-04 +1.4939627511142113e-04 +1.3898619996241651e-04 +1.3732085963374027e-04
 11.00000000 +5.0000000000000000e+00 +1.9999981574625418e+00 +2.1127947017602657e-03 +9.9929096103967940e-01 +9.9999933992744461e-01 +9.9999938977504310e-01 +9.9999940056298886e-01 +9.9999927518547893e-01 +1.5898286872265911e-04 +1.4753621541882650e-04 +1.4738269105100927e-04 +1.3718013806712518e-04 +1.2055155673803284e-04
 11.50000000 +5.0000000000000000e+00 +1.9999988817959140e+00 +2.0806592609298206e-03 +9.9936808894169593e-01 +9.9999925640670739e-01 +9.9999921212746057e-01 +9.9999915006440876e-01 +9.9999919126743120e-01 +1.5393519502917161e-04 +1.3978065935356862e-04 +1.2895711337329349e-04 +1.1129711419155107e-04 +1.0113100755323768e-04
 12.00000000 +5.0000000000000000e+00 +1.9999984001032438e+00 +2.0344789116997666e-03 +9.9948224552146936e-01 +9.9999912803342361e-01 +9.9999913551386821e-01 +9.9999913613989799e-01 +9.9999918325745629e-01 +1.2826057843571254e-04 +1.1892795492306317e-04 +1.0709638265973428e-04 +9.3414718328467506e-05 +7.3471956727597687e-05
 12.50000000 +5.0000000000000000e+00 +1.9999977074718129e+00 +1.9751531059940602e-03 +9.9963246097179648e-01 +9.9999895427967478e-01 +9.9999903260360579e-01 +9.9999899610843390e-01 +9.9999899854575247e-01 +1.0335844089203905e-04 +9.5918787145368538e-05 +6.5811974593105787e-05 +5.8518076811299533e-05 +4.7950283175222285e-05
 13.00000000 +5.0000000000000000e+00 +1.9999978013329909e+00 +1.9184850264519107e-03 +9.9977910176763785e-01 +9.9999898322481795e-01 +9.9999888115563151e-01 +9.9999887769586893e-01 +9.9999895334761346e-01 +6.9196661036193184e-05 +4.9995443856725149e-05 +4.6345960838146694e-05 +3.9039602650143205e-05 +2.0625117333124187e-05
 13.50000000 +5.0000000000000000e+00 +1.9999982788492376e+00 +1.8832459918399326e-03 +9.9987374174043908e-01 +9.9999896385575981e-01 +9.9999898202346083e-01 +9.9999858363035654e-01 +9.9999878343697957e-01 +5.3299557968743955e-05 +3.6298585429143047e-05 +2.1559988244254711e-05 +9.7394882385864073e-06 +1.0047694942931694e-05
 14.00000000 +5.0000000000000000e+00 +1.9999975963999332e+00 +1.8577352260062514e-03 +9.9994531951194809e-01 +9.9999887286615152e-01 +9.9999880161086629e-01 +9.9999873372145476e-01 +9.9999876546807165e-01 +2.2008361469369153e-05 +1.5760719082473879e-05 +6.6499747862499930e-06 +1.3194309009823524e-05 +1.8934827514962755e-06
 14.50000000 +5.0000000000000000e+00 +1.9999981287420530e+00 +1.8630267508164911e-03 +9.9993904231035635e-01 +9.9999886595272958e-01 +9.9999879131568781e-01 +9.9999887109157004e-01 +9.9999854102335450e-01 +1.4005671546158465e-05 +7.0177875241786045e-06 +7.6573643811638272e-06 +1.6051505960029359e-05 +2.1155962968959411e-05
 15.00000000 +5.0000000000000000e+00 +1.9999968402550892e+00 +1.8848051829334889e-03 +9.9988955274608260e-01 +9.9999894939786582e-01 +9.9999877620703215e-01 +9.9999883606291173e-01 +9.9999885564622215e-01 +1.6627262005498279e-05 +5.6208263304609173e-06 +2.2902301494785797e-05 +2.7944893973661163e-05 +4.1934671617523283e-05
 15.50000000 +5.0000000000000000e+00 +1.9999958930815436e+00 +1.9449979788275576e-03 +9.9974040692092303e-01 +9.9999898221260952e-01 +9.9999893670951912e-01 +9.9999860042357669e-01 +9.9999865500393470e-01 +2.7302314037307244e-05 +3.8941608129696589e-05 +4.3484909951655556e-05 +6.9976437886753152e-05 +8.4713550160502862e-05
 16.00000000 +5.0000000000000000e+00 +1.9999949584791150e+00 +1.9826159283895177e-03 +9.9964560251667023e-01 +9.9999863757008989e-01 +9.9999876593617043e-01 +9.9999882196380030e-01 +9.9999887220960482e-01 +4.7232190726292430e-05 +5.6911126062051786e-05 +6.9275740638363156e-05 +9.0445097062051314e-05 +9.5435646862756485e-05
 16.50000000 +5.0000000000000000e+00 +1.9999947716316366e+00 +2.0457636895299925e-03 +9.9948253261006226e-01 +9.9999917537699257e-01 +9.9999860349804714e-01 +9.9999847890306226e-01 +9.9999880381195883e-01 +8.5712890037704923e-05 +9.9304017690203723e-05 +1.0321885578709645e-04 +1.0603296498416367e-04 +1.2813706756817752e-04
 17.00000000 +5.0000000000000000e+00 +1.9999950051545117e+00 +2.0824624266615605e-03 +9.9938447878599324e-01 +9.9999872418020785e-01 +9.9999849576516175e-01 +9.9999883746116325e-01 +9.9999854966412738e-01 +1.1502254470072373e-04 +1.0830475358863224e-04 +1.4041437716978274e-04 +1.3015248028523169e-04 +1.2701998204289961e-04
 17.50000000 +5.0000000000000000e+00 +1.9999934957033880e+00 +2.1006061757534236e-03 +9.9933174689068782e-01 +9.9999877060159803e-01 +9.9999846946219817e-01 +9.9999871219374670e-01 +9.9999856391530495e-01 +1.3970500425046850e-04 +1.4622045267990489e-04 +1.3612383231561108e-04 +1.2837074925492939e-04 +1.2331686488411368e-04
 18.00000000 +5.0000000000000000e+00 +1.9999925643706697e+00 +2.0829832737988018e-03 +9.9936797650592912e-01 +9.9999839217910347e-01 +9.9999864168511599e-01 +9.9999846226878553e-01 +9.9999802465639875e-01 +1.4485452372189401e-04 +1.4474661112988383e-04 +1.3780798498586413e-04 +1.1892608353121410e-04 +9.2167497009276102e-05
 18.50000000 +5.0000000000000000e+00 +1.9999919847621972e+00 +2.0635789422736462e-03 +9.9941002104259546e-01 +9.9999838119069573e-01 +9.9999820979927767e-01 +9.9999802817982020e-01 +9.9999784826713678e-01 +1.4835069066172014e-04 +1.2366177051374862e-04 +1.3181123166253634e-04 +9.7821805243293727e-05 +9.5866102750020874e-05
 19.00000000 +5.0000000000000000e+00 +1.9999932863475702e+00 +2.0432512303185835e-03 +9.9945680207535592e-01 +9.9999831674827100e-01 +9.9999861122403555e-01 +9.9999823413752675e-01 +9.9999785365197746e-01 +1.4000661169635294e-04 +1.2166913176989043e-04 +1.0842763922272084e-04 +8.6483114825102340e-05 +9.3595670621841087e-05
 19.50000000 +5.0000000000000000e+00 +1.9999910280781408e+00 +1.9753461597927088e-03 +9.9962755881810528e-01 +9.9999817197455099e-01 +9.9999809669056572e-01 +9.9999820794704797e-01 +9.9999802831908724e-01 +9.9873298212673452e-05 +9.7952515510411905e-05 +7.1318616611355410e-05 +7.4781610137230345e-05 +3.6010257877519803e-05
 20.00000000 +5.0000000000000000e+00 +1.9999928736067232e+00 +1.9365161390066934e-03 +9.9972909668518273e-01 +9.9999781253891595e-01 +9.9999782718943542e-01 +9.9999778611720125e-01 +9.9999810314940152e-01 +9.6160634578945653e-05 +8.1516257070595900e-05 +5.8262619887725473e-05 +3.1328719168175643e-05 +1.2106013429231657e-05
 20.50000000 +5.0000000000000000e+00 +1.9999903822199532e+00 +1.9190108591003599e-03 +9.9977868956876859e-01 +9.9999808527154554e-01 +9.9999775417169667e-01 +9.9999798755328195e-01 +9.9999816871290903e-01 +8.0951242894891190e-05 +6.8687583660097604e-05 +3.7422879238651140e-05 +1.7406458290527149e-05 +2.4846545293207708e-05
 21.00000000 +5.0000000000000000e+00 +1.9999914635365141e+00 +1.8993218102212001e-03 +9.9983580304589759e-01 +9.9999830995153449e-01 +9.9999779450913640e-01 +9.9999777832312342e-01 +9.9999802585155406e-01 +7.6571365089567623e-05 +3.1079791990502123e-05 +2.3374110671663360e-06 +2.8573017997253785e-05 +3.3726775909647251e-05
 21.50000000 +5.0000000000000000e+00 +1.9999931775580353e+00 +1.9131753847148815e-03 +9.9980987045383685e-01 +9.9999792158683198e-01 +9.9999718515140590e-01 +9.9999742781590595e-01 +9.9999780303759334e-01 +6.0103331225483216e-05 +3.9851596139251050e-05 +1.0158146354439478e-05 +4.5044398881795742e-05 +4.4634436515493558e-05
 22.00000000 +5.0000000000000000e+00 +1.9999928463238457e+00 +1.9273585820786070e-03 +9.9978168958546720e-01 +9.9999812593306037e-01 +9.9999740960482875e-01 +9.9999691990638551e-01 +9.9999734652078665e-01 +1.8081572370891180e-05 +4.5666738824164343e-05 +4.7208056139389218e-05 +7.1505234229471743e-05 +4.6046791826459069e-05
 22.50000000 +5.0000000000000000e+00 +1.9999916210473390e+00 +1.9432950322086548e-03 +9.9974549570315063e-01 +9.9999729161479023e-01 +9.9999778245787607e-01 +9.9999779605890338e-01 +9.9999761798153608e-01 +2.1740337742246163e-05 +5.8372127718339576e-05 +6.9527061391827250e-05 +5.0376485603670109e-05 +6.4000212192357297e-05
 23.00000000 +5.0000000000000000e+00 +1.9999855037508198e+00 +1.9889476308797829e-03 +9.9962977560637289e-01 +9.9999765424862364e-01 +9.9999684195398242e-01 +9.9999704919533261e-01 +9.9999827834202604e-01 +4.3558198626608859e-05 +7.6622352501235882e-05 +7.4239632255925449e-05 +8.4672035199328510e-05 +1.0130847613167029e-04
 23.50000000 +5.0000000000000000e+00 +1.9999893084255398e+00 +1.9908507851184132e-03 +9.9962459367681966e-01 +9.9999810720972848e-01 +9.9999766868784445e-01 +9.9999795521299084e-01 +9.9999842030605790e-01 +7.4157461113065037e-05 +5.8524060423489892e-05 +6.7006932205864735e-05 +8.9338874918787204e-05 +9.4227505933837513e-05
 24.00000000 +5.0000000000000000e+00 +1.9999868701718235e+00 +2.0714258211203956e-03 +9.9941409495427125e-01 +9.9999734433484888e-01 +9.9999699893957383e-01 +9.9999787168985033e-01 +9.9999813882239119e-01 +1.0769311442312889e-04 +1.0693961172730695e-04 +1.4200272098704119e-04 +1.2266097334887521e-04 +1.1625483728567879e-04
 24.50000000 +5.0000000000000000e+00 +1.9999927108265849e+00 +2.0688739521242125e-03 +9.9941483862999647e-01 +9.9999760773491853e-01 +9.9999614760243571e-01 +9.9999651164259795e-01 +9.9999780421120843e-01 +7.4312082677695232e-05 +1.4643036850806097e-04 +1.2764027075033358e-04 +1.2629200628835215e-04 +1.2241541293171271e-04
 25.00000000 +5.0000000000000000e+00 +1.9999924432663454e+00 +2.0744468001041598e-03 +9.9939037281112109e-01 +9.9999751043625440e-01 +9.9999727699564089e-01 +9.9999729359774914e-01 +9.9999630513152349e-01 +1.0030344142663817e-04 +1.3046351031336558e-04 +1.3850371008705060e-04 +1.2716095034234488e-04 +1.2480943815680248e-04
 25.50000000 +5.0000000000000000e+00 +1.9999936357904231e+00 +2.0471131007384958e-03 +9.9945162055761660e-01 +9.9999735181569416e-01 +9.9999681207093694e-01 +9.9999610391549687e-01 +9.9999756539667584e-01 +1.4789948566284967e-04 +1.3493758465197073e-04 +1.1089504618044319e-04 +7.5833598072961737e-05 +9.0980460960367925e-05
 26.00000000 +5.0000000000000000e+00 +1.9999945479457095e+00 +2.0407982018613930e-03 +9.9946293171043110e-01 +9.9999785488202608e-01 +9.9999754496647242e-01 +9.9999575343697567e-01 +9.9999625333518438e-01 +1.1187219432367120e-04 +1.2316946253820729e-04 +1.2566533224210182e-04 +1.3759127299700969e-04 +5.1363417307965665e-05
 26.50000000 +5.0000000000000000e+00 +1.9999890302691259e+00 +1.9674230646082062e-03 +9.9964592815012365e-01 +9.9999727110589642e-01 +9.9999582113844965e-01 +9.9999718509944491e-01 +9.9999647087112331e-01 +1.0313020095098867e-04 +9.2038894699667301e-05 +8.1225944057495802e-05 +4.0924957029892112e-05 +5.0003604576257732e-05
 27.00000000 +5.0000000000000000e+00 +1.9999914689215890e+00 +1.9463569418659077e-03 +9.9970282571656799e-01 +9.9999620275443368e-01 +9.9999518697165979e-01 +9.9999682926133149e-01 +9.9999614276501225e-01 +6.5475804642484348e-05 +1.2218937905581403e-04 +4.2682632584507009e-05 +3.9298772923607044e-05 +4.3165962124171346e-05
 27.50000000 +5.0000000000000000e+00 +1.9999888154087504e+00 +1.9206605274128422e-03 +9.9977186896821124e-01 +9.9999489078020820e-01 +9.9999637747784220e-01 +9.9999547530640098e-01 +9.9999619839215259e-01 +1.2229802716405780e-04 +9.8985899614849576e-05 +4.1842211112809478e-06 +1.7191266028454472e-05 +2.5296724465967947e-06
 28.00000000 +5.0000000000000000e+00 +1.9999931727621747e+00 +1.9127129340639295e-03 +9.9980036145866946e-01 +9.9999714202353118e-01 +9.9999720706900574e-01 +9.9999428536366597e-01 +9.9999601262967386e-01 +3.9754197744691673e-05 +5.0134479631452601e-05 +6.7073251446933749e-05 +3.4495173262674906e-05 +2.3534341853868508e-05
 28.50000000 +5.0000000000000000e+00 +1.9999923380842788e+00 +1.9029323450746130e-03 +9.9983373843601153e-01 +9.9999609942619661e-01 +9.9999863756552165e-01 +9.9999644929059872e-01 +9.9999601285550410e-01 +7.2034709930751036e-05 +1.5445379092152437e-05 +4.1745040742442827e-05 +1.9234182732308159e-05 +3.0603091004220698e-05
 29.00000000 +5.0000000000000000e+00 +1.9999898056647150e+00 +1.9601424100549811e-03 +9.9969526478043436e-01 +9.9999489478436931e-01 +9.9999819633001752e-01 +9.9999428730975004e-01 +9.9999508477617216e-01 +7.3019668924762329e-05 +3.8019660580878155e-05 +6.4156510014422812e-05 +1.1655051189038371e-04 +3.0525676573756353e-05
 29.50000000 +5.0000000000000000e+00 +1.9999948963373475e+00 +1.9884668823008252e-03 +9.9963106870432195e-01 +9.9999549033893609e-01 +9.9999831747098233e-01 +9.9999734011021946e-01 +9.9999411728740828e-01 +9.0036976164976004e-05 +6.4322208862047786e-05 +6.1071448655911019e-05 +4.8358668663664498e-05 +1.1987676981032802e-04
 30.00000000 +5.0000000000000000e+00 +1.9999908597093123e+00 +1.9769113531957314e-03 +9.9965883544287393e-01 +9.9999696138791450e-01 +9.9999692628917758e-01 +9.9999472776060827e-01 +9.9999668724314228e-01 +7.3392912316463862e-05 +7.2298778895991831e-05 +4.6486790844446376e-05 +8.3951689957526845e-05 +7.9731695835560192e-05
 30.50000000 +5.0000000000000000e+00 +1.9999981145663677e+00 +1.9858070057896778e-03 +9.9963745503495294e-01 +9.9999638402271451e-01 +9.9999659443358546e-01 +9.9999575053205270e-01 +9.9999562463188851e-01 +7.6640287347718412e-05 +6.2920882315513579e-05 +8.2343148462692695e-05 +6.8987326885791556e-05 +8.7299700595913984e-05
 31.00000000 +5.0000000000000000e+00 +1.9999973741412944e+00 +2.0322286909376271e-03 +9.9951547955089248e-01 +9.9999825025534406e-01 +9.9999617251371253e-01 +9.9999709681339100e-01 +9.9999358863120680e-01 +6.3352017283863196e-05 +6.5137222669208101e-05 +8.5112671535437820e-05 +1.5033427493207774e-04 +1.3547603295332512e-04
 31.50000000 +5.0000000000000000e+00 +1.9999940156834455e+00 +2.0184070010286007e-03 +9.9954288429655691e-01 +9.9999695962591040e-01 +9.9999679828185195e-01 +9.9999382425174910e-01 +9.9999514203321638e-01 +5.9027646533734511e-05 +8.9935131719658115e-05 +1.1802516841040610e-04 +1.1701999732032277e-04 +9.0383600473929753e-05
 32.00000000 +5.0000000000000000e+00 +2.0000056159487580e+00 +2.0646015394978137e-03 +9.9942535899735874e-01 +9.9999677508292673e-01 +9.9999335998745220e-01 +9.9999468258833679e-01 +9.9999179256695381e-01 +1.3131426565304773e-04 +1.3488062304626631e-04 +1.3174561090790565e-04 +1.5207917868272650e-04 +4.8011098610864203e-05
 32.50000000 +5.0000000000000000e+00 +2.0000015330730467e+00 +2.0667954438430788e-03 +9.9940600498277876e-01 +9.9999521108622935e-01 +9.9999603913167412e-01 +9.9999560366504581e-01 +9.9999543197565044e-01 +1.2883284180459245e-04 +1.3953091864280561e-04 +1.3515232683319498e-04 +1.3644022507300162e-04 +7.1752886205327234e-05
 33.00000000 +5.0000000000000000e+00 +2.0000005986364191e+00 +2.0592156313022940e-03 +9.9941945645714669e-01 +1.0000001784162527e+00 +9.9999422108441360e-01 +9.9999355253812094e-01 +9.9999432409142575e-01 +1.4317285527809873e-04 +1.0428215817571779e-04 +1.5187181874944138e-04 +9.5847533816500964e-05 +1.0309303551865930e-04
 33.50000000 +5.0000000000000000e+00 +2.0000015977099128e+00 +2.0154778280859795e-03 +9.9952941273251283e-01 +9.9999673857535398e-01 +9.9999362647506029e-01 +9.9999513686967512e-01 +9.9999360630922507e-01 +1.5582178224465737e-04 +8.2751134301100942e-05 +1.5657570056458784e-04 +4.5693305887093850e-05 +5.0637105236946961e-05
 34.00000000 +5.0000000000000000e+00 +1.9999940450705092e+00 +1.9788563117590307e-03 +9.9961981418206902e-01 +9.9999654879608868e-01 +9.9999419752425600e-01 +9.9999578030452851e-01 +9.9999327500122204e-01 +1.2079085740582013e-04 +1.1367057021242265e-04 +3.1625451927060014e-05 +6.8714938367963796e-05 +6.5582381580485860e-05
 34.50000000 +5.0000000000000000e+00 +1.9999974070634721e+00 +1.9551085918684866e-03 +9.9968329735237238e-01 +9.9999825304951229e-01 +9.9999642909175135e-01 +9.9999504848050358e-01 +9.9999209053158389e-01 +8.8774198434189667e-05 +7.4553308525924009e-05 +7.0003034875308601e-05 +4.0605619060500048e-05 +6.0945335377013894e-05
 35.00000000 +5.0000000000000000e+00 +2.0000060533251505e+00 +1.9470534707730384e-03 +9.9971237595178364e-01 +9.9999540795755404e-01 +9.9999414121847996e-01 +9.9999684109492593e-01 +9.9999290974518695e-01 -1.2795376474435929e-06 +7.1659432552413456e-05 +8.7786337943615559e-05 +7.9529520383211068e-05 +7.0628299324515683e-05
 35.50000000 +5.0000000000000000e+00 +2.0000068126142292e+00 +1.9300325139639000e-03 +9.9976429193676597e-01 +9.9999479302899441e-01 +9.9999449520607508e-01 +9.9999661943950169e-01 +9.9998696055446934e-01 +5.3585085561433680e-05 +6.9183372573835070e-05 +2.3012924876713873e-05 +2.9391982436363727e-05 +8.7666455617499712e-05
 36.00000000 +5.0000000000000000e+00 +2.0000049913030873e+00 +1.9213964786802468e-03 +9.9978851475105257e-01 +9.9999659278529818e-01 +9.9999618184860473e-01 +9.9999670851065636e-01 +9.9999264558084089e-01 +1.0955068660830509e-04 -8.7626263275710790e-06 +7.5835461323844124e-05 +1.4101040512546289e-05 +3.8631938294425850e-05
 36.50000000 +5.0000000000000000e+00 +2.0000030523402432e+00 +1.9903919826829339e-03 +9.9962207759858301e-01 +9.9999653906413866e-01 +9.9999749951157124e-01 +9.9999394082658966e-01 +9.9999412624519224e-01 +9.3524089619765610e-05 +4.7438305625242218e-05 +7.4616170399648051e-05 +1.0132591707969792e-04 +7.8912283405282077e-05
 37.00000000 +5.0000000000000000e+00 +2.0000027676871062e+00 +1.9687727182907456e-03 +9.9967895516446614e-01 +9.9999868528451918e-01 +9.9999372815189302e-01 +9.9999608563887832e-01 +9.9999483874178241e-01 +6.7848532558128556e-05 +1.8276579946928953e-05 +7.5920722137853995e-05 +9.2951562779054449e-05 +8.2709610567667331e-05
 37.50000000 +5.0000000000000000e+00 +2.0000113106070403e+00 +2.0375327977419345e-03 +9.9950486639750014e-01 +9.9999623976469743e-01 +9.9999326459369886e-01 +9.9999944615950598e-01 +9.9999369660584680e-01 +6.3965756257586883e-05 +8.5810239116388480e-05 +1.3006179597885989e-04 +7.7114638592067593e-05 +1.5553405738937996e-04
 38.00000000 +5.0000000000000000e+00 +2.0000002343768033e+00 +2.0147381569737802e-03 +9.9955781790345377e-01 +9.9999763854023105e-01 +9.9999714487939217e-01 +9.9999416841381372e-01 +9.9999639528877238e-01 +1.3152057735547494e-04 +2.6841422691457688e-05 +2.6319094689743568e-05 +1.5507913878301142e-04 +1.1707471479210159e-04
 38.50000000 +5.0000000000000000e+00 +1.9999981741921087e+00 +2.0608999649546910e-03 +9.9943543643363519e-01 +9.9999505857109117e-01 +9.9999755910599464e-01 +9.9999597649757255e-01 +9.9999302919102251e-01 +1.3930692319102513e-04 +1.3503466269876774e-04 +9.7902017555396493e-05 +1.0780654572242480e-04 +1.0289004807428129e-04
 39.00000000 +5.0000000000000000e+00 +1.9999996319670341e+00 +2.0134431255974623e-03 +9.9955106832546015e-01 +9.9999561748671406e-01 +9.9999436695494970e-01 +9.9999108334023745e-01 +9.9999341153033694e-01 +4.5900057485861121e-05 +1.2741580355589327e-04 +9.3660679064365998e-05 +1.6806033074385040e-04 +3.9415496579989729e-05
 39.50000000 +5.0000000000000000e+00 +2.0000018984555994e+00 +1.9652200365612472e-03 +9.9966289287162680e-01 +9.9999263558028306e-01 +9.9999915089959335e-01 +9.9999603115658708e-01 +9.9999692560678244e-01 +1.2514740001877533e-04 +4.8306387786318676e-05 +5.5069338093339862e-05 +7.3803520849106369e-05 +5.0037208435701128e-05
 40.00000000 +5.0000000000000000e+00 +1.9999853590529211e+00 +2.0010651741588312e-03 +9.9956714314042494e-01 +9.9998964712309990e-01 +9.9999636284159854e-01 +9.9999649362379284e-01 +9.9998624138720360e-01 +3.8238226823282821e-05 +1.4752871449340047e-04 +1.4395007951027272e-04 +1.0153582079867796e-04 +3.2859061626694116e-05
 40.50000000 +5.0000000000000000e+00 +1.9999939254067283e+00 +2.0153457203119667e-03 +9.9953152916693822e-01 +9.9999612104940494e-01 +9.9999732942877029e-01 +9.9999236070411024e-01 +9.9999323813976726e-01 +1.0752941659569671e-04 +6.3651161800210956e-05 +1.3559058196598934e-04 +1.5873000729207517e-04 +2.3920325820692815e-05
 41.00000000 +5.0000000000000000e+00 +2.0000067922253835e+00 +1.9790160706261804e-03 +9.9962525847781547e-01 +1.0000016177890789e+00 +9.9999211731313320e-01 +9.9999809466161094e-01 +9.9999880781408945e-01 +6.6955632706607848e-05 +7.2702343386562182e-05 +3.0946661577041981e-05 +1.0169323628771279e-04 +1.1180607670569233e-04
 41.50000000 +5.0000000000000000e+00 +1.9999876120724500e+00 +1.9237934676747577e-03 +9.9976245218925852e-01 +9.9999589433774994e-01 +9.9999608326376122e-01 +9.9998750194743069e-01 +9.9998940490524368e-01 +1.1070373477876858e-04 +7.1040206025496723e-05 +1.2638485004652476e-05 +4.7807938939553276e-05 +2.6472969537284559e-05
 42.00000000 +5.0000000000000000e+00 +2.0000004306176389e+00 +1.9590083260975664e-03 +9.9969008376061130e-01 +9.9999813670295445e-01 +9.9999084496551094e-01 +9.9999264868217896e-01 +9.9998974505343396e-01 +1.7698316582198816e-04 +1.1162664363573727e-04 -2.1467451599170997e-06 +3.6181142493217988e-05 +1.5896642190214118e-05
 42.50000000 +5.0000000000000000e+00 +1.9999860059279708e+00 +1.9979892915266517e-03 +9.9958498312596478e-01 +9.9999687642434121e-01 +1.0000012048413565e+00 +9.9999284674056488e-01 +9.9999393141299919e-01 +1.8031064585688862e-05 +1.4546295237212803e-04 +2.7176026416958311e-05 +1.4911756161184410e-04 +9.0369833680018305e-05
 43.00000000 +5.0000000000000000e+00 +1.9999839595997353e+00 +1.9361371481296285e-03 +9.9974747678607367e-01 +1.0000023613205100e+00 +9.9999736942922646e-01 +9.9998956872465505e-01 +9.9999019486152374e-01 +1.8859808075920729e-05 +7.6470569815369237e-05 +3.0232635277937011e-05 +6.2409507778922986e-05 +8.5056357421919380e-05
 43.50000000 +5.0000000000000000e+00 +1.9999813547608392e+00 +1.9059208316707182e-03 +9.9982529506819839e-01 +9.9999102871480727e-01 +1.0000025350968862e+00 +9.9999281985221122e-01 +9.9999338736721088e-01 +2.2464650075989499e-05 -1.1691944292956273e-05 +2.7841584593444592e-05 -1.0198179266771290e-05 +1.6651780898082209e-04
 44.00000000 +5.0000000000000000e+00 +1.9999775136448725e+00 +2.0523224246341686e-03 +9.9945148254984406e-01 +9.9999265484020572e-01 +9.9999639644363125e-01 +1.0000003094725083e+00 +9.9998446176904221e-01 +1.0600713161186738e-04 +3.1302716944607366e-05 +2.1953925665107931e-04 +5.5859613671059967e-05 +1.6198618962473706e-04
 44.50000000 +5.0000000000000000e+00 +1.9999871491521366e+00 +1.9973967345444294e-03 +9.9960029286660546e-01 +9.9998769174843227e-01 +9.9999641258402738e-01 +9.9999226316580714e-01 +9.9998892931373640e-01 +4.1259204300595524e-05 +9.1399187101461640e-05 +6.7650258713229081e-05 +1.2968676763336093e-04 +1.0441490963851442e-04
 45.00000000 +5.0000000000000000e+00 +1.9999974840950070e+00 +1.9668239934344071e-03 +9.9967397432312011e-01 +1.0000073881279550e+00 +9.9999324503069464e-01 +9.9999449158771492e-01 +9.9998480463374573e-01 +1.5945210532855442e-05 +6.3232094109989177e-05 +1.1780195731842179e-04 +1.1171319914406378e-04 +3.7403847406972861e-05
 45.50000000 +5.0000000000000000e+00 +1.9999924536235909e+00 +1.9760105609004336e-03 +9.9964788560655848e-01 +9.9999645234914702e-01 +9.9999428742918728e-01 +9.9999325777092507e-01 +9.9999473313603404e-01 +6.7241188274387863e-05 +1.0281135458518613e-04 +1.0060088170225758e-04 +4.5596858910041420e-05 +5.7133439419256966e-05
 46.00000000 +5.0000000000000000e+00 +1.9999816476447776e+00 +1.9779190729958176e-03 +9.9963527915746653e-01 +9.9999519924154323e-01 +1.0000030940040630e+00 +9.9998958987673425e-01 +9.9998810226903523e-01 +4.2782355398136299e-05 +1.5936377694482232e-04 +1.1736754741717369e-04 +7.3857756525886725e-06 +6.1836020053820985e-05
 46.50000000 +5.0000000000000000e+00 +1.9999803600586588e+00 +1.9812412345997440e-03 +9.9962977082104121e-01 +9.9999765005892560e-01 +9.9999490325017459e-01 +9.9999314064105871e-01 +9.9999129026634348e-01 +1.4617193272129355e-04 +3.4492557713291603e-06 +8.1012878789982410e-05 +2.0366168954851480e-05 +1.4224472920907775e-04
 47.00000000 +5.0000000000000000e+00 +2.0000075258196768e+00 +2.0323526625485727e-03 +9.9950087325274561e-01 +1.0000024684374682e+00 +9.9998906517688224e-01 +9.9998076040501749e-01 +9.9999420471126099e-01 +1.4902530980013379e-04 +1.5387526649465557e-04 +9.9062377060859228e-05 -1.1711986776620235e-06 +1.3183627813255825e-04
 47.50000000 +5.0000000000000000e+00 +1.9999768850200272e+00 +1.9675223698301376e-03 +9.9964744334773459e-01 +9.9999100815750330e-01 +9.9999852331971761e-01 +9.9999498867631909e-01 +9.9999388327676786e-01 +9.0525201801014367e-05 +5.4949561148539838e-05 +6.5522765727895113e-05 +1.2558528488191610e-04 +3.7570394698644788e-05
 48.00000000 +5.0000000000000000e+00 +1.9999931832598741e+00 +1.9406965561903891e-03 +9.9972355206431962e-01 +9.9999363623986959e-01 +1.0000009235560634e+00 +9.9997973093084880e-01 +9.9999069826708431e-01 +1.3587282961552199e-04 +3.1762750131158149e-05 +1.2916453586376682e-04 +1.3801409974484624e-05 +8.5741926052402638e-07
 48.50000000 +5.0000000000000000e+00 +1.9999966594454546e+00 +1.9568042195313847e-03 +9.9968878878513234e-01 +9.9999857505936296e-01 +9.9998895044814717e-01 +9.9999693763062225e-01 +9.9999799195848105e-01 +1.2444839794596330e-04 +6.7303983831216896e-05 +5.3179040433437604e-05 -1.4275554400024554e-05 +9.8100250862107060e-05
 49.00000000 +5.0000000000000000e+00 +1.9999834041542588e+00 +2.0265838626797304e-03 +9.9950550654093084e-01 +1.0000121594730969e+00 +9.9999881182953076e-01 +9.9998992822603305e-01 +9.9999689459990304e-01 +8.4465863377079179e-05 +8.6285421209298971e-05 +1.2257007899802870e-04 +9.9136065100516308e-05 +1.0424189635330702e-04
 49.50000000 +5.0000000000000000e+00 +2.0000032856446732e+00 +2.0391044115061928e-03 +9.9949851107061116e-01 +9.9999546347812340e-01 +9.9999748533620458e-01 +1.0000074863001698e+00 +1.0000003201592387e+00 +6.8381413548351374e-05 +5.3296510969012713e-05 +2.0254239967289946e-04 +1.0328581590646701e-04 +7.3227515251821293e-05
 50.00000000 +5.0000000000000000e+00 +1.9999910407988419e+00 +2.0635746472327308e-03 +9.9942493142097055e-01 +9.9999361382871710e-01 +1.0000003441236431e+00 +9.9997874697499156e-01 +9.9996766538226012e-01 +1.4754820475793519e-04 +8.1872664237497557e-05 +8.5572728397898285e-05 +1.9687023668449476e-04 +1.2283444747048793e-04
 50.50000000 +5.0000000000000000e+00 +1.9999929813858865e+00 +2.0509218645599759e-03 +9.9946266116290394e-01 +1.0000030830436180e+00 +9.9998827000059554e-01 +9.9999158111668318e-01 +9.9999014210473003e-01 +1.3969161632782073e-04 +1.8512767560126026e-04 +6.9000682160350881e-05 +1.4213541321612410e-04 +2.8307185752023099e-05
 51.00000000 +5.0000000000000000e+00 +1.9999922735783737e+00 +1.9996803778222641e-03 +9.9958562226612480e-01 +9.9999310846746448e-01 +1.0000019734875558e+00 +9.9999114893492336e-01 +9.9999582264154963e-01 +5.3097679018738714e-05 +1.5769835487338798e-04 +7.3740712474154349e-05 +1.2003714467889591e-04 +2.7750322395897559e-05
 51.50000000 +5.0000000000000000e+00 +1.9999857916419921e+00 +1.9374131427031178e-03 +9.9972997302873001e-01 +9.9998195589947703e-01 +9.9999651425291092e-01 +9.9997756240992908e-01 +9.9999014431301658e-01 +7.7634796089520906e-05 +2.1538045517397535e-04 +1.1607276883834356e-04 -2.5615072401156374e-05 -5.9622839239077605e-05
 52.00000000 +5.0000000000000000e+00 +1.9999879254771231e+00 +2.0692519242470632e-03 +9.9940706684536784e-01 +9.9998908783432039e-01 +9.9999831481130230e-01 +9.9999119309824569e-01 +9.9998464177886004e-01 +1.8348128605817033e-04 +7.9795797715517385e-05 +1.1335213198539842e-04 +2.6759503432649422e-05 +2.2630692239893741e-04
 52.50000000 +5.0000000000000000e+00 +2.0000169962156416e+00 +2.0008409525138120e-03 +9.9959835290023968e-01 +9.9998818140029466e-01 +9.9999480033491872e-01 +9.9999923449894046e-01 +9.9999136055709592e-01 +4.9869361062003727e-05 +1.2022820705546267e-04 +9.3646722785275388e-05 +1.2863110921361098e-04 +3.5694922464257799e-05
 53.00000000 +5.0000000000000000e+00 +1.9999889309925243e+00 +2.1080794444566886e-03 +9.9930700660468941e-01 +9.9999920546109489e-01 +9.9998728912628843e-01 +1.0000008448330957e+00 +9.9999421300117475e-01 +1.5664921863143297e-04 +2.0476476166321909e-04 +8.9044147515782884e-05 +2.1623835969443798e-05 +2.3935902180688287e-04
 53.50000000 +5.0000000000000000e+00 +1.9999709412268345e+00 +2.0218038291700108e-03 +9.9952382388349581e-01 +9.9997937977808271e-01 +9.9998789038508484e-01 +9.9998788114459369e-01 +9.9998719471620301e-01 +1.2120850748196388e-04 +1.2896624936127642e-04 +9.8366336228788314e-05 -1.6916317786732146e-05 +2.0220530582806256e-04
 54.00000000 +5.0000000000000000e+00 +1.9999791745148625e+00 +2.1093118837900498e-03 +9.9928305720390687e-01 +1.0000029148176479e+00 +9.9998433850345558e-01 +9.9998444233640260e-01 +9.9997493598106046e-01 +1.1096647065827708e-04 +2.3068988602187361e-04 +1.6925594455992330e-04 +1.3846801407205224e-04 +1.2093083342169099e-04
 54.50000000 +5.0000000000000000e+00 +1.9999703684258472e+00 +1.9706842730858962e-03 +9.9964938017309646e-01 +1.0000016938620317e+00 +9.9997883820145339e-01 +9.9999946319696065e-01 +9.9998413752772763e-01 +9.8804602074002658e-05 -3.7813672836687426e-05 +4.0409101460153829e-05 +1.2225833133306979e-04 +1.6282867819238949e-04
 55.00000000 +5.0000000000000000e+00 +2.0000163724183215e+00 +1.9539030564728293e-03 +9.9971010500323354e-01 +1.0000090253955158e+00 +1.0000000709919181e+00 +9.9999728453251457e-01 +1.0000081753039776e+00 +6.6696604604370610e-05 +5.4543975635735103e-06 +1.8104643804873411e-04 +8.7164489465970082e-05 -6.5023148728023919e-05
 55.50000000 +5.0000000000000000e+00 +1.9999897527649362e+00 +2.0603869871799563e-03 +9.9941907509361216e-01 +1.0000116705909547e+00 +9.9998779930354276e-01 +9.9998204726872197e-01 +9.9999063378200492e-01 +2.0038812841598758e-04 +1.5139454829537957e-04 +1.1068804115033124e-04 +1.5053963051355333e-04 -4.2363805664674570e-06
 56.00000000 +5.0000000000000000e+00 +2.0000202532572322e+00 +2.0332714505354988e-03 +9.9950460205925151e-01 +1.0000031686103621e+00 +9.9999422421928519e-01 +9.9998518288419669e-01 +9.9997766738587690e-01 +1.9894179846764680e-04 +2.0257749994504666e-04 -4.1573873310044902e-06 +7.3398727318281317e-05 +6.4394204176010687e-05
 56.50000000 +5.0000000000000000e+00 +2.0000147003286997e+00 +1.9592224317395643e-03 +9.9967217757003290e-01 +1.0000110546937642e+00 +9.9998315256161030e-01 +9.9998457171444555e-01 +9.9999151561465494e-01 +4.6290129770502902e-05 -1.5528083043349537e-04 +1.1154224550349213e-04 +1.5173570582561102e-04 +2.0324059133004023e-04
 57.00000000 +5.0000000000000000e+00 +2.0000276822355607e+00 +1.8596827862599353e-03 +9.9994301695425891e-01 +9.9999788628331654e-01 +9.9999010440187330e-01 +9.9998474476429611e-01 +9.9999419516854138e-01 -8.0647260308482942e-05 +6.9044638435820024e-05 +2.4666477084339798e-05 +1.6413132519625865e-04 -8.7142746047996316e-05
 57.50000000 +5.0000000000000000e+00 +1.9999900516513407e+00 +1.9638565492553772e-03 +9.9967274559001451e-01 +9.9998845045700480e-01 +9.9998182469377805e-01 +9.9998151298360938e-01 +9.9997444229662502e-01 +1.1057736769991592e-04 +1.8954648966033444e-05 +9.8058546439366631e-05 +1.0937578986350018e-04 +6.4057624575632953e-05
 58.00000000 +5.0000000000000000e+00 +1.9999896117166436e+00 +1.9158255822870247e-03 +9.9980289921364507e-01 +1.0000297618806206e+00 +9.9997422028706484e-01 +9.9999596399431956e-01 +1.0000111724207383e+00 +7.3527206620649737e-05 +1.9140672807802002e-04 +1.5274907285855752e-04 -2.5366597918886484e-04 +2.1965177725582336e-05
 58.50000000 +5.0000000000000000e+00 +1.9999944414359279e+00 +1.9040205514125710e-03 +9.9983330244788182e-01 +1.0000262731394909e+00 +9.9998142087434050e-01 +9.9999496942857158e-01 +1.0000078735136215e+00 +6.9720444808694804e-05 +1.8731774562986167e-04 +1.2062104268972586e-04 -2.2731955162345194e-04 +5.8209160330240376e-06
 59.00000000 +5.0000000000000000e+00 +1.9999992700667344e+00 +1.8922181810480674e-03 +9.9986369883011561e-01 +1.0000227851846215e+00 +9.9998861983881382e-01 +9.9999397508696986e-01 +1.0000045753499827e+00 +6.5914540929919719e-05 +1.8322968471919042e-04 +8.8500253242653582e-05 -2.0097906177505285e-04 -1.0319707213407564e-05
 59.50000000 +5.0000000000000000e+00 +2.0000040976094309e+00 +1.8804184702942120e-03 +9.9989408836266269e-01 +1.0000192980157474e+00 +9.9999581718103292e-01 +9.9999298096943856e-01 +1.0000012779295699e+00 +6.2109494694327438e-05 +1.7914254503450974e-04 +5.6386702069844933e-05 -1.7464450763661122e-04 -2.6456693243573470e-05
 60.00000000 +5.0000000000000000e+00 +2.0000089240643844e+00 +1.8686214182521094e-03 +9.9992447104783744e-01 +1.0000158116326019e+00 +1.0000030129015460e+00 +9.9999198707590164e-01 +9.9999798125213180e-01 +5.8305305812051604e-05 +1.7505632626446362e-04 +2.4280386724907128e-05 -1.4831588720197499e-04 -4.2590043286780455e-05
 60.50000000 +5.0000000000000000e+00 +2.0000137494319645e+00 +1.8568270240232707e-03 +9.9995484688795477e-01 +1.0000123260349207e+00 +1.0000102070009023e+00 +9.9999099340628417e-01 +9.9999468531741842e-01 +5.4501973993356527e-05 +1.7097102809783633e-04 -7.8186952374502893e-06 -1.2199319846589633e-04 -5.8719758571781424e-05
 61.00000000 +5.0000000000000000e+00 +2.0000185737125364e+00 +1.8450352867096082e-03 +9.9998521588532707e-01 +1.0000088412224371e+00 +1.0000173994796480e+00 +9.9998999996050952e-01 +9.9999139012517746e-01 +5.0699498948636968e-05 +1.6688665022355221e-04 -3.9910546261416068e-05 -9.5676439424030552e-05 -7.4845840326775591e-05
 61.50000000 +5.0000000000000000e+00 +2.0000233969064687e+00 +1.8332462054134419e-03 +1.0000155780422664e+00 +1.0000053571948868e+00 +1.0000245903383318e+00 +9.9998900673850266e-01 +9.9998809567515878e-01 +4.6897880388418216e-05 +1.6280319233067593e-04 -7.1995168790077975e-05 -6.9365608072936063e-05 -9.0968289779408992e-05
 62.00000000 +5.0000000000000000e+00 +2.0000204275064593e+00 +1.8434199735317231e-03 +9.9998867150922299e-01 +1.0000062602246231e+00 +1.0000216770815482e+00 +9.9999140990844926e-01 +9.9998718022208100e-01 +6.6143871428204980e-05 +1.1580788952068951e-04 -4.4580084643317044e-05 -7.3236269795944552e-05 -5.9334356090864706e-05
 62.50000000 +5.0000000000000000e+00 +2.0000174581897765e+00 +1.8535934561577645e-03 +9.9996176573122020e-01 +1.0000071632290191e+00 +1.0000187639065159e+00 +9.9999381301095935e-01 +9.9998626479469266e-01 +8.5389322394634703e-05 +6.8813905474226502e-05 -1.7165769807759603e-05 -7.7106822901981030e-05 -2.7701310101204268e-05
 63.00000000 +5.0000000000000000e+00 +2.0000144889564155e+00 +1.8637666533035814e-03 +9.9993486070822590e-01 +1.0000080662080750e+00 +1.0000158508132304e+00 +9.9999621604603506e-01 +9.9998534939299166e-01 +1.0463423331043999e-04 +2.1821240135777694e-05 +1.0247775748976056e-05 -8.0977267395617307e-05 +3.9308482269372080e-06
 63.50000000 +5.0000000000000000e+00 +2.0000115198063750e+00 +1.8739395649811916e-03 +9.9990795644020880e-01 +1.0000089691617935e+00 +1.0000129378016889e+00 +9.9999861901368003e-01 +9.9998443401697834e-01 +1.2387860419835236e-04 -2.5170106550162879e-05 +3.7660552059269801e-05 -8.4847603281425083e-05 +3.5562118930922473e-05
 64.00000000 +5.0000000000000000e+00 +2.0000085507396488e+00 +1.8841121912026098e-03 +9.9988105292713658e-01 +1.0000098720901740e+00 +1.0000100248718873e+00 +1.0000010219138964e+00 +9.9998351866665036e-01 +1.4312243508110176e-04 -7.2160134639098183e-05 +6.5072559155499724e-05 -8.8717830563975680e-05 +6.7192502048112193e-05
 64.50000000 +5.0000000000000000e+00 +2.0000055817562354e+00 +1.8942845319798508e-03 +9.9985415016897772e-01 +1.0000107749932186e+00 +1.0000071120238232e+00 +1.0000034247466876e+00 +9.9998260334200728e-01 +1.6236572598141716e-04 -1.1914884418652799e-04 +9.2483797070042038e-05 -9.2587949247840244e-05 +9.8821997615864898e-05
 65.00000000 +5.0000000000000000e+00 +2.0000026128561301e+00 +1.9044565873249290e-03 +9.9982724816570012e-01 +1.0000116778709280e+00 +1.0000041992574920e+00 +1.0000058275120556e+00 +9.9998168804304777e-01 +1.8160847692202603e-04 -1.6613623524794899e-04 +1.1989426583527122e-04 -9.6457959337589580e-05 +1.3045060567153709e-04
 65.50000000 +5.0000000000000000e+00 +1.9999955700398535e+00 +1.9122281882051157e-03 +9.9980515116933300e-01 +1.0000075475194525e+00 +1.0000014992363371e+00 +1.0000039765853315e+00 +9.9998009276351285e-01 +1.6508960808557123e-04 -1.1876387292134140e-04 +1.0655721821634926e-04 -8.1283091670390152e-05 +1.3013286719145567e-04
 66.00000000 +5.0000000000000000e+00 +1.9999885280408531e+00 +1.9199988872382722e-03 +9.9978305673718826e-01 +1.0000034176472794e+00 +9.9999879952850335e-01 +1.0000021258733962e+00 +9.9997849766910096e-01 +1.4857265616340950e-04 -7.1397007869355959e-05 +9.3221718280713710e-05 -6.6109984954319711e-05 +1.2981516558299301e-04
 66.50000000 +5.0000000000000000e+00 +1.9999814868589858e+00 +1.9277686845813697e-03 +9.9976096486881882e-01 +9.9999928825432483e-01 +9.9999610013393603e-01 +1.0000002753762118e+00 +9.9997690275977880e-01 +1.3205762082189082e-04 -2.4035639135160238e-05 +7.9887765758981306e-05 -5.0938638882874494e-05 +1.2949750083973135e-04
 67.00000000 +5.0000000000000000e+00 +1.9999744464941105e+00 +1.9355375803913433e-03 +9.9973887556377916e-01 +9.9999515934050542e-01 +9.9999340105258050e-01 +9.9999842509374148e-01 +9.9997530803551449e-01 +1.1554450172744264e-04 +2.3320234237856119e-05 +6.6555360381831381e-05 -3.5769053149621954e-05 +1.2917987295525449e-04
 67.50000000 +5.0000000000000000e+00 +1.9999674069460844e+00 +1.9433055748250929e-03 +9.9971678882162307e-01 +9.9999103090573838e-01 +9.9999070228438280e-01 +9.9999657502594841e-01 +9.9997371349627651e-01 +9.9033298546569802e-05 +7.0670613206081533e-05 +5.3224501880005712e-05 -2.0601227448200585e-05 +1.2886228192314774e-04
 68.00000000 +5.0000000000000000e+00 +1.9999603682147653e+00 +1.9510726680394793e-03 +9.9969470464190380e-01 +9.9998690294993964e-01 +9.9998800382928765e-01 +9.9999472517279386e-01 +9.9997211914203199e-01 +8.2524010945854450e-05 +1.1801549872568243e-04 +3.9895189984308555e-05 -5.4351614723199947e-06 +1.2854472773699775e-04
 68.50000000 +5.0000000000000000e+00 +1.9999533303000114e+00 +1.9588388601913301e-03 +9.9967262302417648e-01 +9.9998277547302616e-01 +9.9998530568724120e-01 +9.9999287553424177e-01 +9.9997052497274885e-01 +6.6016638591956183e-05 +1.6535489175260358e-04 +2.6567424425606627e-05 +9.7291450842391693e-06 +1.2822721039039281e-04
 69.00000000 +5.0000000000000000e+00 +1.9999489581316139e+00 +1.9489524399283718e-03 +9.9968979161722238e-01 +9.9998527929132086e-01 +9.9997390975169997e-01 +9.9998667457009871e-01 +9.9997944961362584e-01 +7.5744794454308205e-05 +1.4879084552647299e-04 +1.8224848697256706e-05 -6.5261319708570616e-06 +1.4866080038618989e-04
 69.50000000 +5.0000000000000000e+00 +1.9999445855730584e+00 +1.9390651374326755e-03 +9.9970696174233897e-01 +9.9998778333304861e-01 +9.9996251279922177e-01 +9.9998047305260140e-01 +9.9998837505090976e-01 +8.5473818426385853e-05 +1.3222532117747641e-04 +9.8815285039507580e-06 -2.2782859595239332e-05 +1.6909621381064658e-04
 70.00000000 +5.0000000000000000e+00 +1.9999402126242922e+00 +1.9291769525861448e-03 +9.9972413339973132e-01 +9.9999028759823894e-01 +9.9995111482967036e-01 +9.9997427098167579e-01 +9.9999730128470654e-01 +9.5203710624395296e-05 +1.1565831850775051e-04 +1.5374637460338088e-06 -3.9041037983082602e-05 +1.8953345090784917e-04
 70.50000000 +5.0000000000000000e+00 +1.9999358392852626e+00 +1.9192878852706615e-03 +9.9974130658960436e-01 +9.9999279208692193e-01 +9.9993971584290942e-01 +9.9996806835724728e-01 +1.0000062283151232e+00 +1.0493447116456351e-04 +9.9089837319396679e-05 -6.8073456761669080e-06 -5.5300667328596471e-05 +2.0997251192192759e-04
 71.00000000 +5.0000000000000000e+00 +1.9999314655559179e+00 +1.9093979353680861e-03 +9.9975848131216360e-01 +9.9999529679912724e-01 +9.9992831583880282e-01 +9.9996186517924246e-01 +1.0000151561422663e+00 +1.1466610016313818e-04 +8.2519877414480969e-05 -1.5152899862341951e-05 -7.1561747826025241e-05 +2.3041339709705538e-04
 71.50000000 +5.0000000000000000e+00 +1.9999270914362068e+00 +1.8995071027602605e-03 +9.9977565756761422e-01 +9.9999780173488517e-01 +9.9991691481721479e-01 +9.9995566144758707e-01 +1.0000240847662427e+00 +1.2439859773638780e-04 +6.5948438595034111e-05 -2.3499198912199669e-05 -8.7824279669647837e-05 +2.5085610667744963e-04
 72.00000000 +5.0000000000000000e+00 +1.9999227169260752e+00 +1.8896153873290014e-03 +9.9979283535616126e-01 +1.0000003068942254e+00 +9.9990551277800854e-01 +9.9994945716220651e-01 +1.0000330141871587e+00 +1.3413196400060152e-04 +4.9375520663051438e-05 -3.1846242925466221e-05 -1.0408826305377794e-04 +2.7130064090737105e-04
 72.50000000 +5.0000000000000000e+00 +1.9999352993016193e+00 +1.8636580048144254e-03 +9.9986882854096226e-01 +9.9999774695727039e-01 +9.9990959435687399e-01 +9.9996156878234188e-01 +1.0000153232221038e+00 +1.3970009993856270e-04 +2.5586674595049623e-05 -5.4187866770662922e-05 -1.0930249245719609e-04 +2.4514172266886116e-04
 73.00000000 +5.0000000000000000e+00 +1.9999478790910536e+00 +1.8377059574310828e-03 +9.9994480610656022e-01 +9.9999518754646999e-01 +9.9991367509683515e-01 +9.9997367791312430e-01 +9.9999763589314816e-01 +1.4526709143386125e-04 +1.8027179497625527e-06 -7.6524898646883877e-05 -1.1451565015786695e-04 +2.1898818098407981e-04
 73.50000000 +5.0000000000000000e+00 +1.9999604562951760e+00 +1.8117592435343156e-03 +1.0000207680577708e+00 +9.9999262866166239e-01 +9.9991775499815061e-01 +9.9998578455532150e-01 +9.9997995219917069e-01 +1.5083293883929422e-04 -2.1976350780070665e-05 -9.8857339969694004e-05 -1.1972773648616409e-04 +1.9284001419559867e-04
 74.00000000 +5.0000000000000000e+00 +1.9999730309147843e+00 +1.7858178614801401e-03 +1.0000967143994073e+00 +9.9999007030268505e-01 +9.9992183406107915e-01 +9.9999788870970063e-01 +9.9996227213905176e-01 +1.5639764250751362e-04 -4.5750533101091423e-05 -1.2118519215407644e-04 -1.2493875177232519e-04 +1.6669722064667023e-04
 74.50000000 +5.0000000000000000e+00 +1.9999856029506731e+00 +1.7598818096252480e-03 +1.0001726451362796e+00 +9.9998751246937612e-01 +9.9992591228587901e-01 +1.0000099903770281e+00 +9.9994459571167038e-01 +1.6196120279102658e-04 -6.9519830519322026e-05 -1.4350845661443277e-04 -1.3014869634645222e-04 +1.4055979868122780e-04
 75.00000000 +5.0000000000000000e+00 +1.9999981724036402e+00 +1.7339510863270070e-03 +1.0002485602731974e+00 +9.9998495516157360e-01 +9.9992998967280811e-01 +1.0000220895580703e+00 +9.9992692291590757e-01 +1.6752362004219520e-04 -9.3284244540165864e-05 -1.6582713476458354e-04 -1.3535757053851155e-04 +1.1442774664388532e-04
