#PATCH_CHECK: SepMBpoisson v0.61 exact-bernoulli stratified-backward active
#discretizing the bath:
#     0 0.0000000000000000e+00 -6.3189999999999946e-01
#     1 5.3748384988656995e-03 -2.3887059414175743e-01
#     2 5.3748384988656995e-03 -2.2257645869094916e-01
#     3 5.3748384988656995e-03 -2.0564704689784702e-01
#     4 5.3748384988656995e-03 -1.8810536043638598e-01
#     5 5.3748384988656995e-03 -1.6997206898338796e-01
#     6 5.3748384988656995e-03 -1.5126587962474453e-01
#     7 5.3748384988656995e-03 -1.3200382916273876e-01
#     8 5.3748384988656995e-03 -1.1220151886193480e-01
#     9 5.3748384988656995e-03 -9.1873305439137520e-02
#sampling: jump_strength=1.3437096247164252e-02 jump_probability=1.3258934665923377e-02 log_scale=1.3347619120076136e-02 back_replicas=4 stratify_forward=0
#adaptive measurement: gap=1.8133291452998024e-02 period_steps=693 nmeas=100 nwf=150 tmax=7.5000000000000000e+01 forced_stride=0
  0.00000000 +5.0000000000000000e+00 +1.9999999999999998e+00 +1.8374661879283106e-03 +1.0000000000000000e+00 +1.0000000000000000e+00 +1.0000000000000000e+00 +1.0000000000000000e+00 +1.0000000000000000e+00 +0.0000000000000000e+00 +0.0000000000000000e+00 +0.0000000000000000e+00 +0.0000000000000000e+00 +0.0000000000000000e+00
  0.50000000 +5.0000000000000000e+00 +1.9999999998795315e+00 +1.8517858937810751e-03 +9.9996364573818353e-01 +1.0000000000011806e+00 +1.0000000000011806e+00 +1.0000000000011806e+00 +1.0000000000011806e+00 +7.2340829599019457e-06 +7.1550963613186819e-06 +7.2776617729134078e-06 +7.3185169101116441e-06 +7.3689049126561438e-06
  1.00000000 +5.0000000000000000e+00 +1.9999999972122415e+00 +1.8917188080543989e-03 +9.9986220810150550e-01 +9.9999999976858767e-01 +9.9999999974633480e-01 +9.9999999972408160e-01 +9.9999999979454957e-01 +2.7753060663973363e-05 +2.7236027752258599e-05 +2.7574061194334780e-05 +2.7395119148067783e-05 +2.7834700152878276e-05
  1.50000000 +5.0000000000000000e+00 +2.0000000010856138e+00 +1.9493341128457430e-03 +9.9971567122040894e-01 +9.9999999780524640e-01 +9.9999999772305281e-01 +9.9999999770306913e-01 +9.9999999771301928e-01 +5.7464061207029209e-05 +5.6323938717068368e-05 +5.6871669487293516e-05 +5.6599923394836531e-05 +5.7078216611659963e-05
  2.00000000 +5.0000000000000000e+00 +2.0000000186189109e+00 +2.0137057882612525e-03 +9.9955159180849296e-01 +9.9999999212105795e-01 +9.9999999165201758e-01 +9.9999999160379460e-01 +9.9999999161915709e-01 +9.1665424720248104e-05 +8.9851112258605126e-05 +8.9716726327385097e-05 +8.8640353859711788e-05 +8.8567551377349954e-05
  2.50000000 +5.0000000000000000e+00 +2.0000000319963749e+00 +2.0704496499405036e-03 +9.9940636792728621e-01 +9.9999997859687106e-01 +9.9999997870497470e-01 +9.9999997859243994e-01 +9.9999997794597639e-01 +1.2326227532319698e-04 +1.2066321376529360e-04 +1.1914686995472654e-04 +1.1558804290770028e-04 +1.1505783957193423e-04
  3.00000000 +5.0000000000000000e+00 +1.9999999361631371e+00 +2.1103150919111126e-03 +9.9930346990054975e-01 +9.9999995658068963e-01 +9.9999995792277185e-01 +9.9999995577764533e-01 +9.9999995591466828e-01 +1.4737175684808514e-04 +1.4251495195023215e-04 +1.3976631977315627e-04 +1.3492037277253836e-04 +1.3213040414178199e-04
  3.50000000 +5.0000000000000000e+00 +1.9999999723906601e+00 +2.1250375473443896e-03 +9.9926407937501205e-01 +9.9999992279000760e-01 +9.9999992578320029e-01 +9.9999992268392612e-01 +9.9999992526324988e-01 +1.5969673618146331e-04 +1.5373920957563464e-04 +1.4764816508150996e-04 +1.3970167801742256e-04 +1.3543827183729450e-04
  4.00000000 +5.0000000000000000e+00 +2.0000000072232154e+00 +2.1121980147724320e-03 +9.9929464773551557e-01 +9.9999988134578466e-01 +9.9999988810461893e-01 +9.9999988465687539e-01 +9.9999988808147611e-01 +1.5854776733363957e-04 +1.4905817566412955e-04 +1.4239735034615988e-04 +1.3039994930219654e-04 +1.2540688314215982e-04
  4.50000000 +5.0000000000000000e+00 +1.9999999301633993e+00 +2.0727496209257132e-03 +9.9939319586318176e-01 +9.9999983830395345e-01 +9.9999984378411588e-01 +9.9999984160624633e-01 +9.9999984372237394e-01 +1.4168256381863172e-04 +1.3247806736163927e-04 +1.2125816231738419e-04 +1.1071012230663870e-04 +1.0130780219744982e-04
  5.00000000 +5.0000000000000000e+00 +1.9999998305095132e+00 +2.0140004302602911e-03 +9.9954167116118020e-01 +9.9999979367435299e-01 +9.9999980212119344e-01 +9.9999979197572231e-01 +9.9999979879177880e-01 +1.1511488295471376e-04 +1.0248954616281685e-04 +9.2709690986013873e-05 +7.8156222743749662e-05 +7.0671961345933335e-05
  5.50000000 +5.0000000000000000e+00 +1.9999999757486442e+00 +1.9527519076396758e-03 +9.9969775218878154e-01 +9.9999975578705158e-01 +9.9999975387408313e-01 +9.9999974916368006e-01 +9.9999976288160697e-01 +8.2833202369945655e-05 +6.8558872852968482e-05 +6.0463239385778880e-05 +4.9757386747943171e-05 +4.1613496284542341e-05
  6.00000000 +5.0000000000000000e+00 +1.9999998725922685e+00 +1.8982833190663972e-03 +9.9983805378004698e-01 +9.9999972138111859e-01 +9.9999972359117051e-01 +9.9999971076548222e-01 +9.9999973074984350e-01 +5.0338705261672655e-05 +3.9993222775345237e-05 +3.0629516891804093e-05 +2.5250297166381299e-05 +1.6847903344343738e-05
  6.50000000 +5.0000000000000000e+00 +1.9999997961393601e+00 +1.8566076983032524e-03 +9.9994696801028271e-01 +9.9999969840782599e-01 +9.9999969901046293e-01 +9.9999969361608010e-01 +9.9999971010759803e-01 +2.3861727761999462e-05 +1.4561908178840450e-05 +8.2289266158736914e-06 +5.5224006657996330e-06 +2.0559503779446918e-06
  7.00000000 +5.0000000000000000e+00 +2.0000000094605133e+00 +1.8441053880323126e-03 +9.9998265399114883e-01 +9.9999968621635282e-01 +9.9999968850419385e-01 +9.9999967516585297e-01 +9.9999969810963218e-01 +9.0112083234740691e-06 +1.9812142742926025e-06 +1.8478248826818600e-06 +8.4003256000219017e-07 +4.9176855313658569e-06
  7.50000000 +5.0000000000000000e+00 +2.0000002952338924e+00 +1.8613753169502119e-03 +9.9994284576196557e-01 +9.9999968612151480e-01 +9.9999967969847958e-01 +9.9999967050239880e-01 +9.9999969897559382e-01 +6.4135914539941940e-06 +5.8598516820510086e-06 +1.0520551961444730e-05 +1.7554595218072609e-05 +1.8070410195939425e-05
  8.00000000 +5.0000000000000000e+00 +2.0000003106765885e+00 +1.8905752307272769e-03 +9.9987167739169747e-01 +9.9999969028631641e-01 +9.9999970287309159e-01 +9.9999969131870503e-01 +9.9999969922586429e-01 +1.6317205637158441e-05 +1.8626735420607855e-05 +2.7045053049243715e-05 +3.1563301293790314e-05 +3.5986567363520115e-05
  8.50000000 +5.0000000000000000e+00 +2.0000000067112680e+00 +1.9521054560626418e-03 +9.9971686353431422e-01 +9.9999969661752042e-01 +9.9999966776674198e-01 +9.9999967895574182e-01 +9.9999967754026930e-01 +3.8545712980826638e-05 +4.5108449755111709e-05 +5.7370307140017868e-05 +7.0297237630151553e-05 +7.3093799023769200e-05
  9.00000000 +5.0000000000000000e+00 +1.9999999206959795e+00 +2.0055446200208924e-03 +9.9958082733921838e-01 +9.9999971790057385e-01 +9.9999966661975026e-01 +9.9999963487164090e-01 +9.9999964997766011e-01 +6.6537743524266315e-05 +7.6353665485225377e-05 +8.3013043995926327e-05 +9.3551685509898479e-05 +1.0104707403224161e-04
  9.50000000 +5.0000000000000000e+00 +1.9999999305426708e+00 +2.0631914921509916e-03 +9.9943194789390433e-01 +9.9999962377572116e-01 +9.9999961609122245e-01 +9.9999965845148631e-01 +9.9999962681279686e-01 +1.0826927883493393e-04 +1.0710089695642842e-04 +1.1389273209726232e-04 +1.1595944947208656e-04 +1.2430466599860676e-04
 10.00000000 +5.0000000000000000e+00 +2.0000000004984866e+00 +2.0958167165470356e-03 +9.9934467783137126e-01 +9.9999955479505276e-01 +9.9999956247698363e-01 +9.9999952385270674e-01 +9.9999959845658781e-01 +1.3348211131309555e-04 +1.2767974932021713e-04 +1.3692144141244834e-04 +1.3003145386453050e-04 +1.2896789204040767e-04
 10.50000000 +5.0000000000000000e+00 +2.0000000840576813e+00 +2.1100536487100407e-03 +9.9930295617336651e-01 +9.9999950257383985e-01 +9.9999951483228622e-01 +9.9999947892173657e-01 +9.9999946441384768e-01 +1.4872682742143344e-04 +1.4483232145684298e-04 +1.4563580773512612e-04 +1.2947997513985404e-04 +1.3040807044603024e-04
 11.00000000 +5.0000000000000000e+00 +1.9999994515933679e+00 +2.0991876673597740e-03 +9.9932538789060410e-01 +9.9999938113128806e-01 +9.9999935293550379e-01 +9.9999939627952650e-01 +9.9999936517333377e-01 +1.5172258232370908e-04 +1.5012882361611866e-04 +1.3098949033233222e-04 +1.2735866213805312e-04 +1.1691699028592790e-04
 11.50000000 +5.0000000000000000e+00 +1.9999998220908533e+00 +2.0638379019940144e-03 +9.9941049011846961e-01 +9.9999929276702437e-01 +9.9999937716660825e-01 +9.9999928029489371e-01 +9.9999921926767943e-01 +1.4580200084734319e-04 +1.3719020190720860e-04 +1.2810225734531956e-04 +9.8639112962775773e-05 +8.2606712929812125e-05
 12.00000000 +5.0000000000000000e+00 +1.9999993796325035e+00 +2.0114637005809776e-03 +9.9954087677749026e-01 +9.9999927040261649e-01 +9.9999923515066436e-01 +9.9999911786020357e-01 +9.9999913430356069e-01 +1.2485413044878649e-04 +1.0236982518217580e-04 +9.8634669871302597e-05 +8.1591588074951215e-05 +5.4915353714904404e-05
 12.50000000 +5.0000000000000000e+00 +1.9999994183096474e+00 +1.9541612017278894e-03 +9.9968701987095165e-01 +9.9999899723515817e-01 +9.9999902533084728e-01 +9.9999908673570281e-01 +9.9999907860409643e-01 +1.0424719574610298e-04 +8.1395658994447393e-05 +6.1947047783298472e-05 +4.1954597830189912e-05 +2.7247793783217886e-05
 13.00000000 +5.0000000000000000e+00 +1.9999991512123574e+00 +1.9156748418523426e-03 +9.9978788719466083e-01 +9.9999893741848067e-01 +9.9999902573149402e-01 +9.9999901053125040e-01 +9.9999899938522918e-01 +7.6702831133329530e-05 +6.0209778514089511e-05 +4.4489758690842946e-05 +2.1227267085536374e-05 +1.3510078359522148e-05
 13.50000000 +5.0000000000000000e+00 +1.9999983422816854e+00 +1.8764266101074898e-03 +9.9989216022395688e-01 +9.9999882071636748e-01 +9.9999883772057729e-01 +9.9999888741921794e-01 +9.9999887554599753e-01 +4.7802970615967754e-05 +2.9719921008623362e-05 +2.4435134701440871e-05 +7.4123626812473929e-06 +3.0479868623814163e-06
 14.00000000 +5.0000000000000000e+00 +1.9999973672633620e+00 +1.8647952329812695e-03 +9.9992846625073095e-01 +9.9999889675363718e-01 +9.9999890683640336e-01 +9.9999895103364278e-01 +9.9999885516055309e-01 +2.0449535020213666e-05 +8.2896233868514825e-06 +1.0350276655367542e-05 +1.3877074632333597e-05 +2.2957477203346395e-05
 14.50000000 +5.0000000000000000e+00 +1.9999972068970466e+00 +1.8785140979294098e-03 +9.9990009477196529e-01 +9.9999890009447368e-01 +9.9999878310148871e-01 +9.9999892379854760e-01 +9.9999894722845861e-01 +2.1221775567805696e-05 +1.2734092849742161e-05 +6.2283938954256137e-06 +3.1786025606145863e-05 +3.2380702247832854e-05
 15.00000000 +5.0000000000000000e+00 +1.9999969873545680e+00 +1.8976741195898634e-03 +9.9985792863140499e-01 +9.9999901083323450e-01 +9.9999888070473419e-01 +9.9999906283360840e-01 +9.9999896468943372e-01 +1.2106526788060629e-05 +2.0567831659166828e-05 +2.4116969836860161e-05 +4.0936232152472507e-05 +4.8424762497026858e-05
 15.50000000 +5.0000000000000000e+00 +1.9999974421652063e+00 +1.9571634634263607e-03 +9.9970928155311534e-01 +9.9999886190577270e-01 +9.9999897706985874e-01 +9.9999883170045822e-01 +9.9999895610159717e-01 +3.1459142468750100e-05 +4.6426968658049224e-05 +6.6049255596689258e-05 +5.7554284775157060e-05 +9.3602106591673926e-05
 16.00000000 +5.0000000000000000e+00 +1.9999968010420592e+00 +2.0068958699799087e-03 +9.9958226185609866e-01 +9.9999887885373728e-01 +9.9999888072078114e-01 +9.9999913132156204e-01 +9.9999889518701890e-01 +5.3476978674295617e-05 +7.0339064614704272e-05 +1.0175516241006446e-04 +9.2902007621091379e-05 +1.0347885543736203e-04
 16.50000000 +5.0000000000000000e+00 +1.9999974932290583e+00 +2.0589163578184229e-03 +9.9944768456290489e-01 +9.9999903542700008e-01 +9.9999897320017261e-01 +9.9999900590273194e-01 +9.9999862989276778e-01 +8.2562105669317548e-05 +1.1320970596600903e-04 +1.1955737513616868e-04 +1.0934610251883464e-04 +1.3199572519375177e-04
 17.00000000 +5.0000000000000000e+00 +1.9999972736277281e+00 +2.0766524539504727e-03 +9.9939677764563017e-01 +9.9999916600331074e-01 +9.9999889673165743e-01 +9.9999862990172028e-01 +9.9999877794793224e-01 +1.0535229943525174e-04 +1.2312312617653205e-04 +1.2716807931030842e-04 +1.2904284388056222e-04 +1.2306542275402620e-04
 17.50000000 +5.0000000000000000e+00 +1.9999941835750374e+00 +2.0868857206144719e-03 +9.9936361890016001e-01 +9.9999874109446951e-01 +9.9999887994092829e-01 +9.9999846806867987e-01 +9.9999868702024008e-01 +1.1808099376587557e-04 +1.4000711263210648e-04 +1.4713059322434046e-04 +1.1608734435808476e-04 +1.2029890092526455e-04
 18.00000000 +5.0000000000000000e+00 +1.9999952206424587e+00 +2.0803054273520580e-03 +9.9937345734342731e-01 +9.9999873690152152e-01 +9.9999855555093009e-01 +9.9999843305911718e-01 +9.9999827232343608e-01 +1.4841001390239746e-04 +1.4051373750506794e-04 +1.3794146768423009e-04 +1.0532811647353114e-04 +1.0035148744274216e-04
 18.50000000 +5.0000000000000000e+00 +1.9999941800194014e+00 +2.0398087205048903e-03 +9.9946906459555263e-01 +9.9999855100465718e-01 +9.9999881393581336e-01 +9.9999815271328774e-01 +9.9999802604798915e-01 +1.3938562304048653e-04 +1.3305748762767452e-04 +1.1476422742232864e-04 +8.4637091501618331e-05 +6.5547344347130414e-05
 19.00000000 +5.0000000000000000e+00 +1.9999954736176691e+00 +2.0233470434403121e-03 +9.9950794996728987e-01 +9.9999861736802220e-01 +9.9999818789664674e-01 +9.9999863518855403e-01 +9.9999834592053527e-01 +1.4734026943517513e-04 +1.2287482057947221e-04 +9.3955011754477753e-05 +7.4087213103504919e-05 +6.0006349919406426e-05
 19.50000000 +5.0000000000000000e+00 +1.9999939820838106e+00 +1.9677734982238072e-03 +9.9964881516831905e-01 +9.9999834731271264e-01 +9.9999835025837458e-01 +9.9999754131297913e-01 +9.9999820006493523e-01 +1.2347944481824020e-04 +9.3290600612605775e-05 +9.0735322382587481e-05 +3.4574405228334156e-05 +1.6666151201983906e-05
 20.00000000 +5.0000000000000000e+00 +1.9999964734764319e+00 +1.9387892846073219e-03 +9.9972583043580399e-01 +9.9999837433526029e-01 +9.9999846794536829e-01 +9.9999841230354469e-01 +9.9999762461778985e-01 +9.6802608896930055e-05 +8.2451464008427967e-05 +5.8125175331394318e-05 +2.6036910106225286e-05 +1.7874127867435534e-05
 20.50000000 +5.0000000000000000e+00 +1.9999966790246935e+00 +1.9068522303977672e-03 +9.9981344521682813e-01 +9.9999867264677644e-01 +9.9999833517781500e-01 +9.9999849049315981e-01 +9.9999743085389026e-01 +7.1246508299441981e-05 +5.6226043219476737e-05 +4.7144734661537810e-05 +1.1027577376508767e-05 +7.9807354657902740e-06
 21.00000000 +5.0000000000000000e+00 +1.9999975771551521e+00 +1.9004399867790605e-03 +9.9983720351570649e-01 +9.9999855724359221e-01 +9.9999820398779238e-01 +9.9999806638920108e-01 +9.9999756184586130e-01 +5.0209978094682924e-05 +1.1498679172221129e-05 +3.0596675268992954e-05 +2.5966187772881125e-05 +5.2135537063274598e-05
 21.50000000 +5.0000000000000000e+00 +1.9999979525582909e+00 +1.8865889275745370e-03 +9.9988028827129793e-01 +9.9999895705369024e-01 +9.9999756821626029e-01 +9.9999812981385250e-01 +9.9999762044012008e-01 +3.8786398205857087e-05 +1.0482990189198443e-05 +2.0835834044887147e-05 +3.1599930745626330e-05 +2.5731010589864880e-05
 22.00000000 +5.0000000000000000e+00 +1.9999978726658474e+00 +1.9330886662540241e-03 +9.9976912322549727e-01 +9.9999766662045042e-01 +9.9999806683259507e-01 +9.9999813142355387e-01 +9.9999771301301665e-01 +2.7868077353241005e-05 +1.4583510366862755e-05 +4.6723832354590762e-05 +5.2362376055119307e-05 +9.7761037835880873e-05
 22.50000000 +5.0000000000000000e+00 +1.9999969020208244e+00 +1.9399031569629064e-03 +9.9975375596388294e-01 +9.9999752258496211e-01 +9.9999801025681279e-01 +9.9999764342986630e-01 +9.9999824123988057e-01 +6.1062467512795344e-06 +4.7466338804128500e-05 +7.2176654854399014e-05 +4.8298761451908543e-05 +8.0778559293585029e-05
 23.00000000 +5.0000000000000000e+00 +1.9999942892717819e+00 +1.9907671582552024e-03 +9.9962459808044446e-01 +9.9999781241739494e-01 +9.9999860630365756e-01 +9.9999803599670534e-01 +9.9999847912761342e-01 +4.2318939654037716e-05 +3.4023089001313321e-05 +7.7173199378272858e-05 +1.0197184407435784e-04 +1.2698104067530944e-04
 23.50000000 +5.0000000000000000e+00 +1.9999928468644355e+00 +2.0313791258731793e-03 +9.9951768261824092e-01 +9.9999872012736113e-01 +9.9999744185809047e-01 +9.9999780988222642e-01 +9.9999801462846782e-01 +6.9131749892331092e-05 +6.6482783979990686e-05 +1.1822115265702658e-04 +1.0835302353274719e-04 +1.2814210186954081e-04
 24.00000000 +5.0000000000000000e+00 +1.9999994486329664e+00 +2.0406928407061967e-03 +9.9949235509866452e-01 +9.9999848421447535e-01 +9.9999907999927407e-01 +9.9999831233349301e-01 +9.9999726649418508e-01 +8.4006028928903660e-05 +1.0250826610140004e-04 +9.5277324053279181e-05 +1.3800247565889354e-04 +9.4707765297719862e-05
 24.50000000 +5.0000000000000000e+00 +2.0000006226355653e+00 +2.0869310282470503e-03 +9.9936699964887865e-01 +9.9999869979527500e-01 +9.9999808853042205e-01 +9.9999836075231974e-01 +9.9999766725080108e-01 +1.1982475700791754e-04 +1.2685077597619004e-04 +1.5110428782290326e-04 +1.2127183114145283e-04 +1.2113233510117312e-04
 25.00000000 +5.0000000000000000e+00 +1.9999996092598311e+00 +2.0724060398859649e-03 +9.9939583324258374e-01 +9.9999812016908329e-01 +9.9999791242226321e-01 +9.9999774190722712e-01 +9.9999610308134890e-01 +1.3628390496724026e-04 +1.1415529355287596e-04 +1.5356165817626715e-04 +1.1812513303585120e-04 +9.2163213520611638e-05
 25.50000000 +5.0000000000000000e+00 +1.9999978014188813e+00 +2.0581717329754903e-03 +9.9942343101727960e-01 +9.9999808798312129e-01 +9.9999790838193436e-01 +9.9999698536082260e-01 +9.9999679772032046e-01 +1.5058625404740727e-04 +1.6768590553494647e-04 +1.2185092124387769e-04 +9.8783268039182205e-05 +4.7883118344482748e-05
 26.00000000 +5.0000000000000000e+00 +1.9999976764625362e+00 +2.0217153978475733e-03 +9.9951398186198015e-01 +9.9999868506779588e-01 +9.9999752760882865e-01 +9.9999880082305481e-01 +9.9999551904051842e-01 +1.4202276937862795e-04 +1.2005883251241558e-04 +1.0455550824755941e-04 +8.6831573582572182e-05 +4.2016926299310380e-05
 26.50000000 +5.0000000000000000e+00 +2.0000007332166145e+00 +1.9814114060880540e-03 +9.9961564500244116e-01 +9.9999890295854044e-01 +9.9999884111489834e-01 +9.9999781500845641e-01 +9.9999744995485373e-01 +1.3212253366068043e-04 +9.9277241678203971e-05 +8.7902279528319721e-05 +3.0884751846790058e-05 +4.1159120524512168e-05
 27.00000000 +5.0000000000000000e+00 +2.0000003412581417e+00 +1.9436250846149152e-03 +9.9971275310127672e-01 +9.9999882746870528e-01 +9.9999690881682035e-01 +9.9999610674673045e-01 +9.9999598762756547e-01 +1.3523920805028224e-04 +5.5012219481177429e-05 +4.3671945002939734e-05 +4.8624435478392510e-05 +1.6868450531156966e-05
 27.50000000 +5.0000000000000000e+00 +2.0000045529347532e+00 +1.9313991929305030e-03 +9.9975127807908970e-01 +9.9999936797731426e-01 +9.9999811207220446e-01 +9.9999616698321936e-01 +9.9999528960478257e-01 +7.8220514787749151e-05 +6.5423046233675986e-05 +4.5285517344167327e-05 +2.9842837469004971e-05 +4.1013376167063883e-05
 28.00000000 +5.0000000000000000e+00 +2.0000008147331836e+00 +1.9196522837069479e-03 +9.9978711130082576e-01 +9.9999873353253299e-01 +9.9999576780193733e-01 +9.9999887893150141e-01 +9.9999631506604636e-01 +5.4586585119545198e-05 +2.9605369298564092e-05 +5.3560595858798767e-05 +5.1997164121466109e-05 +3.3443642007120797e-05
 28.50000000 +5.0000000000000000e+00 +2.0000066706216311e+00 +1.9309635337383634e-03 +9.9976598803509942e-01 +9.9999820601665645e-01 +9.9999825768219064e-01 +9.9999692735906764e-01 +9.9999740247299274e-01 +5.5262135412177504e-05 +5.1413002449833404e-05 +3.9896762016817510e-05 +3.8085035283989440e-05 +5.8561475419373679e-05
 29.00000000 +5.0000000000000000e+00 +2.0000007967650428e+00 +1.9323577882886485e-03 +9.9976711407319507e-01 +9.9999842658807492e-01 +9.9999709202218234e-01 +9.9999640896483089e-01 +9.9999657734576541e-01 +2.9946838321411233e-05 +4.2765904395786296e-05 +3.3132527260560740e-05 +5.8764173052124858e-05 +7.9771572430591689e-05
 29.50000000 +5.0000000000000000e+00 +2.0000016207099418e+00 +1.9343788648634097e-03 +9.9976740822630628e-01 +9.9999753074052844e-01 +9.9999657335832126e-01 +9.9999997884374259e-01 +9.9999774376664319e-01 +3.7797693557075206e-05 +4.7193738669604453e-05 +4.6944382772934039e-05 +2.2115064353830608e-05 +8.6714173244119798e-05
 30.00000000 +5.0000000000000000e+00 +1.9999972859173727e+00 +1.9730131991860717e-03 +9.9966640554142572e-01 +9.9999810380305709e-01 +9.9999903723075367e-01 +9.9999609633898945e-01 +9.9999689000304626e-01 +6.8774161159610480e-05 +4.0351224787497258e-05 +5.8022364283166025e-05 +8.0398414746431736e-05 +9.5920906261032720e-05
 30.50000000 +5.0000000000000000e+00 +1.9999987863204127e+00 +1.9995599061809143e-03 +9.9959642243598712e-01 +9.9999759582947612e-01 +9.9999881638180232e-01 +9.9999752700982270e-01 +9.9999744187153694e-01 +6.8426765597234330e-05 +5.0781420145486138e-05 +5.8281845430218677e-05 +1.3517912560805252e-04 +9.9527316153229014e-05
 31.00000000 +5.0000000000000000e+00 +1.9999943576666761e+00 +2.0220562299139624e-03 +9.9953570382956625e-01 +9.9999770224459827e-01 +9.9999854548585165e-01 +9.9999698553391203e-01 +9.9999497662760339e-01 +8.2282269570873689e-05 +1.3926897503268389e-04 +8.7514760948215385e-05 +6.6607149329978580e-05 +1.0041310687158488e-04
 31.50000000 +5.0000000000000000e+00 +1.9999930152943919e+00 +2.0498981598267903e-03 +9.9945844876744938e-01 +9.9999972449408669e-01 +9.9999826952537096e-01 +9.9999535312774324e-01 +9.9999796085868076e-01 +1.2618246667966718e-04 +1.3903382116796709e-04 +9.0406025961300805e-05 +1.1479020238285573e-04 +7.9830740679077465e-05
 32.00000000 +5.0000000000000000e+00 +1.9999994340978362e+00 +2.0404477049714696e-03 +9.9947993251799538e-01 +9.9999908921906322e-01 +9.9999645674761528e-01 +9.9999875148443662e-01 +9.9999874048309467e-01 +1.1004747802781060e-04 +1.0962719852666287e-04 +1.2175950864740064e-04 +1.0238169256857941e-04 +8.3213668508794645e-05
 32.50000000 +5.0000000000000000e+00 +2.0000014434000644e+00 +2.0289232001087136e-03 +9.9950571856981585e-01 +9.9999414275149134e-01 +9.9999907787123121e-01 +9.9999517118185854e-01 +9.9999601248502257e-01 +1.0792860404845533e-04 +1.3520060657243752e-04 +1.5486412654753279e-04 +5.2243120198481771e-05 +5.9640722181234056e-05
 33.00000000 +5.0000000000000000e+00 +2.0000014712725349e+00 +2.0370166985424162e-03 +9.9948119347822195e-01 +9.9999806073748265e-01 +9.9999654018586193e-01 +9.9999704210261509e-01 +9.9999554181606354e-01 +1.3878129523089473e-04 +1.1382607224538531e-04 +9.5056717297674307e-05 +8.8610772237027478e-05 +9.5346812602903035e-05
 33.50000000 +5.0000000000000000e+00 +1.9999956609226950e+00 +2.0001101568212689e-03 +9.9956837562987477e-01 +9.9999784730987595e-01 +9.9999937225087532e-01 +9.9999749460576282e-01 +9.9999630735047473e-01 +1.1801785296320566e-04 +1.0321153843316008e-04 +4.7736514526362161e-05 +6.7895934453695154e-05 +1.0374099997984164e-04
 34.00000000 +5.0000000000000000e+00 +1.9999970889329741e+00 +1.9831069649816780e-03 +9.9961676423457213e-01 +9.9999831978017817e-01 +9.9999330011467524e-01 +9.9999581016275441e-01 +9.9999521613632225e-01 +1.1641280988230755e-04 +1.1698369583307059e-04 +7.4297579982964389e-05 -1.4379967892589592e-05 +1.0727545899306031e-04
 34.50000000 +5.0000000000000000e+00 +1.9999924392780226e+00 +1.9765768891355224e-03 +9.9963327718716966e-01 +9.9999816121690610e-01 +9.9999644990340930e-01 +9.9999204539678666e-01 +9.9999698299945472e-01 +1.0434234749463903e-04 +9.2506948532059807e-05 +9.5537873623501466e-05 +4.0401926596474904e-05 +5.0294199742283155e-05
 35.00000000 +5.0000000000000000e+00 +1.9999979781170096e+00 +1.9452621793461257e-03 +9.9971660314158406e-01 +9.9999518521535768e-01 +9.9999732987101730e-01 +9.9999826443652828e-01 +9.9999195819014297e-01 +8.0044324382517342e-05 +3.1677082649062583e-05 +3.0862405472831353e-05 +7.9429179405450783e-05 +7.8646174052987564e-05
 35.50000000 +5.0000000000000000e+00 +1.9999933289130007e+00 +1.9692407246611919e-03 +9.9966108133402842e-01 +9.9999890139200265e-01 +9.9999448720263706e-01 +9.9999405499067784e-01 +9.9999561291617534e-01 +6.2801818311770786e-05 +6.8787767984557530e-05 +1.0465977285116738e-04 +4.7327848330132313e-05 +7.2284941315500578e-05
 36.00000000 +5.0000000000000000e+00 +1.9999998595636748e+00 +1.9732831455233583e-03 +9.9966259009396841e-01 +9.9999855346242039e-01 +9.9999674865975507e-01 +1.0000020903634825e+00 +9.9999651151598623e-01 +6.1349886998718966e-05 +2.4975098320250559e-05 +4.5972170792743215e-05 +8.1332174152602536e-05 +1.2987655197381698e-04
 36.50000000 +5.0000000000000000e+00 +1.9999977252456989e+00 +1.9185887501880078e-03 +9.9979834526895683e-01 +1.0000005290359788e+00 +9.9999768395924282e-01 +9.9999565105906629e-01 +9.9999412823301059e-01 +1.4235658905284530e-05 +5.7271977684279998e-05 +8.0745384877736073e-05 +1.9131000946543567e-05 +4.2278436549532510e-05
 37.00000000 +5.0000000000000000e+00 +1.9999972964451780e+00 +1.9390724410425554e-03 +9.9974916753984766e-01 +9.9999677213513660e-01 +9.9999416393090490e-01 +9.9999419963559144e-01 +9.9999259819916020e-01 +6.0201690960788384e-05 -1.3229420447744398e-05 +8.0820645698934725e-05 +7.3330784973734699e-05 +7.1974847649179891e-05
 37.50000000 +5.0000000000000000e+00 +1.9999948810769308e+00 +2.0069656125497768e-03 +9.9958279947627104e-01 +9.9999677823755451e-01 +9.9999878774598705e-01 +9.9999456486299398e-01 +9.9999543990007400e-01 -1.2250350490194084e-05 +1.0744279559487460e-04 +8.8435309438951814e-05 +1.0000966422436426e-04 +1.4799236571566918e-04
 38.00000000 +5.0000000000000000e+00 +1.9999884114817978e+00 +2.0138633242393665e-03 +9.9955243007092276e-01 +1.0000013701486445e+00 +1.0000006315286503e+00 +1.0000005760958104e+00 +9.9999201221776790e-01 +8.8873708219042237e-05 +8.8042303260548558e-05 +8.3115466737715893e-05 +9.5911642643773331e-05 +9.7036792517255066e-05
 38.50000000 +5.0000000000000000e+00 +1.9999933998495198e+00 +2.0025680237799061e-03 +9.9958182159023645e-01 +1.0000008346498859e+00 +9.9999688323608960e-01 +9.9999033140405302e-01 +9.9999452586526805e-01 +1.1919628345229377e-04 +4.2935670587904238e-05 +1.1427548782364181e-04 +7.0027103833555143e-05 +8.9168705773384530e-05
 39.00000000 +5.0000000000000000e+00 +1.9999932184803604e+00 +1.9746065476622409e-03 +9.9964834626990995e-01 +9.9999865163516544e-01 +9.9999653911522013e-01 +9.9999450832109837e-01 +9.9998761283748083e-01 +5.0473255001611558e-05 +1.9503090073558520e-06 +1.6380342032790645e-04 +9.4982541006968506e-05 +6.3132306134263126e-05
 39.50000000 +5.0000000000000000e+00 +1.9999836374121682e+00 +1.9748813247052457e-03 +9.9964113685803424e-01 +9.9999441084118024e-01 +9.9999679502846428e-01 +9.9999730752186200e-01 +9.9999583136117454e-01 +1.0804229079703902e-04 +7.0229163259441320e-05 +6.6038038312826551e-05 +8.1487304061669778e-05 +4.8721559006825594e-05
 40.00000000 +5.0000000000000000e+00 +1.9999884308695943e+00 +1.9559878823320982e-03 +9.9968522133379056e-01 +1.0000007798360029e+00 +1.0000003137150115e+00 +9.9999953205624192e-01 +9.9999474842193081e-01 +1.2465183293125875e-04 +1.1381122841775392e-04 +6.4991072288980291e-05 -1.7971083654627202e-05 +3.3921605737120371e-05
 40.50000000 +5.0000000000000000e+00 +1.9999895161930712e+00 +2.0685574982580108e-03 +9.9940167450967898e-01 +9.9999667345111909e-01 +9.9998826351216152e-01 +9.9999703076324475e-01 +9.9999425729012548e-01 +1.6298817148038296e-04 +1.2732925030483152e-04 +1.0088926156059653e-04 +9.6780457404370529e-05 +1.3411331748652692e-04
 41.00000000 +5.0000000000000000e+00 +1.9999703903024160e+00 +1.9830902482215122e-03 +9.9961560398781002e-01 +9.9999959709872033e-01 +9.9999291618768471e-01 +9.9999704448150428e-01 +9.9999560202378757e-01 +1.0634253886297816e-04 +9.0289861824204614e-05 +9.3579479310657008e-05 +5.8999622300700359e-05 +5.0024723869076348e-05
 41.50000000 +5.0000000000000000e+00 +1.9999701363314317e+00 +1.9777888955860145e-03 +9.9962511422887668e-01 +1.0000009119554116e+00 +9.9999391736392573e-01 +9.9999429271994644e-01 +9.9998936345120681e-01 +9.4940687421486361e-05 +8.5677639500837281e-05 +1.2805442447592991e-04 +6.5163656200798736e-05 +2.2563849108611728e-05
 42.00000000 +5.0000000000000000e+00 +1.9999955004698253e+00 +1.9569924320155382e-03 +9.9969162693808777e-01 +9.9999759956300127e-01 +9.9999798296884579e-01 +9.9999893946590501e-01 +9.9999993296119538e-01 +8.5731567752248599e-05 +7.5026421783632228e-05 +3.3582622132718102e-05 +7.1844334726697489e-05 +4.7733174025371071e-05
 42.50000000 +5.0000000000000000e+00 +1.9999766500534075e+00 +1.9685306294141831e-03 +9.9965809651474069e-01 +9.9999964456266177e-01 +9.9999529712684043e-01 +9.9999825078305371e-01 +1.0000015900057353e+00 +5.6039689205393346e-06 +8.9665579532971257e-05 +1.1886102953661530e-04 +7.3090136449268923e-05 +5.9900274118625259e-05
 43.00000000 +5.0000000000000000e+00 +1.9999991491366216e+00 +1.9712505239703384e-03 +9.9967008721544304e-01 +9.9999718822778494e-01 +1.0000061337070640e+00 +9.9999861343984042e-01 +9.9999937383186865e-01 +8.9973431674963218e-05 +9.3717826396411091e-06 +3.3140666586905754e-05 +8.6034602211758186e-05 +1.1008309179998532e-04
 43.50000000 +5.0000000000000000e+00 +1.9999944415386905e+00 +1.9961597462805768e-03 +9.9960201480190225e-01 +9.9999998640790499e-01 +1.0000020143944857e+00 +1.0000034754016514e+00 +9.9999729965892026e-01 +8.9937331283593687e-05 +9.7887889031719844e-05 +5.0101350106843195e-05 +2.5796146677082852e-05 +1.3148663537314998e-04
 44.00000000 +5.0000000000000000e+00 +1.9999947604547739e+00 +2.0033966911534320e-03 +9.9958255004295904e-01 +9.9999928854575704e-01 +1.0000005251576842e+00 +1.0000024626086306e+00 +9.9999603222179934e-01 +8.7234872687066341e-05 +9.9445440961632505e-05 +7.4735667209117310e-05 +3.4419531885807496e-05 +1.2330592887229301e-04
 44.50000000 +5.0000000000000000e+00 +1.9999950792851886e+00 +2.0106316919801751e-03 +9.9956309051279579e-01 +9.9999859087107479e-01 +9.9999903632093401e-01 +1.0000014500876748e+00 +9.9999476512514784e-01 +8.4533140046618967e-05 +1.0100257448946688e-04 +9.9363366843764476e-05 +4.3040600611707939e-05 +1.1512741993835908e-04
 45.00000000 +5.0000000000000000e+00 +1.9999953980299672e+00 +2.0178647495440369e-03 +9.9954363620930520e-01 +9.9999789338378187e-01 +9.9999754788407280e-01 +1.0000004378386735e+00 +9.9999349836882823e-01 +8.1832133069772580e-05 +1.0255928978379205e-04 +1.2398445167688228e-04 +5.1659353788067067e-05 +1.0695110768597502e-04
 45.50000000 +5.0000000000000000e+00 +1.9999957166891456e+00 +2.0250958646278309e-03 +9.9952418713038227e-01 +9.9999719608380377e-01 +9.9999605984694062e-01 +9.9999942586151835e-01 +9.9999223195270359e-01 +7.9131851464205415e-05 +1.0411558701308667e-04 +1.4859892437313658e-04 +6.0275792347666558e-05 +9.8776991230243276e-05
 46.00000000 +5.0000000000000000e+00 +1.9999960352627570e+00 +2.0323250380139472e-03 +9.9950474327392191e-01 +9.9999649897106402e-01 +9.9999457220937538e-01 +9.9999841415609847e-01 +9.9999096587663638e-01 +7.6432294937752595e-05 +1.0567146634573878e-04 +1.7320678759576180e-04 +6.8889917222787045e-05 +9.0605069686741435e-05
 46.50000000 +5.0000000000000000e+00 +1.9999971695479033e+00 +2.0213868410422398e-03 +9.9953071318353948e-01 +9.9999540924253316e-01 +9.9999408599755457e-01 +9.9999857082121513e-01 +9.9999188325661736e-01 +7.9495474859020714e-05 +1.0221332941456915e-04 +1.4217795435479593e-04 +7.5355135190257141e-05 +9.0095623218465167e-05
 47.00000000 +5.0000000000000000e+00 +1.9999983038025519e+00 +2.0104489381743587e-03 +9.9955668239488382e-01 +9.9999431954330265e-01 +9.9999359979880698e-01 +9.9999872748211949e-01 +9.9999280061193185e-01 +8.2558572418183252e-05 +9.8755285465022076e-05 +1.1114995541024957e-04 +8.1820179322373546e-05 +8.9586190448073076e-05
 47.50000000 +5.0000000000000000e+00 +1.9999994380267030e+00 +1.9995113293984424e-03 +9.9958265090798337e-01 +9.9999322987337147e-01 +9.9999311361313226e-01 +9.9999888413881177e-01 +9.9999371794258141e-01 +8.5621587618561908e-05 +9.5297334493347468e-05 +8.0122790728474563e-05 +8.8285049626147212e-05 +8.9076771375012746e-05
 48.00000000 +5.0000000000000000e+00 +2.0000005722203582e+00 +1.9885740147026288e-03 +9.9960861872286588e-01 +9.9999214023273797e-01 +9.9999262744052941e-01 +9.9999904079129165e-01 +9.9999463524856624e-01 +8.8684520463478298e-05 +9.1839476495795443e-05 +4.9096460275824540e-05 +9.4749746108588768e-05 +8.8567365998731736e-05
 48.50000000 +5.0000000000000000e+00 +2.0000017063835185e+00 +1.9776369940750584e-03 +9.9963458583955955e-01 +9.9999105062140170e-01 +9.9999214128099811e-01 +9.9999919743955989e-01 +9.9999555252988792e-01 +9.1747370956253807e-05 +8.8381711468616409e-05 +1.8070964018655089e-05 +1.0121426877670842e-04 +8.8057974318677659e-05
 49.00000000 +5.0000000000000000e+00 +1.9999994575358406e+00 +1.9852655061866615e-03 +9.9961517368906849e-01 +9.9999235146937837e-01 +9.9999303380314353e-01 +9.9999716502612712e-01 +9.9999417437075644e-01 +9.1241986159018449e-05 +1.1001086555153896e-04 +2.6012282994121719e-05 +9.6207710903746077e-05 +8.4628798899103478e-05
 49.50000000 +5.0000000000000000e+00 +1.9999972091526659e+00 +1.9928924426164760e-03 +9.9959576554818874e-01 +9.9999365204866220e-01 +9.9999392614093630e-01 +9.9999513303249254e-01 +9.9999279649628581e-01 +9.0736705749848421e-05 +1.3163555209692868e-04 +3.3951961677025482e-05 +9.1202187143589117e-05 +8.1200331781381254e-05
 50.00000000 +5.0000000000000000e+00 +1.9999949612338501e+00 +2.0005178038526414e-03 +9.9957636141567885e-01 +9.9999495235933711e-01 +9.9999481829443460e-01 +9.9999310145852627e-01 +9.9999141890638799e-01 +9.0231529696404818e-05 +1.5325577248880850e-04 +4.1890000575521625e-05 +8.6197697175874121e-05 +7.7772572746082292e-05
 50.50000000 +5.0000000000000000e+00 +1.9999927137792510e+00 +2.0081415903830963e-03 +9.9955696129029714e-01 +9.9999625240148671e-01 +9.9999571026369549e-01 +9.9999107030409873e-01 +9.9999004160097504e-01 +8.9726457966362059e-05 +1.7487152811062991e-04 +4.9826400197555528e-05 +8.1194240680369944e-05 +7.4345521573868521e-05
 51.00000000 +5.0000000000000000e+00 +1.9999904667887225e+00 +2.0157638026955752e-03 +9.9953756517080206e-01 +9.9999755217519304e-01 +9.9999660204877527e-01 +9.9998903956907903e-01 +9.9998866457995861e-01 +8.9221490527407855e-05 +1.9648282034527266e-04 +5.7761161050862721e-05 +7.6191817336977588e-05 +7.0919178045492402e-05
 51.50000000 +5.0000000000000000e+00 +1.9999931831994853e+00 +2.0063957245115695e-03 +9.9956422174899173e-01 +9.9999728719467673e-01 +1.0000009844790549e+00 +9.9999096675680754e-01 +9.9999041349180884e-01 +7.0477107784314795e-05 +1.5661146888693226e-04 +6.7626588643200080e-05 +1.0870592322117610e-04 +5.2705246810634407e-05
 52.00000000 +5.0000000000000000e+00 +1.9999959000147169e+00 +1.9970262514351078e-03 +9.9959088229630499e-01 +9.9999702217470521e-01 +1.0000053675618719e+00 +9.9999289423149140e-01 +9.9999216266406910e-01 +5.1729934031414501e-05 +1.1673418064558472e-04 +7.7493485182556930e-05 +1.4122487040581325e-04 +3.4488603549384196e-05
 52.50000000 +5.0000000000000000e+00 +1.9999986172345092e+00 +1.9876553831546205e-03 +9.9961754681362858e-01 +9.9999675711526992e-01 +1.0000097512973716e+00 +9.9999482199319456e-01 +9.9999391209679811e-01 +3.2979968645294946e-05 +7.6850954295164549e-05 +8.7361850997043659e-05 +1.7374865997226295e-04 +1.6269247655971840e-05
 53.00000000 +5.0000000000000000e+00 +2.0000013348589509e+00 +1.9782831193584454e-03 +9.9964421530184888e-01 +9.9999649201636154e-01 +1.0000141356857000e+00 +9.9999675004198130e-01 +9.9999566179005350e-01 +1.4227211002358402e-05 +3.6961788509211166e-05 +9.7231686414868336e-05 +2.0627729300222092e-04 -1.9528214755530586e-06
 53.50000000 +5.0000000000000000e+00 +2.0000040528881335e+00 +1.9689094597348275e-03 +9.9967088776185320e-01 +9.9999622687797163e-01 +1.0000185207270029e+00 +9.9999867837791534e-01 +9.9999741174389400e-01 -4.5283395211785529e-06 -2.9333180391309367e-06 +1.0710299176433680e-04 +2.3881077057770538e-04 -2.0177604451321339e-05
 54.00000000 +5.0000000000000000e+00 +2.0000060977823826e+00 +1.9859942474576425e-03 +9.9962674583350464e-01 +9.9999537847489361e-01 +1.0000141395416127e+00 +9.9999752359652938e-01 +9.9999835342809762e-01 +1.1538734663149069e-05 +1.5325235986092961e-05 +1.1141011161838240e-04 +2.0528218272624257e-04 +2.4302851936345226e-05
 54.50000000 +5.0000000000000000e+00 +2.0000081416404458e+00 +2.0030703780063428e-03 +9.9958262627267735e-01 +9.9999453050171683e-01 +1.0000097605762488e+00 +9.9999636940029180e-01 +9.9999929463513237e-01 +2.7597667367408508e-05 +3.3574538068370384e-05 +1.1571504897609786e-04 +1.7177058442288134e-04 +6.8760769264009371e-05
 55.00000000 +5.0000000000000000e+00 +2.0000101844631120e+00 +2.0201378579593862e-03 +9.9953852906237550e-01 +9.9999368295811530e-01 +1.0000053838292253e+00 +9.9999521578875905e-01 +1.0000002353653619e+00 +4.3648464778187419e-05 +5.1814595238112952e-05 +1.2001780549592925e-04 +1.3827596275752099e-04 +1.1319616465876215e-04
 55.50000000 +5.0000000000000000e+00 +2.0000122262511666e+00 +2.0371966938885623e-03 +9.9949445418561866e-01 +9.9999283584376153e-01 +1.0000010092988558e+00 +9.9999406276148561e-01 +1.0000011756191469e+00 +5.9691133075806886e-05 +7.0045414518610935e-05 +1.2431838283464251e-04 +1.0479830483313754e-04 +1.5760905523034608e-04
 56.00000000 +5.0000000000000000e+00 +2.0000142670053966e+00 +2.0542468923590109e-03 +9.9945040162544529e-01 +9.9999198915833065e-01 +9.9999663698345753e-01 +9.9999291031802906e-01 +1.0000021153968506e+00 +7.5725678434329424e-05 +8.8267002926042506e-05 +1.2861678264732614e-04 +7.1337597765767669e-05 +2.0199945807117733e-04
 56.50000000 +5.0000000000000000e+00 +2.0000176001721393e+00 +2.0322654738548266e-03 +9.9950830104290744e-01 +9.9998975384929212e-01 +9.9999701572670463e-01 +9.9999187862937366e-01 +9.9999832014072221e-01 +4.7845954536461680e-05 +9.5588262301595612e-05 +1.1421764618366548e-04 +6.3786577474263248e-05 +1.9329217417423487e-04
 57.00000000 +5.0000000000000000e+00 +2.0000209345942617e+00 +2.0102757764323955e-03 +9.9956622226717629e-01 +9.9998751769836347e-01 +9.9999739461259907e-01 +9.9999084655215076e-01 +9.9999452345517692e-01 +1.9955730226400195e-05 +1.0291227910191743e-04 +9.9813086536164995e-05 +5.6232713222544785e-05 +1.8458161083053962e-04
 57.50000000 +5.0000000000000000e+00 +2.0000242702724722e+00 +1.9882777954136708e-03 +9.9962416531057352e-01 +9.9998528070506876e-01 +9.9999777364122067e-01 +9.9998981408614063e-01 +9.9999072533940658e-01 -7.9450004291682800e-06 +1.1023905488510534e-04 +8.5403100640426028e-05 +4.8676003403617550e-05 +1.7586776618702286e-04
 58.00000000 +5.0000000000000000e+00 +2.0000276072074814e+00 +1.9662715261170817e-03 +9.9968213018543139e-01 +9.9998304286893214e-01 +9.9999815281265103e-01 +9.9998878123112389e-01 +9.9998692579260318e-01 -3.5856243368028079e-05 +1.1756859121043088e-04 +7.0987685429740814e-05 +4.1116446409275923e-05 +1.6715063838921963e-04
 58.50000000 +5.0000000000000000e+00 +2.0000309453999989e+00 +1.9442569638575275e-03 +9.9974011690408970e-01 +9.9998080418947699e-01 +9.9999853212696999e-01 +9.9998774798688017e-01 +9.9998312481395779e-01 -6.3778004532438713e-05 +1.2490088963834072e-04 +5.6566837835090213e-05 +3.3554040630102125e-05 +1.5843022558126708e-04
 59.00000000 +5.0000000000000000e+00 +2.0000242301831386e+00 +1.9522647095720858e-03 +9.9971206334948259e-01 +9.9998140330668506e-01 +1.0000009777441818e+00 +9.9998677394196822e-01 +9.9998791310373414e-01 -2.0590689604228170e-05 +1.1178472335405408e-04 +6.4232642756642809e-05 +2.4814537604364681e-05 +1.5062734815521282e-04
 59.50000000 +5.0000000000000000e+00 +2.0000175201337647e+00 +1.9602662931744556e-03 +9.9968403138261808e-01 +9.9998200196286158e-01 +1.0000034214794444e+00 +9.9998580064660236e-01 +9.9999269770883070e-01 +2.2563391866126632e-05 +9.8678650208462531e-05 +7.1892548695931419e-05 +1.6081759791944357e-05 +1.4283047519131423e-04
 60.00000000 +5.0000000000000000e+00 +2.0000108152459144e+00 +1.9682617217746936e-03 +9.9965602097858708e-01 +9.9998260015853746e-01 +1.0000058633349300e+00 +9.9998482809991762e-01 +9.9999747863349875e-01 +6.5684278224535821e-05 +8.5582658555754412e-05 +7.9546562459405278e-05 +7.3556994330580324e-06 +1.3503959976141579e-04
 60.50000000 +5.0000000000000000e+00 +2.0000041155136361e+00 +1.9762510024719238e-03 +9.9962803211251916e-01 +9.9998319789424439e-01 +1.0000083033128060e+00 +9.9998385630105047e-01 +1.0000022558819834e+00 +1.0877200775793914e-04 +7.2496736768027682e-05 +8.7194690843046295e-05 -1.3636512201440164e-06 +1.2725471494801636e-04
 61.00000000 +5.0000000000000000e+00 +1.9999974209309841e+00 +1.9842341423543558e-03 +9.9960006475958230e-01 +9.9998379517051272e-01 +1.0000107414152377e+00 +9.9998288524913881e-01 +1.0000070294585235e+00 +1.5182661869441919e-04 +5.9420873235255458e-05 +9.4836940632389143e-05 -1.0076299903601002e-05 +1.1947581384424891e-04
 61.50000000 +5.0000000000000000e+00 +2.0000127239686587e+00 +1.9810721880584230e-03 +9.9961771188836335e-01 +9.9997987358852969e-01 +1.0000027694082423e+00 +9.9998873317114334e-01 +1.0000060169799139e+00 +1.3856513849080734e-04 +5.3462197863123188e-05 +6.3447089361391568e-05 +1.3204077750422292e-05 +1.3621645879458794e-04
 62.00000000 +5.0000000000000000e+00 +2.0000280189997892e+00 +1.9779118880958158e-03 +9.9963534978417334e-01 +9.9997595405831685e-01 +9.9999480157219800e-01 +9.9999457803351766e-01 +1.0000050050310327e+00 +1.2531059668876475e-04 +4.7506640067755961e-05 +3.2073661249043947e-05 +3.6472275119411999e-05 +1.5294834504564077e-04
 62.50000000 +5.0000000000000000e+00 +2.0000433060306575e+00 +1.9747532411685544e-03 +9.9965297845425583e-01 +9.9997203657826417e-01 +9.9998683790383225e-01 +1.0000004198386614e+00 +1.0000039936114644e+00 +1.1206298784446180e-04 +4.1554197403121100e-05 +7.1664340983128022e-07 +5.9728301759949081e-05 +1.6967147946943199e-04
 63.00000000 +5.0000000000000000e+00 +2.0000585850675399e+00 +1.9715962459800145e-03 +9.9967059790584789e-01 +9.9996812114676414e-01 +9.9997887839987609e-01 +1.0000062585889733e+00 +1.0000029827207935e+00 +9.8822306519762246e-05 +3.5604867425744169e-05 -3.0623977028285121e-05 +8.2972167218619761e-05 +1.8638586893079921e-04
 63.50000000 +5.0000000000000000e+00 +2.0000738561167046e+00 +1.9684409012349310e-03 +9.9968820814617843e-01 +9.9996420776221018e-01 +9.9997092305706403e-01 +1.0000120942868489e+00 +1.0000019723586058e+00 +8.5588547282216014e-05 +2.9658647694705557e-05 -6.1948212923885158e-05 +1.0620388103202854e-04 +2.0309152028740216e-04
 64.00000000 +5.0000000000000000e+00 +2.0000646177095986e+00 +1.9634065360524247e-03 +9.9969455241602800e-01 +9.9996415444378317e-01 +9.9997017081846618e-01 +1.0000089048790810e+00 +1.0000048419602880e+00 +4.4270646435880121e-05 +1.1976274362776190e-05 -2.3934355722864920e-05 +1.1233727490533265e-04 +2.1272563733102406e-04
 64.50000000 +5.0000000000000000e+00 +2.0000553801257888e+00 +1.9583726195153287e-03 +9.9970089612049817e-01 +9.9996410113010814e-01 +9.9996941864690581e-01 +1.0000057157555426e+00 +1.0000077113062418e+00 +2.9564276995785315e-06 -5.7045231765078144e-06 +1.4076113813192310e-05 +1.1847012219154834e-04 +2.2235889581507956e-04
 65.00000000 +5.0000000000000000e+00 +2.0000461433651640e+00 +1.9533391515636732e-03 +9.9970723925966443e-01 +9.9996404782118398e-01 +9.9996866654237337e-01 +1.0000025269161954e+00 +1.0000105803965005e+00 -3.8354109418872440e-05 -2.3383745133780940e-05 +5.2083196137112048e-05 +1.2460242296373725e-04 +2.3199129585433137e-04
 65.50000000 +5.0000000000000000e+00 +2.0000369074276141e+00 +1.9483061321374975e-03 +9.9971358183360204e-01 +9.9996399451701001e-01 +9.9996791450485967e-01 +9.9999933836100119e-01 +1.0000134492310984e+00 -7.9660965411568714e-05 -4.1061391719640169e-05 +9.0086891701639086e-05 +1.3073417729494806e-04 +2.4162283756352164e-04
 66.00000000 +5.0000000000000000e+00 +2.0000276723130295e+00 +1.9432735611768540e-03 +9.9971992384238662e-01 +9.9996394121758581e-01 +9.9996716253435625e-01 +9.9999615008992238e-01 +1.0000163178100698e+00 -1.2096414077051855e-04 -5.8737463144644899e-05 +1.2808720095943755e-04 +1.3686538525821651e-04 +2.5125352105737233e-04
 66.50000000 +5.0000000000000000e+00 +2.0000266134190579e+00 +1.9629269699113607e-03 +9.9967635377572461e-01 +9.9996473747797188e-01 +9.9996979750087434e-01 +9.9999544758196124e-01 +1.0000143778225707e+00 -8.5000758355511030e-05 +3.0722149366920886e-05 +9.1604059109354997e-05 +1.1664929982818248e-04 +2.2531108921449927e-04
 67.00000000 +5.0000000000000000e+00 +2.0000255534854841e+00 +1.9825996740133701e-03 +9.9963274093274568e-01 +9.9996553452011261e-01 +9.9997243505435618e-01 +9.9999474438429070e-01 +1.0000124359304272e+00 -4.9002067730630453e-05 +1.2026959173657060e-04 +5.5085098758820876e-05 +9.6413366604664025e-05 +1.9934318755297702e-04
 67.50000000 +5.0000000000000000e+00 +2.0000244925107742e+00 +2.0022917019126107e-03 +9.9958908525042289e-01 +9.9996633234515930e-01 +9.9997507519861262e-01 +9.9999404049589380e-01 +1.0000104921308317e+00 -1.2968016872879433e-05 +2.0990499337252068e-04 +1.8530267132977404e-05 +7.6157556343989116e-05 +1.7334977854566045e-04
 68.00000000 +5.0000000000000000e+00 +2.0000234304933957e+00 +2.0220030820946905e-03 +9.9954538666560577e-01 +9.9996713095426626e-01 +9.9997771793746326e-01 +9.9999333591575301e-01 +1.0000085464209729e+00 +2.3101446342990218e-05 +2.9962848393733896e-04 -1.8060488646761803e-05 +5.5881839745007555e-05 +1.4733082459164547e-04
 68.50000000 +5.0000000000000000e+00 +2.0000223674318085e+00 +2.0417338431012338e-03 +9.9950164511501982e-01 +9.9996793034858977e-01 +9.9998036327473450e-01 +9.9999263064284727e-01 +1.0000065987980333e+00 +5.9206374144728879e-05 +3.8944019334856921e-04 -5.4687221562966731e-05 +3.5586187448949566e-05 +1.2128628801608707e-04
 69.00000000 +5.0000000000000000e+00 +2.0000314776959081e+00 +2.0361704401762686e-03 +9.9951173044824160e-01 +9.9998745089914920e-01 +9.9997723107121073e-01 +9.9999412608482841e-01 +1.0000094995270703e+00 +9.6987879782268398e-05 +3.0029180831502212e-04 -4.5664100730146441e-05 +5.0305150334190985e-05 +1.1804123205715575e-04
 69.50000000 +5.0000000000000000e+00 +2.0000405840053861e+00 +2.0306094522360998e-03 +9.9952181140357999e-01 +1.0000069629761477e+00 +9.9997410022732636e-01 +9.9999562087766192e-01 +1.0000123989969467e+00 +1.3475298506862568e-04 +2.1118212117869224e-04 -3.6644896690686279e-05 +6.5017723951554308e-05 +1.1479758472544647e-04
 70.00000000 +5.0000000000000000e+00 +2.0000496863628179e+00 +2.0250508777086102e-03 +9.9953188798388537e-01 +1.0000264665851015e+00 +9.9997097074219665e-01 +9.9999711502177002e-01 +1.0000152972084824e+00 +1.7250170068018126e-04 +1.2211110674783404e-04 -2.7629606894813060e-05 +7.9723912460356264e-05 +1.1155534510396428e-04
 70.50000000 +5.0000000000000000e+00 +2.0000587847707751e+00 +2.0194947150230453e-03 +9.9954196019200559e-01 +1.0000459617315220e+00 +9.9996784261493743e-01 +9.9999860851757560e-01 +1.0000181941624964e+00 +2.1023403728405077e-04 +3.3078739852563014e-05 -1.8618228794966212e-05 +9.4423720016304175e-05 +1.0831451227650992e-04
 71.00000000 +5.0000000000000000e+00 +2.0000678792318283e+00 +2.0139409626100139e-03 +9.9955202803078524e-01 +1.0000654484209162e+00 +9.9996471584466506e-01 +1.0000001013655004e+00 +1.0000210898598070e+00 +2.4795000553809508e-04 -5.5915004655167767e-05 -9.6107598457954803e-06 +1.0911715077149986e-04 +1.0507508532767902e-04
 71.50000000 +5.0000000000000000e+00 +2.0000609499114881e+00 +1.9932798100952575e-03 +9.9960984620487980e-01 +1.0000454001362997e+00 +9.9995615981212571e-01 +1.0000010247177071e+00 +1.0000269609877199e+00 +2.0349772142049845e-04 -3.2904073907540510e-05 +1.1353785037100743e-05 +9.4148292255586303e-05 +8.4512415282442271e-05
 72.00000000 +5.0000000000000000e+00 +2.0000540222179302e+00 +1.9726235081590623e-03 +9.9966765080511377e-01 +1.0000253565583797e+00 +9.9994760578826913e-01 +1.0000019478531392e+00 +1.0000328307372792e+00 +1.5905587327912543e-04 -9.8985453913381273e-06 +3.2313408114598608e-05 +7.9182947949452240e-05 +6.3954572695230368e-05
 72.50000000 +5.0000000000000000e+00 +2.0000470961505825e+00 +1.9519720550934901e-03 +9.9972544183626688e-01 +1.0000053176854993e+00 +9.9993905377238845e-01 +1.0000028707718744e+00 +1.0000386991089707e+00 +1.1462445743935681e-04 +1.3101582795623103e-05 +5.3268111119718691e-05 +6.4221116615706695e-05 +4.3401555866243537e-05
 73.00000000 +5.0000000000000000e+00 +2.0000401717088727e+00 +1.9313254491914002e-03 +9.9978321930311709e-01 +9.9998528351600191e-01 +9.9993050376377690e-01 +1.0000037934739889e+00 +1.0000445661032793e+00 +7.0203470228298091e-05 +3.6096312554634018e-05 +7.4217895784668079e-05 +4.9262797017539481e-05 +2.2853363096479803e-05
 73.50000000 +5.0000000000000000e+00 +2.0000332488922283e+00 +1.9106836887464547e-03 +9.9984098321043846e-01 +9.9996525404823167e-01 +9.9992195576172738e-01 +1.0000047159595584e+00 +1.0000504317206900e+00 +2.5792907974778774e-05 +5.9085645786093005e-05 +9.5162763840840738e-05 +3.4307987918720919e-05 +2.3099926877347254e-06
 74.00000000 +5.0000000000000000e+00 +2.0000422317830298e+00 +1.8953767345388289e-03 +9.9987566390181271e-01 +9.9996465731234252e-01 +9.9994129396007103e-01 +1.0000217540032612e+00 +1.0000231878666550e+00 -6.3631069907055027e-05 +1.1073882503920753e-04 +1.0198773874132767e-04 -1.2296432421209051e-07 +2.4470425251504682e-05
 74.50000000 +5.0000000000000000e+00 +2.0000512170890268e+00 +1.8800656648087742e-03 +9.9991035391765204e-01 +9.9996406041601138e-01 +9.9996063735780227e-01 +1.0000387966279176e+00 +9.9999593668766873e-01 -1.5307909087294120e-04 +1.6240589208572792e-04 +1.0881454864679957e-04 -3.4563173886025202e-05 +4.6636816006303346e-05
 75.00000000 +5.0000000000000000e+00 +2.0000602048111933e+00 +1.8647504778962812e-03 +9.9994505326171790e-01 +9.9996346335917341e-01 +9.9997998595701842e-01 +1.0000558438353755e+00 +9.9996867818077684e-01 -2.4255116462074190e-04 +2.1408685252734434e-04 +1.1564319429741209e-04 -6.9012644500690429e-05 +6.8809167355387955e-05
