#PATCH_CHECK: SepMBpoisson v0.60 fullmb-kondo adaptive-t500 active
#discretizing the bath:
#     0 0.0000000000000000e+00 -9.1873305439137479e-02
#     1 1.7638342073763938e-03 -1.6757690912098677e-01
#     2 1.7638342073763938e-03 -1.6702742487945041e-01
#     3 1.7638342073763938e-03 -1.6647743812614874e-01
#     4 1.7638342073763938e-03 -1.6592694931979771e-01
#     5 1.7638342073763938e-03 -1.6537595891785956e-01
#     6 1.7638342073763938e-03 -1.6482446737654810e-01
#     7 1.7638342073763938e-03 -1.6427247515083465e-01
#     8 1.7638342073763938e-03 -1.6371998269445365e-01
#     9 1.7638342073763938e-03 -1.6316699045990815e-01
#adaptive measurement: gap=5.5099040193815063e-04 period_steps=22807 nmeas=300 nwf=300 tmax=1.5000000000000000e+02 forced_stride=1
  0.00000000 +5.0000000000000000e+00 +1.9999999999999998e+00 +1.8374661879283106e-03 +1.0000000000000000e+00 +1.0000000000000000e+00 +1.0000000000000000e+00 +1.0000000000000000e+00 +1.0000000000000000e+00 +0.0000000000000000e+00 +0.0000000000000000e+00 +0.0000000000000000e+00 +0.0000000000000000e+00 +0.0000000000000000e+00
  0.50000000 +5.0000000000000000e+00 +1.9999999999649458e+00 +1.8390154749469497e-03 +9.9999606672476005e-01 +9.9999999998909339e-01 +9.9999999998909339e-01 +9.9999999998909339e-01 +9.9999999998909339e-01 +7.8164800793031157e-07 +7.8398360954763303e-07 +7.9188016739667288e-07 +7.9332601601691972e-07 +7.8242654180275192e-07
  1.00000000 +5.0000000000000000e+00 +1.9999999998218208e+00 +1.8436528998616406e-03 +9.9998429109208498e-01 +9.9999999999364031e-01 +9.9999999999423661e-01 +9.9999999999304379e-01 +9.9999999999433586e-01 +3.1300207841531111e-06 +3.1398453048952190e-06 +3.1291157363350669e-06 +3.1446558249679232e-06 +3.1652791162228972e-06
  1.50000000 +5.0000000000000000e+00 +1.9999999980722809e+00 +1.8512448342813783e-03 +9.9996500548237910e-01 +9.9999999995763544e-01 +9.9999999996034472e-01 +9.9999999995202693e-01 +9.9999999995763655e-01 +6.9379505325748906e-06 +7.0426484926017825e-06 +6.9496139825498400e-06 +6.9991598214283967e-06 +7.0652485706909260e-06
  2.00000000 +5.0000000000000000e+00 +1.9999999975554639e+00 +1.8615729379466814e-03 +9.9993875330786253e-01 +9.9999999989636112e-01 +9.9999999989096322e-01 +9.9999999987604860e-01 +9.9999999990233557e-01 +1.2142832297882312e-05 +1.2314855482416331e-05 +1.2174769047537025e-05 +1.2300449742211709e-05 +1.2314239202042594e-05
  2.50000000 +5.0000000000000000e+00 +2.0000000065253620e+00 +1.8744790440363315e-03 +9.9990592103824827e-01 +9.9999999968548725e-01 +9.9999999968414488e-01 +9.9999999964884789e-01 +9.9999999968421838e-01 +1.8609485525287151e-05 +1.8914615087808759e-05 +1.8824160862843138e-05 +1.8837466154029713e-05 +1.8894449770891428e-05
  3.00000000 +5.0000000000000000e+00 +1.9999999977698191e+00 +1.8895966021511255e-03 +9.9986742101380643e-01 +9.9999999935887351e-01 +9.9999999932947958e-01 +9.9999999928391603e-01 +9.9999999931089723e-01 +2.6279280694496231e-05 +2.6608135548689870e-05 +2.6586560538527367e-05 +2.6563361067093789e-05 +2.6544432862906342e-05
  3.50000000 +5.0000000000000000e+00 +1.9999999973484812e+00 +1.9064924898651741e-03 +9.9982433409026694e-01 +9.9999999873059775e-01 +9.9999999871860568e-01 +9.9999999865068090e-01 +9.9999999868186384e-01 +3.4761115121744543e-05 +3.5258694599111864e-05 +3.5299798794866016e-05 +3.5188556648735965e-05 +3.5162984601600128e-05
  4.00000000 +5.0000000000000000e+00 +1.9999999959310195e+00 +1.9247861859375806e-03 +9.9977760479775490e-01 +9.9999999777262294e-01 +9.9999999771499970e-01 +9.9999999766609704e-01 +9.9999999767806791e-01 +4.4158631716576435e-05 +4.4640681965591867e-05 +4.4648077353128795e-05 +4.4570354418156026e-05 +4.4386661691802328e-05
  4.50000000 +5.0000000000000000e+00 +1.9999999883575925e+00 +1.9439266670987503e-03 +9.9972861548759018e-01 +9.9999999639934689e-01 +9.9999999626992508e-01 +9.9999999617953994e-01 +9.9999999616047175e-01 +5.4065324432235503e-05 +5.4332413956040311e-05 +5.4440194679532058e-05 +5.4443452888959604e-05 +5.4118161239449993e-05
  5.00000000 +5.0000000000000000e+00 +1.9999999850051846e+00 +1.9635798671371603e-03 +9.9967819983431461e-01 +9.9999999453728294e-01 +9.9999999429466213e-01 +9.9999999419249674e-01 +9.9999999425918684e-01 +6.4189909260390266e-05 +6.4493579694117531e-05 +6.4498527101264916e-05 +6.4468578525519340e-05 +6.4172281497996647e-05
  5.50000000 +5.0000000000000000e+00 +1.9999999173815972e+00 +1.9830430477161582e-03 +9.9962810949842695e-01 +9.9999999176187759e-01 +9.9999999171905085e-01 +9.9999999151334118e-01 +9.9999999181713606e-01 +7.4305692093010276e-05 +7.4590248285236570e-05 +7.4596480903283750e-05 +7.4340274658823161e-05 +7.4090925085935905e-05
  6.00000000 +5.0000000000000000e+00 +1.9999998585079795e+00 +2.0018788149598352e-03 +9.9957945236467483e-01 +9.9999998830922987e-01 +9.9999998839426618e-01 +9.9999998827878989e-01 +9.9999998848777205e-01 +8.4048740216305669e-05 +8.4241169769224634e-05 +8.4338098654736010e-05 +8.4101889338335112e-05 +8.3864296362544418e-05
  6.50000000 +5.0000000000000000e+00 +1.9999998563332939e+00 +2.0195968713368874e-03 +9.9953346782054453e-01 +9.9999998427335512e-01 +9.9999998413452007e-01 +9.9999998423207259e-01 +9.9999998425645431e-01 +9.3242686384394850e-05 +9.3404391268624775e-05 +9.3724116321895000e-05 +9.3265951667258109e-05 +9.2958165527484135e-05
  7.00000000 +5.0000000000000000e+00 +1.9999998190668837e+00 +2.0362133144367404e-03 +9.9949012879659493e-01 +9.9999997958490139e-01 +9.9999997917870731e-01 +9.9999997932777196e-01 +9.9999997952931963e-01 +1.0208975668704231e-04 +1.0186588537370363e-04 +1.0221901394083823e-04 +1.0212504191807416e-04 +1.0165385610347024e-04
  7.50000000 +5.0000000000000000e+00 +1.9999996974115577e+00 +2.0505838925160258e-03 +9.9945231983066352e-01 +9.9999997379620154e-01 +9.9999997331499846e-01 +9.9999997371068106e-01 +9.9999997415094044e-01 +1.0965275357302507e-04 +1.0955170969225288e-04 +1.1022736464587549e-04 +1.0959083756382023e-04 +1.0876253016168591e-04
  8.00000000 +5.0000000000000000e+00 +1.9999995475945891e+00 +2.0629343499818493e-03 +9.9941949652717232e-01 +9.9999996740069053e-01 +9.9999996667046320e-01 +9.9999996716291417e-01 +9.9999996743650421e-01 +1.1621803055153083e-04 +1.1575175829071137e-04 +1.1674919920845345e-04 +1.1669317757099207e-04 +1.1522266374555117e-04
  8.50000000 +5.0000000000000000e+00 +1.9999994109234183e+00 +2.0722329118563272e-03 +9.9939428217124859e-01 +9.9999996030428717e-01 +9.9999995870711744e-01 +9.9999995986276347e-01 +9.9999996053246687e-01 +1.2182411978661691e-04 +1.2126687768497048e-04 +1.2187509669161108e-04 +1.2088969297114671e-04 +1.2002262130910719e-04
  9.00000000 +5.0000000000000000e+00 +1.9999992854048729e+00 +2.0798319668919284e-03 +9.9937330629699850e-01 +9.9999995242362871e-01 +9.9999995110537698e-01 +9.9999995208508274e-01 +9.9999995247300844e-01 +1.2584929582277809e-04 +1.2573706136026548e-04 +1.2573188635718835e-04 +1.2557168888622529e-04 +1.2399568421092675e-04
  9.50000000 +5.0000000000000000e+00 +1.9999992611179054e+00 +2.0834724959018398e-03 +9.9936228964343776e-01 +9.9999994279396076e-01 +9.9999994244400636e-01 +9.9999994252821400e-01 +9.9999994383920399e-01 +1.2815634018616473e-04 +1.2817571993755742e-04 +1.2812040618998279e-04 +1.2744886068568958e-04 +1.2603737020644339e-04
 10.00000000 +5.0000000000000000e+00 +1.9999992391572847e+00 +2.0840528250817827e-03 +9.9935901580017117e-01 +9.9999993419711897e-01 +9.9999993139807208e-01 +9.9999993484605010e-01 +9.9999993382697716e-01 +1.2865147450032128e-04 +1.2856600811136769e-04 +1.2961535698926847e-04 +1.2807877274000388e-04 +1.2633833419283821e-04
 10.50000000 +5.0000000000000000e+00 +1.9999992392704675e+00 +2.0819209434377538e-03 +9.9936264909245975e-01 +9.9999992270400451e-01 +9.9999992260633630e-01 +9.9999992362668777e-01 +9.9999992419167716e-01 +1.2785145694352957e-04 +1.2793766320792104e-04 +1.2762947309145580e-04 +1.2785134913583543e-04 +1.2638788965540083e-04
 11.00000000 +5.0000000000000000e+00 +1.9999991446379244e+00 +2.0777517756811630e-03 +9.9937155617716755e-01 +9.9999991060153703e-01 +9.9999991073200634e-01 +9.9999991159219392e-01 +9.9999991281265654e-01 +1.2637807010391360e-04 +1.2630175316700394e-04 +1.2687202855526984e-04 +1.2523149693049830e-04 +1.2401466137136735e-04
 11.50000000 +5.0000000000000000e+00 +1.9999988412537508e+00 +2.0682172609697395e-03 +9.9939412570114849e-01 +9.9999990254216642e-01 +9.9999990094952573e-01 +9.9999990146697981e-01 +9.9999990146514928e-01 +1.2333574624172350e-04 +1.2152777777459336e-04 +1.2104309787882775e-04 +1.2026455824476857e-04 +1.2009676881538111e-04
 12.00000000 +5.0000000000000000e+00 +1.9999986618262779e+00 +2.0582065062080736e-03 +9.9941813254464207e-01 +9.9999989188778748e-01 +9.9999988887929625e-01 +9.9999988556622665e-01 +9.9999988937376272e-01 +1.1804924580445181e-04 +1.1657650513961180e-04 +1.1744410345694198e-04 +1.1481516435766623e-04 +1.1542676488885205e-04
 12.50000000 +5.0000000000000000e+00 +1.9999987705941331e+00 +2.0470482145817110e-03 +9.9944526504813136e-01 +9.9999988140505669e-01 +9.9999988015267305e-01 +9.9999988035752252e-01 +9.9999988165671905e-01 +1.1324543311225150e-04 +1.1089311650388000e-04 +1.1258990238832818e-04 +1.0893682073698308e-04 +1.0954615413492917e-04
 13.00000000 +5.0000000000000000e+00 +1.9999986360907704e+00 +2.0324979095988154e-03 +9.9948126891663880e-01 +9.9999986805167629e-01 +9.9999986955562570e-01 +9.9999986862465950e-01 +9.9999986992433842e-01 +1.0484601663546459e-04 +1.0433866507160208e-04 +1.0425167197743088e-04 +1.0307879040312414e-04 +1.0273979663941812e-04
 13.50000000 +5.0000000000000000e+00 +1.9999985609974991e+00 +2.0162079021115438e-03 +9.9952190825132925e-01 +9.9999985909030309e-01 +9.9999985545333114e-01 +9.9999986287275755e-01 +9.9999985887134935e-01 +9.9406203087254265e-05 +9.5058455600445754e-05 +9.7102946044317449e-05 +9.5067859508265399e-05 +9.2019936491491303e-05
 14.00000000 +5.0000000000000000e+00 +1.9999983190459969e+00 +1.9994359428992733e-03 +9.9956421840673304e-01 +9.9999985301408156e-01 +9.9999984447321644e-01 +9.9999984456612134e-01 +9.9999985097005040e-01 +8.9235012780423037e-05 +8.6405390981422582e-05 +8.8073449492919511e-05 +8.6067964624142094e-05 +8.6606751912762431e-05
 14.50000000 +5.0000000000000000e+00 +1.9999982779579317e+00 +1.9840623256385552e-03 +9.9960325963680485e-01 +9.9999983760948463e-01 +9.9999983305342310e-01 +9.9999984604319991e-01 +9.9999983961089078e-01 +8.1967546933816999e-05 +8.1081931388524226e-05 +7.8092496012635123e-05 +7.8507738216857231e-05 +7.7734405824083917e-05
 15.00000000 +5.0000000000000000e+00 +1.9999983671761401e+00 +1.9659428365291932e-03 +9.9964967931731252e-01 +9.9999982811933918e-01 +9.9999982568958479e-01 +9.9999982864051651e-01 +9.9999982656972319e-01 +7.3009118205459030e-05 +7.2269941992304888e-05 +7.1409937326531096e-05 +6.8742909567069476e-05 +6.5579793948726699e-05
 15.50000000 +5.0000000000000000e+00 +1.9999984819214023e+00 +1.9501276238463575e-03 +9.9969058513280407e-01 +9.9999982481948191e-01 +9.9999981694416096e-01 +9.9999981774209523e-01 +9.9999981246410641e-01 +6.1898173511333498e-05 +6.3087247862015120e-05 +6.3391475387642273e-05 +6.1044889721835764e-05 +6.0721103035860114e-05
 16.00000000 +5.0000000000000000e+00 +1.9999982637361258e+00 +1.9333887422448145e-03 +9.9973441521220940e-01 +9.9999980758938711e-01 +9.9999981343323874e-01 +9.9999980601589211e-01 +9.9999981938659510e-01 +5.3348731750349060e-05 +5.4085755573704089e-05 +5.2927472228518560e-05 +5.5188504703356996e-05 +5.0787959588043865e-05
 16.50000000 +5.0000000000000000e+00 +1.9999985143129981e+00 +1.9173660029872558e-03 +9.9977663811361916e-01 +9.9999980392934451e-01 +9.9999980352512208e-01 +9.9999980233115660e-01 +9.9999980306401803e-01 +4.6146746550329038e-05 +4.3202945334242077e-05 +4.6720435436138833e-05 +4.4999827793423530e-05 +4.3079097536278023e-05
 17.00000000 +5.0000000000000000e+00 +1.9999985692336331e+00 +1.9034564816467977e-03 +9.9981373564426279e-01 +9.9999979745716894e-01 +9.9999979562276720e-01 +9.9999979857481947e-01 +9.9999979908616388e-01 +3.7302752405745106e-05 +3.6829412856587218e-05 +3.8407994432409478e-05 +3.6589121567202910e-05 +3.7944366802224039e-05
 17.50000000 +5.0000000000000000e+00 +1.9999981729227154e+00 +1.8930239537666837e-03 +9.9984257835208734e-01 +9.9999979039877851e-01 +9.9999978197538775e-01 +9.9999978415452484e-01 +9.9999980069457794e-01 +3.3547499751829142e-05 +3.0350152731792487e-05 +3.2628576289680181e-05 +3.1317182622753208e-05 +3.0420963567382683e-05
 18.00000000 +5.0000000000000000e+00 +1.9999982511444048e+00 +1.8825270342596907e-03 +9.9987159997925945e-01 +9.9999978144541679e-01 +9.9999979135751904e-01 +9.9999980369881147e-01 +9.9999979059281041e-01 +2.8952488212357687e-05 +2.3857703416079174e-05 +2.5051022273115668e-05 +2.6349889664182234e-05 +2.5021819371107374e-05
 18.50000000 +5.0000000000000000e+00 +1.9999983210088201e+00 +1.8785491382454062e-03 +9.9988448032835686e-01 +9.9999979221530400e-01 +9.9999978047028093e-01 +9.9999977237031756e-01 +9.9999979314906862e-01 +2.2494458343814473e-05 +2.2714654465771605e-05 +2.3620164820972850e-05 +2.5518498632723069e-05 +2.2033706490665819e-05
 19.00000000 +5.0000000000000000e+00 +1.9999985891911900e+00 +1.8753445824454009e-03 +9.9989558008890811e-01 +9.9999977900044668e-01 +9.9999979033692754e-01 +9.9999979321083177e-01 +9.9999977408411922e-01 +2.1533299895774452e-05 +2.3364671756014050e-05 +2.1838778236959102e-05 +1.9345974654397441e-05 +1.9200552667851092e-05
 19.50000000 +5.0000000000000000e+00 +1.9999983404953638e+00 +1.8699158958255086e-03 +9.9991229754973343e-01 +9.9999975585966694e-01 +9.9999976811301938e-01 +9.9999976812507185e-01 +9.9999977402218465e-01 +1.5513936980938139e-05 +1.7211324197031788e-05 +1.7323756376804465e-05 +2.2733393271649110e-05 +1.5853906164912104e-05
 20.00000000 +5.0000000000000000e+00 +1.9999990856792658e+00 +1.8713175073064631e-03 +9.9991143223577528e-01 +9.9999976057580542e-01 +9.9999976278972236e-01 +9.9999978262611378e-01 +9.9999977643766091e-01 +2.0598850284507047e-05 +1.7428695104861602e-05 +1.6487847413934058e-05 +1.6810903433513008e-05 +1.8158968233741631e-05
 20.50000000 +5.0000000000000000e+00 +1.9999994771063150e+00 +1.8745633329769612e-03 +9.9990635823147045e-01 +9.9999977065999446e-01 +9.9999976474710495e-01 +9.9999977048037647e-01 +9.9999978051203031e-01 +1.8860967034270879e-05 +2.2599542205644781e-05 +1.6832795634723684e-05 +2.0892535539493634e-05 +1.5369586745332230e-05
 21.00000000 +5.0000000000000000e+00 +1.9999999281806289e+00 +1.8822641542275648e-03 +9.9988979984530080e-01 +9.9999978330263073e-01 +9.9999976046521877e-01 +9.9999974588706175e-01 +9.9999977236417914e-01 +1.9088872954036728e-05 +2.1956809066150784e-05 +2.4175173470159974e-05 +2.2925327063442330e-05 +2.2991941117980469e-05
 21.50000000 +5.0000000000000000e+00 +1.9999997288430138e+00 +1.8866841084393216e-03 +9.9988092263101125e-01 +9.9999975655565843e-01 +9.9999974300508021e-01 +9.9999976281124647e-01 +9.9999976842050775e-01 +2.4464840802101908e-05 +2.4391632367358006e-05 +2.4480995031923494e-05 +2.1172225753939705e-05 +2.5536940428244908e-05
 22.00000000 +5.0000000000000000e+00 +1.9999996659702168e+00 +1.8950655021749323e-03 +9.9986183898087500e-01 +9.9999975101686145e-01 +9.9999974613739229e-01 +9.9999975206510683e-01 +9.9999975853197665e-01 +2.9729489609865803e-05 +2.6015917658681764e-05 +2.7342719069233759e-05 +2.5735001079638203e-05 +3.0330116111051535e-05
 22.50000000 +5.0000000000000000e+00 +2.0000004114893484e+00 +1.9080652999249770e-03 +9.9983111060776064e-01 +9.9999974013242066e-01 +9.9999973289760891e-01 +9.9999975815956732e-01 +9.9999974136674707e-01 +3.4899892173375277e-05 +3.1763887385080653e-05 +3.2004968119329732e-05 +3.5198847547002806e-05 +3.6049303241502316e-05
 23.00000000 +5.0000000000000000e+00 +2.0000003860242819e+00 +1.9189179280572172e-03 +9.9980507282463882e-01 +9.9999973134783560e-01 +9.9999973604323067e-01 +9.9999973828238486e-01 +9.9999974213000908e-01 +3.9095373934500251e-05 +4.0755465898796978e-05 +4.0367045193383942e-05 +3.6350666496751489e-05 +3.9410823692592693e-05
 23.50000000 +5.0000000000000000e+00 +1.9999997345090395e+00 +1.9333051271911768e-03 +9.9976919692950206e-01 +9.9999971893645256e-01 +9.9999974015687143e-01 +9.9999974008161130e-01 +9.9999973000344811e-01 +4.6908780053428615e-05 +4.6005310276158767e-05 +4.5596131028171367e-05 +4.6007461222846877e-05 +4.7356277825767192e-05
 24.00000000 +5.0000000000000000e+00 +1.9999994986887248e+00 +1.9504663791790481e-03 +9.9972621681216844e-01 +9.9999973709453638e-01 +9.9999971467780835e-01 +9.9999973771816120e-01 +9.9999975250167183e-01 +5.4347020927669611e-05 +5.4676722312170494e-05 +5.8948221340737113e-05 +5.2025787521578776e-05 +5.4843446905574860e-05
 24.50000000 +5.0000000000000000e+00 +1.9999996498657748e+00 +1.9635968904427397e-03 +9.9969323136332178e-01 +9.9999971968784263e-01 +9.9999971458619386e-01 +9.9999971236860163e-01 +9.9999973939282605e-01 +6.0567177051063851e-05 +5.9204988294170328e-05 +6.2135961450882857e-05 +6.6252568498335323e-05 +5.9721907321308742e-05
 25.00000000 +5.0000000000000000e+00 +1.9999995322315034e+00 +1.9780666203559724e-03 +9.9965610641741509e-01 +9.9999972422906380e-01 +9.9999967254798239e-01 +9.9999968355144730e-01 +9.9999974627249510e-01 +6.7410293834313455e-05 +7.3315307303228788e-05 +6.8172371052712560e-05 +6.7215996825761474e-05 +6.8952982332217875e-05
 25.50000000 +5.0000000000000000e+00 +1.9999997794959974e+00 +1.9926885129214651e-03 +9.9961802290296486e-01 +9.9999968830117092e-01 +9.9999962822966471e-01 +9.9999965788028078e-01 +9.9999970014468342e-01 +7.4946059730671889e-05 +7.8423139620274887e-05 +7.5328978533117119e-05 +7.8370640108222148e-05 +7.6233777974429805e-05
 26.00000000 +5.0000000000000000e+00 +1.9999992041764405e+00 +2.0012639686606427e-03 +9.9959475924047170e-01 +9.9999966986083855e-01 +9.9999968566158082e-01 +9.9999967666019829e-01 +9.9999970550543371e-01 +8.2139115653686654e-05 +7.8229690293207861e-05 +7.8432134547844055e-05 +8.1962029779584722e-05 +8.5740050752281327e-05
 26.50000000 +5.0000000000000000e+00 +1.9999984572559002e+00 +2.0172760634366710e-03 +9.9955236857929242e-01 +9.9999964596698421e-01 +9.9999965156820725e-01 +9.9999968786416205e-01 +9.9999961094021184e-01 +9.2319445522507350e-05 +8.8294365227520257e-05 +8.9860581830070109e-05 +8.9457799907449612e-05 +8.9102935939569229e-05
 27.00000000 +5.0000000000000000e+00 +1.9999980430234754e+00 +2.0267917290739653e-03 +9.9952607859104114e-01 +9.9999959953700090e-01 +9.9999959440932207e-01 +9.9999964951490072e-01 +9.9999962484470695e-01 +9.6345453237625138e-05 +8.9106316209294219e-05 +9.4090575529264669e-05 +9.1886050646594239e-05 +1.0402474038721180e-04
 27.50000000 +5.0000000000000000e+00 +1.9999973443110894e+00 +2.0375746905760203e-03 +9.9949549508971247e-01 +9.9999959940378269e-01 +9.9999963700744998e-01 +9.9999959108938785e-01 +9.9999963769565647e-01 +1.0468087576183833e-04 +9.4866223799637238e-05 +1.0826494330482780e-04 +9.8235287296516245e-05 +9.9992382922969958e-05
 28.00000000 +5.0000000000000000e+00 +1.9999973706482728e+00 +2.0411142953256855e-03 +9.9948335174429459e-01 +9.9999954961791671e-01 +9.9999957369943360e-01 +9.9999960969173296e-01 +9.9999962637140305e-01 +1.0295734125905352e-04 +9.9910508241709295e-05 +1.0330111338064563e-04 +1.0778385705774251e-04 +1.0433600940988746e-04
 28.50000000 +5.0000000000000000e+00 +1.9999967111009902e+00 +2.0498834241215397e-03 +9.9945841161838578e-01 +9.9999958444170800e-01 +9.9999959132314442e-01 +9.9999959376290259e-01 +9.9999962021331923e-01 +1.0917558397742764e-04 +1.1094664558060652e-04 +1.1202843029214971e-04 +1.0731895711993705e-04 +1.0372897709912728e-04
 29.00000000 +5.0000000000000000e+00 +1.9999970256098434e+00 +2.0473334530732566e-03 +9.9946209379998374e-01 +9.9999957093398240e-01 +9.9999952040273987e-01 +9.9999955026293463e-01 +9.9999956275481539e-01 +1.0746474579703909e-04 +1.0860014977181962e-04 +1.0826315965505960e-04 +1.0804491711111064e-04 +1.0732886889267256e-04
 29.50000000 +5.0000000000000000e+00 +1.9999966753058767e+00 +2.0493384417744932e-03 +9.9945342257126846e-01 +9.9999952704749295e-01 +9.9999953161993560e-01 +9.9999944639241622e-01 +9.9999957058952593e-01 +1.1109883612961373e-04 +1.1401225838621599e-04 +1.0618562892411308e-04 +1.0979050310405526e-04 +1.0741460011527091e-04
 30.00000000 +5.0000000000000000e+00 +1.9999950683136882e+00 +2.0487376339859112e-03 +9.9945104695452747e-01 +9.9999950654196135e-01 +9.9999947371695574e-01 +9.9999953519184237e-01 +9.9999951769173656e-01 +1.0652206663896734e-04 +1.1615699140202729e-04 +1.0767352748818389e-04 +1.0872504615304909e-04 +1.1184231816860762e-04
 30.50000000 +5.0000000000000000e+00 +1.9999933105140755e+00 +2.0488916090656939e-03 +9.9944779363924974e-01 +9.9999947874868600e-01 +9.9999942764340033e-01 +9.9999940733040338e-01 +9.9999953394134544e-01 +1.0838862896093002e-04 +1.1253259611438654e-04 +1.1553200449419968e-04 +1.0741244097580536e-04 +1.1049305475775072e-04
 31.00000000 +5.0000000000000000e+00 +1.9999927633541139e+00 +2.0475124437240319e-03 +9.9944790148613705e-01 +9.9999939370253699e-01 +9.9999950124586934e-01 +9.9999944497455528e-01 +9.9999945947418634e-01 +1.1594707180895385e-04 +1.1125973866748079e-04 +1.0756369490003012e-04 +1.1030016657146213e-04 +1.0922843052204769e-04
 31.50000000 +5.0000000000000000e+00 +1.9999932690757765e+00 +2.0404334361676063e-03 +9.9946375571878066e-01 +9.9999947896109453e-01 +9.9999943803275582e-01 +9.9999933408525210e-01 +9.9999936026780900e-01 +1.0625909611575710e-04 +1.1064418674147009e-04 +1.1331580772816087e-04 +1.0359347601767409e-04 +1.0482038495646963e-04
 32.00000000 +5.0000000000000000e+00 +1.9999924974824046e+00 +2.0332178159209449e-03 +9.9947950496909599e-01 +9.9999944526658846e-01 +9.9999941682106130e-01 +9.9999940542183563e-01 +9.9999939256185766e-01 +1.0776050813487207e-04 +9.7887665579917738e-05 +1.0698000200390726e-04 +1.0379488041933148e-04 +1.0641185870965247e-04
 32.50000000 +5.0000000000000000e+00 +1.9999931719118917e+00 +2.0258406128597665e-03 +9.9949673872535905e-01 +9.9999939556208506e-01 +9.9999937860058774e-01 +9.9999932533391589e-01 +9.9999939590420839e-01 +1.0281316859386647e-04 +1.0486327247207340e-04 +9.9397751033544651e-05 +1.0301092492223910e-04 +9.5680771023694535e-05
 33.00000000 +5.0000000000000000e+00 +1.9999915999441233e+00 +2.0111545322880177e-03 +9.9953167121717390e-01 +9.9999927470872518e-01 +9.9999936063122330e-01 +9.9999937861482235e-01 +9.9999930857521913e-01 +9.8367367319045747e-05 +9.5907684084800093e-05 +8.9186653463438928e-05 +9.3078302769930010e-05 +9.4466213091036583e-05
 33.50000000 +5.0000000000000000e+00 +1.9999908258905390e+00 +2.0087364331319514e-03 +9.9953674809348336e-01 +9.9999936588371285e-01 +9.9999933459530244e-01 +9.9999931123018704e-01 +9.9999932102074851e-01 +9.4822668971905385e-05 +8.8865602134861080e-05 +9.5627950925138678e-05 +9.8560626547169688e-05 +8.8042310247563447e-05
 34.00000000 +5.0000000000000000e+00 +1.9999910222586279e+00 +2.0057650947846854e-03 +9.9954355600304101e-01 +9.9999923932750123e-01 +9.9999926079782298e-01 +9.9999934697912884e-01 +9.9999921761105137e-01 +8.8678649785154076e-05 +9.4043619695433227e-05 +9.8041893594044794e-05 +8.6214805914546874e-05 +9.2400294530601646e-05
 34.50000000 +5.0000000000000000e+00 +1.9999909668775877e+00 +1.9915063887196126e-03 +9.9957937004980213e-01 +9.9999933946867725e-01 +9.9999931309830803e-01 +9.9999928088416401e-01 +9.9999925781003074e-01 +8.5578858020821886e-05 +8.4242375014596482e-05 +8.6771579772211075e-05 +9.0301735611649395e-05 +7.6544093547117146e-05
 35.00000000 +5.0000000000000000e+00 +1.9999890162738698e+00 +1.9816532185065647e-03 +9.9960444458879183e-01 +9.9999920959669764e-01 +9.9999916750668560e-01 +9.9999911465830871e-01 +9.9999922670526065e-01 +7.9529924205596971e-05 +8.5551678622819487e-05 +8.2295874372032701e-05 +7.9520162894438306e-05 +7.1939273133149971e-05
 35.50000000 +5.0000000000000000e+00 +1.9999911244934208e+00 +1.9615588149073881e-03 +9.9965716620451484e-01 +9.9999917215047318e-01 +9.9999916627409191e-01 +9.9999912452841688e-01 +9.9999922777623318e-01 +7.1431842039392654e-05 +6.9410340866646203e-05 +7.2179949723087501e-05 +6.4141634181992695e-05 +6.8979281219505952e-05
 36.00000000 +5.0000000000000000e+00 +1.9999905285190376e+00 +1.9642227210542877e-03 +9.9965143794973266e-01 +9.9999922312863398e-01 +9.9999925495006570e-01 +9.9999917654678350e-01 +9.9999910535588366e-01 +7.0786186018488586e-05 +7.0804504696448867e-05 +6.8905682263167896e-05 +7.0827900668559975e-05 +7.0477795158249869e-05
 36.50000000 +5.0000000000000000e+00 +1.9999905545249668e+00 +1.9534740042871173e-03 +9.9968046773985464e-01 +9.9999909341257309e-01 +9.9999916395563304e-01 +9.9999910292755145e-01 +9.9999913424783182e-01 +7.0713901459113437e-05 +6.3917466358871962e-05 +6.7020074638920646e-05 +6.5804234413907185e-05 +5.5581995484077571e-05
 37.00000000 +5.0000000000000000e+00 +1.9999916854749058e+00 +1.9612507053303782e-03 +9.9966257296547489e-01 +9.9999913182185707e-01 +9.9999913546325914e-01 +9.9999923158414694e-01 +9.9999922814504383e-01 +7.8672513432161338e-05 +6.7104202570047542e-05 +6.9719858074581713e-05 +6.8359425306119804e-05 +5.6844034987838100e-05
 37.50000000 +5.0000000000000000e+00 +1.9999900076652180e+00 +1.9420140093624597e-03 +9.9971307349468852e-01 +9.9999907359019113e-01 +9.9999914793412292e-01 +9.9999909372946016e-01 +9.9999901045446260e-01 +5.5558742552194482e-05 +5.7325790171783749e-05 +6.7248873015366423e-05 +6.3263970566739317e-05 +4.7203406776220714e-05
 38.00000000 +5.0000000000000000e+00 +1.9999892329401450e+00 +1.9418488400040933e-03 +9.9971609179434406e-01 +9.9999903686778158e-01 +9.9999906960919371e-01 +9.9999906854073017e-01 +9.9999914189931993e-01 +6.1565551773904397e-05 +5.2400508107893677e-05 +5.5471232948709745e-05 +5.8571943500952529e-05 +5.9582027686045473e-05
 38.50000000 +5.0000000000000000e+00 +1.9999890845517083e+00 +1.9459054773504215e-03 +9.9970840976414799e-01 +9.9999910912879719e-01 +9.9999902009693320e-01 +9.9999906433634800e-01 +9.9999905633120911e-01 +5.8186282643585879e-05 +5.4260803864619515e-05 +6.1699936582542282e-05 +6.3006737846028985e-05 +5.8186566674371227e-05
 39.00000000 +5.0000000000000000e+00 +1.9999914361242581e+00 +1.9316253073296357e-03 +9.9974955620925499e-01 +9.9999921413040549e-01 +9.9999905532970090e-01 +9.9999909289796474e-01 +9.9999917787990156e-01 +5.6985616452206119e-05 +4.7212668895634297e-05 +5.3922813542411616e-05 +5.2630824467497823e-05 +4.3151572469832620e-05
 39.50000000 +5.0000000000000000e+00 +1.9999910655407809e+00 +1.9371534043826539e-03 +9.9973653602555146e-01 +9.9999904391656336e-01 +9.9999904098887626e-01 +9.9999910927390923e-01 +9.9999904278007745e-01 +4.4558797646827423e-05 +7.0385193183040932e-05 +4.9285576464901794e-05 +4.0661263169885368e-05 +6.2336156302113946e-05
 40.00000000 +5.0000000000000000e+00 +1.9999909732614964e+00 +1.9356091532562898e-03 +9.9974246530179445e-01 +9.9999904890062064e-01 +9.9999901646554978e-01 +9.9999901246014633e-01 +9.9999910087787935e-01 +5.1630709368789748e-05 +4.6239329053588463e-05 +5.6371991817916011e-05 +5.3104949557395555e-05 +5.4009003622916641e-05
 40.50000000 +5.0000000000000000e+00 +1.9999902345951694e+00 +1.9452622232858058e-03 +9.9972199915475557e-01 +9.9999905688430435e-01 +9.9999888378921375e-01 +9.9999903148045577e-01 +9.9999906420991214e-01 +5.8983442436731282e-05 +5.8373815265969783e-05 +5.7882188448547307e-05 +5.2529437353128395e-05 +5.4195556093993904e-05
 41.00000000 +5.0000000000000000e+00 +1.9999924675302378e+00 +1.9368780264533527e-03 +9.9974511438818892e-01 +9.9999904048608890e-01 +9.9999883502156883e-01 +9.9999901302459782e-01 +9.9999891528659179e-01 +4.9742213539520619e-05 +4.9566694794956899e-05 +4.4914952418477402e-05 +5.7386942053815106e-05 +5.7471035727313461e-05
 41.50000000 +5.0000000000000000e+00 +1.9999914865033785e+00 +1.9491472466125856e-03 +9.9971656399641662e-01 +9.9999871275851149e-01 +9.9999890740957531e-01 +9.9999902906520344e-01 +9.9999887501835139e-01 +5.9457571385346532e-05 +6.2974868553024598e-05 +6.4664370281433529e-05 +4.9384103121523256e-05 +5.1430866336321855e-05
 42.00000000 +5.0000000000000000e+00 +1.9999915184776649e+00 +1.9530505381657169e-03 +9.9970785314803223e-01 +9.9999889126570918e-01 +9.9999907985939984e-01 +9.9999888386352187e-01 +9.9999895771951253e-01 +6.2650787330836179e-05 +5.3746989054239493e-05 +6.0280265385638187e-05 +6.2376898073991937e-05 +5.7279204846827176e-05
 42.50000000 +5.0000000000000000e+00 +1.9999921169146333e+00 +1.9454981512492095e-03 +9.9972835896045587e-01 +9.9999889661013663e-01 +9.9999882491990422e-01 +9.9999883094006592e-01 +9.9999894796721045e-01 +4.7458156869050903e-05 +6.0701543547161152e-05 +6.5545919080300361e-05 +5.3014289911113397e-05 +4.9420692657153677e-05
 43.00000000 +5.0000000000000000e+00 +1.9999934376546464e+00 +1.9618662191313563e-03 +9.9968890429656876e-01 +9.9999892288810965e-01 +9.9999884408105522e-01 +9.9999883325012129e-01 +9.9999881844586513e-01 +7.0206754792036000e-05 +7.1158716003137258e-05 +7.4307598309162595e-05 +4.4540833057030975e-05 +5.5463189684465787e-05
 43.50000000 +5.0000000000000000e+00 +1.9999937118500430e+00 +1.9646702208827088e-03 +9.9968401994739198e-01 +9.9999887979010604e-01 +9.9999892061214468e-01 +9.9999896040699465e-01 +9.9999873726566080e-01 +6.2231865458146549e-05 +6.8390913736162987e-05 +6.0025524776917053e-05 +5.7167670668935782e-05 +7.2666029676038399e-05
 44.00000000 +5.0000000000000000e+00 +1.9999909470130324e+00 +1.9782807978634587e-03 +9.9964741824864545e-01 +9.9999879959087856e-01 +9.9999892058114537e-01 +9.9999904405606865e-01 +9.9999896673732624e-01 +7.2841581731900013e-05 +7.5598897595765703e-05 +6.9512746099485614e-05 +7.3184641905527128e-05 +6.5712887646648455e-05
 44.50000000 +5.0000000000000000e+00 +1.9999925259209328e+00 +1.9883908402900503e-03 +9.9962379467870077e-01 +9.9999868268592629e-01 +9.9999876273036425e-01 +9.9999907993672477e-01 +9.9999888560815420e-01 +7.1383252643953695e-05 +6.9251309259882560e-05 +8.3958961973253698e-05 +8.2946660727526634e-05 +7.3254224103994504e-05
 45.00000000 +5.0000000000000000e+00 +1.9999928465400865e+00 +1.9992950441098186e-03 +9.9959616953496955e-01 +9.9999874580823955e-01 +9.9999875280318828e-01 +9.9999867153934729e-01 +9.9999894035727876e-01 +6.9923132781292188e-05 +9.1654539129861306e-05 +9.0559908044815905e-05 +7.8245665638585409e-05 +7.8336722149027090e-05
 45.50000000 +5.0000000000000000e+00 +1.9999937652926105e+00 +1.9935724875170474e-03 +9.9961034137284299e-01 +9.9999863936013900e-01 +9.9999901846122641e-01 +9.9999866554205541e-01 +9.9999848412619718e-01 +8.4070366485297933e-05 +8.6531353622447421e-05 +8.1843036195412358e-05 +6.9387986944846939e-05 +7.3018387768797593e-05
 46.00000000 +5.0000000000000000e+00 +1.9999908166627427e+00 +1.9904955305198833e-03 +9.9961553753032539e-01 +9.9999874900797947e-01 +9.9999881437538096e-01 +9.9999856534022091e-01 +9.9999872318920757e-01 +7.0285895072093939e-05 +8.1307990128281785e-05 +8.7205206150344031e-05 +7.0998305375745782e-05 +7.9813139169158758e-05
 46.50000000 +5.0000000000000000e+00 +1.9999904434013027e+00 +2.0173641437125516e-03 +9.9954723023892655e-01 +9.9999868872296471e-01 +9.9999878515482388e-01 +9.9999863542799472e-01 +9.9999872735157136e-01 +9.9701082557633445e-05 +8.6224369279369704e-05 +9.4962762792902969e-05 +8.7988143326342180e-05 +8.9056777447391847e-05
 47.00000000 +5.0000000000000000e+00 +1.9999928516211678e+00 +2.0177355904488349e-03 +9.9954471047982929e-01 +9.9999857903840428e-01 +9.9999873599428935e-01 +9.9999865704712509e-01 +9.9999838032373889e-01 +8.5347287598588873e-05 +9.6295923488599541e-05 +9.2522090458143627e-05 +1.0270859745746482e-04 +8.4063186513892328e-05
 47.50000000 +5.0000000000000000e+00 +1.9999903292051073e+00 +2.0169253786506162e-03 +9.9954509356453680e-01 +9.9999874484334672e-01 +9.9999869238126993e-01 +9.9999857411224513e-01 +9.9999857968531136e-01 +8.3158111929509612e-05 +8.6685793182745627e-05 +8.6211652651958795e-05 +1.1579100989856395e-04 +8.8468810554474662e-05
 48.00000000 +5.0000000000000000e+00 +1.9999891322142604e+00 +2.0189471700345282e-03 +9.9953661724654175e-01 +9.9999877739498333e-01 +9.9999838716003731e-01 +9.9999846202584608e-01 +9.9999869748332992e-01 +8.7389608804289804e-05 +9.7157115456148336e-05 +9.5808631434539301e-05 +1.0035819450553417e-04 +8.8345135093522776e-05
 48.50000000 +5.0000000000000000e+00 +1.9999890434944314e+00 +2.0240115130345446e-03 +9.9952286958394321e-01 +9.9999861524983202e-01 +9.9999842568253972e-01 +9.9999838747673164e-01 +9.9999846154296368e-01 +9.0272558169784189e-05 +1.0108831030487241e-04 +9.7522333374184384e-05 +8.9250123051837695e-05 +1.0510713434017675e-04
 49.00000000 +5.0000000000000000e+00 +1.9999891390239313e+00 +2.0243797715837463e-03 +9.9952168502944649e-01 +9.9999818916798755e-01 +9.9999822535516347e-01 +9.9999842887490475e-01 +9.9999832012563628e-01 +1.0037091222496723e-04 +9.0606748577041682e-05 +9.1507192512478821e-05 +1.0581433696104542e-04 +9.6852296694286761e-05
 49.50000000 +5.0000000000000000e+00 +1.9999860421304623e+00 +2.0256340965871000e-03 +9.9951427852855634e-01 +9.9999815056740626e-01 +9.9999852658674770e-01 +9.9999833594333276e-01 +9.9999832473095474e-01 +9.2766924679285668e-05 +9.6773452544116808e-05 +1.0116292243674799e-04 +1.1410117399847966e-04 +8.7579168227992947e-05
 50.00000000 +5.0000000000000000e+00 +1.9999851184967941e+00 +2.0156696387618710e-03 +9.9953700496277842e-01 +9.9999859695060800e-01 +9.9999844842960950e-01 +9.9999852575580750e-01 +9.9999802898859358e-01 +9.1067371570139078e-05 +1.0764854961515052e-04 +8.0344022083163533e-05 +9.9709978002572282e-05 +9.0624976204321784e-05
 50.50000000 +5.0000000000000000e+00 +1.9999834151767644e+00 +2.0232899555919612e-03 +9.9951647977900071e-01 +9.9999851894790759e-01 +9.9999809439815246e-01 +9.9999824485184163e-01 +9.9999836191197400e-01 +9.2966353870295795e-05 +1.0473461959731302e-04 +7.7161336375472197e-05 +1.0796569156367444e-04 +1.0747213231645843e-04
 51.00000000 +5.0000000000000000e+00 +1.9999848132705074e+00 +2.0044431976500516e-03 +9.9956347220761199e-01 +9.9999837799570723e-01 +9.9999849508716054e-01 +9.9999842362619884e-01 +9.9999809778328663e-01 +9.8132899417669250e-05 +9.4573360400774170e-05 +8.4187166912273295e-05 +8.6333007402531606e-05 +7.9906870677433611e-05
 51.50000000 +5.0000000000000000e+00 +1.9999829174925312e+00 +2.0203340582770520e-03 +9.9952172748331236e-01 +9.9999824240518542e-01 +9.9999805213720472e-01 +9.9999826279427073e-01 +9.9999835114241153e-01 +9.5592348469208163e-05 +9.8746637421120369e-05 +9.2771395074155733e-05 +1.0911529894207705e-04 +8.9138399132242921e-05
 52.00000000 +5.0000000000000000e+00 +1.9999813374932351e+00 +2.0295900795602073e-03 +9.9949516711917408e-01 +9.9999851777929638e-01 +9.9999812919767228e-01 +9.9999808763599307e-01 +9.9999858130493635e-01 +9.7140388247685393e-05 +1.1174596680049808e-04 +9.3661495214178729e-05 +1.0190137704838942e-04 +1.0706777768775477e-04
 52.50000000 +5.0000000000000000e+00 +1.9999830490993642e+00 +2.0110728628690774e-03 +9.9954270704097981e-01 +9.9999813252960679e-01 +9.9999833625268530e-01 +9.9999775584257944e-01 +9.9999842555887419e-01 +9.6667348425542786e-05 +9.3572713773191571e-05 +8.9884168503717349e-05 +8.5636236599996896e-05 +9.8882289975797815e-05
 53.00000000 +5.0000000000000000e+00 +1.9999817847932879e+00 +2.0022065065667190e-03 +9.9956270183353824e-01 +9.9999837049498908e-01 +9.9999852963672675e-01 +9.9999808003489232e-01 +9.9999786463102003e-01 +9.0031362695574602e-05 +6.9856504304985389e-05 +9.6207494598148010e-05 +9.8483134489547251e-05 +8.9874875565745896e-05
 53.50000000 +5.0000000000000000e+00 +1.9999826774425906e+00 +2.0138849980562098e-03 +9.9953324569229662e-01 +9.9999796127650264e-01 +9.9999774053610535e-01 +9.9999790588458803e-01 +9.9999813548286620e-01 +8.6460471837705770e-05 +9.4272003099907749e-05 +8.1743656108916187e-05 +1.1843588787178843e-04 +9.4099108806492578e-05
 54.00000000 +5.0000000000000000e+00 +1.9999837392676347e+00 +2.0093666014523895e-03 +9.9954386886683499e-01 +9.9999826717485329e-01 +9.9999807730079127e-01 +9.9999811058342358e-01 +9.9999791597160403e-01 +9.6837085425805964e-05 +9.3354992200969566e-05 +8.7007846579489334e-05 +9.7590393713186787e-05 +8.8969802698403753e-05
 54.50000000 +5.0000000000000000e+00 +1.9999799242380683e+00 +1.9857899883303186e-03 +9.9960321819649756e-01 +9.9999804057589348e-01 +9.9999810275957934e-01 +9.9999801273188793e-01 +9.9999808674057744e-01 +9.7220992285488079e-05 +7.9931164130652474e-05 +6.7839417949892399e-05 +8.0059671026123081e-05 +7.9487768061812684e-05
 55.00000000 +5.0000000000000000e+00 +1.9999849738723281e+00 +1.9954137852208256e-03 +9.9958237109138504e-01 +9.9999784741142694e-01 +9.9999828355706977e-01 +9.9999815638517042e-01 +9.9999816508562123e-01 +8.5338263569094083e-05 +9.3243653411494590e-05 +9.2885941247969664e-05 +6.2702964533077049e-05 +9.1005644042530136e-05
 55.50000000 +5.0000000000000000e+00 +1.9999779296636921e+00 +2.0077174442411521e-03 +9.9954864034927027e-01 +9.9999807273908192e-01 +9.9999751994384656e-01 +9.9999809273058238e-01 +9.9999759299787583e-01 +9.5392097017053920e-05 +9.3997258661085662e-05 +1.0001296598883145e-04 +8.8137414971511174e-05 +8.2541498874671318e-05
 56.00000000 +5.0000000000000000e+00 +1.9999809230903347e+00 +1.9862194578381103e-03 +9.9960468449348860e-01 +9.9999811866547139e-01 +9.9999808097053178e-01 +9.9999787294986053e-01 +9.9999798778955240e-01 +9.3578251426669256e-05 +7.8978068823670302e-05 +8.5120426409110791e-05 +8.4672309690990238e-05 +6.0906096321156484e-05
 56.50000000 +5.0000000000000000e+00 +1.9999794911568225e+00 +1.9928898671084175e-03 +9.9958766787510178e-01 +9.9999822421646301e-01 +9.9999782219382094e-01 +9.9999823662635445e-01 +9.9999778884648771e-01 +8.9456240353907179e-05 +8.2342775820883399e-05 +7.6432812287881180e-05 +9.2390407958425601e-05 +7.9638021603726836e-05
 57.00000000 +5.0000000000000000e+00 +1.9999769337198670e+00 +1.9893531893233375e-03 +9.9959633712271956e-01 +9.9999811772275637e-01 +9.9999810800215927e-01 +9.9999777802765388e-01 +9.9999815855400576e-01 +8.1922754719819307e-05 +9.8338921652597265e-05 +8.4541322585996871e-05 +8.8591107254042147e-05 +5.8106484139322581e-05
 57.50000000 +5.0000000000000000e+00 +1.9999766207786223e+00 +1.9843764819768494e-03 +9.9960969258458598e-01 +9.9999789540020034e-01 +9.9999794563346578e-01 +9.9999748778091024e-01 +9.9999728980115909e-01 +9.8801506166336389e-05 +7.6404095630875271e-05 +8.4021187069371401e-05 +7.3162019007931854e-05 +6.7300031619911993e-05
 58.00000000 +5.0000000000000000e+00 +1.9999839785622628e+00 +1.9679999419906784e-03 +9.9965649238552556e-01 +9.9999810193468819e-01 +9.9999760386006387e-01 +9.9999847425492361e-01 +9.9999735837857306e-01 +7.3743047394784686e-05 +7.3653441515590480e-05 +5.5843640654483227e-05 +7.7527475403864446e-05 +7.1201540798426872e-05
 58.50000000 +5.0000000000000000e+00 +1.9999783711675414e+00 +1.9854116830581125e-03 +9.9960819795929245e-01 +9.9999742662095137e-01 +9.9999795998077012e-01 +9.9999761399544429e-01 +9.9999765441788058e-01 +6.9942854365780341e-05 +7.6030301904789148e-05 +1.0491394673296324e-04 +7.3551876722012237e-05 +7.6708005667533796e-05
 59.00000000 +5.0000000000000000e+00 +1.9999787292882880e+00 +1.9991796465804001e-03 +9.9957684635579025e-01 +9.9999741609301673e-01 +9.9999799149878243e-01 +9.9999788994380989e-01 +9.9999716130921656e-01 +9.4224193104708437e-05 +1.0417537128668113e-04 +9.3549778595381956e-05 +6.9603409039563726e-05 +7.1142022575112086e-05
 59.50000000 +5.0000000000000000e+00 +1.9999722081296973e+00 +1.9997282252638693e-03 +9.9957546265219288e-01 +9.9999773591834018e-01 +9.9999764615843612e-01 +9.9999775082543341e-01 +9.9999786436261529e-01 +7.4692475165943656e-05 +9.3753645923261880e-05 +7.9504461913659736e-05 +9.5911878836255028e-05 +8.9677639581167191e-05
 60.00000000 +5.0000000000000000e+00 +1.9999791427000559e+00 +1.9733405703553117e-03 +9.9964386789478776e-01 +9.9999721853992851e-01 +9.9999743984448386e-01 +9.9999783489462435e-01 +9.9999739500897922e-01 +7.5203424666379039e-05 +6.7484570124999802e-05 +8.0122407553209350e-05 +7.9042448564658988e-05 +6.4390932532069453e-05
 60.50000000 +5.0000000000000000e+00 +1.9999755041215410e+00 +2.0092353397554849e-03 +9.9955364144980230e-01 +9.9999808507721477e-01 +9.9999732021356968e-01 +9.9999722877294150e-01 +9.9999825161707567e-01 +9.0739199274434261e-05 +1.0600547815213873e-04 +1.0107103654593675e-04 +7.2587880745664593e-05 +8.5069312976139656e-05
 61.00000000 +5.0000000000000000e+00 +1.9999765688292543e+00 +1.9943861996984560e-03 +9.9959394022233794e-01 +9.9999721203583802e-01 +9.9999780672771299e-01 +9.9999668969481748e-01 +9.9999748260830013e-01 +7.2805457935643986e-05 +7.1144823941398353e-05 +9.9292262123021325e-05 +8.9172687929905389e-05 +8.4453494724442889e-05
 61.50000000 +5.0000000000000000e+00 +1.9999725824001835e+00 +1.9938249520095189e-03 +9.9959193234132726e-01 +9.9999682694910585e-01 +9.9999761924710118e-01 +9.9999780322894549e-01 +9.9999701665387997e-01 +8.4756914704254763e-05 +8.9611553935079738e-05 +9.1454004458227199e-05 +6.6862473300264064e-05 +8.6116634599963670e-05
 62.00000000 +5.0000000000000000e+00 +1.9999715949481807e+00 +2.0143816685040694e-03 +9.9954149449153140e-01 +9.9999717840213775e-01 +9.9999762282741256e-01 +9.9999730010930843e-01 +9.9999723909544525e-01 +8.3034447197036744e-05 +1.0502131186086939e-04 +9.0111096820052780e-05 +8.7227722195981386e-05 +1.0377050025906401e-04
 62.50000000 +5.0000000000000000e+00 +1.9999795406591687e+00 +2.0065108896931872e-03 +9.9956475526466837e-01 +9.9999785830119425e-01 +9.9999761193115655e-01 +9.9999747241301673e-01 +9.9999755909997334e-01 +8.7425236190589477e-05 +8.2900420203297799e-05 +9.8291083449537372e-05 +7.3514333660897049e-05 +1.0261189912860714e-04
 63.00000000 +5.0000000000000000e+00 +1.9999724161367061e+00 +1.9950003920874582e-03 +9.9959557993937664e-01 +9.9999664921450426e-01 +9.9999736366034309e-01 +9.9999747586455379e-01 +9.9999711039442829e-01 +8.7408888101771405e-05 +9.7740029319320215e-05 +9.0116730404828433e-05 +5.3597806644771529e-05 +8.6957474490931871e-05
 63.50000000 +5.0000000000000000e+00 +1.9999723285016466e+00 +1.9925080437816069e-03 +9.9960004274518799e-01 +9.9999791040361630e-01 +9.9999759653808296e-01 +9.9999722003232827e-01 +9.9999744163428628e-01 +5.7128544326510033e-05 +1.0001672221705850e-04 +8.8561145786141752e-05 +7.9703064486678590e-05 +8.4379185571446393e-05
 64.00000000 +5.0000000000000000e+00 +1.9999737352707232e+00 +2.0069984645968487e-03 +9.9956329301088309e-01 +9.9999741000110320e-01 +9.9999770018605627e-01 +9.9999730687706556e-01 +9.9999711104929601e-01 +9.6537744897908629e-05 +9.6873336973110771e-05 +6.5009290688624309e-05 +8.5869415638321680e-05 +1.0288908904916862e-04
 64.50000000 +5.0000000000000000e+00 +1.9999722101456670e+00 +2.0236598786186567e-03 +9.9952098829609848e-01 +9.9999743498918747e-01 +9.9999734240393712e-01 +9.9999711420709858e-01 +9.9999783353306715e-01 +8.3226641250542526e-05 +1.1373504624701718e-04 +9.0752336613953821e-05 +1.0209722029824705e-04 +9.9475327672808353e-05
 65.00000000 +5.0000000000000000e+00 +1.9999760445586230e+00 +1.9989058611764566e-03 +9.9958673570783974e-01 +9.9999702633928234e-01 +9.9999711995736573e-01 +9.9999763714884471e-01 +9.9999767302724885e-01 +6.5039263674423765e-05 +7.5074869465945103e-05 +1.1156061625084134e-04 +8.4654474565240952e-05 +8.7478595423676054e-05
 65.50000000 +5.0000000000000000e+00 +1.9999706618118713e+00 +2.0192392795360839e-03 +9.9953206296214114e-01 +9.9999663786881676e-01 +9.9999695685894652e-01 +9.9999712198842194e-01 +9.9999714465405132e-01 +1.0265495363905449e-04 +1.0757292427170829e-04 +1.0173526732104780e-04 +6.5241364031092875e-05 +1.0287113708407014e-04
 66.00000000 +5.0000000000000000e+00 +1.9999725830723807e+00 +2.0209942959332661e-03 +9.9953116932759856e-01 +9.9999649828606574e-01 +9.9999710282748244e-01 +9.9999612550271189e-01 +9.9999692186953648e-01 +1.0881841746181211e-04 +7.9406654275628676e-05 +8.6400419143317913e-05 +9.7065392642135663e-05 +1.1049129901840647e-04
 66.50000000 +5.0000000000000000e+00 +1.9999665314449482e+00 +2.0250105765621178e-03 +9.9951678175443404e-01 +9.9999685178264408e-01 +9.9999717655977927e-01 +9.9999693264607992e-01 +9.9999749188098785e-01 +9.7242540545393956e-05 +1.0250978279741243e-04 +9.4731164646031534e-05 +9.7703289749339860e-05 +1.0257863032451592e-04
 67.00000000 +5.0000000000000000e+00 +1.9999687252310172e+00 +2.0184637274553944e-03 +9.9953244902874305e-01 +9.9999667935114145e-01 +9.9999729169712714e-01 +9.9999768763148100e-01 +9.9999645100037671e-01 +1.1481294833609700e-04 +8.3440027297662029e-05 +1.0912484615764609e-04 +8.6679046535942825e-05 +8.5384389501603559e-05
 67.50000000 +5.0000000000000000e+00 +1.9999740011092055e+00 +2.0171078702997569e-03 +9.9953594510769117e-01 +9.9999680081023345e-01 +9.9999677275324483e-01 +9.9999730279126275e-01 +9.9999760111720215e-01 +1.1368771450772792e-04 +1.1424341866253263e-04 +1.0537842604640877e-04 +7.0743457048278913e-05 +7.1524415101491607e-05
 68.00000000 +5.0000000000000000e+00 +1.9999697451874705e+00 +2.0208315360538431e-03 +9.9952804748654545e-01 +9.9999742750117460e-01 +9.9999707218478695e-01 +9.9999653736339689e-01 +9.9999727162145047e-01 +1.0008726802150574e-04 +9.6292045033350847e-05 +1.0991781599537659e-04 +9.1451227190300036e-05 +8.5895466614934818e-05
 68.50000000 +5.0000000000000000e+00 +1.9999724809927331e+00 +2.0101449398161426e-03 +9.9955332369771765e-01 +9.9999711479674169e-01 +9.9999741865575342e-01 +9.9999755298501170e-01 +9.9999741130891029e-01 +1.2646262011147273e-04 +1.1628514173312466e-04 +8.1422022090968615e-05 +6.8987522059376681e-05 +6.4021232875606361e-05
 69.00000000 +5.0000000000000000e+00 +1.9999700595259180e+00 +2.0148801149991995e-03 +9.9954074798227854e-01 +9.9999666877402504e-01 +9.9999620977013259e-01 +9.9999597739368495e-01 +9.9999679032035005e-01 +8.5044387219064627e-05 +7.5172493433077998e-05 +1.1083734154525727e-04 +1.1746473939195310e-04 +8.5086833586852924e-05
 69.50000000 +5.0000000000000000e+00 +1.9999733102299493e+00 +2.0163817749988930e-03 +9.9953704479535765e-01 +9.9999590866279109e-01 +9.9999648023731069e-01 +9.9999719173275448e-01 +9.9999653731434301e-01 +1.2122506849161878e-04 +1.0111827670364714e-04 +9.0999419242751206e-05 +1.0287050930312663e-04 +6.0623979389027335e-05
 70.00000000 +5.0000000000000000e+00 +1.9999675091076758e+00 +2.0306825406048068e-03 +9.9949829345129571e-01 +9.9999688436323197e-01 +9.9999618355205777e-01 +9.9999616011885839e-01 +9.9999591111179587e-01 +1.1056661318455284e-04 +9.4237085173302072e-05 +8.4989713328658615e-05 +9.1031042651816503e-05 +1.3574296769847683e-04
 70.50000000 +5.0000000000000000e+00 +1.9999675033822706e+00 +2.0147850625557772e-03 +9.9953584265875395e-01 +9.9999635128495101e-01 +9.9999559446126940e-01 +9.9999603938545223e-01 +9.9999741637249018e-01 +1.0136725543761023e-04 +1.0485720629927465e-04 +1.0933766712310875e-04 +5.0423601061485287e-05 +1.1277013791148412e-04
 71.00000000 +5.0000000000000000e+00 +1.9999650836299805e+00 +2.0161481883608904e-03 +9.9953596259972688e-01 +9.9999754403112850e-01 +9.9999522282688957e-01 +9.9999590729144072e-01 +9.9999676894157885e-01 +8.1462401667443610e-05 +8.5743598936601048e-05 +9.6463556605590694e-05 +1.1569967441739670e-04 +9.9225053928749459e-05
 71.50000000 +5.0000000000000000e+00 +1.9999732782144306e+00 +1.9886664745224075e-03 +9.9960642689047829e-01 +9.9999561197634057e-01 +9.9999694952239737e-01 +9.9999610863106314e-01 +9.9999671453471672e-01 +8.9343665556748414e-05 +6.8883744780169799e-05 +8.4640981777033155e-05 +9.1975658115980426e-05 +7.3344394980358487e-05
 72.00000000 +5.0000000000000000e+00 +1.9999582838209953e+00 +2.0188753969841433e-03 +9.9952264745230734e-01 +9.9999634153514494e-01 +9.9999589547863299e-01 +9.9999662976314141e-01 +9.9999637642909400e-01 +9.6849168513180224e-05 +9.3573023522730415e-05 +1.1047883288340510e-04 +1.0370301185414277e-04 +8.7505293241995014e-05
 72.50000000 +5.0000000000000000e+00 +1.9999577538692004e+00 +2.0091685240584667e-03 +9.9955040836916753e-01 +9.9999654064433363e-01 +9.9999669622846132e-01 +9.9999606092069804e-01 +9.9999614576892359e-01 +9.5319804369190504e-05 +8.9664500538744283e-05 +9.1717465732497208e-05 +9.7034052375716983e-05 +9.0412272504713240e-05
 73.00000000 +5.0000000000000000e+00 +1.9999666289169000e+00 +2.0250168438198648e-03 +9.9951201258927991e-01 +9.9999743552180009e-01 +9.9999563303679406e-01 +9.9999710492914429e-01 +9.9999665563910789e-01 +1.0550650965535864e-04 +9.0247590737677733e-05 +1.0977605462624728e-04 +9.9165453865963249e-05 +9.6462684185634159e-05
 73.50000000 +5.0000000000000000e+00 +1.9999664697385018e+00 +2.0266532762843593e-03 +9.9951048030666356e-01 +9.9999669270678471e-01 +9.9999621759056734e-01 +9.9999524417909980e-01 +9.9999599639609604e-01 +7.1149135640438598e-05 +7.9759492595015159e-05 +1.2153192062430581e-04 +1.3462250480509029e-04 +9.8305762827702631e-05
 74.00000000 +5.0000000000000000e+00 +1.9999584112535473e+00 +2.0371058187771142e-03 +9.9947857184240929e-01 +9.9999690979458933e-01 +9.9999545974579074e-01 +9.9999705130953864e-01 +9.9999590344886735e-01 +1.0966854987927167e-04 +8.0605749085442226e-05 +1.1647625664815993e-04 +1.1203902404712097e-04 +1.1731425738701182e-04
 74.50000000 +5.0000000000000000e+00 +1.9999647934646796e+00 +2.0374734431214138e-03 +9.9948043980188717e-01 +9.9999645467871212e-01 +9.9999655288946698e-01 +9.9999704482570939e-01 +9.9999569964127544e-01 +1.1453470496162335e-04 +1.1094557960416684e-04 +1.0821710118380938e-04 +1.0792625869977384e-04 +9.2184514792249760e-05
 75.00000000 +5.0000000000000000e+00 +1.9999713289124428e+00 +2.0086630650956046e-03 +9.9955416237914607e-01 +9.9999573385731477e-01 +9.9999623343011701e-01 +9.9999687053131725e-01 +9.9999583154412153e-01 +7.6151635706720713e-05 +1.0886272293422204e-04 +1.0743073624977659e-04 +7.0261474858538786e-05 +9.8461708859709068e-05
 75.50000000 +5.0000000000000000e+00 +1.9999648348006482e+00 +2.0256711978628521e-03 +9.9950881820629545e-01 +9.9999600444218983e-01 +9.9999576944970592e-01 +9.9999526391971449e-01 +9.9999404385895019e-01 +1.2255432559519331e-04 +8.1168206389037038e-05 +9.4948324296657331e-05 +1.0543281271554860e-04 +1.0599648846830353e-04
 76.00000000 +5.0000000000000000e+00 +1.9999582629781942e+00 +2.0208148303160955e-03 +9.9952231828135940e-01 +9.9999591201827875e-01 +9.9999579008150619e-01 +9.9999530501647638e-01 +9.9999597828792319e-01 +8.8039483343892324e-05 +8.3635328740470834e-05 +1.1701850514002750e-04 +8.3671622223041936e-05 +1.2233134111215232e-04
 76.50000000 +5.0000000000000000e+00 +1.9999568623986297e+00 +2.0549757070245970e-03 +9.9943522379670158e-01 +9.9999590236890534e-01 +9.9999600311364079e-01 +9.9999497092804401e-01 +9.9999732635744110e-01 +1.2982103069927270e-04 +1.1285976185297945e-04 +9.4687088429807039e-05 +1.3578539828135779e-04 +1.0742012310943511e-04
 77.00000000 +5.0000000000000000e+00 +1.9999596023653452e+00 +2.0150898334389739e-03 +9.9953571218539206e-01 +9.9999546279548746e-01 +9.9999508828703332e-01 +9.9999575468653812e-01 +9.9999629822509495e-01 +1.0589325353025291e-04 +1.1277754881445578e-04 +5.4956223826334786e-05 +1.0188043362488656e-04 +1.0617634778393012e-04
 77.50000000 +5.0000000000000000e+00 +1.9999606023688761e+00 +2.0278393182239745e-03 +9.9950409108932137e-01 +9.9999599766376812e-01 +9.9999636513753276e-01 +9.9999619717477617e-01 +9.9999484297847241e-01 +9.6287075758812142e-05 +8.1114917314994793e-05 +5.8208445658256584e-05 +1.3577603673036202e-04 +1.4111948510835622e-04
 78.00000000 +5.0000000000000000e+00 +1.9999567134493279e+00 +2.0382268784808291e-03 +9.9947904028656931e-01 +9.9999535724029809e-01 +9.9999552286254900e-01 +9.9999580732894933e-01 +9.9999616541741365e-01 +1.1048185151096562e-04 +8.3279413880289944e-05 +1.2259408481493894e-04 +1.0210436604429109e-04 +1.1964712700613825e-04
 78.50000000 +5.0000000000000000e+00 +1.9999608911680475e+00 +2.0132534927970172e-03 +9.9954308653378343e-01 +9.9999422587810949e-01 +9.9999584276207321e-01 +9.9999521698358995e-01 +9.9999544593720491e-01 +1.1588297130099571e-04 +8.6958440853303736e-05 +7.4820944178797028e-05 +1.1106403724833737e-04 +8.7455529173402900e-05
 79.00000000 +5.0000000000000000e+00 +1.9999572654633611e+00 +2.0098850992803226e-03 +9.9954962162950112e-01 +9.9999581502237611e-01 +9.9999623018761186e-01 +9.9999534128780665e-01 +9.9999590895603729e-01 +1.0890827999068769e-04 +7.4936490713622692e-05 +1.0884173782801870e-04 +8.9019472099497308e-05 +8.5376941507588666e-05
 79.50000000 +5.0000000000000000e+00 +1.9999512633790721e+00 +2.0172245047240158e-03 +9.9953013574793415e-01 +9.9999552723873630e-01 +9.9999557535180839e-01 +9.9999378307619935e-01 +9.9999607692562831e-01 +1.0853771884833853e-04 +1.2450152960778542e-04 +1.1071768157393609e-04 +6.5482777604256262e-05 +7.9661945976579589e-05
 80.00000000 +5.0000000000000000e+00 +1.9999607160249202e+00 +2.0250937724465563e-03 +9.9951539383545229e-01 +9.9999585155834569e-01 +9.9999547249600718e-01 +9.9999679646656203e-01 +9.9999612858979114e-01 +1.0430234300563098e-04 +9.4626274423589143e-05 +1.0356229995008618e-04 +1.3117743909200831e-04 +6.6688713713633802e-05
 80.50000000 +5.0000000000000000e+00 +1.9999543380202338e+00 +2.0195669379731874e-03 +9.9952698444343202e-01 +9.9999734659872663e-01 +9.9999503170275761e-01 +9.9999482684627283e-01 +9.9999485643744201e-01 +9.8824267192839402e-05 +8.9037531771210800e-05 +9.9393793486712522e-05 +1.1851985517420445e-04 +8.5178511438630517e-05
 81.00000000 +5.0000000000000000e+00 +1.9999542216063173e+00 +2.0664093046617172e-03 +9.9940990999521773e-01 +9.9999566788217709e-01 +9.9999528026501849e-01 +9.9999532650713285e-01 +9.9999444341105159e-01 +1.2634360243347068e-04 +1.3524235522245992e-04 +9.3939674815390764e-05 +1.1964711850729832e-04 +1.3419917325444927e-04
 81.50000000 +5.0000000000000000e+00 +1.9999555693255746e+00 +2.0187514853168289e-03 +9.9952764108799819e-01 +9.9999516129232147e-01 +9.9999530872657150e-01 +9.9999442679488015e-01 +9.9999590967451890e-01 +9.8439617212412795e-05 +8.9940234013316235e-05 +9.4630947481332155e-05 +1.0602424170913780e-04 +1.0251736811245612e-04
 82.00000000 +5.0000000000000000e+00 +1.9999465408139208e+00 +2.0352827837384450e-03 +9.9948178852176317e-01 +9.9999471976184340e-01 +9.9999451452790566e-01 +9.9999413481634614e-01 +9.9999485864383386e-01 +8.8222798436775459e-05 +9.1635562011451875e-05 +1.1630003976673794e-04 +8.1058022924579114e-05 +1.6276730082450498e-04
 82.50000000 +5.0000000000000000e+00 +1.9999463257676522e+00 +2.0427540051309347e-03 +9.9946364675788457e-01 +9.9999646366774098e-01 +9.9999636910561363e-01 +9.9999386525183442e-01 +9.9999487890628802e-01 +1.1885095113836180e-04 +1.1642193221435237e-04 +1.6037931185758087e-04 +7.9340424550875300e-05 +7.9783717056569346e-05
 83.00000000 +5.0000000000000000e+00 +1.9999500091820117e+00 +2.0332413384110876e-03 +9.9949132059183288e-01 +9.9999316988645326e-01 +9.9999300127802138e-01 +9.9999457363558542e-01 +9.9999676831681594e-01 +9.6158654252392114e-05 +8.7906135278399087e-05 +1.2650224984758654e-04 +1.0415223665034015e-04 +1.1644700081033772e-04
 83.50000000 +5.0000000000000000e+00 +1.9999511301522208e+00 +2.0288528246639090e-03 +9.9950233267495436e-01 +9.9999455284886374e-01 +9.9999410321549076e-01 +9.9999526512984371e-01 +9.9999479307733430e-01 +1.0290297962264435e-04 +1.2437468573310917e-04 +8.6896933671389785e-05 +1.1563307148211455e-04 +8.9145388411127725e-05
 84.00000000 +5.0000000000000000e+00 +1.9999517373367459e+00 +2.0395934490170138e-03 +9.9947562560362635e-01 +9.9999427003195374e-01 +9.9999505744416917e-01 +9.9999305802438376e-01 +9.9999524069134449e-01 +1.1703193391195707e-04 +1.2859786266146805e-04 +9.7649048683495670e-05 +1.1845953931164767e-04 +8.5009825268194709e-05
 84.50000000 +5.0000000000000000e+00 +1.9999392434090475e+00 +2.0526408984813281e-03 +9.9943905727996618e-01 +9.9999554470409369e-01 +9.9999502213685565e-01 +9.9999525323499938e-01 +9.9999573957277987e-01 +1.0058492453149938e-04 +1.3007898735396841e-04 +1.1769787768047705e-04 +1.0311726309261109e-04 +1.2790400455510637e-04
 85.00000000 +5.0000000000000000e+00 +1.9999485748291723e+00 +2.0087056587988726e-03 +9.9955441892465213e-01 +9.9999587577568561e-01 +9.9999477299830530e-01 +9.9999506337820443e-01 +9.9999378729984856e-01 +1.0040345459501851e-04 +9.7647006241591386e-05 +1.0743432468213268e-04 +6.1274671110522809e-05 +9.9322197259957428e-05
 85.50000000 +5.0000000000000000e+00 +1.9999593923926358e+00 +1.9821059177678540e-03 +9.9962379306737914e-01 +9.9999428473583263e-01 +9.9999553026772992e-01 +9.9999464131350235e-01 +9.9999370055916592e-01 +7.0677063482185181e-05 +9.7092629750781685e-05 +6.7175367336563436e-05 +8.0582564837892518e-05 +8.2522414469259078e-05
 86.00000000 +5.0000000000000000e+00 +1.9999434766568991e+00 +2.0289207894772319e-03 +9.9950384996056196e-01 +9.9999491487751979e-01 +9.9999363741322267e-01 +9.9999439119703259e-01 +9.9999362246939305e-01 +1.2215832718974408e-04 +1.2243943287056934e-04 +7.7718509951168129e-05 +9.9162212430529531e-05 +9.8105594460893376e-05
 86.50000000 +5.0000000000000000e+00 +1.9999425253450775e+00 +2.0447909435016036e-03 +9.9946387278678228e-01 +9.9999663724309651e-01 +9.9999549045248226e-01 +9.9999345925405436e-01 +9.9999454771383345e-01 +1.0898353235847894e-04 +9.0527691185811557e-05 +1.3112937984939243e-04 +1.1757060266889222e-04 +1.0778135890228082e-04
 87.00000000 +5.0000000000000000e+00 +1.9999541869098381e+00 +1.9834744165327435e-03 +9.9962099721584219e-01 +9.9999550714399277e-01 +9.9999378421841223e-01 +9.9999467918671492e-01 +9.9999447032382305e-01 +8.5508317826600536e-05 +6.5514809102671713e-05 +1.1923395449792722e-04 +4.6834682029692047e-05 +8.3470133510381297e-05
 87.50000000 +5.0000000000000000e+00 +1.9999491688924342e+00 +2.0001313265208100e-03 +9.9957456351798102e-01 +9.9999408727277883e-01 +9.9999441127107502e-01 +9.9999607022293546e-01 +9.9999358269245475e-01 +1.0584113663735228e-04 +8.7447447013054466e-05 +1.0717707579394840e-04 +6.4488079021429343e-05 +8.2331269777393724e-05
 88.00000000 +5.0000000000000000e+00 +1.9999362822263849e+00 +2.0519532066082462e-03 +9.9944118358348089e-01 +9.9999384763428634e-01 +9.9999314360164915e-01 +9.9999344233738185e-01 +9.9999517052997866e-01 +9.0529335244959180e-05 +1.1918524902604825e-04 +1.2159804632170470e-04 +1.2984289581597153e-04 +1.2205677522440928e-04
 88.50000000 +5.0000000000000000e+00 +1.9999378872664946e+00 +2.0642635675554941e-03 +9.9941203031948078e-01 +9.9999337089354134e-01 +9.9999464548550954e-01 +9.9999384028234495e-01 +9.9999368632940133e-01 +1.1572164653961271e-04 +1.3208195991728345e-04 +1.1863749654166709e-04 +1.2205246265633027e-04 +1.2393311228586342e-04
 89.00000000 +5.0000000000000000e+00 +1.9999459117699807e+00 +2.0144156199746383e-03 +9.9954117790872465e-01 +9.9999327622948164e-01 +9.9999368185115889e-01 +9.9999396675818852e-01 +9.9999451663479633e-01 +1.1123095964425423e-04 +1.2471177658222629e-04 +1.1239593723474154e-04 +3.4384770433370822e-05 +1.0065719756667997e-04
 89.50000000 +5.0000000000000000e+00 +1.9999416457895423e+00 +2.0314040464334978e-03 +9.9949963364114003e-01 +9.9999614463721864e-01 +9.9999485806452670e-01 +9.9999287600748965e-01 +9.9999293522219868e-01 +8.2521451338773746e-05 +9.7120161184748252e-05 +9.8003311799554264e-05 +1.0709290372772651e-04 +1.3881460205180320e-04
 90.00000000 +5.0000000000000000e+00 +1.9999517645288665e+00 +2.0227248702568003e-03 +9.9952118277575519e-01 +9.9999351778834311e-01 +9.9999685627708079e-01 +9.9999228020457487e-01 +9.9999484584721787e-01 +9.6438620619118272e-05 +8.1664066408948161e-05 +1.0481521355300093e-04 +1.2247367635247975e-04 +9.5925528673740542e-05
 90.50000000 +5.0000000000000000e+00 +1.9999406106087294e+00 +2.0271471872841500e-03 +9.9950669987351193e-01 +9.9999531793649798e-01 +9.9999357178771042e-01 +9.9999394602856173e-01 +9.9999589515570775e-01 +1.0265190745980084e-04 +8.8570782537751518e-05 +1.2748298952126673e-04 +9.1870730520333664e-05 +1.0399278489269632e-04
 91.00000000 +5.0000000000000000e+00 +1.9999362494796291e+00 +2.0679527605711712e-03 +9.9940207153038318e-01 +9.9999435066715903e-01 +9.9999260707340709e-01 +9.9999224045382173e-01 +9.9999311117195155e-01 +1.2835948960717534e-04 +1.1013834871367234e-04 +1.2525986661385106e-04 +1.3804587054488807e-04 +1.2381553580780792e-04
 91.50000000 +5.0000000000000000e+00 +1.9999347669457508e+00 +1.9918218993870847e-03 +9.9959627230629355e-01 +9.9999539286635197e-01 +9.9999200731154025e-01 +9.9999662514543075e-01 +9.9999259990751344e-01 +8.2459840696114657e-05 +8.9408671760151732e-05 +1.3142735859809923e-04 +7.3183148962539116e-05 +5.0623447210173115e-05
 92.00000000 +5.0000000000000000e+00 +1.9999342102470603e+00 +2.0654159173395894e-03 +9.9941024501940412e-01 +9.9999490713367656e-01 +9.9999238259220513e-01 +9.9999289545863279e-01 +9.9999190899528789e-01 +1.5114440441677565e-04 +1.2682005045344999e-04 +9.0231230784836890e-05 +1.4017342589981094e-04 +1.0929168360159648e-04
 92.50000000 +5.0000000000000000e+00 +1.9999333147011176e+00 +2.0569763827408020e-03 +9.9943362431241944e-01 +9.9999362282202875e-01 +9.9999451818822926e-01 +9.9999357078627182e-01 +9.9999333895716525e-01 +1.4060755630460284e-04 +1.2858092713187081e-04 +1.0026059355082930e-04 +1.1631861659216287e-04 +1.0555724050975478e-04
 93.00000000 +5.0000000000000000e+00 +1.9999489161738448e+00 +2.0052296988789923e-03 +9.9956793949492539e-01 +9.9999381386162378e-01 +9.9999264298267054e-01 +9.9999437776001632e-01 +9.9999159591099618e-01 +8.1780734824940892e-05 +1.5375922866530019e-04 +5.3354640669911577e-05 +8.7668390772391823e-05 +8.3066987102135457e-05
 93.50000000 +5.0000000000000000e+00 +1.9999446801294420e+00 +2.0296852776477371e-03 +9.9950349984582454e-01 +9.9999183070244069e-01 +9.9999126306072050e-01 +9.9999410998874694e-01 +9.9999427930960094e-01 +1.1711465008446704e-04 +8.1090823789587189e-05 +1.3464078907669000e-04 +1.0055696845405094e-04 +9.1613859830887579e-05
 94.00000000 +5.0000000000000000e+00 +1.9999270053999170e+00 +2.0262163977947320e-03 +9.9950237963038768e-01 +9.9999454918081065e-01 +9.9999337157377466e-01 +9.9999200354134377e-01 +9.9999042583924169e-01 +1.6789773054956531e-04 +6.8002295708247674e-05 +9.2956186891140973e-05 +1.0002691727303534e-04 +9.8387107459607502e-05
 94.50000000 +5.0000000000000000e+00 +1.9999245155204490e+00 +2.0544539882737536e-03 +9.9943710594267954e-01 +9.9999488379827184e-01 +9.9999410671511701e-01 +9.9999047925554840e-01 +9.9999403338298021e-01 +1.1594618177935953e-04 +1.2015743956402330e-04 +1.2726341937797759e-04 +1.0324745851196479e-04 +1.2277641997611449e-04
 95.00000000 +5.0000000000000000e+00 +1.9999285362285892e+00 +2.0287516083143408e-03 +9.9950022195669719e-01 +9.9999145395143429e-01 +9.9999717919984299e-01 +9.9999106776082503e-01 +9.9999638805424484e-01 +1.1465683281653296e-04 +8.9387809044198785e-05 +9.4321940935961464e-05 +1.0803094694178445e-04 +1.1729157317606312e-04
 95.50000000 +5.0000000000000000e+00 +1.9999250882088293e+00 +2.0621249299050846e-03 +9.9941787048817710e-01 +9.9999283730521726e-01 +9.9999039078775587e-01 +9.9999465336689675e-01 +9.9999166673968509e-01 +9.4526698109633032e-05 +1.4456094350313387e-04 +9.0832420288213737e-05 +1.5872608897992928e-04 +1.2393517584411858e-04
 96.00000000 +5.0000000000000000e+00 +1.9999234267307850e+00 +2.0788075500973967e-03 +9.9937186153075808e-01 +9.9999477295979600e-01 +9.9999437236498112e-01 +9.9999185129767987e-01 +9.9999454804129417e-01 +7.8635565846427394e-05 +1.2644754111039926e-04 +1.3866547534016881e-04 +1.4461036682617278e-04 +1.6423485855562780e-04
 96.50000000 +5.0000000000000000e+00 +1.9999305486970802e+00 +2.0340450357243692e-03 +9.9948913288700736e-01 +9.9999232617960954e-01 +9.9999428808191004e-01 +9.9999333214079544e-01 +9.9999351735006270e-01 +1.3078703779500835e-04 +9.8329067834995081e-05 +1.6788030222699807e-04 +3.8004758862501372e-05 +1.0240219636626419e-04
 97.00000000 +5.0000000000000000e+00 +1.9999154196240745e+00 +2.0328409012648919e-03 +9.9947783033135118e-01 +9.9999346373330344e-01 +9.9999500015849951e-01 +9.9999117594630071e-01 +9.9999138874614135e-01 +1.3019119387809206e-04 +1.1671780563582155e-04 +9.8266167412435542e-05 +8.5286051580818890e-05 +1.2067988107302735e-04
 97.50000000 +5.0000000000000000e+00 +1.9999249584126677e+00 +2.0240039158481542e-03 +9.9951262374738425e-01 +9.9999200989989145e-01 +9.9999273381949494e-01 +9.9999145903084030e-01 +9.9999425712751555e-01 +1.1730849445796891e-04 +5.1848786965459245e-05 +1.4833085244835421e-04 +8.7222475437381439e-05 +1.1220575032446720e-04
 98.00000000 +5.0000000000000000e+00 +1.9999251321070117e+00 +2.0362138166676062e-03 +9.9948188378159453e-01 +9.9999013512918877e-01 +9.9999265979272289e-01 +9.9999009561048269e-01 +9.9999148642499314e-01 +1.5535879458934866e-04 +1.2298618082268975e-04 +8.4922274161587460e-05 +8.8689346637838785e-05 +1.0178266394501795e-04
 98.50000000 +5.0000000000000000e+00 +1.9999113650841078e+00 +2.0624245644794061e-03 +9.9941373786296728e-01 +9.9999400601909161e-01 +9.9999131176651235e-01 +9.9999223078964905e-01 +9.9999293938727174e-01 +8.3481390167200248e-05 +1.5590742144883324e-04 +1.3700089949959742e-04 +9.6202458717666348e-05 +1.4318200853507610e-04
 99.00000000 +5.0000000000000000e+00 +1.9999184598331772e+00 +2.0465812236225515e-03 +9.9945770664077749e-01 +9.9999006513209610e-01 +9.9999081765933406e-01 +9.9999191873523707e-01 +9.9999343501273685e-01 +1.1146053971247383e-04 +1.4213407479998853e-04 +1.0388576459592662e-04 +8.1506683994297293e-05 +1.3706975216523491e-04
 99.50000000 +5.0000000000000000e+00 +1.9999152818287471e+00 +2.0452099901116815e-03 +9.9945459665210612e-01 +9.9998941668474306e-01 +9.9999493438270737e-01 +9.9999302265562762e-01 +9.9999391901065415e-01 +1.5813551974600814e-04 +1.2857054321575658e-04 +1.3570087672951580e-04 +3.9871625052556383e-05 +1.1183206226391670e-04
100.00000000 +5.0000000000000000e+00 +1.9999244397635465e+00 +2.0762235765436126e-03 +9.9938190254639880e-01 +9.9998983074356018e-01 +9.9999009659197446e-01 +9.9999207613348218e-01 +9.9999111609966773e-01 +1.5076128436470175e-04 +1.7058609993523454e-04 +7.4885163731366287e-05 +1.1530993675270973e-04 +1.4343542424795702e-04
100.50000000 +5.0000000000000000e+00 +1.9999128103544728e+00 +2.0209159527819921e-03 +9.9952385654206810e-01 +9.9999019143639412e-01 +9.9999302785316435e-01 +9.9999260543378976e-01 +9.9999105523186105e-01 +1.1788205905184032e-04 +1.3915906229677939e-04 +9.2007347901086905e-06 +9.6853957931189628e-05 +1.4616768432725491e-04
101.00000000 +5.0000000000000000e+00 +1.9999031794908171e+00 +2.0735135324677070e-03 +9.9938471480594560e-01 +9.9999315004018208e-01 +9.9998853365210594e-01 +9.9999350813489463e-01 +9.9999189803035193e-01 +1.0971547209304710e-04 +1.3979573870903585e-04 +9.1357104238035317e-05 +1.6756123096991964e-04 +1.3976580394146212e-04
101.50000000 +5.0000000000000000e+00 +1.9999186602279855e+00 +2.0288413325454534e-03 +9.9949929053620989e-01 +9.9999047882154068e-01 +9.9999206284896380e-01 +9.9999206649271621e-01 +9.9999212125480141e-01 +1.1499520545132337e-04 +1.1473598126041696e-04 +5.6538708175831446e-05 +1.3759636029546496e-04 +1.1011380004873323e-04
102.00000000 +5.0000000000000000e+00 +1.9999103622546310e+00 +2.0964965417191572e-03 +9.9932473983692149e-01 +9.9999153216161296e-01 +9.9999129637941631e-01 +9.9998886020700872e-01 +9.9999160001125587e-01 +1.3275558336631218e-04 +1.4559950766874211e-04 +1.1927344637689826e-04 +1.7954770974513390e-04 +1.3479516781896193e-04
102.50000000 +5.0000000000000000e+00 +1.9999173413092930e+00 +2.0844135779486809e-03 +9.9935922572236013e-01 +9.9999389698263264e-01 +9.9998980486566313e-01 +9.9998946725806326e-01 +9.9999440394651840e-01 +1.3637801050969962e-04 +1.1605451292356267e-04 +1.1975475540126498e-04 +1.0366675068463311e-04 +1.9734717795301648e-04
103.00000000 +5.0000000000000000e+00 +1.9999117181133068e+00 +2.0492553970115229e-03 +9.9944850998100920e-01 +9.9999383579068446e-01 +9.9999087394101993e-01 +9.9999063299414859e-01 +9.9999048883806918e-01 +1.3299298710306884e-04 +9.8537109458078393e-05 +1.4046680520385309e-04 +8.8192687103972784e-05 +1.2546884962026962e-04
103.50000000 +5.0000000000000000e+00 +1.9999059315857783e+00 +2.0471791724117781e-03 +9.9945023199659322e-01 +9.9999679372871564e-01 +9.9999379408866218e-01 +9.9999564630870275e-01 +9.9999477629390565e-01 +1.1017617415180074e-04 +1.4750659433191850e-04 +9.1257261275768894e-05 +7.6731404720970924e-05 +1.4308615961324174e-04
104.00000000 +5.0000000000000000e+00 +1.9999089920877804e+00 +2.0807792345706438e-03 +9.9936922593398425e-01 +9.9999357015339430e-01 +9.9998999992175042e-01 +9.9999288509652373e-01 +9.9999178345005069e-01 +1.7805676426508392e-04 +9.0621593051356313e-05 +1.4703780649154210e-04 +1.2081785504445488e-04 +1.2600141973220688e-04
104.50000000 +5.0000000000000000e+00 +1.9999166841071212e+00 +1.9989717507953265e-03 +9.9957248190902426e-01 +9.9999209577999693e-01 +9.9999291846018201e-01 +9.9999205932331348e-01 +9.9999190102747604e-01 +1.2671973879210493e-04 +5.4779107829673838e-05 +1.4161178951213878e-04 +1.0788461561368745e-04 +2.7548235162203269e-05
105.00000000 +5.0000000000000000e+00 +1.9999188820453182e+00 +2.0695670600217680e-03 +9.9940555910293338e-01 +9.9999097060989039e-01 +9.9998992557300581e-01 +9.9999219646886472e-01 +9.9999134194864026e-01 +1.4234934737893657e-04 +9.7379058798643150e-05 +1.4903059816522151e-04 +1.2530045829664199e-04 +1.1594684459205564e-04
105.50000000 +5.0000000000000000e+00 +1.9999009824449492e+00 +2.0610372274871263e-03 +9.9941493943774939e-01 +9.9999097095484246e-01 +9.9999134907205622e-01 +9.9999076995608027e-01 +9.9998878716393513e-01 +4.0882504211538758e-05 +1.1181344761528115e-04 +1.4270747999001312e-04 +2.3936008525912651e-04 +8.8419921156326708e-05
106.00000000 +5.0000000000000000e+00 +1.9999002136216155e+00 +2.0740247252126458e-03 +9.9938919998164211e-01 +9.9999154212761987e-01 +9.9999038702599041e-01 +9.9999165564928183e-01 +9.9999499173447459e-01 +1.4962853554929291e-04 +1.0636631364084903e-04 +1.1036906729415771e-04 +1.7587751812965822e-04 +9.9982056629192823e-05
106.50000000 +5.0000000000000000e+00 +1.9999066142147943e+00 +2.0407730477003971e-03 +9.9947011846971523e-01 +9.9999034763453243e-01 +9.9999467826956967e-01 +9.9999131622907078e-01 +9.9999290702125365e-01 +1.3272534175691786e-04 +8.8828645124921796e-05 +9.6000672808881202e-05 +1.2675060315144336e-04 +1.1632711159997477e-04
107.00000000 +5.0000000000000000e+00 +1.9999032488491459e+00 +2.0002217853491828e-03 +9.9956703116311418e-01 +9.9999155759368485e-01 +9.9999381697097334e-01 +9.9999079461388840e-01 +9.9998767705857183e-01 +6.8262623229115889e-05 +1.5762945316232288e-04 +1.1468224238419687e-04 +8.4418470995293037e-05 +4.4129787562090417e-05
107.50000000 +5.0000000000000000e+00 +1.9998976337140477e+00 +2.0550439982520551e-03 +9.9943744449733851e-01 +9.9999333336123142e-01 +9.9999183368305233e-01 +9.9999151537442910e-01 +9.9999260378366284e-01 +1.3012692828037316e-04 +9.0702562382165481e-05 +1.5890016822722147e-04 +1.2114904720913083e-04 +9.2390610756522534e-05
108.00000000 +5.0000000000000000e+00 +1.9999077553332785e+00 +2.0037874369289660e-03 +9.9955979174004261e-01 +9.9998747044894221e-01 +9.9999053954605577e-01 +9.9998873383244868e-01 +9.9999160800549269e-01 +1.4689977955185951e-04 +7.6378182366460942e-05 +6.1825365498759810e-05 +1.0774721942304719e-04 +8.9005885004967266e-05
108.50000000 +5.0000000000000000e+00 +1.9998871070306807e+00 +2.0885689359906863e-03 +9.9934351731192284e-01 +9.9999461693063929e-01 +9.9998953072341945e-01 +9.9998442935040410e-01 +9.9998956086984359e-01 +1.8510790480116721e-04 +1.4748084501944024e-04 +1.3666317618700146e-04 +1.3468428192760996e-04 +9.4408627777256592e-05
109.00000000 +5.0000000000000000e+00 +1.9998842252182203e+00 +2.1007722567959121e-03 +9.9931736120553394e-01 +9.9998656367611982e-01 +9.9999205256861290e-01 +9.9998535308631031e-01 +9.9999257421251242e-01 +1.9571379883396735e-04 +1.3836424035135699e-04 +1.7926441093847129e-04 +1.5642742099311938e-04 +5.6325362762924125e-05
109.50000000 +5.0000000000000000e+00 +1.9999132407954854e+00 +2.0778909241072436e-03 +9.9938232857373499e-01 +9.9999350123460895e-01 +9.9999140085125682e-01 +9.9999058656819895e-01 +9.9999242866532501e-01 +1.5090721764486755e-04 +5.3668894570485175e-05 +1.1536570506140645e-04 +1.8593003473105723e-04 +1.4388223347495577e-04
110.00000000 +5.0000000000000000e+00 +1.9999004799146474e+00 +2.0755640661694794e-03 +9.9938730754259675e-01 +9.9999187324106398e-01 +9.9998913206388440e-01 +9.9999142391864837e-01 +9.9998933188270722e-01 +7.4385053888454964e-05 +1.5582493040578154e-04 +1.5368484100155484e-04 +1.3047572097560326e-04 +1.3656079993164025e-04
110.50000000 +5.0000000000000000e+00 +1.9998976851662804e+00 +1.9852141261932827e-03 +9.9960703105689197e-01 +9.9998819044044862e-01 +9.9998739238672429e-01 +9.9999232365955515e-01 +9.9998913923227550e-01 +7.7180360416459850e-05 +1.0693364293613256e-04 +5.9284232342822475e-05 +7.9907903018276412e-05 +1.1261706857776086e-04
111.00000000 +5.0000000000000000e+00 +1.9998959494440975e+00 +2.0679448369725502e-03 +9.9940012023922886e-01 +9.9999036110346162e-01 +9.9999109352569004e-01 +9.9999101065065688e-01 +9.9999518740040838e-01 +1.4814935442041886e-04 +1.3742766079184249e-04 +1.5866517437729751e-04 +1.3412192763848245e-04 +5.3862947017801648e-05
111.50000000 +5.0000000000000000e+00 +1.9998981945498397e+00 +1.9727870691457578e-03 +9.9963902642706559e-01 +9.9998947590086718e-01 +9.9998680509967697e-01 +9.9998794413110259e-01 +9.9998754508249932e-01 +1.1324251707869610e-04 +5.4655827042512170e-05 +8.6532493772097893e-05 +1.0848129787380240e-04 +4.6291244115832001e-05
112.00000000 +5.0000000000000000e+00 +1.9999068820662678e+00 +2.0567917124094713e-03 +9.9944169324803700e-01 +9.9999137820033124e-01 +9.9998320142165209e-01 +9.9999372080047588e-01 +9.9999097559385741e-01 +7.3614674469283270e-05 +1.3526468056988732e-04 +7.8256532520078710e-05 +1.8446433220491390e-04 +1.2743053529752269e-04
112.50000000 +5.0000000000000000e+00 +1.9998962892476415e+00 +1.9984140738040692e-03 +9.9957598033261252e-01 +9.9999379031753488e-01 +9.9999049611036050e-01 +9.9998823700986572e-01 +9.9999275519033204e-01 +1.0406130987517519e-05 +1.2081840823262475e-04 +8.9236685456871843e-05 +9.5440944711380001e-05 +1.4283888480176994e-04
113.00000000 +5.0000000000000000e+00 +1.9999132470837349e+00 +2.0266563077533215e-03 +9.9950981056100674e-01 +9.9999218362703135e-01 +9.9998870711581955e-01 +9.9999022281241479e-01 +9.9998926945245947e-01 +9.9148752836487899e-05 +1.6316648194329903e-04 +7.0847875843431182e-05 +5.4706077523373145e-05 +1.4193725469417842e-04
113.50000000 +5.0000000000000000e+00 +1.9998763324783568e+00 +2.0611342512458705e-03 +9.9941033405760549e-01 +9.9998777360226809e-01 +9.9998720232854066e-01 +9.9998766927649696e-01 +9.9998659068003848e-01 +1.5730922860040603e-04 +1.3149496329420911e-04 +2.1294351256493296e-04 +8.2466760680796733e-05 +5.6215573924888642e-05
114.00000000 +5.0000000000000000e+00 +1.9998729700375821e+00 +2.0830028129043172e-03 +9.9935983031602016e-01 +9.9998686874955267e-01 +9.9998807790769062e-01 +9.9999145879279439e-01 +9.9998663158066048e-01 +1.0006338602429790e-04 +1.0227042354619845e-04 +9.7146531094684935e-05 +1.7255970424532918e-04 +2.1509262733494555e-04
114.50000000 +5.0000000000000000e+00 +1.9998789887520829e+00 +2.0810577020291361e-03 +9.9937368072353494e-01 +9.9999170037599006e-01 +9.9998723217453633e-01 +9.9998886463197090e-01 +9.9998767824859225e-01 +1.0668551970451370e-04 +1.4107465106392856e-04 +1.4467923986609572e-04 +1.1444883001892165e-04 +1.6395558853805737e-04
115.00000000 +5.0000000000000000e+00 +1.9998985104971556e+00 +2.0576785406498945e-03 +9.9943102941812001e-01 +9.9998884080116635e-01 +9.9998929301812600e-01 +9.9998724332691502e-01 +9.9998678249245365e-01 +1.2943434752062580e-04 +1.5071766579798624e-04 +8.1388194110858179e-05 +1.6250232754618489e-04 +9.2768422012516339e-05
115.50000000 +5.0000000000000000e+00 +1.9998737357724561e+00 +2.0996450947915473e-03 +9.9932124797805733e-01 +9.9998916453562980e-01 +9.9998805996926177e-01 +9.9999194741650033e-01 +9.9998496098829770e-01 +9.4686953500455547e-05 +6.5372122160517674e-05 +1.8608928771774477e-04 +1.6871093490455048e-04 +2.0975981881845722e-04
116.00000000 +5.0000000000000000e+00 +1.9998912652372542e+00 +2.0975278047361485e-03 +9.9933942449632840e-01 +9.9998447032680260e-01 +9.9998687381244111e-01 +9.9998631301535446e-01 +9.9999087205513781e-01 +1.2515715105620211e-04 +4.1586104219427330e-05 +1.9211230273456315e-04 +1.9934111495854780e-04 +1.5384961729080494e-04
116.50000000 +5.0000000000000000e+00 +1.9998796548721751e+00 +2.0658759182008561e-03 +9.9940545468506270e-01 +9.9998548912463980e-01 +9.9998643939039245e-01 +9.9998556062922062e-01 +9.9998554831033026e-01 +1.6966489579152912e-04 +9.2080898786846407e-05 +1.4274043325002210e-04 +9.3413275861203816e-05 +1.5360837125688229e-04
117.00000000 +5.0000000000000000e+00 +1.9998786622745768e+00 +2.1017150636129692e-03 +9.9931690927684735e-01 +9.9999179955778450e-01 +9.9998810979317321e-01 +9.9998671164017694e-01 +9.9998895465463666e-01 +1.2812970030740326e-04 +1.7053664059970227e-04 +1.6064093229744035e-04 +1.2939331938771140e-04 +1.3881450248678774e-04
117.50000000 +5.0000000000000000e+00 +1.9998672027475617e+00 +2.1510481437541167e-03 +9.9918100503364127e-01 +9.9998110773552362e-01 +9.9998390495986011e-01 +9.9999066507568379e-01 +9.9998954263837114e-01 +2.1146162815649118e-04 +1.5672822951404193e-04 +2.0699627980746521e-04 +1.2929777764857849e-04 +1.6929065944584794e-04
118.00000000 +5.0000000000000000e+00 +1.9998811971810468e+00 +2.0441280986670481e-03 +9.9946160791194705e-01 +9.9998771379834517e-01 +9.9998918054687003e-01 +9.9998872496397595e-01 +9.9998501965610365e-01 +1.9384787654750226e-04 +7.1852093873217199e-05 +1.3135834457868141e-04 +1.0087164799144802e-04 +8.9823155145094116e-05
118.50000000 +5.0000000000000000e+00 +1.9998581486273768e+00 +2.1331000257361074e-03 +9.9923379657092681e-01 +9.9998692695840952e-01 +9.9999233346849148e-01 +9.9998912660819206e-01 +9.9999209740960149e-01 +1.2051521257369673e-04 +1.5962619536404057e-04 +1.9310253237774560e-04 +1.8063230366883925e-04 +1.5184274965607277e-04
119.00000000 +5.0000000000000000e+00 +1.9998669984670450e+00 +2.1350820848895719e-03 +9.9923090210049859e-01 +9.9999799556781954e-01 +9.9998951046704820e-01 +9.9999234503608680e-01 +9.9998553016051517e-01 +1.5595977956327925e-04 +2.2921459214499335e-04 +1.6202724186417327e-04 +1.9595060407167803e-04 +6.0564463923999949e-05
119.50000000 +5.0000000000000000e+00 +1.9998743086945887e+00 +1.9995377562376441e-03 +9.9956603265709698e-01 +9.9998473039375479e-01 +9.9999071441679865e-01 +9.9998667422447995e-01 +9.9999155357000691e-01 +8.3226958185695832e-05 +1.3490841606447320e-04 +1.1141835437635096e-05 +1.1129965008043997e-04 +1.3971788288607263e-04
120.00000000 +5.0000000000000000e+00 +1.9998730590654639e+00 +2.0436104927355442e-03 +9.9945957737269819e-01 +9.9998936241232761e-01 +9.9998223895909077e-01 +9.9998464626820538e-01 +9.9999001759152684e-01 +1.2287350608878651e-04 +1.7177773651446532e-04 +1.3221568266665311e-04 +7.3383685102032612e-05 +9.3906768876224778e-05
120.50000000 +5.0000000000000000e+00 +1.9998808465991926e+00 +2.0250395738793153e-03 +9.9951920827610041e-01 +9.9998619122168353e-01 +9.9999176239022325e-01 +9.9998220185483544e-01 +9.9998469507087506e-01 +1.4378339096758109e-04 +1.3462003819758627e-04 +1.0600765054691296e-04 +6.7304882604408211e-05 +8.4225234215321129e-05
121.00000000 +5.0000000000000000e+00 +1.9998724025860743e+00 +2.0431728535940598e-03 +9.9946806223990070e-01 +9.9998456189961316e-01 +9.9998638898390513e-01 +9.9998721287835235e-01 +9.9998772673496628e-01 +1.4932621670378873e-04 +1.2752519150233379e-04 +1.4257859384505134e-04 +1.4506545539925866e-04 +2.1551818542287523e-05
121.50000000 +5.0000000000000000e+00 +1.9998636824858782e+00 +2.0693654986524371e-03 +9.9938724216800112e-01 +9.9998548208758675e-01 +9.9998673375757097e-01 +9.9998732487862652e-01 +9.9998890435910570e-01 +1.7125195463411859e-04 +1.3480729612739054e-04 +1.4315116735504467e-04 +7.6888429559468304e-05 +1.3821389234153016e-04
122.00000000 +5.0000000000000000e+00 +1.9998590724226504e+00 +2.0992773630791016e-03 +9.9933235106798279e-01 +9.9998517026911549e-01 +9.9998878220631171e-01 +9.9998269894076808e-01 +9.9998723675775436e-01 +7.9468397682039404e-05 +1.7629976694190285e-04 +1.7028824661901391e-04 +1.3076649592225827e-04 +1.6693785339192896e-04
122.50000000 +5.0000000000000000e+00 +1.9998586824615185e+00 +2.0173746638216476e-03 +9.9952125994541041e-01 +9.9998197383749776e-01 +9.9998122816850332e-01 +9.9998150745588621e-01 +9.9998397361211377e-01 +5.1627714315968421e-05 +9.0234073125421155e-05 +8.2162086114962468e-05 +7.1954762425029315e-05 +2.5407833722048551e-04
123.00000000 +5.0000000000000000e+00 +1.9998584565370612e+00 +2.0880169581887829e-03 +9.9935412319660566e-01 +9.9998797812450280e-01 +9.9998457635592253e-01 +9.9998688968894356e-01 +9.9998936266857941e-01 +8.7517241965335527e-05 +1.5230870444562060e-04 +2.5152432819558537e-05 +2.1963940766813315e-04 +2.1245216154849216e-04
123.50000000 +5.0000000000000000e+00 +1.9998648467639175e+00 +2.0283486543310296e-03 +9.9949637489162590e-01 +9.9998396613102858e-01 +9.9998743560209424e-01 +9.9998626175781469e-01 +9.9998918690634020e-01 +2.3371564047053867e-04 +4.1442179760260544e-05 +1.1742632211806095e-04 +1.0799996230062428e-04 +5.6190595629935323e-05
124.00000000 +5.0000000000000000e+00 +1.9998323906513131e+00 +2.1474292353914400e-03 +9.9919175090520973e-01 +9.9998516936420545e-01 +9.9998860432593617e-01 +9.9998940258427427e-01 +9.9998481466976008e-01 +1.9188432532234298e-04 +1.4137196232697692e-04 +1.2520851120103484e-04 +1.7806366290004226e-04 +2.2372969693382707e-04
124.50000000 +5.0000000000000000e+00 +1.9998572065439166e+00 +2.1271164591360778e-03 +9.9925040163537326e-01 +9.9998847039041272e-01 +9.9998388485501111e-01 +9.9998827337382068e-01 +9.9999744652408773e-01 +1.1638847517331736e-04 +1.6718539651997571e-04 +2.3867711185969519e-04 +1.2198420834300844e-04 +1.4728802261449326e-04
125.00000000 +5.0000000000000000e+00 +1.9998246217036715e+00 +2.1662574339156282e-03 +9.9914825394911200e-01 +9.9997995239978732e-01 +9.9998723754261221e-01 +9.9998358531607512e-01 +9.9999213503058937e-01 +1.4543043669792912e-04 +2.8377315995406271e-04 +1.1402610801071957e-04 +2.5559207893300625e-04 +1.1001399229680571e-04
125.50000000 +5.0000000000000000e+00 +1.9998375810228235e+00 +2.1224560900593489e-03 +9.9926181500532396e-01 +9.9998447479568520e-01 +9.9998242006385851e-01 +9.9998885313878372e-01 +9.9998516720286157e-01 +2.0356117697183020e-04 +1.8277801624139308e-04 +1.2534806671492444e-04 +1.2642124468851729e-04 +1.5916129665216461e-04
126.00000000 +5.0000000000000000e+00 +1.9998479219325245e+00 +2.0940371470332671e-03 +9.9932686796553916e-01 +9.9998516487919609e-01 +9.9998055622555482e-01 +9.9999191221735417e-01 +9.9998494475014843e-01 +7.1621805456697498e-05 +5.4450411555490183e-05 +2.0509676968193669e-04 +1.1077521068488495e-04 +2.8860976689599538e-04
126.50000000 +5.0000000000000000e+00 +1.9998683111047491e+00 +2.0320851478476303e-03 +9.9949181277879651e-01 +9.9998142638721665e-01 +9.9998124520000675e-01 +9.9997919210098918e-01 +9.9998804396867791e-01 +1.4084075206764735e-04 +8.0552149403443200e-05 +1.2559511415241538e-04 +3.7345661321151852e-06 +2.2755698852568979e-04
127.00000000 +5.0000000000000000e+00 +1.9998294342697127e+00 +2.1532245531293639e-03 +9.9917889040465047e-01 +9.9998686352110755e-01 +9.9998657384631617e-01 +9.9998260550501605e-01 +9.9997821012851584e-01 +1.9919020648400640e-04 +1.9184518303664075e-04 +2.0386011713344638e-04 +1.6279464679483927e-04 +1.2916643954110753e-04
127.50000000 +5.0000000000000000e+00 +1.9998340451788543e+00 +2.1035220131898529e-03 +9.9929979816619252e-01 +9.9999372924602159e-01 +9.9998619764895813e-01 +9.9998217834158531e-01 +9.9998353258655415e-01 +1.7589725381209859e-04 +1.8196912554212734e-04 +1.1617894676072907e-04 +1.0575954324738177e-04 +1.7475914140607457e-04
128.00000000 +5.0000000000000000e+00 +1.9998440752129214e+00 +2.0844451548436916e-03 +9.9935726929332536e-01 +9.9998816795909440e-01 +9.9998376926245880e-01 +9.9998949539149862e-01 +9.9998742580926236e-01 +1.9974600234011353e-04 +1.3809607837433075e-04 +1.3103600335421104e-04 +1.6303195624073666e-04 +6.1962234596980650e-05
128.50000000 +5.0000000000000000e+00 +1.9998112764328115e+00 +2.0248966324499218e-03 +9.9949919149310706e-01 +9.9998231607674826e-01 +9.9998076906740263e-01 +9.9997970291965843e-01 +9.9997737103338746e-01 +1.3793414523270329e-04 +4.2650698947029323e-05 +5.9201777254832244e-05 +2.9828694258083861e-04 +4.2575851779162467e-05
129.00000000 +5.0000000000000000e+00 +1.9998143155941521e+00 +2.1452139755411877e-03 +9.9918767797153030e-01 +9.9998158497654255e-01 +9.9998388470047672e-01 +9.9998567243985925e-01 +9.9998215384998634e-01 +1.2448000139528626e-04 +2.0636355329821285e-04 +1.6402814347534831e-04 +2.4822456971354485e-04 +1.3592979523046044e-04
129.50000000 +5.0000000000000000e+00 +1.9998240544844474e+00 +2.0928180058386466e-03 +9.9932844205766758e-01 +9.9998962653253309e-01 +9.9999291582223748e-01 +9.9997072641012819e-01 +9.9998825723082507e-01 +8.8468869127471578e-05 +1.7763195581151919e-04 +1.7068917848975351e-04 +1.6719352423807561e-04 +1.2604842390384551e-04
130.00000000 +5.0000000000000000e+00 +1.9998489035426432e+00 +2.0478730338865845e-03 +9.9944502372980948e-01 +9.9998911591289297e-01 +9.9997874865308523e-01 +9.9999240345695839e-01 +9.9998145252685855e-01 +1.2290376520463300e-04 +1.9116649651494046e-04 +9.3847139011872174e-05 +1.2346251806723114e-04 +8.1875813942387975e-05
130.50000000 +5.0000000000000000e+00 +1.9998520126617532e+00 +2.0921691191151505e-03 +9.9934681306433926e-01 +9.9999125987502369e-01 +9.9998232973086654e-01 +9.9998759367037870e-01 +9.9998384628864323e-01 +1.4480879423692960e-04 +1.6389185004573518e-04 +1.5853832956494449e-04 +9.9891263483871328e-05 +1.4102712102148011e-04
131.00000000 +5.0000000000000000e+00 +1.9998261140764391e+00 +2.1072695675148126e-03 +9.9931025843301979e-01 +9.9998046576481769e-01 +9.9998320209884539e-01 +9.9998253627060607e-01 +9.9999067151061993e-01 +2.5796170523028006e-04 +8.4704480538428786e-05 +1.3112718928342285e-04 +8.8398749277033528e-05 +1.9067378573621877e-04
131.50000000 +5.0000000000000000e+00 +1.9997911328301650e+00 +2.2055576736397576e-03 +9.9904333627022779e-01 +9.9998323555171886e-01 +9.9998207433985675e-01 +9.9999328267504273e-01 +9.9998222588129271e-01 +1.6970443682543472e-04 +3.3855229648359928e-04 +1.0835459512741997e-04 +2.1373961263322731e-04 +1.8549434196770911e-04
132.00000000 +5.0000000000000000e+00 +1.9998075490253695e+00 +2.1472516298855302e-03 +9.9918615132612587e-01 +9.9998189860964815e-01 +9.9997302724726822e-01 +9.9998393356328452e-01 +9.9998484000430532e-01 +1.8248265077266078e-04 +2.3022542789476422e-04 +1.2162136830153637e-04 +2.0334338990902283e-04 +1.5247641368687384e-04
132.50000000 +5.0000000000000000e+00 +1.9998048114114177e+00 +2.1635553422569074e-03 +9.9915589691886419e-01 +9.9998793286141341e-01 +9.9998118197145403e-01 +9.9998107737520880e-01 +9.9998040158635582e-01 +1.3241619857286974e-04 +2.2367206118663639e-04 +1.9816704129667310e-04 +1.2462470033514412e-04 +2.3462928722051593e-04
133.00000000 +5.0000000000000000e+00 +1.9998149222045627e+00 +2.1485071782122180e-03 +9.9919595052492283e-01 +9.9998688171409478e-01 +9.9998573043759653e-01 +9.9998378181850611e-01 +9.9998635351285048e-01 +1.3910322406280657e-04 +1.2610059237199196e-04 +1.4199927757814988e-04 +2.2879073218622841e-04 +2.2530816745358541e-04
133.50000000 +5.0000000000000000e+00 +1.9998512926436796e+00 +2.0364234668783063e-03 +9.9949760044733549e-01 +9.9998093910308106e-01 +9.9998307644725748e-01 +9.9997859774926656e-01 +9.9998883246472969e-01 +1.0425292144720781e-04 +1.2936773708609902e-04 +9.2230177345629287e-05 +8.0222859944678270e-05 +1.6488008366987925e-04
134.00000000 +5.0000000000000000e+00 +1.9998120703214934e+00 +2.1337332874460826e-03 +9.9923761465873173e-01 +9.9998569591877384e-01 +9.9998606744496954e-01 +9.9998293088840995e-01 +9.9998470810460527e-01 +2.6294589231151162e-04 +2.3017590722868573e-04 +2.8009678331359801e-05 +2.0813432809886661e-04 +9.3717172308816775e-05
134.50000000 +5.0000000000000000e+00 +1.9998319587823783e+00 +2.1067158000808847e-03 +9.9931198940099220e-01 +9.9998227485984337e-01 +9.9998402093057481e-01 +9.9998670688712354e-01 +9.9998048442326382e-01 +8.4934246300078271e-05 +2.1082981837371935e-04 +2.2188456619301678e-04 +1.7330530113687900e-04 +6.3569579121975541e-05
135.00000000 +5.0000000000000000e+00 +1.9998120267421255e+00 +2.1437788667401326e-03 +9.9919664034100164e-01 +9.9998659729074013e-01 +9.9998430489422796e-01 +9.9998431215025796e-01 +9.9997601833773708e-01 +2.0294851727916554e-04 +1.3745760871599480e-04 +1.6708475562877693e-04 +2.6317154501159177e-04 +1.0146455774857912e-04
135.50000000 +5.0000000000000000e+00 +1.9997803259350921e+00 +2.1790037161871652e-03 +9.9912293487424075e-01 +9.9998135406106059e-01 +9.9997881130710886e-01 +9.9998179374081808e-01 +9.9998593005637559e-01 +2.5000433055590639e-04 +1.7582013267196188e-04 +2.7036296343564882e-04 +2.1989343298081578e-04 +3.3095089125871364e-05
136.00000000 +5.0000000000000000e+00 +1.9997980218605009e+00 +2.0482137567655744e-03 +9.9943784264400459e-01 +9.9998516195584108e-01 +9.9997761473279023e-01 +9.9997565630638630e-01 +9.9997826212977692e-01 +2.5001432233283106e-04 +7.3706357893129658e-05 +6.3048199373484190e-05 +6.3360989572852796e-05 +1.9533236678639910e-04
136.50000000 +5.0000000000000000e+00 +1.9997640336202107e+00 +2.2134816829745825e-03 +9.9902744161253432e-01 +9.9997291774276376e-01 +9.9997677460494927e-01 +9.9998450256657467e-01 +9.9998349845652901e-01 +1.6745482749956435e-04 +2.7794603551639587e-04 +2.4018118680978719e-04 +2.6782879237974766e-04 +1.0145417297363873e-04
137.00000000 +5.0000000000000000e+00 +1.9997687594875346e+00 +2.1468428217709377e-03 +9.9919772623121550e-01 +9.9997394340356494e-01 +9.9998814436516092e-01 +9.9998808157183094e-01 +9.9999443863394777e-01 +2.6032100712212211e-04 +9.6040598824191211e-05 +1.7090546926251944e-04 +9.8876528503874785e-05 +2.3152219167289594e-04
137.50000000 +5.0000000000000000e+00 +1.9997880225675548e+00 +2.1798391048856009e-03 +9.9910636449473189e-01 +9.9997858252220817e-01 +9.9998335811080963e-01 +9.9997900405911733e-01 +9.9997482208646327e-01 +2.2917521209983810e-04 +1.7104873710486234e-04 +2.0129332646244490e-04 +1.8750420822971294e-04 +1.8884724263501550e-04
138.00000000 +5.0000000000000000e+00 +1.9997731229059070e+00 +2.1768869220059146e-03 +9.9910605592646373e-01 +9.9996943438062580e-01 +9.9998036682116709e-01 +9.9998763752263242e-01 +9.9997984318788191e-01 +7.6939404110359138e-05 +2.3890090638073257e-04 +2.0190352665755317e-04 +2.4258068800416736e-04 +2.1633763007621862e-04
138.50000000 +5.0000000000000000e+00 +1.9997613716561784e+00 +2.1033160284470195e-03 +9.9929056194035726e-01 +9.9998977105156972e-01 +9.9998243664645869e-01 +9.9998602277318938e-01 +9.9997666837431853e-01 +6.7297235985610762e-05 +1.6760407004476796e-04 +1.7359694833656106e-04 +1.7336294503470255e-04 +1.9267802641111326e-04
139.00000000 +5.0000000000000000e+00 +1.9997853509851018e+00 +2.1476956656456226e-03 +9.9920123845347042e-01 +9.9998581542514331e-01 +9.9997241262309011e-01 +9.9997688853861311e-01 +9.9997905051168301e-01 +2.0613712304449631e-04 +2.4837167851864870e-05 +2.3018301151221944e-04 +2.0984688573367599e-04 +2.1359026549333949e-04
139.50000000 +5.0000000000000000e+00 +1.9997840244637572e+00 +2.1460213077712019e-03 +9.9920200826176298e-01 +9.9997229163020174e-01 +9.9997147448359425e-01 +9.9998670014352375e-01 +9.9998325965331081e-01 +1.3347204620501018e-04 +2.2307550193576071e-04 +1.4753001472612054e-04 +2.6574839663116449e-04 +1.1443986824704188e-04
140.00000000 +5.0000000000000000e+00 +1.9997044463564777e+00 +2.1975276441588282e-03 +9.9904486005676507e-01 +9.9998648767781140e-01 +9.9997955743479616e-01 +9.9998906966932455e-01 +9.9998009895251383e-01 +2.7828044325353603e-04 +5.8369254612024142e-05 +1.7934925665267834e-04 +2.2245500420403934e-04 +2.8147226182707050e-04
140.50000000 +5.0000000000000000e+00 +1.9997585950431962e+00 +2.1602488223090104e-03 +9.9915520060262875e-01 +9.9997793310491789e-01 +9.9999128821965388e-01 +9.9997728472992764e-01 +9.9998314394587473e-01 +1.8175859705290965e-04 +2.7702438765221009e-04 +3.5772141162866961e-05 +2.6024265644314945e-04 +1.6035161985627748e-04
141.00000000 +5.0000000000000000e+00 +1.9997807854208689e+00 +2.0642150807902307e-03 +9.9939907676620632e-01 +9.9998609371720937e-01 +9.9997248432512997e-01 +9.9997087750686153e-01 +9.9998478516738254e-01 +3.8854932052553218e-05 +1.8245679393826187e-04 +1.3965090343223002e-04 +1.9078394111867480e-04 +1.3493595341580305e-04
141.50000000 +5.0000000000000000e+00 +1.9997765018620912e+00 +2.1131292290667300e-03 +9.9928393724279552e-01 +9.9998684530402615e-01 +9.9997948021820859e-01 +9.9998572430692001e-01 +9.9997482217503653e-01 +1.4629424284868094e-04 +2.0362876536797039e-04 +1.2237334342205460e-04 +1.9084688212469495e-04 +1.2604750828376415e-04
142.00000000 +5.0000000000000000e+00 +1.9997596265949320e+00 +2.2179391133692002e-03 +9.9901314625281712e-01 +9.9998800378725194e-01 +9.9998354581339488e-01 +9.9998034549118009e-01 +9.9997437155186419e-01 +1.2652931773978517e-04 +1.3525164713000892e-04 +2.3762371969912745e-04 +2.9797065240272678e-04 +2.6321176014647768e-04
142.50000000 +5.0000000000000000e+00 +1.9997388856373595e+00 +2.1924680667585791e-03 +9.9908042950804032e-01 +9.9998945597680955e-01 +9.9997083161801248e-01 +9.9997381097968174e-01 +9.9998785813445856e-01 +1.7506685706799292e-04 +2.4247038201771404e-04 +1.7083517078397655e-04 +1.5981812264465533e-04 +2.4942324661744812e-04
143.00000000 +5.0000000000000000e+00 +1.9997340183319425e+00 +2.1091953434471365e-03 +9.9928801089758390e-01 +9.9996971429486559e-01 +9.9998007891254492e-01 +9.9996932498633595e-01 +9.9997942380702676e-01 +4.0748964216522257e-06 +3.3465967175031841e-04 +5.2502341252885772e-05 +1.8636651872310466e-04 +2.3584368369041159e-04
143.50000000 +5.0000000000000000e+00 +1.9997777810120931e+00 +2.1721937374916023e-03 +9.9913927419448467e-01 +9.9996739366089138e-01 +9.9997928492746591e-01 +9.9998506861353387e-01 +9.9997834054571144e-01 +2.0174326389949175e-04 +2.4842113526933791e-04 +9.5210946663206990e-05 +2.0744064165503619e-04 +1.9782206601862395e-04
144.00000000 +5.0000000000000000e+00 +1.9997983043949319e+00 +2.0897554235447544e-03 +9.9935045139026391e-01 +9.9997903758825368e-01 +9.9997236535869072e-01 +9.9998031242440266e-01 +9.9998921013291764e-01 +1.6605164971607075e-04 +1.7032067756904946e-04 +1.3726273656455360e-04 +1.8645924843048128e-04 +6.8528799614935211e-05
144.50000000 +5.0000000000000000e+00 +1.9997253708143370e+00 +2.1953392631029081e-03 +9.9908147633437827e-01 +9.9998424007783648e-01 +9.9996848873893529e-01 +1.0000002415253411e+00 +9.9998284239800939e-01 +3.0387326533877008e-04 +2.8770889095880957e-04 +8.9811048789788627e-05 +1.5465470871183935e-04 +1.4666301205914969e-04
145.00000000 +5.0000000000000000e+00 +1.9997267068540108e+00 +2.2157443050291278e-03 +9.9900752111314439e-01 +9.9998075371954764e-01 +9.9998085044396723e-01 +9.9998043399675940e-01 +9.9999053488728862e-01 +1.1480165740571590e-04 +9.0591138137939808e-05 +2.7816590702521034e-04 +3.4303495704166129e-04 +2.3331217473883425e-04
145.50000000 +5.0000000000000000e+00 +1.9998646822395316e+00 +1.9953831771424343e-03 +9.9962011806216855e-01 +9.9997365590166065e-01 +9.9999009071307143e-01 +9.9997941277851421e-01 +9.9998103888533163e-01 +1.2927803615879908e-04 -2.3285330007784244e-05 +1.5661995105925082e-04 +2.1144860827651074e-04 -1.8377596479052461e-05
146.00000000 +5.0000000000000000e+00 +1.9996757430028489e+00 +2.3305248306870097e-03 +9.9871077220526960e-01 +9.9997814546690700e-01 +9.9997664528172026e-01 +9.9997889920892635e-01 +9.9997847348742253e-01 +1.8727735424416264e-04 +2.2792429009068743e-04 +2.5489722120727295e-04 +3.0879353602626983e-04 +3.9817195466935177e-04
146.50000000 +5.0000000000000000e+00 +1.9997882818098554e+00 +2.1924059567408824e-03 +9.9909645266395353e-01 +9.9998443518902924e-01 +9.9999043908410801e-01 +9.9998569400090909e-01 +9.9997784626718722e-01 +1.1501875353377904e-04 +2.5272943552301298e-04 +2.3555034516565596e-04 +3.0951853210096664e-04 +5.2315719094555375e-05
147.00000000 +5.0000000000000000e+00 +1.9998455915041384e+00 +1.9847180197187938e-03 +9.9961021154476515e-01 +9.9997367434896622e-01 +9.9998501916419147e-01 +9.9995756358784849e-01 +9.9998067761356280e-01 +5.3036394491061770e-05 +1.1327213300477337e-04 +1.0066642272580446e-04 +1.8655980480009485e-04 +3.9318986878833562e-05
147.50000000 +5.0000000000000000e+00 +1.9997071994854076e+00 +2.2072999077994778e-03 +9.9903949502507194e-01 +9.9998496125276348e-01 +9.9998860711684512e-01 +9.9996968316481494e-01 +9.9997842940923498e-01 +1.9741771132788499e-04 +1.2804692896203654e-04 +2.9736729333960823e-04 +1.2586576157356334e-04 +2.9012632499213751e-04
148.00000000 +5.0000000000000000e+00 +1.9997456357535155e+00 +2.1955010108094660e-03 +9.9907735375418072e-01 +9.9998579078334826e-01 +9.9997128137416513e-01 +9.9997203884687735e-01 +9.9998275956822791e-01 +1.3467247044723796e-04 +8.1212082065405504e-05 +3.9621288846687045e-04 +3.2500233036687618e-04 +7.3675894315402741e-05
148.50000000 +5.0000000000000000e+00 +1.9997720735420879e+00 +2.1960211066618740e-03 +9.9909276818199111e-01 +9.9996991680224678e-01 +9.9998648731782769e-01 +9.9997848585113469e-01 +9.9996568145290410e-01 +1.7369323634381300e-04 +2.3126996137983361e-04 +1.4152818024076795e-04 +3.6568977671409602e-04 +9.4479249757451619e-05
149.00000000 +5.0000000000000000e+00 +1.9996980119722034e+00 +2.1679430062285978e-03 +9.9913812967972360e-01 +9.9995829747588327e-01 +9.9997180761585192e-01 +9.9997442183450058e-01 +9.9997951111156169e-01 +2.0877088379561224e-04 +1.3760576355107161e-04 +2.5519893050891899e-04 +1.4224453381262478e-04 +2.3401216368095569e-04
149.50000000 +5.0000000000000000e+00 +1.9997389102595928e+00 +2.2272947587803245e-03 +9.9900553733777875e-01 +9.9997259131159644e-01 +9.9996923499459411e-01 +9.9999059601879836e-01 +9.9998290349580699e-01 +3.5442474021391777e-04 +3.3982422636400183e-04 +5.2850457552064254e-05 +1.3828566047491579e-04 +1.9375174816044021e-04
150.00000000 +5.0000000000000000e+00 +1.9997861733932847e+00 +2.0995270612080190e-03 +9.9934125550763331e-01 +9.9997464682435888e-01 +9.9998087940561076e-01 +9.9997529013123165e-01 +9.9997654618235587e-01 +3.1981445357738076e-04 +1.6695031082951579e-04 +6.9992606794942082e-05 +1.3036118751753398e-04 +6.4263395907176567e-05
