#PATCH_CHECK: SepMBpoisson v0.61 exact-bernoulli stratified-backward active
#discretizing the bath:
#     0 0.0000000000000000e+00 -6.3189999999999946e-01
#     1 4.7140452079103166e-03 -2.3887059414175743e-01
#     2 4.7140452079103166e-03 -2.2257645869094916e-01
#     3 4.7140452079103166e-03 -2.0564704689784702e-01
#     4 4.7140452079103166e-03 -1.8810536043638598e-01
#     5 4.7140452079103166e-03 -1.6997206898338796e-01
#     6 4.7140452079103166e-03 -1.5126587962474453e-01
#     7 4.7140452079103166e-03 -1.3200382916273876e-01
#     8 4.7140452079103166e-03 -1.1220151886193480e-01
#     9 4.7140452079103166e-03 -9.1873305439137520e-02
#sampling: jump_strength=1.1785113019775794e-02 jump_probability=1.1647841886704504e-02 log_scale=1.1716209404909925e-02 back_replicas=4 stratify_forward=0
#adaptive measurement: gap=1.8133291452998024e-02 period_steps=693 nmeas=100 nwf=150 tmax=7.5000000000000000e+01 forced_stride=0
  0.00000000 +5.0000000000000000e+00 +1.9999999999999998e+00 +1.8374661879283106e-03 +1.0000000000000000e+00 +1.0000000000000000e+00 +1.0000000000000000e+00 +1.0000000000000000e+00 +1.0000000000000000e+00 +0.0000000000000000e+00 +0.0000000000000000e+00 +0.0000000000000000e+00 +0.0000000000000000e+00 +0.0000000000000000e+00
  0.50000000 +5.0000000000000000e+00 +1.9999999999050955e+00 +1.8482968131462740e-03 +9.9997250366616075e-01 +9.9999999999896094e-01 +9.9999999999896094e-01 +9.9999999999896094e-01 +9.9999999999896094e-01 +5.5319335751823288e-06 +5.4508621348563832e-06 +5.4758989031923369e-06 +5.4675533137470182e-06 +5.5700848412180684e-06
  1.00000000 +5.0000000000000000e+00 +1.9999999967595308e+00 +1.8790016638568520e-03 +9.9989450725722262e-01 +9.9999999984850396e-01 +9.9999999981722698e-01 +9.9999999980869692e-01 +9.9999999985703403e-01 +2.1017609980803243e-05 +2.1120084907877310e-05 +2.1102815935849676e-05 +2.1101106442457953e-05 +2.1151690499526211e-05
  1.50000000 +5.0000000000000000e+00 +1.9999999975077316e+00 +1.9231355286061964e-03 +9.9978226110582213e-01 +9.9999999880567880e-01 +9.9999999875453605e-01 +9.9999999847914234e-01 +9.9999999870431699e-01 +4.3819109253284535e-05 +4.3592677752148815e-05 +4.4145836335414041e-05 +4.3105434868066695e-05 +4.3081120648395161e-05
  2.00000000 +5.0000000000000000e+00 +1.9999999931116403e+00 +1.9720022013454291e-03 +9.9965770065803528e-01 +9.9999999519010352e-01 +9.9999999521803851e-01 +9.9999999462103129e-01 +9.9999999510818061e-01 +6.9958747528762750e-05 +6.9160323386029281e-05 +6.9695638227666669e-05 +6.6715692771514770e-05 +6.6788774499132062e-05
  2.50000000 +5.0000000000000000e+00 +2.0000000048783462e+00 +2.0161371975765561e-03 +9.9954475749192784e-01 +9.9999998717778571e-01 +9.9999998837472026e-01 +9.9999998612397489e-01 +9.9999998720736383e-01 +9.4270766865330288e-05 +9.3253072596377324e-05 +9.2154861479303203e-05 +8.8016102810141848e-05 +8.7598904068543848e-05
  3.00000000 +5.0000000000000000e+00 +2.0000000390266401e+00 +2.0471799513727437e-03 +9.9946465528277006e-01 +9.9999997315031375e-01 +9.9999997615358571e-01 +9.9999997221812920e-01 +9.9999997404724805e-01 +1.1298463130146870e-04 +1.1028447329964122e-04 +1.0808514896055429e-04 +1.0284470263289643e-04 +1.0125024921793465e-04
  3.50000000 +5.0000000000000000e+00 +1.9999999907599413e+00 +2.0574445922310774e-03 +9.9943702842404991e-01 +9.9999995372119044e-01 +9.9999995965657007e-01 +9.9999995133157427e-01 +9.9999995454939894e-01 +1.2228863083507560e-04 +1.1776949905538041e-04 +1.1364948222317733e-04 +1.0573704130664069e-04 +1.0370776486600338e-04
  4.00000000 +5.0000000000000000e+00 +1.9999999711942793e+00 +2.0477254123918058e-03 +9.9946015649906750e-01 +9.9999992889314837e-01 +9.9999993967052214e-01 +9.9999992636090618e-01 +9.9999993029400613e-01 +1.2007054427003459e-04 +1.1526264131420176e-04 +1.0836543973611365e-04 +1.0000436640868851e-04 +9.6415361024789604e-05
  4.50000000 +5.0000000000000000e+00 +1.9999999539215689e+00 +2.0164455615237294e-03 +9.9953832445012103e-01 +9.9999990123320071e-01 +9.9999991455820025e-01 +9.9999989860137684e-01 +9.9999990641047110e-01 +1.0654585394213783e-04 +1.0023750947432389e-04 +9.4794356750802321e-05 +8.2862375621329336e-05 +7.7614774618988398e-05
  5.00000000 +5.0000000000000000e+00 +1.9999998097339426e+00 +1.9749538755444176e-03 +9.9964315922330349e-01 +9.9999987078588193e-01 +9.9999988694666275e-01 +9.9999986925225137e-01 +9.9999987933856582e-01 +8.7406968504574062e-05 +7.9123835703973357e-05 +7.2956589588626047e-05 +6.2400721496519375e-05 +5.5446241461085377e-05
  5.50000000 +5.0000000000000000e+00 +1.9999997046570628e+00 +1.9284103263556491e-03 +9.9976173946876812e-01 +9.9999984468407932e-01 +9.9999986444178735e-01 +9.9999984292637634e-01 +9.9999985419044013e-01 +6.3569261117936017e-05 +5.5489218913397768e-05 +4.8129507883490980e-05 +3.8603546768476845e-05 +3.3062828263568736e-05
  6.00000000 +5.0000000000000000e+00 +1.9999996843220234e+00 +1.8846364287808236e-03 +9.9987439055342842e-01 +9.9999982701172796e-01 +9.9999984778308826e-01 +9.9999983222706434e-01 +9.9999983897605749e-01 +3.6684895956260622e-05 +3.1309740725351893e-05 +2.4357658286686071e-05 +1.7956597078188102e-05 +1.5954479837270307e-05
  6.50000000 +5.0000000000000000e+00 +1.9999996023788436e+00 +1.8531568895300559e-03 +9.9995674380603050e-01 +9.9999981216831779e-01 +9.9999982549745214e-01 +9.9999981572081853e-01 +9.9999983208376797e-01 +1.7178212678846526e-05 +1.2436500551687729e-05 +7.8338044949396508e-06 +4.7127725629352847e-06 +1.8093408449005630e-06
  7.00000000 +5.0000000000000000e+00 +1.9999997365660234e+00 +1.8430821130818503e-03 +9.9998525338787148e-01 +9.9999980010278378e-01 +9.9999982496408490e-01 +9.9999981186364051e-01 +9.9999980914651621e-01 +5.8911533995748098e-06 +5.1680761203238100e-06 +2.0253097461152574e-06 +1.4000135301329642e-06 +1.0159977021737729e-06
  7.50000000 +5.0000000000000000e+00 +1.9999994185789187e+00 +1.8517310559249146e-03 +9.9996639757257599e-01 +9.9999977785299865e-01 +9.9999984008525178e-01 +9.9999980996341742e-01 +9.9999982817010769e-01 +1.2029369772096825e-06 +3.6811898774797921e-06 +5.9248305160736205e-06 +1.0456618571437241e-05 +1.3080917590133296e-05
  8.00000000 +5.0000000000000000e+00 +1.9999995840568083e+00 +1.8818337631032979e-03 +9.9989232279124285e-01 +9.9999979106274162e-01 +9.9999983731104536e-01 +9.9999978217731067e-01 +9.9999982743773741e-01 +1.0168680373910109e-05 +1.6579527200720611e-05 +2.5591994275907740e-05 +2.3658859268959608e-05 +3.2440186868698285e-05
  8.50000000 +5.0000000000000000e+00 +1.9999991130932468e+00 +1.9213984798271636e-03 +9.9979308478508300e-01 +9.9999981406437555e-01 +9.9999986041375344e-01 +9.9999977148416042e-01 +9.9999981698335616e-01 +2.8903511500154922e-05 +3.3055023392502102e-05 +4.1781618447967797e-05 +4.6330493077213776e-05 +5.7581627916069715e-05
  9.00000000 +5.0000000000000000e+00 +1.9999985887102578e+00 +1.9657482597469412e-03 +9.9968015107143871e-01 +9.9999980626939078e-01 +9.9999982167639245e-01 +9.9999978474725082e-01 +9.9999980298223390e-01 +5.4105424958580360e-05 +5.7196364216541684e-05 +6.6298369724057218e-05 +6.6809990446308401e-05 +7.6223037398014365e-05
  9.50000000 +5.0000000000000000e+00 +1.9999989067950821e+00 +2.0056754259446564e-03 +9.9957679398456512e-01 +9.9999981498711465e-01 +9.9999977124713058e-01 +9.9999975684586362e-01 +9.9999975978989053e-01 +7.2992032580461260e-05 +7.9173078058676163e-05 +8.7728006548044087e-05 +9.1157952342292762e-05 +9.3052154067421896e-05
 10.00000000 +5.0000000000000000e+00 +1.9999992980185495e+00 +2.0299447482197809e-03 +9.9951197795520996e-01 +9.9999975411503217e-01 +9.9999976136214208e-01 +9.9999972348669652e-01 +9.9999969659448318e-01 +9.6143886174919826e-05 +9.8055949106990939e-05 +1.0098089935209135e-04 +9.8897521247135920e-05 +9.5008146938873445e-05
 10.50000000 +5.0000000000000000e+00 +1.9999988870956336e+00 +2.0482929749977932e-03 +9.9946110750315387e-01 +9.9999972189238218e-01 +9.9999975297530652e-01 +9.9999965016875092e-01 +9.9999967762989261e-01 +1.1301648562221794e-04 +1.1370229169673620e-04 +1.1353452957098278e-04 +1.0101089649350630e-04 +9.8825591452115003e-05
 11.00000000 +5.0000000000000000e+00 +1.9999982862871397e+00 +2.0335619803910914e-03 +9.9949416185667506e-01 +9.9999966511482996e-01 +9.9999965700366444e-01 +9.9999959161787899e-01 +9.9999965268622493e-01 +1.1574499855061539e-04 +1.1175353032855376e-04 +1.0903694896785378e-04 +8.9131280946321191e-05 +8.1604938247662248e-05
 11.50000000 +5.0000000000000000e+00 +1.9999984461653284e+00 +2.0100005085861563e-03 +9.9955058619980430e-01 +9.9999961897009160e-01 +9.9999955182638156e-01 +9.9999957949562968e-01 +9.9999954450614104e-01 +1.1291827586314222e-04 +1.0150556372596158e-04 +9.2350986407202320e-05 +7.8973678638637532e-05 +6.5370434078661707e-05
 12.00000000 +5.0000000000000000e+00 +1.9999989340986821e+00 +1.9657964049026185e-03 +9.9966111843315353e-01 +9.9999952709040774e-01 +9.9999951527858311e-01 +9.9999952321965546e-01 +9.9999938367306151e-01 +9.5707864478678648e-05 +8.0461192296948019e-05 +6.8307735884775528e-05 +5.4768247853724484e-05 +4.1687367222179561e-05
 12.50000000 +5.0000000000000000e+00 +1.9999982143428061e+00 +1.9289359788225726e-03 +9.9975478125413808e-01 +9.9999945037475835e-01 +9.9999952284231697e-01 +9.9999942673377296e-01 +9.9999943810223091e-01 +7.9290981943132391e-05 +5.9274181889224245e-05 +4.9898676826357176e-05 +3.9305105251602481e-05 +1.9611863602377031e-05
 13.00000000 +5.0000000000000000e+00 +1.9999981617174503e+00 +1.8965700400927427e-03 +9.9983940561003404e-01 +9.9999938538137778e-01 +9.9999946611114454e-01 +9.9999926893909463e-01 +9.9999940984265290e-01 +6.2528965924944598e-05 +3.9747871792396063e-05 +2.7616750784904571e-05 +2.2100914667771894e-05 +1.1069665394031776e-05
 13.50000000 +5.0000000000000000e+00 +1.9999974517028059e+00 +1.8714919263630109e-03 +9.9990737006949781e-01 +9.9999931655605889e-01 +9.9999939098676105e-01 +9.9999933244762551e-01 +9.9999934692637538e-01 +3.4768945802866943e-05 +2.1623141379326787e-05 +1.8569297491299435e-05 -2.9902722350518229e-06 +2.3271885305496312e-05
 14.00000000 +5.0000000000000000e+00 +1.9999979947837572e+00 +1.8567352492180158e-03 +9.9994970338411471e-01 +9.9999930894578493e-01 +9.9999939095070423e-01 +9.9999936195049122e-01 +9.9999934279506864e-01 +1.5993631934125183e-05 +1.2334075749131823e-05 +2.1491879954089643e-06 +1.0017904921203986e-05 +1.2397226380261896e-05
 14.50000000 +5.0000000000000000e+00 +1.9999980635559920e+00 +1.8628744677068251e-03 +9.9993900441233485e-01 +9.9999922798133456e-01 +9.9999935473523283e-01 +9.9999939401759674e-01 +9.9999940366755957e-01 +8.5845649628600685e-06 +1.8420008332264328e-05 +5.3711498889912079e-06 +7.7904502267422506e-06 +2.3449000794385030e-05
 15.00000000 +5.0000000000000000e+00 +1.9999984724948634e+00 +1.8920664163108592e-03 +9.9986941961947073e-01 +9.9999936254069999e-01 +9.9999927624396490e-01 +9.9999932524270696e-01 +9.9999928627924717e-01 +1.9564441085555079e-05 +1.1945301355645751e-05 +2.4853586016169446e-05 +3.6274178384667964e-05 +4.0692506916706449e-05
 15.50000000 +5.0000000000000000e+00 +1.9999983532205581e+00 +1.9290995680468707e-03 +9.9977736118155158e-01 +9.9999929828249212e-01 +9.9999938675506117e-01 +9.9999933900172777e-01 +9.9999927870737082e-01 +2.4621164241738814e-05 +3.1969114106837333e-05 +4.6845327993983152e-05 +5.6447618317402653e-05 +6.5452807100136977e-05
 16.00000000 +5.0000000000000000e+00 +1.9999995621718305e+00 +1.9598029457901949e-03 +9.9970004823284375e-01 +9.9999925005210022e-01 +9.9999930309021712e-01 +9.9999919181429642e-01 +9.9999915885475266e-01 +3.4347148906809953e-05 +5.4513959488219960e-05 +6.8337480619132742e-05 +6.5547531763405324e-05 +8.0301867886990250e-05
 16.50000000 +5.0000000000000000e+00 +1.9999986707250605e+00 +1.9921503335064645e-03 +9.9961458907942280e-01 +9.9999916013885071e-01 +9.9999932815163806e-01 +9.9999960370597130e-01 +9.9999930744229970e-01 +5.5593325876140303e-05 +7.9673436188178602e-05 +8.5923127796560142e-05 +8.2183857364805178e-05 +8.4637774161956704e-05
 17.00000000 +5.0000000000000000e+00 +1.9999998855905414e+00 +2.0136810910803202e-03 +9.9955579744886780e-01 +9.9999922175318456e-01 +9.9999914785673860e-01 +9.9999928534183946e-01 +9.9999942001628095e-01 +6.5881338798904582e-05 +9.2432896894912829e-05 +9.5195709395728899e-05 +9.7946631681337609e-05 +9.5671093926874077e-05
 17.50000000 +5.0000000000000000e+00 +1.9999987875305396e+00 +2.0265857297877598e-03 +9.9951719450767229e-01 +9.9999931573844425e-01 +9.9999909390399688e-01 +9.9999928920323300e-01 +9.9999904460093814e-01 +1.1405406700042443e-04 +9.6225237209286740e-05 +1.0091661160747453e-04 +9.4579177164112458e-05 +8.0286990163753666e-05
 18.00000000 +5.0000000000000000e+00 +2.0000002391644705e+00 +2.0148790289885197e-03 +9.9954161179202838e-01 +9.9999943626727306e-01 +9.9999933045941924e-01 +9.9999914599326911e-01 +9.9999885290558643e-01 +1.0839840212747333e-04 +1.0009003071227570e-04 +9.2050113363262829e-05 +8.2280036230897370e-05 +7.8804023407243740e-05
 18.50000000 +5.0000000000000000e+00 +1.9999986282066304e+00 +2.0031012104101027e-03 +9.9956644766263780e-01 +9.9999945174420357e-01 +9.9999942621444982e-01 +9.9999896788959808e-01 +9.9999904399615891e-01 +1.0989613256448545e-04 +1.0019182972736423e-04 +9.5795776313305455e-05 +6.9357101641711141e-05 +6.1421608299281491e-05
 19.00000000 +5.0000000000000000e+00 +1.9999991951910925e+00 +1.9660731885613645e-03 +9.9965809955835616e-01 +9.9999928248600645e-01 +9.9999902337663749e-01 +9.9999910370490286e-01 +9.9999929071833449e-01 +1.0895459263486027e-04 +9.6984409655136099e-05 +7.0544736763038376e-05 +4.5706763825744868e-05 +2.3009670277095779e-05
 19.50000000 +5.0000000000000000e+00 +1.9999986050773138e+00 +1.9393518944571958e-03 +9.9972553545503073e-01 +9.9999903920490463e-01 +9.9999932599285080e-01 +9.9999863921966459e-01 +9.9999921861346563e-01 +9.3144218804265804e-05 +7.8915164295237814e-05 +5.4416517544661934e-05 +2.5146461942572897e-05 +2.6619195503839036e-05
 20.00000000 +5.0000000000000000e+00 +1.9999984502450623e+00 +1.9146353313355818e-03 +9.9979023657568922e-01 +9.9999896546844858e-01 +9.9999868762633670e-01 +9.9999852176122661e-01 +9.9999853673289862e-01 +6.3280264820037404e-05 +4.5044543832067288e-05 +5.0267602992096920e-05 +3.2722551614205128e-05 +2.3736889218130126e-05
 20.50000000 +5.0000000000000000e+00 +1.9999976870926508e+00 +1.8897109202400354e-03 +9.9985873665453584e-01 +9.9999901911796074e-01 +9.9999868325759589e-01 +9.9999842644509862e-01 +9.9999899298818040e-01 +4.8850266251583370e-05 +3.6378183653300368e-05 +2.1985758429726374e-05 +1.6673655696368713e-05 +2.2253688164730345e-05
 21.00000000 +5.0000000000000000e+00 +1.9999987783344169e+00 +1.8809707933098820e-03 +9.9988720839887257e-01 +9.9999912837129523e-01 +9.9999858809663478e-01 +9.9999879726245744e-01 +9.9999873733706512e-01 +2.6655986194224660e-05 +2.1087658592682346e-05 +3.7595529513086469e-05 +5.7953153561461856e-06 +2.6406073574181718e-05
 21.50000000 +5.0000000000000000e+00 +1.9999960365931537e+00 +1.8899470771171494e-03 +9.9986924760693607e-01 +9.9999883980237514e-01 +9.9999831831426167e-01 +9.9999888686652327e-01 +9.9999835166165596e-01 +1.0670194597210856e-05 +1.2735206772044246e-05 +1.5241139702329744e-05 +3.9058084415177198e-05 +5.8651121150001365e-05
 22.00000000 +5.0000000000000000e+00 +1.9999983898902334e+00 +1.9078302899051265e-03 +9.9982923902410403e-01 +9.9999909405041931e-01 +9.9999926656067584e-01 +9.9999885377360564e-01 +9.9999867528407871e-01 +1.2899366849919338e-05 +1.5546084816828684e-05 +3.7563194993316103e-05 +3.4026442235759185e-05 +7.4836201412698287e-05
 22.50000000 +5.0000000000000000e+00 +1.9999980040746446e+00 +1.9345963865832682e-03 +9.9976372139609015e-01 +9.9999896254100651e-01 +9.9999891605132296e-01 +9.9999931460838476e-01 +9.9999919883979937e-01 +1.9756239334421573e-05 +3.4063674031436706e-05 +6.3405753055360576e-05 +5.4539502329734904e-05 +6.8121441453842239e-05
 23.00000000 +5.0000000000000000e+00 +1.9999947851413191e+00 +1.9422938581427835e-03 +9.9974349299467113e-01 +9.9999869000145014e-01 +9.9999873477091317e-01 +9.9999885336184702e-01 +9.9999828221871889e-01 +1.3275101548073841e-05 +5.7644663724030590e-05 +3.8284843807757941e-05 +8.5244809913643542e-05 +6.7497225444713253e-05
 23.50000000 +5.0000000000000000e+00 +2.0000014298867348e+00 +1.9837851228839414e-03 +9.9963821209476378e-01 +9.9999888520557256e-01 +9.9999832376790898e-01 +9.9999854644629715e-01 +9.9999898255928510e-01 +4.3214699504115747e-05 +6.9484109733135285e-05 +7.3492778966129224e-05 +7.9196001616020040e-05 +1.0166234947058488e-04
 24.00000000 +5.0000000000000000e+00 +1.9999969038646259e+00 +1.9912491653170834e-03 +9.9961396512624312e-01 +9.9999952888936916e-01 +9.9999836853203039e-01 +9.9999847163290012e-01 +9.9999772306163393e-01 +4.8079005821432873e-05 +9.6798635447411206e-05 +8.5562730699027277e-05 +7.8832933853112888e-05 +8.2669384067727238e-05
 24.50000000 +5.0000000000000000e+00 +1.9999966284864106e+00 +2.0157517709333272e-03 +9.9954583919967821e-01 +9.9999918203516103e-01 +9.9999906960153062e-01 +9.9999886929889215e-01 +9.9999856590659331e-01 +6.3663769490273302e-05 +1.1700641270168093e-04 +1.1102168486889782e-04 +8.6370118750550031e-05 +8.0412015035220168e-05
 25.00000000 +5.0000000000000000e+00 +1.9999932135234426e+00 +1.9728898644873383e-03 +9.9964911494190245e-01 +9.9999838738914404e-01 +9.9999991367962793e-01 +9.9999829957282138e-01 +9.9999799400018274e-01 +7.8936149169007703e-05 +8.1306854817591803e-05 +9.3382652634249982e-05 +6.2222390104256327e-05 +4.0442345165934609e-05
 25.50000000 +5.0000000000000000e+00 +1.9999969882594790e+00 +1.9881332067064493e-03 +9.9960831302418440e-01 +9.9999839367476695e-01 +9.9999891056031442e-01 +9.9999808559697945e-01 +9.9999831609403012e-01 +1.1530225808132542e-04 +1.1162796008421423e-04 +7.8577612583994412e-05 +6.3356002783815273e-05 +2.9117204151914079e-05
 26.00000000 +5.0000000000000000e+00 +1.9999983464102353e+00 +1.9897335532950812e-03 +9.9959908036267842e-01 +9.9999850833088721e-01 +9.9999818680564678e-01 +9.9999841968515812e-01 +9.9999828718448991e-01 +1.1823984351936912e-04 +1.0028237935026066e-04 +8.5136463079008400e-05 +5.8718267018659207e-05 +4.5140689110119816e-05
 26.50000000 +5.0000000000000000e+00 +1.9999986765228179e+00 +1.9219089151422868e-03 +9.9977195254804962e-01 +9.9999869125371943e-01 +9.9999919469977638e-01 +9.9999765682990216e-01 +9.9999827150685860e-01 +9.0343226260063418e-05 +7.9573809599451707e-05 +4.5142033375339916e-05 +2.5478890050894036e-05 -6.3048357186242950e-06
 27.00000000 +5.0000000000000000e+00 +1.9999961106400179e+00 +1.9005773584685746e-03 +9.9982726335295391e-01 +9.9999925578797222e-01 +9.9999848416753989e-01 +9.9999873756546276e-01 +9.9999804149364491e-01 +7.2645201113935164e-05 +5.9876435609178070e-05 +2.1339235079753488e-05 +1.7150428097164949e-05 +7.2063971917940314e-06
 27.50000000 +5.0000000000000000e+00 +1.9999955744337035e+00 +1.9415777299852640e-03 +9.9972771414242689e-01 +9.9999901784818213e-01 +9.9999828856667949e-01 +9.9999828014332792e-01 +9.9999754725744261e-01 +9.3667361373243608e-05 +5.7138129529380834e-05 +5.1331798230777735e-05 +3.9750317250203047e-05 +3.7264392184914523e-05
 28.00000000 +5.0000000000000000e+00 +1.9999950499814483e+00 +1.9222271746509880e-03 +9.9978312482644593e-01 +9.9999859357206011e-01 +9.9999843922101761e-01 +9.9999869678249398e-01 +9.9999832657051024e-01 +7.1725534747183717e-05 +2.6333104534157592e-05 +2.9529111507265516e-05 +5.8524701015843177e-05 +3.6706579506519937e-05
 28.50000000 +5.0000000000000000e+00 +1.9999932893194379e+00 +1.8975073828743105e-03 +9.9984933950198773e-01 +9.9999867499933959e-01 +9.9999911697445221e-01 +9.9999855159610651e-01 +9.9999772057758685e-01 +2.0813529540103240e-05 +6.9689089545932467e-05 -5.7498926026727846e-06 +3.6038550210975877e-05 +3.5805071676908407e-05
 29.00000000 +5.0000000000000000e+00 +1.9999928243061034e+00 +1.9244950027259087e-03 +9.9978575952784743e-01 +9.9999889285321952e-01 +9.9999712706427812e-01 +9.9999761094700879e-01 +9.9999764360258225e-01 +2.1769943309304378e-05 +4.4990553392337286e-05 +5.5582279066342582e-05 +5.2355399008739436e-05 +4.8267843201360992e-05
 29.50000000 +5.0000000000000000e+00 +1.9999900824984167e+00 +1.9519834637800547e-03 +9.9971671685928343e-01 +9.9999921844326134e-01 +9.9999797786757616e-01 +9.9999675195711157e-01 +9.9999810337818473e-01 +2.5454954037550299e-05 +2.8303301149095932e-05 +6.4586396056849515e-05 +7.7377589115745391e-05 +9.5509258016028353e-05
 30.00000000 +5.0000000000000000e+00 +1.9999954148911143e+00 +1.9692650881527789e-03 +9.9967551437755720e-01 +9.9999792654665809e-01 +9.9999776401095286e-01 +9.9999750484289496e-01 +9.9999883786082944e-01 +2.5934205188972851e-05 +4.4306459639922998e-05 +7.8776633833263604e-05 +8.6306749530903269e-05 +9.7128309367518998e-05
 30.50000000 +5.0000000000000000e+00 +2.0000003822572490e+00 +1.9624555100653026e-03 +9.9969110811332718e-01 +9.9999854169516689e-01 +9.9999906842866471e-01 +9.9999883825266989e-01 +9.9999685600485333e-01 +3.8224226984296266e-05 +5.9760084391972919e-05 +7.8526773261288117e-05 +5.7054611939666487e-05 +8.2021862961136841e-05
 31.00000000 +5.0000000000000000e+00 +1.9999961573632352e+00 +1.9672689920844531e-03 +9.9967480777360052e-01 +9.9999798818425667e-01 +9.9999902501169591e-01 +9.9999846760011624e-01 +9.9999707092328471e-01 +5.4540148473592636e-05 +7.9465667422438672e-05 +5.4332063616450697e-05 +8.1286228365174516e-05 +6.3016460789393371e-05
 31.50000000 +5.0000000000000000e+00 +1.9999938377831836e+00 +1.9595277557188455e-03 +9.9968967435031564e-01 +9.9999920640814433e-01 +9.9999896509108244e-01 +9.9999735702326420e-01 +9.9999855761419831e-01 +7.6509944505087079e-05 +4.4731004958744260e-05 +6.5681085671185190e-05 +7.6825201991199073e-05 +5.2492308356313551e-05
 32.00000000 +5.0000000000000000e+00 +1.9999981448054285e+00 +1.9719026307772137e-03 +9.9965593199273051e-01 +1.0000002226621629e+00 +9.9999842420532292e-01 +9.9999946650672256e-01 +9.9999726330635874e-01 +7.5394819510393049e-05 +9.6564534226858232e-05 +8.0187734724766578e-05 +5.3011838414887007e-05 +4.3532382938990199e-05
 32.50000000 +5.0000000000000000e+00 +1.9999980449978889e+00 +1.9816655674145204e-03 +9.9962523121258762e-01 +9.9999835276831184e-01 +9.9999996319110818e-01 +9.9999863456586324e-01 +9.9999607594841844e-01 +1.0362823536133369e-04 +1.0532041665445580e-04 +8.6698920208722416e-05 +6.0375617807203667e-05 +2.5719063149702043e-05
 33.00000000 +5.0000000000000000e+00 +1.9999964633992979e+00 +1.9489094300184076e-03 +9.9970696337873810e-01 +9.9999638349462217e-01 +9.9999859822977455e-01 +9.9999759087226192e-01 +9.9999694696549868e-01 +7.6872662311768355e-05 +7.1985656673173205e-05 +5.9308441001694257e-05 +6.4347968448040890e-05 +3.1002330896403518e-05
 33.50000000 +5.0000000000000000e+00 +1.9999965401417861e+00 +1.9477368588435399e-03 +9.9970755223175245e-01 +9.9999830987792981e-01 +9.9999737418105494e-01 +9.9999797216330255e-01 +9.9999691008826519e-01 +9.2062679869603947e-05 +9.4578025292345016e-05 +3.7610730578507854e-05 +2.8602782756018753e-05 +4.9027209469203576e-05
 34.00000000 +5.0000000000000000e+00 +1.9999988329664924e+00 +1.9378194256978890e-03 +9.9973988059377394e-01 +9.9999913714197475e-01 +9.9999957095589909e-01 +9.9999655896507000e-01 +9.9999683372943660e-01 +6.9203763816710816e-05 +5.7155033623774938e-05 +7.2917096420978101e-05 +3.1764690419679120e-05 +3.6978020233003550e-05
 34.50000000 +5.0000000000000000e+00 +1.9999955613130329e+00 +1.9151974193270481e-03 +9.9979281316401769e-01 +9.9999954336811625e-01 +9.9999727310447939e-01 +9.9999655676321497e-01 +9.9999792612427518e-01 +1.1146921855900801e-04 +4.0828691747864037e-05 -6.6913160242077385e-06 +2.3494835246985127e-05 +4.6786077203826491e-05
 35.00000000 +5.0000000000000000e+00 +1.9999947405341050e+00 +1.8996784848882998e-03 +9.9983815495979744e-01 +9.9999656105693457e-01 +9.9999698794636893e-01 +9.9999658696378391e-01 +9.9999587067669871e-01 +5.9255538150839213e-05 +7.1506592173396110e-05 +1.0665557646833557e-05 -2.4932273060007393e-06 +3.6903989415856932e-05
 35.50000000 +5.0000000000000000e+00 +1.9999980005849478e+00 +1.9060382647828984e-03 +9.9982687909606505e-01 +9.9999815257284552e-01 +9.9999891819944486e-01 +9.9999695866242111e-01 +9.9999511780325623e-01 +2.0627234029807778e-05 +2.2416679526069610e-05 +1.3289412062337664e-05 +8.7059006670803512e-05 +4.0581300640942822e-05
 36.00000000 +5.0000000000000000e+00 +1.9999999441590877e+00 +1.9046913615066495e-03 +9.9983324053639255e-01 +1.0000000269920746e+00 +9.9999665280175443e-01 +9.9999656680028104e-01 +9.9999863708896464e-01 +1.0607979411687657e-05 +5.1223608949865773e-05 +4.5742111851317389e-05 +2.2280630850804697e-05 +4.5021492969787544e-05
 36.50000000 +5.0000000000000000e+00 +1.9999969523500847e+00 +1.9532813142334525e-03 +9.9971126427720447e-01 +1.0000000822096957e+00 +9.9999938381874143e-01 +9.9999884927147564e-01 +9.9999759980010505e-01 +6.9124854052320575e-05 +2.7657281101183007e-05 +1.4816613683995837e-05 +8.7748614564229599e-05 +9.3473256590396409e-05
 37.00000000 +5.0000000000000000e+00 +2.0000027215566010e+00 +1.9213402412035668e-03 +9.9979443091074638e-01 +1.0000008839554888e+00 +9.9999969528560817e-01 +9.9999595509818584e-01 +9.9999757971335745e-01 +2.4010279327006758e-05 +3.8266366908833647e-05 +1.8755765936683943e-05 +3.8132686093671168e-05 +9.2289940076221264e-05
 37.50000000 +5.0000000000000000e+00 +1.9999975873727907e+00 +1.9230774176027820e-03 +9.9978799889680237e-01 +9.9999803500061757e-01 +9.9999849728034929e-01 +9.9999628974009647e-01 +9.9999677553026267e-01 +5.9553394815875479e-05 +2.6521008785271869e-05 +6.8469544596804377e-05 +3.4062986024779567e-05 +3.3796660897031552e-05
 38.00000000 +5.0000000000000000e+00 +2.0000002209941297e+00 +1.9547516834569059e-03 +9.9970719038570066e-01 +9.9999650858627875e-01 +9.9999627547816372e-01 +1.0000009515328128e+00 +9.9999661006204976e-01 +2.3924384533578238e-05 +8.5116274325104993e-05 +7.2635028426303058e-05 +6.6749670716170382e-05 +5.4038601971288368e-05
 38.50000000 +5.0000000000000000e+00 +2.0000048708160003e+00 +1.9571348060696235e-03 +9.9969976560656759e-01 +9.9999827480466863e-01 +1.0000000395200150e+00 +9.9999688974492285e-01 +9.9999664462868165e-01 +8.6266386675239073e-05 +6.1482032762906447e-05 +7.6331067053234708e-05 +2.3646439342168193e-05 +6.0659747873674261e-05
 39.00000000 +5.0000000000000000e+00 +1.9999953284143888e+00 +1.9526977675940632e-03 +9.9970307588093821e-01 +9.9999662275062517e-01 +9.9999627195350205e-01 +9.9999878088527783e-01 +9.9999574321780305e-01 +1.0481845087703675e-04 +7.6269259535690815e-05 +4.9987178042121899e-05 +4.7909751591353077e-05 +3.0520700416843183e-05
 39.50000000 +5.0000000000000000e+00 +1.9999970441266155e+00 +1.9490254630972650e-03 +9.9970942842919552e-01 +1.0000017762597782e+00 +9.9999879379602452e-01 +1.0000020445485553e+00 +9.9999628668983498e-01 +9.5710798900184834e-05 +1.1851438274749280e-04 +3.6449572581373682e-05 +6.3320144606484893e-06 +3.4663527280848246e-05
 40.00000000 +5.0000000000000000e+00 +2.0000032720237897e+00 +1.9503662733821568e-03 +9.9971435341146753e-01 +9.9999972760717826e-01 +9.9999683413490525e-01 +9.9999714827035358e-01 +9.9999554133197532e-01 +6.3473864195808536e-05 +1.3689655254859725e-04 +8.6037342931678202e-06 -3.3711810944882694e-06 +9.0792274651117395e-05
 40.50000000 +5.0000000000000000e+00 +1.9999953645246948e+00 +1.9581672837899809e-03 +9.9968366486012750e-01 +9.9999875121372350e-01 +9.9999679595895474e-01 +9.9999638477769182e-01 +9.9999882323080602e-01 +5.2871630155116580e-05 +8.8854305319882644e-05 +4.9925707229383666e-05 +5.6389532971306884e-05 +7.7538763749350440e-05
 41.00000000 +5.0000000000000000e+00 +1.9999841544077681e+00 +1.9558376353960229e-03 +9.9968494306855415e-01 +9.9999841409686152e-01 +9.9999998725925554e-01 +9.9999478702325717e-01 +9.9999782918191260e-01 +8.3744953339800172e-05 +3.1398652906579719e-05 +1.1134649121013263e-04 +6.9459695024048039e-05 +2.8089569528752800e-05
 41.50000000 +5.0000000000000000e+00 +1.9999961769416559e+00 +1.9167290532482758e-03 +9.9978979330708218e-01 +9.9999894736356842e-01 +9.9999563207095954e-01 +9.9999700463644126e-01 +9.9999793813890925e-01 +7.3934592955542211e-05 +7.8872173968428611e-05 +3.3161571278996442e-05 +1.7555879128716101e-05 +1.7160259675452099e-05
 42.00000000 +5.0000000000000000e+00 +2.0000025768617324e+00 +1.9070361405695790e-03 +9.9982120994497437e-01 +9.9999890146102755e-01 +1.0000005012880746e+00 +9.9999841158277669e-01 +9.9999350013481014e-01 +1.2152252494284725e-05 +7.3854082326850620e-05 +2.4872767942550266e-06 +2.0659978295881106e-05 +7.8322027129734331e-05
 42.50000000 +5.0000000000000000e+00 +1.9999954949455478e+00 +1.9354749756915293e-03 +9.9974820145170162e-01 +9.9999914729029282e-01 +9.9999690087049498e-01 +1.0000002324384967e+00 +9.9999293253939914e-01 +6.2602948764511163e-05 +5.2997170016962627e-05 +1.1247993643554175e-05 +6.2658472184769158e-05 +7.3078799003957243e-05
 43.00000000 +5.0000000000000000e+00 +2.0000047169989332e+00 +1.9698400629188442e-03 +9.9966509814288929e-01 +1.0000002827081083e+00 +9.9999993431751544e-01 +9.9999570636135582e-01 +9.9999669499736543e-01 +6.2523676689307694e-05 +3.8776634384089723e-05 +8.6205529690377815e-05 +7.7727678215178811e-05 +7.7049958725780012e-05
 43.50000000 +5.0000000000000000e+00 +2.0000083932388062e+00 +1.9383474697937592e-03 +9.9974650910082463e-01 +9.9999983983490615e-01 +9.9999799101637643e-01 +1.0000016381625902e+00 +9.9999226076075853e-01 +7.5703134283723250e-05 -7.7302289698166436e-06 +9.3616320578190763e-05 +5.6311984659328801e-05 +4.3859921717757370e-05
 44.00000000 +5.0000000000000000e+00 +2.0000085926819895e+00 +1.9419843273627761e-03 +9.9973569742640866e-01 +9.9999987432687643e-01 +9.9999864185680698e-01 +1.0000004461147565e+00 +9.9999274779666913e-01 +7.9200789933310889e-05 -1.1503716963338636e-06 +1.0067510725576550e-04 +5.7037983256903336e-05 +3.6828975412165860e-05
 44.50000000 +5.0000000000000000e+00 +2.0000087920991336e+00 +1.9456207101029622e-03 +9.9972488716356656e-01 +9.9999990881434286e-01 +9.9999929261226350e-01 +9.9999925422255609e-01 +9.9999323476899193e-01 +8.2697988928297296e-05 +5.4286265097047944e-06 +1.0773297233678005e-04 +5.7763887067959909e-05 +2.9798947068290160e-05
 45.00000000 +5.0000000000000000e+00 +2.0000089914902426e+00 +1.9492566181073011e-03 +9.9971407831202252e-01 +9.9999994329730713e-01 +9.9999994328276243e-01 +9.9999806248595924e-01 +9.9999372167773981e-01 +8.6194731358107995e-05 +1.2006765816528363e-05 +1.1478991600170834e-04 +5.8489696111060316e-05 +2.2769836506368099e-05
 45.50000000 +5.0000000000000000e+00 +2.0000091908553235e+00 +1.9528920514687547e-03 +9.9970327087150002e-01 +9.9999997777576988e-01 +1.0000005938683214e+00 +9.9999687090493583e-01 +9.9999420852292509e-01 +8.9691017312145226e-05 +1.8584046392321971e-05 +1.2184593843097730e-04 +5.9215410404761521e-05 +1.5741643546684469e-05
 46.00000000 +5.0000000000000000e+00 +2.0000093901943794e+00 +1.9565270102802584e-03 +9.9969246484172281e-01 +1.0000000122497321e+00 +1.0000012443689561e+00 +9.9999567947945489e-01 +9.9999469530456020e-01 +9.3186846879787772e-05 +2.5160468405226803e-05 +1.2890103980496659e-04 +5.9941029967615670e-05 +8.7143680095709623e-06
 46.50000000 +5.0000000000000000e+00 +2.0000075377345006e+00 +1.9592638436508850e-03 +9.9968600205281244e-01 +1.0000005636318818e+00 +9.9999988787240801e-01 +9.9999639449012134e-01 +9.9999582083722993e-01 +8.2805383599971060e-05 +4.1356383711285803e-05 +1.0415367703281431e-04 +7.6896596513404485e-05 +1.6119068326773234e-05
 47.00000000 +5.0000000000000000e+00 +2.0000056857315238e+00 +1.9620000019915217e-03 +9.9967954085792565e-01 +1.0000011148780354e+00 +9.9999853171043529e-01 +9.9999710932443309e-01 +9.9999694609229117e-01 +7.2426480870288292e-05 +5.7548304353780641e-05 +7.9412418107620145e-05 +9.3847981030415687e-05 +2.3521942301592157e-05
 47.50000000 +5.0000000000000000e+00 +2.0000038341852808e+00 +1.9647354855518787e-03 +9.9967308125647281e-01 +1.0000016659882429e+00 +9.9999717588291326e-01 +9.9999782398245551e-01 +9.9999807106984684e-01 +6.2050137743530765e-05 +7.3736231810432950e-05 +5.4677260771425136e-05 +1.1079518506568173e-04 +3.0922990609635465e-05
 48.00000000 +5.0000000000000000e+00 +2.0000019830956024e+00 +1.9674702945815413e-03 +9.9966662324786393e-01 +1.0000022169625546e+00 +9.9999582038971890e-01 +9.9999853846425346e-01 +9.9999919576999896e-01 +5.1676353272956811e-05 +8.9920167558235522e-05 +2.9948202767383774e-05 +1.2773821016547212e-04 +3.8322213926177693e-05
 48.50000000 +5.0000000000000000e+00 +2.0000001324623193e+00 +1.9702044293299736e-03 +9.9966016683151060e-01 +1.0000027678010206e+00 +9.9999446523072844e-01 +9.9999925276989232e-01 +1.0000003201928507e+00 +4.1305126512291723e-05 +1.0610011307345291e-04 +5.2252418397635555e-06 +1.4467705787529398e-04 +4.5719612926160415e-05
 49.00000000 +5.0000000000000000e+00 +2.0000025942601649e+00 +1.9784328559979661e-03 +9.9964029694428902e-01 +1.0000033400189545e+00 +9.9999531186897217e-01 +9.9999856740616766e-01 +9.9999842121598281e-01 +5.3362479627911689e-05 +9.4849773672725222e-05 +2.7065455168316869e-05 +1.3448985854446334e-04 +5.4294964895101900e-05
 49.50000000 +5.0000000000000000e+00 +2.0000050570381709e+00 +1.9866645588055743e-03 +9.9962041914589184e-01 +1.0000039124647160e+00 +9.9999615884430348e-01 +9.9999788176956517e-01 +9.9999652148303897e-01 +6.5424633366276895e-05 +8.3594954960933016e-05 +4.8914364155350195e-05 +1.2429860319069377e-04 +6.2873731131612358e-05
 50.00000000 +5.0000000000000000e+00 +2.0000075207969261e+00 +1.9948995397097778e-03 +9.9960053343159405e-01 +1.0000044851384418e+00 +9.9999700615692488e-01 +9.9999719585992353e-01 +9.9999462099356795e-01 +7.7491590595002761e-05 +7.2335654262394077e-05 +7.0771973995148834e-05 +1.1410328939115114e-04 +7.1455913675178551e-05
 50.50000000 +5.0000000000000000e+00 +2.0000099855370146e+00 +2.0031378006691112e-03 +9.9958063979666589e-01 +1.0000050580402677e+00 +9.9999785380703687e-01 +9.9999650967707865e-01 +9.9999271974711768e-01 +8.9563354183989046e-05 +6.1071868899294541e-05 +9.2638289886135878e-05 +1.0390391472107087e-04 +8.0041514566911800e-05
 51.00000000 +5.0000000000000000e+00 +2.0000124512590229e+00 +2.0113793436436706e-03 +9.9956073823637426e-01 +1.0000056311703303e+00 +9.9999870179484152e-01 +9.9999582322086755e-01 +9.9999081774323550e-01 +1.0163992700542217e-04 +4.9803596191687054e-05 +1.1451331703087644e-04 +9.3700476753756577e-05 +8.8630535849549828e-05
 51.50000000 +5.0000000000000000e+00 +2.0000119322187166e+00 +1.9948719212740424e-03 +9.9960198617410767e-01 +1.0000037218765425e+00 +9.9999890390366575e-01 +9.9999612922911174e-01 +9.9999197560484276e-01 +1.0311911455985696e-04 +6.1671289281530045e-05 +8.6414696525009412e-05 +8.0935140960569751e-05 +7.5142980844969908e-05
 52.00000000 +5.0000000000000000e+00 +2.0000114132041809e+00 +1.9783653185093848e-03 +9.9964323206385253e-01 +1.0000018126775529e+00 +9.9999910600245523e-01 +9.9999643522216219e-01 +9.9999313340896157e-01 +1.0459822867160370e-04 +7.3538393132179357e-05 +5.8317471135140562e-05 +6.8170438975159465e-05 +6.1656095506851336e-05
 52.50000000 +5.0000000000000000e+00 +2.0000108942154138e+00 +1.9618595352886578e-03 +9.9968447590576071e-01 +9.9999990357335367e-01 +9.9999930809121040e-01 +9.9999674120002047e-01 +9.9999429115559579e-01 +1.0607726934613190e-04 +8.5404907787518073e-05 +3.0221640757369717e-05 +5.5406370750323411e-05 +4.8169879785321241e-05
 53.00000000 +5.0000000000000000e+00 +2.0000103752524137e+00 +1.9453545715508297e-03 +9.9972571769998575e-01 +9.9999799456393812e-01 +9.9999951016993249e-01 +9.9999704716268745e-01 +9.9999544884475022e-01 +1.0755623658891067e-04 +9.7270833291424980e-05 +2.1272052878070589e-06 +4.2642936238863945e-05 +3.4684333630511701e-05
 53.50000000 +5.0000000000000000e+00 +2.0000098563151782e+00 +1.9288504272348718e-03 +9.9976695744667898e-01 +9.9999608564929909e-01 +9.9999971223862172e-01 +9.9999735311016413e-01 +9.9999660647642852e-01 +1.0903513040540845e-04 +1.0913616968777443e-04 -2.5965835377426891e-05 +2.9880135393588117e-05 +2.1199456992559762e-05
 54.00000000 +5.0000000000000000e+00 +2.0000081442374031e+00 +1.9331328513537676e-03 +9.9975437278384816e-01 +9.9999721846996859e-01 +1.0000005323833996e+00 +9.9999984551654486e-01 +9.9999486139850990e-01 +1.0615800651669596e-04 +1.1264674335977416e-04 -2.5213318820189854e-05 +3.4984718057665739e-05 +2.4593279456980265e-05
 54.50000000 +5.0000000000000000e+00 +2.0000064321944424e+00 +1.9374151883908538e-03 +9.9974178837692240e-01 +9.9999835126760250e-01 +1.0000013525114999e+00 +1.0000023378722434e+00 +9.9999311635607646e-01 +1.0328094113343449e-04 +1.1615724564531153e-04 -2.4460817565151226e-05 +4.0089196921586407e-05 +2.7987032909039200e-05
 55.00000000 +5.0000000000000000e+00 +2.0000047201862952e+00 +1.9416974383487859e-03 +9.9972920422589429e-01 +9.9999948404220140e-01 +1.0000021726229231e+00 +1.0000048301772608e+00 +9.9999137134912752e-01 +1.0040393425383954e-04 +1.1966767654656393e-04 -2.3708331611844267e-05 +4.5193571988516216e-05 +3.1380717350841564e-05
 55.50000000 +5.0000000000000000e+00 +2.0000030082129601e+00 +1.9459796012302217e-03 +9.9971662033075581e-01 +1.0000006167937661e+00 +1.0000029927176703e+00 +1.0000073224315993e+00 +9.9998962637766231e-01 +9.7526985876126708e-05 +1.2317803606570876e-04 -2.2955860959802257e-05 +5.0297843261621138e-05 +3.4774332784492281e-05
 56.00000000 +5.0000000000000000e+00 +2.0000012962744371e+00 +1.9502616770378154e-03 +9.9970403669149943e-01 +1.0000017495222975e+00 +1.0000038127957416e+00 +1.0000098146352598e+00 +9.9998788144167949e-01 +9.4650095998511600e-05 +1.2668832420492323e-04 -2.2203405608558483e-05 +5.5402010744066982e-05 +3.8167879212096162e-05
 56.50000000 +5.0000000000000000e+00 +2.0000034564852771e+00 +1.9312782638726948e-03 +9.9975427600559741e-01 +9.9999951406707810e-01 +1.0000036651476596e+00 +1.0000035244079275e+00 +9.9998659353274522e-01 +8.9414806565912022e-05 +9.1302920257433192e-05 -1.8605821828323102e-05 +4.9878182268017505e-05 +4.0436745801212126e-05
 57.00000000 +5.0000000000000000e+00 +2.0000056169339087e+00 +1.9122927610495033e-03 +9.9980452084994320e-01 +9.9999727836578389e-01 +1.0000035174833244e+00 +9.9999723348817815e-01 +9.9998530548204001e-01 +8.4178940842593889e-05 +5.5913621151876176e-05 -1.5007842032897276e-05 +4.4353745739419544e-05 +4.2705862142853445e-05
 57.50000000 +5.0000000000000000e+00 +2.0000077776203717e+00 +1.8933051682231848e-03 +9.9985477122545063e-01 +9.9999504241837467e-01 +1.0000033698027340e+00 +9.9999094187589888e-01 +9.9998401728954089e-01 +7.8942498733396558e-05 +2.0520426245059444e-05 -1.1409466156888513e-05 +3.8828701057867704e-05 +4.4975228278260859e-05
 58.00000000 +5.0000000000000000e+00 +2.0000099385447041e+00 +1.8743154850486049e-03 +9.9990502713303298e-01 +9.9999280622480913e-01 +1.0000032221058852e+00 +9.9998464957097422e-01 +9.9998272895522455e-01 +7.3705480143138275e-05 -1.4876665106351480e-05 -7.8106941348899086e-06 +3.3303048122934412e-05 +4.7244844248684109e-05
 58.50000000 +5.0000000000000000e+00 +2.0000120997069475e+00 +1.8553237111805546e-03 +9.9995528857360405e-01 +9.9999056978504741e-01 +1.0000030743927759e+00 +9.9997835657329059e-01 +9.9998144047906723e-01 +6.8467884976616464e-05 -5.0277653545832632e-05 -4.2115259014801729e-06 +2.7776786834170040e-05 +4.9514710095382079e-05
 59.00000000 +5.0000000000000000e+00 +2.0000138329359767e+00 +1.8826581346684424e-03 +9.9988656963679945e-01 +9.9999152681527825e-01 +1.0000019025897042e+00 +9.9998184026453563e-01 +9.9998165462290456e-01 +7.4782927585110464e-05 -4.4071322785154540e-05 +2.5711887970054174e-05 +1.7719475433255045e-05 +8.2363107302021229e-05
 59.50000000 +5.0000000000000000e+00 +2.0000155652327853e+00 +1.9099778562815934e-03 +9.9981788766061308e-01 +9.9999248333076862e-01 +1.0000007314168893e+00 +9.9998532208207036e-01 +9.9998186865156424e-01 +8.1094573635216293e-05 -3.7868330111978291e-05 +5.5619207473159127e-05 +7.6675733775367711e-06 +1.1519383693205203e-04
 60.00000000 +5.0000000000000000e+00 +2.0000172965981244e+00 +1.9372828878779682e-03 +9.9974924261523446e-01 +9.9999343933193297e-01 +9.9999956087382236e-01 +9.9998880202740548e-01 +9.9998208256513876e-01 +8.7402825866465832e-05 -3.1668672833932296e-05 +8.5510445588926433e-05 -2.3789236959522767e-06 +1.4800691323545474e-04
 60.50000000 +5.0000000000000000e+00 +2.0000190270327467e+00 +1.9645732413027805e-03 +9.9968063447088473e-01 +9.9999439481918728e-01 +9.9999839095999643e-01 +9.9999228010205188e-01 +9.9998229636372182e-01 +9.3707687015445756e-05 -2.5472348261539625e-05 +1.1538561528449160e-04 -1.2420020145488869e-05 +1.8080235044688926e-04
 61.00000000 +5.0000000000000000e+00 +2.0000207565374013e+00 +1.9918489283885076e-03 +9.9961206319781670e-01 +9.9999534979294491e-01 +9.9999722167490346e-01 +9.9999575630751658e-01 +9.9998251004740524e-01 +1.0000915981580116e-04 -1.9279353708214075e-05 +1.4524472951305250e-04 -2.2455720324665327e-05 +2.1358016278571538e-04
 61.50000000 +5.0000000000000000e+00 +2.0000198247057672e+00 +1.9879029707075236e-03 +9.9962155743039738e-01 +9.9999835906481049e-01 +9.9999948883435985e-01 +9.9999940744550220e-01 +9.9998339586468421e-01 +7.0285998273059169e-05 +2.8552922072537573e-06 +1.3128604775097975e-04 +5.2611294215572234e-06 +1.8810289276290611e-04
 62.00000000 +5.0000000000000000e+00 +2.0000188927459375e+00 +1.9839564701663319e-03 +9.9963105296913557e-01 +1.0000013687506724e+00 +1.0000017563057175e+00 +1.0000030590857882e+00 +9.9998428180382870e-01 +4.0558747603434298e-05 +2.4992983269030295e-05 +1.1732544564067081e-04 +3.2981792278819172e-05 +1.6262211773644493e-04
 62.50000000 +5.0000000000000000e+00 +2.0000179606578858e+00 +1.9800094266529014e-03 +9.9964054981430017e-01 +1.0000043788506172e+00 +1.0000040240890415e+00 +1.0000067112284794e+00 +9.9998516786486347e-01 +1.0827406963033807e-05 +4.7133720105557063e-05 +1.0336292278581422e-04 +6.0706269034050644e-05 +1.3713783698298751e-04
 63.00000000 +5.0000000000000000e+00 +2.0000170284415857e+00 +1.9760618400551668e-03 +9.9965004796616153e-01 +1.0000073893647294e+00 +1.0000062921843960e+00 +1.0000103638736781e+00 +9.9998605404781382e-01 -1.8908024492267473e-05 +6.9277503345448568e-05 +8.9398478789989291e-05 +8.8434560474398325e-05 +1.1165004977899011e-04
 63.50000000 +5.0000000000000000e+00 +2.0000160960970108e+00 +1.9721137102610346e-03 +9.9965954742498875e-01 +1.0000104002930950e+00 +1.0000085605918452e+00 +1.0000140170214886e+00 +9.9998694035270452e-01 -4.8647547606826845e-05 +9.1424333617492218e-05 +7.5432113256666394e-05 +1.1616666738722551e-04 +8.6158755400710121e-05
 64.00000000 +5.0000000000000000e+00 +2.0000171622106140e+00 +1.9516556717242342e-03 +9.9971191125603964e-01 +1.0000085478924530e+00 +1.0000097778043240e+00 +1.0000121391889227e+00 +9.9999012632939421e-01 -4.8459837169831781e-05 +8.3283336071851888e-05 +8.3988731330435727e-05 +8.9013996852260009e-05 +5.9671306935292712e-05
 64.50000000 +5.0000000000000000e+00 +2.0000182286930452e+00 +1.9311905556320234e-03 +9.9976429320260629e-01 +1.0000066948509643e+00 +1.0000109954379037e+00 +1.0000102607067123e+00 +9.9999331340828801e-01 -4.8272061793521222e-05 +7.5139522109519071e-05 +9.2548309606789529e-05 +6.1851932722208376e-05 +3.3174695011517560e-05
 65.00000000 +5.0000000000000000e+00 +2.0000192955444938e+00 +1.9107183583109942e-03 +9.9981669327409051e-01 +1.0000048411682958e+00 +1.0000122134928020e+00 +1.0000083815745193e+00 +9.9999650158995712e-01 -4.8084221444190217e-05 +6.6992890268711803e-05 +1.0111084962213763e-04 +3.4680470121589139e-05 +6.6689148733491697e-06
 65.50000000 +5.0000000000000000e+00 +2.0000203627651532e+00 +1.8902390760851997e-03 +9.9986911147990176e-01 +1.0000029868441154e+00 +1.0000134319692382e+00 +1.0000065017920068e+00 +9.9999969087497487e-01 -4.7896316088110544e-05 +5.8843439086636434e-05 +1.0967635291395351e-04 +7.4996041715462424e-06 -1.9846038238539830e-05
 66.00000000 +5.0000000000000000e+00 +2.0000214303552140e+00 +1.8697527052761449e-03 +9.9992154782945508e-01 +1.0000011318780895e+00 +1.0000146508674306e+00 +1.0000046213588367e+00 +1.0000028812639135e+00 -4.7708345691530575e-05 +5.0691167099486605e-05 +1.1824482102077481e-04 -1.9690670010153796e-05 -4.6370169086771485e-05
 66.50000000 +5.0000000000000000e+00 +2.0000119226028752e+00 +1.8990528872764917e-03 +9.9984633086948904e-01 +9.9999932690385618e-01 +1.0000071972629760e+00 +9.9999982660887687e-01 +1.0000012655373931e+00 +2.9536634729852120e-05 +8.1752922645073894e-05 +1.0815486957741449e-04 -2.8339460994221760e-05 -4.5052146202198339e-05
 67.00000000 +5.0000000000000000e+00 +2.0000024174769484e+00 +1.9283449754233569e-03 +9.9977113468738199e-01 +9.9999752242822715e-01 +9.9999974571749750e-01 +9.9999503318341376e-01 +9.9999965025719917e-01 +1.0676027707375451e-04 +1.1280609772183470e-04 +9.8067705372325146e-05 -3.6985862844767748e-05 -4.3734487406971552e-05
 67.50000000 +5.0000000000000000e+00 +1.9999929149763451e+00 +1.9576289730700346e-03 +9.9969595927452592e-01 +9.9999571845099589e-01 +9.9999229623014252e-01 +9.9999024108189927e-01 +9.9999803542314714e-01 +1.8396259018056986e-04 +1.4385069588466849e-04 +8.7983327250750317e-05 -4.5629876551612896e-05 -4.2417192550248455e-05
 68.00000000 +5.0000000000000000e+00 +1.9999834150999791e+00 +1.9869048835679669e-03 +9.9962080462231695e-01 +9.9999391497195578e-01 +9.9998484880005811e-01 +9.9998545030378450e-01 +9.9999642103505215e-01 +2.6114358288580882e-04 +1.7488672068651117e-04 +7.7901734058571386e-05 -5.4271503104031623e-05 -4.1100261481269650e-05
 68.50000000 +5.0000000000000000e+00 +1.9999739178467619e+00 +2.0161727102667440e-03 +9.9954567072215639e-01 +9.9999211199090055e-01 +9.9997740342639241e-01 +9.9998066084852133e-01 +9.9999480709272925e-01 +3.3830326402010220e-04 +2.0591417567833656e-04 +6.7822924642307032e-05 -6.2910743490752016e-05 -3.9783694049359016e-05
 69.00000000 +5.0000000000000000e+00 +1.9999828001677300e+00 +1.9903833020151859e-03 +9.9961182399665294e-01 +9.9999713235787602e-01 +9.9998256307857014e-01 +9.9999520659688956e-01 +9.9999646789257701e-01 +2.4058946939067648e-04 +1.7137021934466332e-04 +5.0405166570879265e-05 -2.3322971151395387e-05 -2.2235798599762945e-05
 69.50000000 +5.0000000000000000e+00 +1.9999916867098988e+00 +1.9645816376992523e-03 +9.9967800870959045e-01 +1.0000021551107123e+00 +9.9998772518280210e-01 +1.0000097592579262e+00 +9.9999812948169697e-01 +1.4282923761365976e-04 +1.3680984646709550e-04 +3.2979130947593694e-05 +1.6283614736589605e-05 -4.6795637522958168e-06
 70.00000000 +5.0000000000000000e+00 +2.0000005774762810e+00 +1.9387677085800780e-03 +9.9974422488338588e-01 +1.0000071802511110e+00 +9.9999288974083700e-01 +1.0000243188365603e+00 +9.9999979186065269e-01 +4.5022535578253185e-05 +1.0223304534024390e-04 +1.5544811870357542e-05 +5.5909027587713895e-05 +1.2885016439232841e-05
 70.50000000 +5.0000000000000000e+00 +2.0000094724698863e+00 +1.9129415059104832e-03 +9.9981047254047595e-01 +1.0000122077807740e+00 +9.9999805675442432e-01 +1.0000388853377253e+00 +1.0000014550300067e+00 -5.2830669857828075e-05 +6.7639804247588442e-05 -1.8977965685344883e-06 +9.5553280829244623e-05 +3.0457947926667919e-05
 71.00000000 +5.0000000000000000e+00 +2.0000183716937312e+00 +1.8871030209349714e-03 +9.9987675170332013e-01 +1.0000172377014067e+00 +1.0000032262253160e+00 +1.0000534587663594e+00 +1.0000031189903231e+00 -1.5073041186839192e-04 +3.3030111461464916e-05 -1.9348700282406724e-05 +1.3521638790122025e-04 +4.8039236667515370e-05
 71.50000000 +5.0000000000000000e+00 +2.0000037930737640e+00 +1.9144339959446613e-03 +9.9980329229551013e-01 +1.0000159653760943e+00 +1.0000012480990161e+00 +1.0000429874168164e+00 +1.0000055708537265e+00 -1.1128650529233463e-04 +5.9082754984777334e-05 +4.6396416807929685e-06 +1.3153763130706233e-04 +4.6962445395146609e-05
 72.00000000 +5.0000000000000000e+00 +1.9999892248083151e+00 +1.9417455590286894e-03 +9.9972988506251503e-01 +1.0000146939544552e+00 +9.9999927137768729e-01 +1.0000325235045879e+00 +1.0000080209756848e+00 -7.1870613896196357e-05 +8.5116894522074471e-05 +2.8610945835763354e-05 +1.2786148756332438e-04 +4.5886418917744909e-05
 72.50000000 +5.0000000000000000e+00 +1.9999746668863567e+00 +1.9690377308608014e-03 +9.9965652994876808e-01 +1.0000134234355276e+00 +9.9999729605983345e-01 +1.0000220670217528e+00 +1.0000104693580523e+00 -3.2482707843745672e-05 +1.1113254978014420e-04 +5.2565230327809596e-05 +1.2418795388731464e-04 +4.4811156420801857e-05
 73.00000000 +5.0000000000000000e+00 +1.9999601192968777e+00 +1.9963105320853968e-03 +9.9958322689878287e-01 +1.0000121538183502e+00 +9.9999532214396114e-01 +1.0000116179604024e+00 +1.0000129160026821e+00 +6.8772426588963704e-06 +1.3712974043780075e-04 +7.6502513276479649e-05 +1.2051702750029150e-04 +4.3736657090965247e-05
 73.50000000 +5.0000000000000000e+00 +1.9999455820288814e+00 +2.0235639833175814e-03 +9.9950997585714996e-01 +1.0000108851019638e+00 +9.9999334962857778e-01 +1.0000011763126380e+00 +1.0000153609114226e+00 +4.6209267363331281e-05 +1.6310848614593411e-04 +1.0042281277560991e-04 +1.1684870562745620e-04 +4.2662920116036998e-05
 74.00000000 +5.0000000000000000e+00 +1.9999654918305105e+00 +1.9859971633850435e-03 +9.9961230343410301e-01 +1.0000021886628050e+00 +1.0000006580188714e+00 +9.9999833142551975e-01 +1.0000087992551545e+00 +6.9733447002442281e-05 +1.3695894989408078e-04 +8.1352080805203149e-05 +4.5460345643999284e-05 +4.4214385424180717e-05
 74.50000000 +5.0000000000000000e+00 +1.9999854124028340e+00 +1.9484100207632926e-03 +9.9971468636765926e-01 +9.9999348751909534e-01 +1.0000079703628177e+00 +9.9999548499939028e-01 +1.0000022340491981e+00 +9.3270352621358036e-05 +1.1079526741161078e-04 +6.2271032056330993e-05 -2.5966633617212658e-05 +4.5766690035393966e-05
 75.00000000 +5.0000000000000000e+00 +2.0000053437545935e+00 +1.9108025389567844e-03 +9.9981712470275086e-01 +9.9998478166701577e-01 +1.0000152866636252e+00 +9.9999263703300045e-01 +9.9999566529067230e-01 +1.1681999454951712e-04 +8.4617427216294547e-05 +4.3179658155058313e-05 -9.7432263502721472e-05 +4.7319834630923272e-05
