#PATCH_CHECK: SepMBpoisson v0.61 exact-bernoulli stratified-backward active
#discretizing the bath:
#     0 0.0000000000000000e+00 -6.3189999999999946e-01
#     1 4.7140452079103166e-03 -2.3887059414175743e-01
#     2 4.7140452079103166e-03 -2.2257645869094916e-01
#     3 4.7140452079103166e-03 -2.0564704689784702e-01
#     4 4.7140452079103166e-03 -1.8810536043638598e-01
#     5 4.7140452079103166e-03 -1.6997206898338796e-01
#     6 4.7140452079103166e-03 -1.5126587962474453e-01
#     7 4.7140452079103166e-03 -1.3200382916273876e-01
#     8 4.7140452079103166e-03 -1.1220151886193480e-01
#     9 4.7140452079103166e-03 -9.1873305439137520e-02
#sampling: jump_strength=1.1785113019775794e-02 jump_probability=1.1647841886704504e-02 log_scale=1.1716209404909925e-02 back_replicas=4 stratify_forward=0
#adaptive measurement: gap=1.8133291452998024e-02 period_steps=693 nmeas=100 nwf=150 tmax=7.5000000000000000e+01 forced_stride=0
  0.00000000 +5.0000000000000000e+00 +1.9999999999999998e+00 +1.8374661879283106e-03 +1.0000000000000000e+00 +1.0000000000000000e+00 +1.0000000000000000e+00 +1.0000000000000000e+00 +1.0000000000000000e+00 +0.0000000000000000e+00 +0.0000000000000000e+00 +0.0000000000000000e+00 +0.0000000000000000e+00 +0.0000000000000000e+00
  0.50000000 +5.0000000000000000e+00 +1.9999999999004472e+00 +1.8485206270685884e-03 +9.9997193545550422e-01 +9.9999999999760680e-01 +9.9999999999760680e-01 +9.9999999999760680e-01 +9.9999999999760680e-01 +5.7526706453881631e-06 +5.6358046165224822e-06 +5.4927033566869537e-06 +5.6739649524786229e-06 +5.5093985036677655e-06
  1.00000000 +5.0000000000000000e+00 +1.9999999962394877e+00 +1.8790393527788789e-03 +9.9989441154073810e-01 +9.9999999987735055e-01 +9.9999999982048127e-01 +9.9999999982616816e-01 +9.9999999977498566e-01 +2.2052417184746447e-05 +2.1180157898532381e-05 +2.0854955293370271e-05 +2.0882326226547757e-05 +2.0619316032597892e-05
  1.50000000 +5.0000000000000000e+00 +1.9999999877404449e+00 +1.9231305201092104e-03 +9.9978227228144823e-01 +9.9999999882281654e-01 +9.9999999855622079e-01 +9.9999999874234713e-01 +9.9999999846327681e-01 +4.5134126007101507e-05 +4.4019152553244071e-05 +4.3002012348788685e-05 +4.2835672701609788e-05 +4.2742172944128824e-05
  2.00000000 +5.0000000000000000e+00 +2.0000000664574977e+00 +1.9727415446703115e-03 +9.9965581474314447e-01 +9.9999999512410997e-01 +9.9999999512104709e-01 +9.9999999524165806e-01 +9.9999999463398026e-01 +7.1304434202096553e-05 +6.9665262839326697e-05 +6.8231694474908561e-05 +6.7819569609598335e-05 +6.7184200129709990e-05
  2.50000000 +5.0000000000000000e+00 +2.0000000063043872e+00 +2.0174305261049567e-03 +9.9954146157364865e-01 +9.9999998711788363e-01 +9.9999998763058473e-01 +9.9999998766394060e-01 +9.9999998678357116e-01 +9.6798360401562750e-05 +9.3475019662218667e-05 +9.1138067693227618e-05 +8.9559756188208135e-05 +8.7618062835898716e-05
  3.00000000 +5.0000000000000000e+00 +1.9999999873936971e+00 +2.0482151475993762e-03 +9.9946201495412001e-01 +9.9999997382905970e-01 +9.9999997469074953e-01 +9.9999997488163117e-01 +9.9999997335601853e-01 +1.1586213490316113e-04 +1.1016348317291579e-04 +1.0720140157534549e-04 +1.0395088282791112e-04 +1.0091037205653961e-04
  3.50000000 +5.0000000000000000e+00 +1.9999999981908514e+00 +2.0595490899449377e-03 +9.9943167110651532e-01 +9.9999995594669866e-01 +9.9999995432563038e-01 +9.9999995548303500e-01 +9.9999995387133844e-01 +1.2550190194285073e-04 +1.1825981622055178e-04 +1.1358396659882538e-04 +1.0849645303521938e-04 +1.0266712918546216e-04
  4.00000000 +5.0000000000000000e+00 +1.9999999737319871e+00 +2.0482945957750616e-03 +9.9945869042987601e-01 +9.9999993247528818e-01 +9.9999993106566354e-01 +9.9999993189512670e-01 +9.9999993122337871e-01 +1.2372346832063949e-04 +1.1448603002108046e-04 +1.0893964990251644e-04 +1.0031402486959314e-04 +9.4119752953498472e-05
  4.50000000 +5.0000000000000000e+00 +2.0000000758163408e+00 +2.0185580808631479e-03 +9.9953295342954718e-01 +9.9999990228459312e-01 +9.9999990057716748e-01 +9.9999990325761901e-01 +9.9999990330839572e-01 +1.0875498560138139e-04 +1.0170593057145437e-04 +9.4897573732507137e-05 +8.4682062807841773e-05 +7.7396589976573064e-05
  5.00000000 +5.0000000000000000e+00 +2.0000000491282646e+00 +1.9747765523059051e-03 +9.9964359614241138e-01 +9.9999987217310771e-01 +9.9999987698941417e-01 +9.9999987534693069e-01 +9.9999987803313450e-01 +8.9357337918538805e-05 +8.0705708253703523e-05 +7.0915054095981039e-05 +6.0909907916551825e-05 +5.5013310568117965e-05
  5.50000000 +5.0000000000000000e+00 +1.9999998034113227e+00 +1.9275923976073606e-03 +9.9976381152858751e-01 +9.9999984447111112e-01 +9.9999985353607546e-01 +9.9999985182306794e-01 +9.9999985714675732e-01 +6.6242243285856515e-05 +5.5692618257333643e-05 +4.5918903685387985e-05 +3.8097084469654773e-05 +3.0830599411913626e-05
  6.00000000 +5.0000000000000000e+00 +1.9999995246054683e+00 +1.8869973507210638e-03 +9.9986831244129215e-01 +9.9999981980217190e-01 +9.9999982458176506e-01 +9.9999984348684656e-01 +9.9999984073858705e-01 +3.6627481944255534e-05 +3.5175286633599310e-05 +2.7197920665015054e-05 +1.6753322194063970e-05 +1.6604974294899162e-05
  6.50000000 +5.0000000000000000e+00 +1.9999996036431886e+00 +1.8517926043968922e-03 +9.9996010507909683e-01 +9.9999980616770068e-01 +9.9999981157158346e-01 +9.9999981263433757e-01 +9.9999982799928222e-01 +1.4553817788817956e-05 +9.1215744324383985e-06 +9.0308578040338932e-06 +5.0820987312208051e-06 +2.8481316676029228e-06
  7.00000000 +5.0000000000000000e+00 +1.9999998013673845e+00 +1.8447629785891075e-03 +9.9998098762912291e-01 +9.9999980299880520e-01 +9.9999980911902631e-01 +9.9999982033733847e-01 +9.9999981641055491e-01 +1.1621545412670253e-05 +3.6638181726493192e-06 +6.1949231037599688e-07 -3.6487029803674681e-07 +4.2235570574682246e-06
  7.50000000 +5.0000000000000000e+00 +1.9999996384494547e+00 +1.8527621969792211e-03 +9.9996373554976237e-01 +9.9999981445574437e-01 +9.9999981746358735e-01 +9.9999981674400173e-01 +9.9999982330806092e-01 +3.0711607726239019e-06 +2.0837466896888905e-06 +5.5294084895243445e-06 +1.1373633163611257e-05 +1.4934574868481590e-05
  8.00000000 +5.0000000000000000e+00 +1.9999997739279145e+00 +1.8807605884277635e-03 +9.9989500108458396e-01 +9.9999977908064752e-01 +9.9999983411561788e-01 +9.9999979032812036e-01 +9.9999980703877622e-01 +7.4047586443856475e-06 +1.6182989999417807e-05 +2.2128970260885100e-05 +2.7265709565645824e-05 +3.2805910103982752e-05
  8.50000000 +5.0000000000000000e+00 +1.9999992151012642e+00 +1.9181160873441381e-03 +9.9980139088359476e-01 +9.9999977460426948e-01 +9.9999980089958029e-01 +9.9999978432807179e-01 +9.9999979714130183e-01 +2.7363625348490702e-05 +2.7436935695810279e-05 +3.9741677303533108e-05 +5.0240932534454028e-05 +5.4668980459081578e-05
  9.00000000 +5.0000000000000000e+00 +1.9999996498166897e+00 +1.9676427795616582e-03 +9.9967536024421499e-01 +9.9999980685795120e-01 +9.9999978387081123e-01 +9.9999978483785457e-01 +9.9999979918180104e-01 +5.1845635035510135e-05 +5.4888344078368703e-05 +6.6261176529177379e-05 +7.2466050593445998e-05 +8.0003782548058539e-05
  9.50000000 +5.0000000000000000e+00 +1.9999995301867404e+00 +2.0062254504684953e-03 +9.9957541943395933e-01 +9.9999981773271063e-01 +9.9999977420811559e-01 +9.9999975395447305e-01 +9.9999976852196959e-01 +7.6597192272120573e-05 +7.6939248096682321e-05 +8.2490812848205077e-05 +9.3589903392606505e-05 +9.5848982692857298e-05
 10.00000000 +5.0000000000000000e+00 +1.9999999168007825e+00 +2.0358151627147027e-03 +9.9949697019743722e-01 +9.9999972666034231e-01 +9.9999975163162791e-01 +9.9999976354884312e-01 +9.9999977156280306e-01 +9.9497862969369154e-05 +9.3595816564621585e-05 +1.0793820448142818e-04 +1.0235907856576065e-04 +1.0062537260818842e-04
 10.50000000 +5.0000000000000000e+00 +2.0000000640052278e+00 +2.0438402806323502e-03 +9.9947244479493891e-01 +9.9999970810289873e-01 +9.9999973760009342e-01 +9.9999963804247205e-01 +9.9999955823030828e-01 +1.1239362026643910e-04 +1.1252265344908096e-04 +1.0691439697597168e-04 +9.4814788699994410e-05 +1.0226775832083331e-04
 11.00000000 +5.0000000000000000e+00 +1.9999998410148248e+00 +2.0422634004084268e-03 +9.9947195196048277e-01 +9.9999965416120051e-01 +9.9999966101877857e-01 +9.9999962336753689e-01 +9.9999962123047981e-01 +1.2971642900179867e-04 +1.1168027906271024e-04 +9.8305797106515316e-05 +9.8829565506091402e-05 +9.0956179695827013e-05
 11.50000000 +5.0000000000000000e+00 +2.0000002932952223e+00 +2.0095995161928163e-03 +9.9955185851154360e-01 +9.9999953388387253e-01 +9.9999960685950395e-01 +9.9999962273865484e-01 +9.9999949318638126e-01 +1.1498555201692926e-04 +9.9488482142788944e-05 +9.5529824939922131e-05 +7.0184384417851166e-05 +6.9696556090712193e-05
 12.00000000 +5.0000000000000000e+00 +2.0000004322818197e+00 +1.9778388466152306e-03 +9.9963050101996953e-01 +9.9999945865707274e-01 +9.9999960325342729e-01 +9.9999944146434261e-01 +9.9999944574773592e-01 +1.0302584315603326e-04 +8.3478960809423806e-05 +7.8774118422345065e-05 +5.5295908083813790e-05 +5.0975027139613940e-05
 12.50000000 +5.0000000000000000e+00 +1.9999997338442408e+00 +1.9293096512483095e-03 +9.9975392984485978e-01 +9.9999935734291123e-01 +9.9999949303526936e-01 +9.9999948018036411e-01 +9.9999946090012815e-01 +7.9865165824683637e-05 +6.6554757953280204e-05 +5.3558825623439649e-05 +2.6744777028126575e-05 +2.1555200132847018e-05
 13.00000000 +5.0000000000000000e+00 +1.9999990310705105e+00 +1.9028061860973341e-03 +9.9982373476574893e-01 +9.9999943576921124e-01 +9.9999951313996138e-01 +9.9999943132248059e-01 +9.9999934122371870e-01 +6.5104405615886302e-05 +5.1647122911550053e-05 +3.4687214408134918e-05 +1.7752861973963275e-05 +9.3521821327093740e-06
 13.50000000 +5.0000000000000000e+00 +1.9999985676464720e+00 +1.8688501192293354e-03 +9.9991366284658179e-01 +9.9999928719461972e-01 +9.9999931121447205e-01 +9.9999949135711619e-01 +9.9999932165588579e-01 +3.2501940940248887e-05 +3.3617963086441333e-05 +8.6032855336663373e-06 +6.2300741200456348e-06 +7.9724313300256795e-06
 14.00000000 +5.0000000000000000e+00 +1.9999999447563861e+00 +1.8515940396043877e-03 +9.9996218404444392e-01 +9.9999938070360705e-01 +9.9999938965411972e-01 +9.9999918439126467e-01 +9.9999932830061533e-01 +2.2607383755274817e-05 +2.0759596249525557e-06 -5.8478921137602934e-06 +1.0341558346280483e-06 +2.0663311220269166e-05
 14.50000000 +5.0000000000000000e+00 +1.9999990042263780e+00 +1.8503086446043763e-03 +9.9997052831573419e-01 +9.9999940350156546e-01 +9.9999925368021847e-01 +9.9999924805531881e-01 +9.9999949414167899e-01 +1.4763397918008455e-06 +3.9777262213113441e-06 +4.3586767229047078e-06 +1.0500971503038353e-07 +2.2154582757566272e-05
 15.00000000 +5.0000000000000000e+00 +1.9999996758309788e+00 +1.8901865164324728e-03 +9.9987365188819011e-01 +9.9999943766096133e-01 +9.9999931789480756e-01 +9.9999927404029276e-01 +9.9999918547641664e-01 +4.4381810924540687e-06 +2.1663003753636036e-05 +2.7469227741453758e-05 +3.6041009510483895e-05 +3.9521645107619277e-05
 15.50000000 +5.0000000000000000e+00 +2.0000005870329671e+00 +1.9302147473588740e-03 +9.9977518196606463e-01 +9.9999957667730277e-01 +9.9999983188908681e-01 +9.9999919284999905e-01 +9.9999938766011942e-01 +2.3336273782230571e-05 +3.9474517070344483e-05 +3.9192613376921222e-05 +5.4098037072802269e-05 +7.0727533190642736e-05
 16.00000000 +5.0000000000000000e+00 +1.9999975591003643e+00 +1.9532028730681809e-03 +9.9971563129372476e-01 +9.9999932020938642e-01 +9.9999937578268017e-01 +9.9999927487108853e-01 +9.9999924524564709e-01 +1.7042410438498811e-05 +6.1328155248823650e-05 +5.2338239607031040e-05 +5.1816271596127011e-05 +1.0462755470404387e-04
 16.50000000 +5.0000000000000000e+00 +1.9999985700361442e+00 +2.0036845079158144e-03 +9.9958548590231300e-01 +9.9999965677413405e-01 +9.9999959880014799e-01 +9.9999925306992343e-01 +9.9999939209754074e-01 +5.4565977873681860e-05 +7.2713150996980741e-05 +8.7156106079622398e-05 +1.0048011035352063e-04 +1.0169800226869641e-04
 17.00000000 +5.0000000000000000e+00 +1.9999949984770069e+00 +2.0199512095890266e-03 +9.9953901246847732e-01 +9.9999936058236505e-01 +9.9999950617791455e-01 +9.9999889657585728e-01 +9.9999899651483892e-01 +9.2026032018919867e-05 +8.7015450830459464e-05 +9.5635025675224792e-05 +8.8713610825596215e-05 +1.0083756866126658e-04
 17.50000000 +5.0000000000000000e+00 +1.9999974694512630e+00 +2.0335700165407672e-03 +9.9950058164775868e-01 +9.9999921939810055e-01 +9.9999925607499107e-01 +9.9999942174635337e-01 +9.9999911813812126e-01 +9.8434038384931924e-05 +1.0676807004555122e-04 +1.0986563666648408e-04 +9.4813402990109546e-05 +9.2521838689298665e-05
 18.00000000 +5.0000000000000000e+00 +1.9999973777146427e+00 +2.0019688777659474e-03 +9.9957459046748742e-01 +9.9999943497464594e-01 +9.9999933127935969e-01 +9.9999921196177621e-01 +9.9999876673159482e-01 +1.0987315948413239e-04 +1.0748603502288385e-04 +8.8091304073570381e-05 +7.2865478482694683e-05 +5.0348598744043135e-05
 18.50000000 +5.0000000000000000e+00 +1.9999974682768091e+00 +2.0058302338801298e-03 +9.9956012601806110e-01 +9.9999902224750326e-01 +9.9999951408726451e-01 +9.9999938722880743e-01 +9.9999897510745828e-01 +1.1528601735301234e-04 +1.0634177537403966e-04 +1.0483772779503576e-04 +6.6519260367179021e-05 +4.9990520870723276e-05
 19.00000000 +5.0000000000000000e+00 +1.9999984411293179e+00 +1.9855457212214788e-03 +9.9960844910120372e-01 +9.9999942799319363e-01 +9.9999935767634163e-01 +9.9999903004050894e-01 +9.9999935191680434e-01 +1.2443347824469888e-04 +9.0080941654157676e-05 +7.8539042641189057e-05 +8.0561606201830625e-05 +2.0768236309816704e-05
 19.50000000 +5.0000000000000000e+00 +1.9999979438250217e+00 +1.9400234458091131e-03 +9.9972281169905597e-01 +9.9999907734933702e-01 +9.9999858354323989e-01 +9.9999912554567905e-01 +9.9999864045369002e-01 +8.6228674967618718e-05 +7.7775560887698842e-05 +6.8479311811201445e-05 +3.2215353318055052e-05 +1.7062517317661212e-05
 20.00000000 +5.0000000000000000e+00 +1.9999991182556922e+00 +1.9094215508904367e-03 +9.9980485402258301e-01 +9.9999896707131919e-01 +9.9999923125413659e-01 +9.9999836995097868e-01 +9.9999922801536767e-01 +9.0247713433621620e-05 +4.1888456257922871e-05 +2.4504114203304753e-05 +3.3364061898894397e-05 +9.3453293436388064e-06
 20.50000000 +5.0000000000000000e+00 +1.9999991434219500e+00 +1.8948788613393718e-03 +9.9984604519405229e-01 +9.9999891283115738e-01 +9.9999884018789842e-01 +9.9999832057926985e-01 +9.9999900726320978e-01 +5.8005784403332047e-05 +1.4357386666043725e-05 +3.2422839649577103e-05 +2.7682909254584670e-05 +2.6405051061768555e-05
 21.00000000 +5.0000000000000000e+00 +1.9999984185916333e+00 +1.8968865759903886e-03 +9.9984603261582761e-01 +9.9999929691747103e-01 +9.9999911052650792e-01 +9.9999844078189437e-01 +9.9999804936285530e-01 +4.7706906875097580e-05 +2.0118200068376596e-05 +3.2423691916473719e-05 +1.2022650818905291e-05 +4.6798332401070320e-05
 21.50000000 +5.0000000000000000e+00 +1.9999977046320527e+00 +1.8781205097178478e-03 +9.9990047514317681e-01 +9.9999867406618692e-01 +9.9999889815681375e-01 +9.9999867396102382e-01 +9.9999847798799124e-01 +3.0459017670279662e-05 +1.2359771540653411e-05 +1.7191534756271557e-05 +2.6091450257765274e-05 +1.8698912006184029e-05
 22.00000000 +5.0000000000000000e+00 +1.9999960619940969e+00 +1.9125491215193171e-03 +9.9981669459451927e-01 +9.9999870495031284e-01 +9.9999861840306448e-01 +9.9999841985273474e-01 +9.9999878610719184e-01 +2.1017664694875603e-05 +2.0910218756859217e-05 +2.0110684059044319e-05 +3.8057353563608626e-05 +8.8680184853411818e-05
 22.50000000 +5.0000000000000000e+00 +1.9999987707908637e+00 +1.9359965845174587e-03 +9.9975858720757638e-01 +9.9999875262938698e-01 +9.9999876770749152e-01 +9.9999822713906417e-01 +9.9999863752192908e-01 +2.5724627158879960e-05 +4.6434837662240403e-05 +3.4317637647379454e-05 +6.4162610074694850e-05 +7.6388055908694166e-05
 23.00000000 +5.0000000000000000e+00 +1.9999974374417484e+00 +1.9465964721649025e-03 +9.9973185503056738e-01 +9.9999901991804752e-01 +9.9999873388631999e-01 +9.9999803699621359e-01 +9.9999859873273877e-01 +2.6297297920787062e-05 +2.8683861836135135e-05 +7.7927615186961080e-05 +5.8076298905471986e-05 +8.2770339899661092e-05
 23.50000000 +5.0000000000000000e+00 +1.9999958441604597e+00 +2.0078539050755045e-03 +9.9957507665485446e-01 +9.9999866436034146e-01 +9.9999859481612741e-01 +9.9999917083032563e-01 +9.9999800125594074e-01 +4.3916611952248719e-05 +8.0004846300018835e-05 +1.1823558378391885e-04 +9.4177431094645309e-05 +9.4157595277406876e-05
 24.00000000 +5.0000000000000000e+00 +1.9999978598121917e+00 +1.9769611431195741e-03 +9.9964844223445293e-01 +9.9999911314096845e-01 +9.9999841653596433e-01 +9.9999861268292956e-01 +9.9999863573147829e-01 +3.7446306473017903e-05 +7.5530496269142117e-05 +7.0007086345904272e-05 +9.1491063344901070e-05 +8.2304719977712028e-05
 24.50000000 +5.0000000000000000e+00 +1.9999954839415308e+00 +1.9982521082609695e-03 +9.9958982260285034e-01 +9.9999901875021058e-01 +9.9999944547261999e-01 +9.9999806462251728e-01 +9.9999856984450464e-01 +6.6252882616959921e-05 +1.2264762657982105e-04 +7.8942149793273926e-05 +8.6513207435399834e-05 +6.0722859957535147e-05
 25.00000000 +5.0000000000000000e+00 +1.9999960469604832e+00 +2.0141113637120131e-03 +9.9954299975124017e-01 +9.9999878068974246e-01 +9.9999821000246636e-01 +9.9999783055832758e-01 +9.9999847814083875e-01 +1.1866604791814556e-04 +1.3184655136104745e-04 +5.7170714451805304e-05 +8.8160954169527687e-05 +6.7856577835140463e-05
 25.50000000 +5.0000000000000000e+00 +1.9999962299483334e+00 +2.0012840810745489e-03 +9.9957341171776237e-01 +9.9999959795432858e-01 +9.9999878611228676e-01 +9.9999751365521616e-01 +9.9999766361971987e-01 +1.0853940664674690e-04 +1.1419722906756383e-04 +9.2049583939761480e-05 +5.5994535726892616e-05 +6.2246184087179948e-05
 26.00000000 +5.0000000000000000e+00 +1.9999952966466885e+00 +1.9924136032165455e-03 +9.9959021977819018e-01 +9.9999922191258583e-01 +9.9999812250754350e-01 +9.9999774199696745e-01 +9.9999756347073965e-01 +1.0389488959911717e-04 +1.1211345453829329e-04 +1.0487416663438367e-04 +4.3229324062343938e-05 +5.3018523297862501e-05
 26.50000000 +5.0000000000000000e+00 +1.9999939630923251e+00 +1.9327205830118549e-03 +9.9974208326684988e-01 +9.9999826128850544e-01 +9.9999833850927855e-01 +9.9999808436586490e-01 +9.9999735014647795e-01 +7.7501208435287370e-05 +6.7008826937392930e-05 +8.6308018026844856e-05 +3.4352382664724817e-05 +7.1197127317349119e-07
 27.00000000 +5.0000000000000000e+00 +1.9999933314740110e+00 +1.9154622328494996e-03 +9.9978828767633854e-01 +9.9999842001916117e-01 +9.9999829795262740e-01 +9.9999903363640763e-01 +9.9999735430453507e-01 +7.7263645206639833e-05 +5.6784770743471308e-05 +2.2109023853523240e-05 +5.3234861274106246e-05 +9.2141140196928422e-06
 27.50000000 +5.0000000000000000e+00 +1.9999928151744666e+00 +1.8820246541177447e-03 +9.9987711455159023e-01 +9.9999885475818795e-01 +9.9999837010781212e-01 +9.9999787947759045e-01 +9.9999890031385885e-01 +2.6437305313594554e-05 +4.1580435324837069e-05 +3.1376033969395560e-05 +2.1120531178880843e-05 +8.3664514582916361e-06
 28.00000000 +5.0000000000000000e+00 +1.9999899208028364e+00 +1.8653164046490119e-03 +9.9992419187806547e-01 +9.9999920967064526e-01 +9.9999982027175227e-01 +9.9999882489531788e-01 +9.9999848004384972e-01 +4.1329144638231259e-05 -7.8375704260662162e-06 +1.0116092068257531e-05 +9.4458265643339864e-06 +2.6419714740475835e-05
 28.50000000 +5.0000000000000000e+00 +1.9999960337558913e+00 +1.8986099793523736e-03 +9.9984579974855192e-01 +9.9999875049607911e-01 +9.9999817971661797e-01 +9.9999591504907082e-01 +9.9999743645647610e-01 +4.0404574610297692e-05 -4.6513047470274500e-06 +6.0219493788739045e-05 +3.7775140298531585e-05 +3.0170659389333334e-05
 29.00000000 +5.0000000000000000e+00 +1.9999966235252966e+00 +1.9056626313079211e-03 +9.9983237388624469e-01 +9.9999776290906872e-01 +9.9999850293581216e-01 +9.9999821401392397e-01 +9.9999759744826444e-01 +3.5283308710887651e-05 -1.0324110061242082e-06 +6.4682650389344257e-05 +2.3080620399903660e-05 +5.3534627957118195e-05
 29.50000000 +5.0000000000000000e+00 +1.9999941409904929e+00 +1.9162310126531234e-03 +9.9981180041539786e-01 +9.9999941039276907e-01 +9.9999728384755837e-01 +9.9999869345329984e-01 +9.9999812845236946e-01 +1.1819869761379201e-05 +8.1064082911838448e-06 +1.0763915521485936e-04 +8.9116206061620873e-06 +5.8206384291012950e-05
 30.00000000 +5.0000000000000000e+00 +1.9999896300696041e+00 +1.9472081012028564e-03 +9.9973201005642698e-01 +1.0000001682426178e+00 +9.9999862362134606e-01 +9.9999878353519733e-01 +9.9999771974159501e-01 +4.6014890163501209e-05 +4.1736137478628804e-05 +8.8122425008925183e-05 +6.9045282142509064e-05 +2.7776061726585018e-05
 30.50000000 +5.0000000000000000e+00 +1.9999876568527770e+00 +1.9627235124465583e-03 +9.9968842870654639e-01 +9.9999672055888522e-01 +9.9999645049589259e-01 +9.9999827983260092e-01 +9.9999588294645914e-01 +5.1772663842239220e-05 +7.1440794722480146e-05 +4.9346399005160528e-05 +9.0681320906591903e-05 +6.0996283098765747e-05
 31.00000000 +5.0000000000000000e+00 +1.9999870578964520e+00 +1.9902569624574329e-03 +9.9961308690477191e-01 +9.9999984910112127e-01 +9.9999961480563349e-01 +9.9999652140139683e-01 +9.9999810678824630e-01 +6.0160727170940758e-05 +5.8522199606576466e-05 +1.2044398583191499e-04 +6.9814938908647125e-05 +8.3879168857833709e-05
 31.50000000 +5.0000000000000000e+00 +1.9999870863451492e+00 +1.9881889571867553e-03 +9.9961727064692951e-01 +9.9999811978163577e-01 +9.9999898579707613e-01 +9.9999813845547469e-01 +9.9999679919667628e-01 +9.3862207033996328e-05 +1.2865594729516078e-04 +6.4964637392725389e-05 +6.5483215994952619e-05 +3.7720129876483657e-05
 32.00000000 +5.0000000000000000e+00 +1.9999898930962632e+00 +1.9916627234628274e-03 +9.9960744251752487e-01 +9.9999889087824201e-01 +9.9999798567432419e-01 +9.9999569290360479e-01 +9.9999633672600585e-01 +7.3300078220934063e-05 +9.4800729810877395e-05 +8.2727120806670476e-05 +9.7039136428255659e-05 +5.5784218218411636e-05
 32.50000000 +5.0000000000000000e+00 +1.9999892024862644e+00 +1.9454832191071821e-03 +9.9971882350936991e-01 +9.9999876081757766e-01 +9.9999628332285828e-01 +9.9999759191473947e-01 +9.9999606161133858e-01 +3.2547204935001273e-05 +1.1915764614257186e-04 +4.2394014689210827e-05 +5.3811986639924766e-05 +4.4567953129992590e-05
 33.00000000 +5.0000000000000000e+00 +1.9999908371331327e+00 +1.9686823965221183e-03 +9.9965591229304784e-01 +9.9999841570555614e-01 +9.9999835724326702e-01 +9.9999754775933136e-01 +9.9999838224358695e-01 +6.7462401573380057e-05 +5.9783171500238835e-05 +1.4234714983581622e-04 +3.8916805588846497e-05 +4.2875198736934724e-05
 33.50000000 +5.0000000000000000e+00 +1.9999793575169353e+00 +1.9971232331000921e-03 +9.9957743026451862e-01 +1.0000029548276059e+00 +1.0000004146875054e+00 +9.9999546945045004e-01 +9.9999893493413716e-01 +1.8213653362053161e-04 +8.9891663718359350e-05 +2.1749529723834233e-05 +7.7397395409929941e-05 +5.3620699944401076e-05
 34.00000000 +5.0000000000000000e+00 +1.9999922346536319e+00 +1.9474062623710620e-03 +9.9970805814641395e-01 +9.9999749294887474e-01 +9.9999816222741278e-01 +9.9999698161939232e-01 +9.9999752935607289e-01 +8.6023236465944305e-05 +8.1634115533915874e-05 +2.5027852945719374e-05 +6.6717099310619182e-05 +4.2373381979515851e-05
 34.50000000 +5.0000000000000000e+00 +1.9999822595195764e+00 +1.9787014169021793e-03 +9.9962816268299193e-01 +1.0000001327780004e+00 +9.9999971474930671e-01 +9.9999977294202647e-01 +1.0000001792986157e+00 +1.3244683967583891e-04 +8.4052674341001578e-05 +5.5479188364371208e-05 +6.8441295971316348e-05 +3.1617546734484142e-05
 35.00000000 +5.0000000000000000e+00 +1.9999890781435015e+00 +1.9101466121363355e-03 +9.9980975221711665e-01 +1.0000004892564878e+00 +9.9999630779142878e-01 +9.9999612141279826e-01 +9.9999864085469836e-01 +6.0852440266979130e-05 +6.5870493631492213e-05 +6.4747714414032417e-05 -4.6895934932990373e-06 +1.1907427523789148e-05
 35.50000000 +5.0000000000000000e+00 +1.9999855912249707e+00 +1.9639352286949228e-03 +9.9967403984643843e-01 +9.9999759957055379e-01 +1.0000003540388491e+00 +9.9999804194984110e-01 +9.9999898662920716e-01 +1.2929409156661016e-04 +4.2398481266861273e-05 +2.7506731181543620e-05 +4.4854017327775609e-05 +8.6924617615758879e-05
 36.00000000 +5.0000000000000000e+00 +1.9999791550814925e+00 +1.8865164222767949e-03 +9.9987681176211429e-01 +9.9999755962752657e-01 +9.9999899543423743e-01 +9.9999565304112881e-01 +9.9999893405068541e-01 +1.3716862828844734e-05 +9.7425073835058859e-05 +2.4571548222684204e-05 -3.2746444805704546e-06 -3.9275515617687952e-07
 36.50000000 +5.0000000000000000e+00 +1.9999849453302048e+00 +1.9214116214908532e-03 +9.9979316284728059e-01 +9.9999823940536603e-01 +9.9999886336484045e-01 +9.9999917779423542e-01 +9.9999684610339312e-01 +1.4368414420349749e-05 +8.2649035538670261e-05 +1.2238314471248807e-05 +5.7566855119228001e-05 +4.6887861118626770e-05
 37.00000000 +5.0000000000000000e+00 +1.9999820896590002e+00 +1.9423808338484268e-03 +9.9973954705594359e-01 +9.9999880888201720e-01 +9.9999815057905050e-01 +9.9999839824604753e-01 +9.9999482988182886e-01 +6.7654208313675811e-05 +1.3152594615781847e-05 +7.5494407764905777e-05 +3.7044782797822981e-05 +7.6919366637985109e-05
 37.50000000 +5.0000000000000000e+00 +1.9999862434154374e+00 +1.9328487972549773e-03 +9.9976336077193262e-01 +9.9999901179400741e-01 +1.0000012117955648e+00 +9.9999787460453071e-01 +9.9999598083920804e-01 +3.8252417973545192e-05 +4.3062802946995584e-05 +7.4991888675839637e-05 +8.1044715291357726e-05 +5.2083733728740681e-06
 38.00000000 +5.0000000000000000e+00 +1.9999866417885284e+00 +1.9683556849806145e-03 +9.9966787729736228e-01 +9.9999538289958423e-01 +9.9999820719990418e-01 +9.9999837401369407e-01 +9.9999351346331056e-01 +4.8351212947144376e-06 +6.1516554975549428e-05 +2.6614658025560530e-05 +1.3789643532341329e-04 +1.1578234504864794e-04
 38.50000000 +5.0000000000000000e+00 +1.9999902611355755e+00 +2.0012477255573796e-03 +9.9958775021534374e-01 +9.9999840508189242e-01 +1.0000007905621957e+00 +1.0000061455072635e+00 +1.0000005336376805e+00 +5.2756484763451812e-06 +1.1112930503550914e-04 +1.0899683101689211e-04 +4.1111362293234902e-05 +1.3986184135995989e-04
 39.00000000 +5.0000000000000000e+00 +1.9999841508319900e+00 +1.9114106046139313e-03 +9.9980632974696249e-01 +9.9999646834364020e-01 +9.9999488221518018e-01 +9.9999753215936071e-01 +1.0000005241209005e+00 +5.4225566993658814e-05 -3.6676528055211739e-05 +8.7271545281332957e-05 +8.9149513776013192e-06 +9.0527896892633915e-05
 39.50000000 +5.0000000000000000e+00 +1.9999887606478162e+00 +2.0005948113155959e-03 +9.9957897754078484e-01 +9.9999685885365208e-01 +9.9999417231628662e-01 +9.9999460624665704e-01 +9.9999926385942861e-01 +1.1031867272675905e-04 +1.1732567748654726e-04 +1.0049602364397719e-04 +3.5596655136956521e-05 +7.2384161964417698e-05
 40.00000000 +5.0000000000000000e+00 +1.9999989435944250e+00 +1.9772362268478958e-03 +9.9964041784192537e-01 +9.9999954354867981e-01 +9.9999678238168377e-01 +9.9999799926650257e-01 +9.9999827154755572e-01 +9.6474478096232076e-05 +1.3594727324994782e-04 +7.3188788665209546e-05 +5.3508906770699803e-05 +7.8659470921454640e-06
 40.50000000 +5.0000000000000000e+00 +1.9999989211231413e+00 +1.8725855115864388e-03 +9.9990623635287135e-01 +9.9999422196552090e-01 +9.9999760740032873e-01 +1.0000014100555092e+00 +9.9999417706358029e-01 -3.1495001363821547e-05 +3.4291670825949037e-05 +4.3861829863005834e-05 +1.8895592524167994e-06 +5.7799098343004604e-05
 41.00000000 +5.0000000000000000e+00 +1.9999901663570698e+00 +1.9763723450024907e-03 +9.9963974594137028e-01 +9.9999633303573487e-01 +9.9999764490915466e-01 +9.9999470419142655e-01 +9.9999708869806780e-01 +8.8016063289264243e-05 +1.3658052464769546e-04 +6.3913339970758233e-05 +2.5787734719288402e-05 +6.0185569258002045e-05
 41.50000000 +5.0000000000000000e+00 +1.9999897576839045e+00 +1.9458313236907657e-03 +9.9972530390539860e-01 +9.9999882067067425e-01 +1.0000006795087570e+00 +1.0000011662295967e+00 +9.9999545515067401e-01 +8.4833935469608859e-05 +8.7644198732745880e-05 +7.2392161123749414e-05 -2.0425139404354890e-06 +3.5746751856394363e-05
 42.00000000 +5.0000000000000000e+00 +1.9999917528639672e+00 +1.8871076643515075e-03 +9.9987591501767659e-01 +1.0000047965631444e+00 +9.9999689518354018e-01 +9.9999664960877810e-01 +9.9999880465839941e-01 +6.1441489241975013e-05 +3.7273822519449679e-05 -6.0882105114193470e-05 +1.4222385400901656e-05 +7.4883376963629631e-05
 42.50000000 +5.0000000000000000e+00 +1.9999971585132792e+00 +1.9056931417152263e-03 +9.9983573024445938e-01 +9.9999817120491619e-01 +1.0000016379411145e+00 +9.9999927005258316e-01 +9.9999354355942494e-01 +3.6092047301343214e-05 +5.1380478324429218e-05 +5.3455948234547654e-05 -4.7750216631950627e-05 +7.8468742554259883e-05
 43.00000000 +5.0000000000000000e+00 +1.9999952090271871e+00 +1.9164481382465360e-03 +9.9980274380224232e-01 +9.9999958055166183e-01 +9.9999829867767842e-01 +9.9999995566515076e-01 +1.0000003292103206e+00 +1.3226844632743698e-04 +1.6702531079266380e-05 +1.2899809355534356e-05 +8.3493850884705571e-05 -4.6272531353548163e-05
 43.50000000 +5.0000000000000000e+00 +1.9999788565360181e+00 +2.0132050544733760e-03 +9.9955033276843752e-01 +1.0000008380156158e+00 +1.0000028771589085e+00 +9.9999536737650208e-01 +9.9999447307757605e-01 +1.5740905679134342e-04 +9.4930253336755166e-05 +3.7349270319617911e-05 +9.7177482991973315e-05 +6.9245531154426396e-05
 44.00000000 +5.0000000000000000e+00 +1.9999793979323164e+00 +1.9970909153169919e-03 +9.9959163092493197e-01 +9.9999996926323542e-01 +1.0000021261276015e+00 +9.9999513594358302e-01 +9.9999457338583719e-01 +1.5076725303949119e-04 +8.7775652022574732e-05 +2.7654786434249184e-05 +1.0060079344132797e-04 +4.9765864865127881e-05
 44.50000000 +5.0000000000000000e+00 +1.9999799391163489e+00 +1.9809830940306114e-03 +9.9963291288965928e-01 +9.9999910085146626e-01 +1.0000013753907511e+00 +9.9999490460140139e-01 +9.9999467365477024e-01 +1.4412805333941553e-04 +8.0623855812694139e-05 +1.7964103464855721e-05 +1.0402276171346832e-04 +3.0293835967945047e-05
 45.00000000 +5.0000000000000000e+00 +1.9999804800882408e+00 +1.9648815868993932e-03 +9.9967417867214026e-01 +9.9999823278010846e-01 +1.0000006249481841e+00 +9.9999467334990444e-01 +9.9999477388439850e-01 +1.3749145615996088e-04 +7.3474863057741005e-05 +8.2772191765381423e-06 +1.0744338859758070e-04 +1.0829439972170146e-05
 45.50000000 +5.0000000000000000e+00 +1.9999810208481172e+00 +1.9487863902114060e-03 +9.9971542828188831e-01 +9.9999736504896208e-01 +9.9999987479972807e-01 +9.9999444218903855e-01 +9.9999487407474519e-01 +1.3085745997117187e-04 +6.6328672109635788e-05 -1.4058686638511479e-06 +1.1086267488223295e-04 -8.6273276093846589e-06
 46.00000000 +5.0000000000000000e+00 +1.9999815613961025e+00 +1.9326975002576291e-03 +9.9975666172840894e-01 +9.9999649765782705e-01 +9.9999912494520993e-01 +9.9999421111875075e-01 +9.9999497422583328e-01 +1.2422606324429203e-04 +5.9185281321590491e-05 -1.1085162287709668e-05 +1.1428062135537478e-04 -2.8076471260390635e-05
 46.50000000 +5.0000000000000000e+00 +1.9999846495920897e+00 +1.9196166808280618e-03 +9.9978854426879837e-01 +9.9999852363229325e-01 +9.9999807580509892e-01 +9.9999436644463435e-01 +9.9999493811750251e-01 +9.4799514801103098e-05 +5.9452503986869110e-05 -7.0139316370280598e-06 +8.3030644060497408e-05 -4.7169928829981709e-06
 47.00000000 +5.0000000000000000e+00 +1.9999877383243752e+00 +1.9065335897751889e-03 +9.9982043234593021e-01 +1.0000005499585916e+00 +9.9999702648279387e-01 +9.9999452179749249e-01 +9.9999490200290131e-01 +6.5367856125056792e-05 +5.9719773058203398e-05 -2.9419939738783982e-06 +5.1775239874964711e-05 +1.8646542116059130e-05
 47.50000000 +5.0000000000000000e+00 +1.9999908275930971e+00 +1.8934482265072208e-03 +9.9985232596124596e-01 +1.0000025766368132e+00 +9.9999597697824660e-01 +9.9999467717733070e-01 +9.9999486588202746e-01 +3.5931085884868091e-05 +5.9987088547682695e-05 +1.1306508859256548e-06 +2.0514407384998051e-05 +4.2014134793586193e-05
 48.00000000 +5.0000000000000000e+00 +1.9999939173983978e+00 +1.8803605904321647e-03 +9.9988422511618913e-01 +1.0000046036670505e+00 +9.9999492729141026e-01 +9.9999483258415756e-01 +9.9999482975487997e-01 +6.4892027487896209e-06 +6.0254450467400675e-05 +5.2040031266344168e-06 -1.0751854823672287e-05 +6.5385786206755133e-05
 48.50000000 +5.0000000000000000e+00 +1.9999970077404157e+00 +1.8672706809578197e-03 +9.9991612981220279e-01 +1.0000066310493947e+00 +9.9999387742223711e-01 +9.9999498801797937e-01 +9.9999479362145693e-01 -2.2957794615388697e-05 +6.0521858829455109e-05 +9.2780629325622155e-06 -4.2023548165807350e-05 +8.8761497413105252e-05
 49.00000000 +5.0000000000000000e+00 +1.9999925136224130e+00 +1.8895384426832974e-03 +9.9986065399388191e-01 +1.0000034097678425e+00 +9.9999369711430319e-01 +9.9999483347990381e-01 +9.9999563394239377e-01 -1.6218129892751252e-05 +7.0749448577693284e-05 +2.4577872355255380e-05 -2.0488719166004642e-05 +9.3151232205511970e-05
 49.50000000 +5.0000000000000000e+00 +1.9999880231389404e+00 +1.9117881957922841e-03 +9.9980522304054331e-01 +1.0000001910914389e+00 +9.9999351695218963e-01 +9.9999467906680795e-01 +9.9999647358373722e-01 -9.4839157420555684e-06 +8.0968766962887759e-05 +3.9865308356512076e-05 +1.0286939623048096e-06 +9.7537416885817301e-05
 50.00000000 +5.0000000000000000e+00 +1.9999835362855916e+00 +1.9340199621221241e-03 +9.9974983689778352e-01 +9.9999697501702489e-01 +9.9999333693571990e-01 +9.9999452477854012e-01 +9.9999731254631219e-01 -2.7551455539091904e-06 +9.1179824014937300e-05 +5.5140385940408813e-05 +2.2528712337699222e-05 +1.0192005575890600e-04
 50.50000000 +5.0000000000000000e+00 +1.9999790530579644e+00 +1.9562337634748683e-03 +9.9969449551128708e-01 +9.9999376154144604e-01 +9.9999315706471725e-01 +9.9999437061494900e-01 +9.9999815083094057e-01 +3.9681872703985707e-06 +1.0138262974753076e-04 +7.0403120086773218e-05 +4.4011357044625957e-05 +1.0629915312270547e-04
 51.00000000 +5.0000000000000000e+00 +1.9999745734516667e+00 +1.9784296216173477e-03 +9.9963919882682595e-01 +9.9999055066155385e-01 +9.9999297733900561e-01 +9.9999421657588372e-01 +9.9999898843844404e-01 +1.0686089318918149e-05 +1.1157719415817988e-04 +8.5653525751232942e-05 +6.5476649133470373e-05 +1.1067471326819984e-04
 51.50000000 +5.0000000000000000e+00 +1.9999721608243342e+00 +1.9754070392337827e-03 +9.9964667088888759e-01 +9.9998937008857891e-01 +9.9999611552642387e-01 +9.9999258484238696e-01 +9.9999881642046540e-01 +2.8520657120232334e-05 +1.3349773159665183e-04 +6.0067513019524858e-05 +6.8021823707628979e-05 +8.6334517119493104e-05
 52.00000000 +5.0000000000000000e+00 +1.9999697483081056e+00 +1.9723845960420905e-03 +9.9965414260685626e-01 +9.9998818956997026e-01 +9.9999925356932728e-01 +9.9999095318403308e-01 +9.9999864441040842e-01 +4.6354403628176431e-05 +1.5541725958021201e-04 +3.4482678540234098e-05 +7.0566881074854055e-05 +6.1995441852545172e-05
 52.50000000 +5.0000000000000000e+00 +1.9999673359029717e+00 +1.9693622920326555e-03 +9.9966161398075559e-01 +9.9998700910572402e-01 +1.0000023914677245e+00 +9.9998932160081633e-01 +9.9999847240827255e-01 +6.4187328899480744e-05 +1.7733577817858785e-04 +8.8990222319736310e-06 +7.3111821243241528e-05 +3.7657487389931767e-05
 53.00000000 +5.0000000000000000e+00 +1.9999649236089259e+00 +1.9663401271958632e-03 +9.9966908501060880e-01 +9.9998582869583630e-01 +1.0000055292216266e+00 +9.9998769009273136e-01 +9.9999830041405680e-01 +8.2019432990870401e-05 +1.9925328746150033e-04 -1.6683455986636144e-05 +7.5656644220886688e-05 +1.3320653654235840e-05
 53.50000000 +5.0000000000000000e+00 +1.9999625114259598e+00 +1.9633181015221018e-03 +9.9967655569644009e-01 +9.9998464834030354e-01 +1.0000086668310428e+00 +9.9998605865977330e-01 +9.9999812842776092e-01 +9.9850715959065256e-05 +2.2116978749866419e-04 -4.2264756196967255e-05 +7.8201350015884026e-05 -1.1015059431952570e-05
 54.00000000 +5.0000000000000000e+00 +1.9999662575559436e+00 +1.9602620513275819e-03 +9.9968785590117515e-01 +9.9998858481118125e-01 +1.0000070620733295e+00 +9.9998630508350861e-01 +9.9999696461396181e-01 +7.9159069942995289e-05 +1.9987683901965842e-04 -1.1222416625783068e-05 +7.4972406347674164e-05 -9.5583875663509493e-06
 54.50000000 +5.0000000000000000e+00 +1.9999700041959489e+00 +1.9572055850631178e-03 +9.9969915764439077e-01 +9.9999252181799492e-01 +1.0000054570971342e+00 +9.9998655154079308e-01 +9.9999580064171367e-01 +5.8464606835757942e-05 +1.7858099158437626e-04 +1.9824149245259199e-05 +7.1743023070712001e-05 -8.1015173802559702e-06
 55.00000000 +5.0000000000000000e+00 +1.9999737513460802e+00 +1.9541487026437333e-03 +9.9971046092640226e-01 +9.9999645936085380e-01 +1.0000038519024126e+00 +9.9998679803163470e-01 +9.9999463651098397e-01 +3.7767326062009206e-05 +1.5728224460075406e-04 +5.0874942279310962e-05 +6.8513200095214797e-05 -6.6444488331639660e-06
 55.50000000 +5.0000000000000000e+00 +1.9999774990064414e+00 +1.9510914039844302e-03 +9.9972176574752292e-01 +1.0000003974398675e+00 +1.0000022464891196e+00 +9.9998704455603915e-01 +9.9999347222174062e-01 +1.7067227046248384e-05 +1.3598059747656704e-04 +8.1929963339758707e-05 +6.5282937331375307e-05 -5.1871818845602479e-06
 56.00000000 +5.0000000000000000e+00 +1.9999812471771372e+00 +1.9480336890001873e-03 +9.9973307210806783e-01 +1.0000043360551460e+00 +1.0000006408572111e+00 +9.9998729111401408e-01 +9.9999230777395143e-01 -3.6356907871819074e-06 +1.1467604961942905e-04 +1.1298921329022409e-04 +6.2052234689361865e-05 -3.7297164939190918e-06
 56.50000000 +5.0000000000000000e+00 +1.9999736932042129e+00 +1.9499722814917137e-03 +9.9972442279519147e-01 +1.0000056248158571e+00 +1.0000033955028731e+00 +9.9998709343570524e-01 +9.9999096689286882e-01 -1.5296573737693257e-06 +1.0857973094433887e-04 +1.2980410018726825e-04 +5.5838984389789683e-05 -4.1966022699871104e-06
 57.00000000 +5.0000000000000000e+00 +1.9999661426372357e+00 +1.9519099999075248e-03 +9.9971577738213124e-01 +1.0000069129954892e+00 +1.0000061489065155e+00 +9.9998689584652589e-01 +9.9998962661636459e-01 +5.7542646789523019e-07 +1.0248616098726231e-04 +1.4661140556094146e-04 +4.9628535530550914e-05 -4.6632775358420958e-06
 57.50000000 +5.0000000000000000e+00 +1.9999585954739039e+00 +1.9538468448386456e-03 +9.9970713586625048e-01 +1.0000082005944362e+00 +1.0000089010689794e+00 +9.9998669834641607e-01 +9.9998828694403030e-01 +2.6795613798836764e-06 +9.6395337889598856e-05 +1.6341113453764239e-04 +4.3420886217395727e-05 -5.1297424338247393e-06
 58.00000000 +5.0000000000000000e+00 +1.9999510517119148e+00 +1.9557828168755664e-03 +9.9969849824491419e-01 +1.0000094876130898e+00 +1.0000116519911024e+00 +9.9998650093531505e-01 +9.9998694787545728e-01 +4.7827480036891932e-06 +9.0307259794423036e-05 +1.8020329223914877e-04 +3.7216034557781594e-05 -5.5959971061474267e-06
 58.50000000 +5.0000000000000000e+00 +1.9999435113489710e+00 +1.9577179166082462e-03 +9.9968986451549036e-01 +1.0000107740518429e+00 +1.0000144016737240e+00 +9.9998630361316287e-01 +9.9998560941023784e-01 +6.8849869802268794e-06 +8.4221924846482918e-05 +1.9698788378262302e-04 +3.1013978660871549e-05 -6.0620416948943918e-06
 59.00000000 +5.0000000000000000e+00 +1.9999463693863921e+00 +1.9814093947310421e-03 +9.9963132317451808e-01 +1.0000106528031769e+00 +1.0000106591945763e+00 +9.9999194576499495e-01 +9.9998386316172827e-01 +5.5048416752543119e-05 +1.2356929155581898e-04 +1.7046609053449429e-04 +5.6834515180119226e-05 -3.4362413807330626e-05
 59.50000000 +5.0000000000000000e+00 +1.9999492260002887e+00 +2.0050890726620698e-03 +9.9957281099166928e-01 +1.0000105316149017e+00 +1.0000069185794731e+00 +9.9999758510659809e-01 +9.9998211778298574e-01 +1.0318785740503441e-04 +1.6289706022782152e-04 +1.4395750719436442e-04 +8.2642191071553801e-05 -6.2648690141685744e-05
 60.00000000 +5.0000000000000000e+00 +1.9999520811917242e+00 +2.0287569592152489e-03 +9.9951432794516537e-01 +1.0000104104869727e+00 +1.0000031798270221e+00 +1.0000032216400716e+00 +9.9998037327336042e-01 +1.5130332685589902e-04 +2.0220524550085666e-04 +1.1746212389535409e-04 +1.0843701594116666e-04 -9.0920881226522191e-05
 60.50000000 +5.0000000000000000e+00 +1.9999549349617614e+00 +2.0524130631957242e-03 +9.9945587401324842e-01 +1.0000102894193450e+00 +9.9999944293583265e-01 +1.0000088553675124e+00 +9.9997862963220374e-01 +1.9939484300549479e-04 +2.4149386199871577e-04 +9.0979930780408000e-05 +1.3421899938538496e-04 -1.1917899757991962e-04
 61.00000000 +5.0000000000000000e+00 +1.9999577873114611e+00 +2.0760573933998740e-03 +9.9939744917418305e-01 +1.0000101684119731e+00 +9.9999570790451475e-01 +1.0000144862910152e+00 +9.9997688685886699e-01 +2.4746242373636137e-04 +2.8076292433063340e-04 +6.4510918002282674e-05 +1.5998815099108339e-04 -1.4742304970948776e-04
 61.50000000 +5.0000000000000000e+00 +1.9999542303112459e+00 +2.0410290129066581e-03 +9.9948265056168295e-01 +1.0000089956557141e+00 +1.0000005327393255e+00 +1.0000082323207591e+00 +9.9997780692531846e-01 +2.0405643881715512e-04 +2.1054148301463357e-04 +6.9964071818581026e-05 +1.3399419909788474e-04 -9.6774389472771924e-05
 62.00000000 +5.0000000000000000e+00 +1.9999506725133640e+00 +2.0059927772054557e-03 +9.9956787105582212e-01 +1.0000078226364613e+00 +1.0000053586561184e+00 +1.0000019769480335e+00 +9.9997872719809755e-01 +1.6064071998976904e-04 +1.4030429435265610e-04 +7.5418448519203686e-05 +1.0799441799146975e-04 -4.6114371138570403e-05
 62.50000000 +5.0000000000000000e+00 +1.9999471139175473e+00 +1.9709486836536425e-03 +9.9965311066302753e-01 +1.0000066493541262e+00 +1.0000101856552570e+00 +9.9999572017236671e-01 +9.9997964767727288e-01 +1.1721526397955356e-04 +7.0051353047030315e-05 +8.0874048515549351e-05 +8.1988805710793549e-05 +4.5570091141708283e-06
 63.00000000 +5.0000000000000000e+00 +1.9999435545235267e+00 +1.9358967296074113e-03 +9.9973836938973093e-01 +1.0000054758086208e+00 +1.0000150137371064e+00 +9.9998946199328642e-01 +9.9998056836291493e-01 +7.3780067510390089e-05 -2.1734620229106592e-07 +8.6330872219201414e-05 +5.5977360293931594e-05 +5.5239755108220002e-05
 63.50000000 +5.0000000000000000e+00 +1.9999399943310336e+00 +1.9008369124217650e-03 +9.9982364724236483e-01 +1.0000043019998557e+00 +1.0000198429020302e+00 +9.9998320241032035e-01 +9.9998148925509245e-01 +3.0335127304690180e-05 -7.0501808697733123e-05 +9.1788920041927744e-05 +2.9960079778079004e-05 +1.0593387066806034e-04
 64.00000000 +5.0000000000000000e+00 +1.9999381101023697e+00 +1.9287594710518223e-03 +9.9975543058623317e-01 +1.0000022804994637e+00 +1.0000115727916703e+00 +9.9998680069062107e-01 +9.9998853122812814e-01 +6.2740431748585342e-05 +3.7660947762648553e-06 +6.4462472486679102e-05 +3.2602183171022692e-05 +9.1813019437531510e-05
 64.50000000 +5.0000000000000000e+00 +1.9999362264496743e+00 +1.9566734943453593e-03 +9.9968723478249255e-01 +1.0000002596170015e+00 +1.0000033052093082e+00 +9.9999039787100319e-01 +9.9999557104858150e-01 +9.5135830575229528e-05 +7.8011296120519865e-05 +3.7144378049383088e-05 +3.5243478928753645e-05 +7.7696484653027410e-05
 65.00000000 +5.0000000000000000e+00 +1.9999343433726842e+00 +1.9845789862153870e-03 +9.9961905982158361e-01 +9.9999823935218624e-01 +9.9999504015378538e-01 +9.9999399395197142e-01 +1.0000026087174390e+00 +1.2752132832583569e-04 +1.5223380574278363e-04 +9.8346329005673877e-06 +3.7883967421530827e-05 +6.3584264335680928e-05
 65.50000000 +5.0000000000000000e+00 +1.9999324608711342e+00 +2.0124759505725232e-03 +9.9955090569395189e-01 +9.9999621970473429e-01 +9.9998677762394328e-01 +9.9999758893402946e-01 +1.0000096442356872e+00 +1.5989692953884125e-04 +2.2643363404444700e-04 -1.7466766786899914e-05 +4.0523649019386897e-05 +4.9476356507834300e-05
 66.00000000 +5.0000000000000000e+00 +1.9999305789447623e+00 +2.0403643913249974e-03 +9.9948277239005001e-01 +9.9999420067436307e-01 +9.9997851761862477e-01 +1.0000011828176809e+00 +1.0000166776043118e+00 +1.9226263874991042e-04 +3.0061079142054480e-04 -4.4759824837812001e-05 +4.3162524092128397e-05 +3.5372759193038364e-05
 66.50000000 +5.0000000000000000e+00 +1.9999345744687467e+00 +1.9995991903441570e-03 +9.9958500716511500e-01 +9.9999280991560335e-01 +9.9997448231442887e-01 +1.0000046930218465e+00 +1.0000076406395388e+00 +1.3490105076155735e-04 +2.7736713769987124e-04 -3.3417868862344819e-05 +1.9802353132642758e-05 +3.6714266913915159e-05
 67.00000000 +5.0000000000000000e+00 +1.9999385724726761e+00 +1.9588086871781922e-03 +9.9968730539536099e-01 +9.9999141829362581e-01 +9.9997044450559647e-01 +1.0000082054047288e+00 +9.9999859806569336e-01 +7.7503859526234929e-05 +2.5410905708529686e-04 -2.2068873150463925e-05 -3.5723170407782747e-06 +3.8056607283126370e-05
 67.50000000 +5.0000000000000000e+00 +1.9999425729588616e+00 +1.9179928582629135e-03 +9.9978966713988493e-01 +9.9999002580762741e-01 +9.9996640418979499e-01 +1.0000117199683574e+00 +9.9998954987755240e-01 +2.0071031886265433e-05 +2.3083653614090408e-04 -1.0712831145988878e-05 -2.6961499931404883e-05 +3.9399781076126127e-05
 68.00000000 +5.0000000000000000e+00 +1.9999465759296149e+00 +1.8771516800048594e-03 +9.9989209245785560e-01 +9.9998863245680214e-01 +9.9996236136468875e-01 +1.0000152367147634e+00 +9.9998049606988482e-01 -3.7397465357215302e-05 +2.0754956141408565e-04 +6.5026371540444005e-07 -5.0365209059280151e-05 +4.0743789069331786e-05
 68.50000000 +5.0000000000000000e+00 +1.9999505813872507e+00 +1.8362851287812543e-03 +9.9999458140851705e-01 +9.9998723824034463e-01 +9.9995831602793939e-01 +1.0000187556459812e+00 +9.9997143663745414e-01 -9.4901665444321409e-05 +1.8424811943551958e-04 +1.2020418006196407e-05 -7.3783457961246028e-05 +4.2088632040125417e-05
 69.00000000 +5.0000000000000000e+00 +1.9999416671490953e+00 +1.8476549262110618e-03 +9.9996346006474679e-01 +9.9998509593109708e-01 +9.9996064188903389e-01 +1.0000234236907772e+00 +9.9998294548759548e-01 -5.1373508802980804e-05 +1.2431240893865010e-04 +4.7386955090395426e-06 +7.7661537374183187e-06 -1.0108067221576290e-06
 69.50000000 +5.0000000000000000e+00 +1.9999327503087676e+00 +1.8590280426196749e-03 +9.9993232963628653e-01 +9.9998295299648410e-01 +9.9996296842907495e-01 +1.0000280930982310e+00 +9.9999445769730677e-01 -7.8326457761282427e-06 +6.4359202496574872e-05 -2.5451526093330823e-06 +8.9339570735561100e-05 -4.4122826722115715e-05
 70.00000000 +5.0000000000000000e+00 +1.9999238308651284e+00 +1.8704044794605793e-03 +9.9990119011915835e-01 +9.9998080943623135e-01 +9.9996529564835934e-01 +1.0000327638689388e+00 +1.0000059732680593e+00 +3.5720929200765468e-05 +4.3884924472645265e-06 -9.8311272797984168e-06 +1.7093680345827797e-04 -8.7247433469471878e-05
 70.50000000 +5.0000000000000000e+00 +1.9999149088170383e+00 +1.8817842381881110e-03 +9.9987004150938152e-01 +9.9997866525006585e-01 +9.9996762354718571e-01 +1.0000374360034987e+00 +1.0000174922013254e+00 +7.9287221695479345e-05 -5.5599728875784951e-05 -1.7119229433777058e-05 +2.5255786233675315e-04 -1.3038463247716690e-04
 71.00000000 +5.0000000000000000e+00 +1.9999059841633542e+00 +1.8931673202574528e-03 +9.9983888380297226e-01 +9.9997652043771224e-01 +9.9996995212585060e-01 +1.0000421095025069e+00 +1.0000290144985773e+00 +1.2286623727904422e-04 -1.1560546914355529e-04 -2.4409460003233594e-05 +3.3420275780826289e-04 -1.7353442926136138e-04
 71.50000000 +5.0000000000000000e+00 +1.9999153005765262e+00 +1.8914360251047354e-03 +9.9985141274084866e-01 +9.9999354335500967e-01 +9.9997397357069728e-01 +1.0000343015246578e+00 +1.0000216904396737e+00 +8.8603661895380375e-05 -1.3262932298684156e-04 +8.8930311670969263e-06 +2.9469718585329479e-04 -1.3448618269118384e-04
 72.00000000 +5.0000000000000000e+00 +1.9999246125908732e+00 +1.8897055473980910e-03 +9.9986393576307819e-01 +1.0000105582347889e+00 +9.9997799311678404e-01 +1.0000264972334132e+00 +1.0000143698388884e+00 +5.4357263884848673e-05 -1.4964513886938830e-04 +4.2179798276411625e-05 +2.5521026679791641e-04 -9.5456373090435772e-05
 72.50000000 +5.0000000000000000e+00 +1.9999339202095086e+00 +1.8879758865587093e-03 +9.9987645287384896e-01 +1.0000275650827406e+00 +9.9998201076545457e-01 +1.0000186966261631e+00 +1.0000070526937725e+00 +2.0127031792722079e-05 -1.6665292248264145e-04 +7.5450852458460379e-05 +2.1574198743455240e-04 -5.6444987404435691e-05
 73.00000000 +5.0000000000000000e+00 +1.9999432234355450e+00 +1.8862470420083269e-03 +9.9988896407734629e-01 +1.0000445639045503e+00 +9.9998602651805280e-01 +1.0000108997002990e+00 +9.9999973900187988e-01 -1.4087045824914654e-05 -1.8365267951267516e-04 +1.0870620483648432e-04 +1.7629233456809373e-04 -1.7452012590824167e-05
 73.50000000 +5.0000000000000000e+00 +1.9999525222720911e+00 +1.8845190131692269e-03 +9.9990146937775115e-01 +1.0000615547058993e+00 +9.9999004037592065e-01 +1.0000031064532164e+00 +9.9999242876076666e-01 -4.8284980401177709e-05 -2.0064441564019778e-04 +1.4194586652322810e-04 +1.3686129501588306e-04 +2.1522564380450826e-05
 74.00000000 +5.0000000000000000e+00 +1.9999417580562970e+00 +1.8797012447846855e-03 +9.9991227232224533e-01 +1.0000381668797473e+00 +9.9999278024297544e-01 +1.0000009832269332e+00 +9.9999348905802132e-01 +3.5801205046934494e-05 -1.1260184387336104e-04 +5.0613105189624072e-05 +4.2992531826552216e-05 +4.5503274273658562e-05
 74.50000000 +5.0000000000000000e+00 +1.9999309898382560e+00 +1.8748816851038325e-03 +9.9992307928338686e-01 +1.0000147703577589e+00 +9.9999552112874146e-01 +9.9999885921121245e-01 +9.9999454974950575e-01 +1.1991865461192745e-04 -2.4526536964128081e-05 -4.0753614613021658e-05 -5.0911132743643518e-05 +6.9492900443814649e-05
 75.00000000 +5.0000000000000000e+00 +1.9999202176157349e+00 +1.8700603331274477e-03 +9.9993389026341528e-01 +9.9999136513508280e-01 +9.9999826303378658e-01 +9.9999673440561376e-01 +9.9999561083543909e-01 +2.0406738573352815e-04 +6.3581523347794558e-05 -1.3215431182739772e-04 -1.4484971816336719e-04 +9.3491447864590212e-05
