#PATCH_CHECK: SepMBpoisson v0.61 exact-bernoulli stratified-backward active
#discretizing the bath:
#     0 0.0000000000000000e+00 -6.3189999999999946e-01
#     1 5.0552502960343670e-03 -2.3887059414175743e-01
#     2 5.0552502960343670e-03 -2.2257645869094916e-01
#     3 5.0552502960343670e-03 -2.0564704689784702e-01
#     4 5.0552502960343670e-03 -1.8810536043638598e-01
#     5 5.0552502960343670e-03 -1.6997206898338796e-01
#     6 5.0552502960343670e-03 -1.5126587962474453e-01
#     7 5.0552502960343670e-03 -1.3200382916273876e-01
#     8 5.0552502960343670e-03 -1.1220151886193480e-01
#     9 5.0552502960343670e-03 -9.1873305439137520e-02
#sampling: jump_strength=1.2638125740085920e-02 jump_probability=1.2480396914593113e-02 log_scale=1.2558931178164597e-02 back_replicas=4 stratify_forward=0
#adaptive measurement: gap=1.8133291452998024e-02 period_steps=693 nmeas=100 nwf=150 tmax=7.5000000000000000e+01 forced_stride=0
  0.00000000 +5.0000000000000000e+00 +1.9999999999999998e+00 +1.8374661879283106e-03 +1.0000000000000000e+00 +1.0000000000000000e+00 +1.0000000000000000e+00 +1.0000000000000000e+00 +1.0000000000000000e+00 +0.0000000000000000e+00 +0.0000000000000000e+00 +0.0000000000000000e+00 +0.0000000000000000e+00 +0.0000000000000000e+00
  0.50000000 +5.0000000000000000e+00 +1.9999999999146334e+00 +1.8499689765751504e-03 +9.9996825846042625e-01 +1.0000000000108040e+00 +1.0000000000108040e+00 +1.0000000000108040e+00 +1.0000000000108040e+00 +6.2932854241145367e-06 +6.4673169039192500e-06 +6.2984039970499696e-06 +6.2715314891389475e-06 +6.4110126016294890e-06
  1.00000000 +5.0000000000000000e+00 +1.9999999977931153e+00 +1.8850416684661382e-03 +9.9987916677053224e-01 +9.9999999979348342e-01 +9.9999999979675835e-01 +9.9999999981640886e-01 +9.9999999979020837e-01 +2.4027207521156718e-05 +2.4272386702069177e-05 +2.4160542583740259e-05 +2.4226010024213730e-05 +2.4147934022771332e-05
  1.50000000 +5.0000000000000000e+00 +1.9999999879405654e+00 +1.9356767528870874e-03 +9.9975038365615776e-01 +9.9999999818664287e-01 +9.9999999804655093e-01 +9.9999999808749962e-01 +9.9999999802178330e-01 +5.0318758397895938e-05 +5.0463999316343604e-05 +4.9574553293573213e-05 +4.9689361644369411e-05 +4.9577360463619616e-05
  2.00000000 +5.0000000000000000e+00 +2.0000000135541351e+00 +1.9920249690608457e-03 +9.9960675527888387e-01 +9.9999999366911818e-01 +9.9999999288186114e-01 +9.9999999312323806e-01 +9.9999999303727172e-01 +8.0215924959840644e-05 +8.0070663382441492e-05 +7.8245335604583302e-05 +7.7489584997215765e-05 +7.7250469027542872e-05
  2.50000000 +5.0000000000000000e+00 +2.0000000145076218e+00 +2.0428856931454667e-03 +9.9947660226112012e-01 +9.9999998342038365e-01 +9.9999998190379036e-01 +9.9999998220342512e-01 +9.9999998349378116e-01 +1.0824323529204171e-04 +1.0713387103390718e-04 +1.0424690804807424e-04 +1.0247270873798643e-04 +1.0137004663167240e-04
  3.00000000 +5.0000000000000000e+00 +1.9999999135883531e+00 +2.0782339030418692e-03 +9.9938538352701223e-01 +9.9999996549167991e-01 +9.9999996406262359e-01 +9.9999996328793039e-01 +9.9999996688888393e-01 +1.2905534918096297e-04 +1.2725903590828634e-04 +1.2293615372032263e-04 +1.1946607659575963e-04 +1.1604004907613650e-04
  3.50000000 +5.0000000000000000e+00 +1.9999999456126225e+00 +2.0905596963661601e-03 +9.9935230869667979e-01 +9.9999993994886460e-01 +9.9999993916708063e-01 +9.9999993903718898e-01 +9.9999994244218937e-01 +1.3995221769496537e-04 +1.3574286129706831e-04 +1.2983364202508673e-04 +1.2383680559134743e-04 +1.1856502967565381e-04
  4.00000000 +5.0000000000000000e+00 +1.9999999065941023e+00 +2.0778418812931647e-03 +9.9938280132194324e-01 +9.9999990904167391e-01 +9.9999990718711207e-01 +9.9999990755638746e-01 +9.9999991255548237e-01 +1.3815471363091655e-04 +1.3143092304317445e-04 +1.2355776695729495e-04 +1.1687703380432471e-04 +1.0754185089292318e-04
  4.50000000 +5.0000000000000000e+00 +1.9999998820237894e+00 +2.0454566898705740e-03 +9.9946363490326007e-01 +9.9999986913888439e-01 +9.9999986835719679e-01 +9.9999987106241206e-01 +9.9999987648006705e-01 +1.2581388176025789e-04 +1.1671770207371428e-04 +1.0815588555934524e-04 +9.8374768718124234e-05 +8.7817790132095036e-05
  5.00000000 +5.0000000000000000e+00 +1.9999999759358087e+00 +1.9951690037561453e-03 +9.9959069963704683e-01 +9.9999983981110485e-01 +9.9999983003171222e-01 +9.9999983816093041e-01 +9.9999984713091494e-01 +1.0199180039269042e-04 +9.1918247580244591e-05 +8.2371079821631660e-05 +7.1277453667311402e-05 +6.2386506538558191e-05
  5.50000000 +5.0000000000000000e+00 +2.0000001699445429e+00 +1.9417263624330178e-03 +9.9972687733985477e-01 +9.9999979294385177e-01 +9.9999979863930510e-01 +9.9999979719380072e-01 +9.9999980976839742e-01 +7.7224773798714047e-05 +6.2372825653024579e-05 +5.3349756153201855e-05 +4.4962974714098673e-05 +3.6013787752956903e-05
  6.00000000 +5.0000000000000000e+00 +2.0000002572690940e+00 +1.8896829966552041e-03 +9.9986078312851034e-01 +9.9999976691713643e-01 +9.9999978451708893e-01 +9.9999976939900559e-01 +9.9999978862281991e-01 +4.5238862533254499e-05 +3.2455938759098777e-05 +2.7803724547792980e-05 +1.8705735327635839e-05 +1.5903278968182695e-05
  6.50000000 +5.0000000000000000e+00 +2.0000002439455278e+00 +1.8574931132281569e-03 +9.9994516188734772e-01 +9.9999974802358182e-01 +9.9999975848474165e-01 +9.9999975173284206e-01 +9.9999977347673430e-01 +1.9292557752445755e-05 +1.6589454035608396e-05 +9.2090780717029342e-06 +9.7379701064739306e-06 +9.7733313451494062e-07
  7.00000000 +5.0000000000000000e+00 +1.9999998859623240e+00 +1.8451937359735718e-03 +9.9997984522856453e-01 +9.9999974197199493e-01 +9.9999974692916427e-01 +9.9999974688766713e-01 +9.9999976904548660e-01 +7.3522331759108012e-06 +3.2313328732938912e-06 +1.3499032183060508e-06 +2.7091114703462958e-06 +6.5074250085625305e-06
  7.50000000 +5.0000000000000000e+00 +1.9999998232415590e+00 +1.8575714430991012e-03 +9.9995188446671546e-01 +9.9999974535048008e-01 +9.9999974534548974e-01 +9.9999976111997857e-01 +9.9999976764348153e-01 +4.9379120046133049e-06 +6.9457783482192175e-06 +8.3074498672075832e-06 +1.2626328671434118e-05 +1.6278541507786130e-05
  8.00000000 +5.0000000000000000e+00 +1.9999995124813053e+00 +1.8851919285930408e-03 +9.9988451524605304e-01 +9.9999973974757372e-01 +9.9999977649364791e-01 +9.9999974936105240e-01 +9.9999975999220914e-01 +1.2696495871005798e-05 +1.8172007911658716e-05 +2.1245600159094629e-05 +2.7281182731088258e-05 +3.7063933723785065e-05
  8.50000000 +5.0000000000000000e+00 +1.9999995415827154e+00 +1.9309911776307902e-03 +9.9976949933996806e-01 +9.9999972191563136e-01 +9.9999973688663557e-01 +9.9999974240213618e-01 +9.9999977397968609e-01 +2.9379666870083437e-05 +4.0123145806847893e-05 +4.5617402713794035e-05 +5.4645663937478397e-05 +6.1759576485999701e-05
  9.00000000 +5.0000000000000000e+00 +2.0000000445057875e+00 +1.9848625837997208e-03 +9.9963258795062859e-01 +9.9999969156738799e-01 +9.9999973081898852e-01 +9.9999971480643679e-01 +9.9999976441631233e-01 +5.9034076064196904e-05 +6.3314467922106563e-05 +7.5065316674598518e-05 +8.4349662049076424e-05 +8.6746790744471000e-05
  9.50000000 +5.0000000000000000e+00 +1.9999993920191681e+00 +2.0321215916929780e-03 +9.9951013997816673e-01 +9.9999968706526332e-01 +9.9999969792319443e-01 +9.9999968276084428e-01 +9.9999970309825503e-01 +8.4605412031745861e-05 +9.5301974643425348e-05 +9.6698691158753170e-05 +1.0506376178717217e-04 +1.0941942116637335e-04
 10.00000000 +5.0000000000000000e+00 +1.9999991580677834e+00 +2.0627280857137813e-03 +9.9942871286590407e-01 +9.9999966034692145e-01 +9.9999972184745767e-01 +9.9999959369117886e-01 +9.9999966455284595e-01 +1.1499191407665859e-04 +1.1601058494697067e-04 +1.1334977754330855e-04 +1.1333657654910090e-04 +1.1495781715203602e-04
 10.50000000 +5.0000000000000000e+00 +1.9999983618382529e+00 +2.0774722761914637e-03 +9.9938619880949031e-01 +9.9999961111270563e-01 +9.9999960219672479e-01 +9.9999957832136444e-01 +9.9999956879397778e-01 +1.3257573344997560e-04 +1.3131141899250321e-04 +1.2499728697448675e-04 +1.1793738875278504e-04 +1.0861890478132532e-04
 11.00000000 +5.0000000000000000e+00 +1.9999987951030067e+00 +2.0681739395504778e-03 +9.9940519349455192e-01 +9.9999951677850929e-01 +9.9999957382779348e-01 +9.9999953815084552e-01 +9.9999950251822967e-01 +1.3348223891550241e-04 +1.2871273884651360e-04 +1.2019352107447695e-04 +1.1337324370039155e-04 +1.0091356733791317e-04
 11.50000000 +5.0000000000000000e+00 +1.9999992606214096e+00 +2.0424790870632904e-03 +9.9946671179194668e-01 +9.9999939505921731e-01 +9.9999944837410337e-01 +9.9999937824586504e-01 +9.9999945424331593e-01 +1.2744651718369368e-04 +1.2623760217715066e-04 +1.0965188415595828e-04 +9.6300641558117771e-05 +7.5975649364634767e-05
 12.00000000 +5.0000000000000000e+00 +1.9999994497187374e+00 +1.9918007976544665e-03 +9.9959310383509048e-01 +9.9999934214238417e-01 +9.9999937453525722e-01 +9.9999929560661938e-01 +9.9999932594828367e-01 +1.1807783146786885e-04 +9.1546781890323518e-05 +9.0275994893939082e-05 +6.6178560554992237e-05 +4.3478727871404011e-05
 12.50000000 +5.0000000000000000e+00 +1.9999993151417577e+00 +1.9502680787936864e-03 +9.9969864794374408e-01 +9.9999925124986833e-01 +9.9999929021183342e-01 +9.9999926747906487e-01 +9.9999923089242537e-01 +9.3186838821211030e-05 +7.4106655236117464e-05 +6.0508805002104537e-05 +4.2370883715186107e-05 +3.4139020918926584e-05
 13.00000000 +5.0000000000000000e+00 +1.9999991807981619e+00 +1.9030701453694690e-03 +9.9982141951105630e-01 +9.9999923154691950e-01 +9.9999924225806502e-01 +9.9999913986696987e-01 +9.9999916344840623e-01 +6.4141122607776275e-05 +4.6507719328080554e-05 +3.1797592153490203e-05 +2.2890251501097850e-05 +1.6466776365611415e-05
 13.50000000 +5.0000000000000000e+00 +1.9999974900319721e+00 +1.8829510038780033e-03 +9.9987692359538050e-01 +9.9999915476213486e-01 +9.9999915755148339e-01 +9.9999905412616230e-01 +9.9999908456313757e-01 +4.3549683709483363e-05 +3.7083387730677518e-05 +2.0129542653329623e-05 +1.4342776934517832e-05 +1.1520072042232348e-05
 14.00000000 +5.0000000000000000e+00 +1.9999975528420397e+00 +1.8545696779000622e-03 +9.9995474108163729e-01 +9.9999899679648152e-01 +9.9999907695414036e-01 +9.9999896718198422e-01 +9.9999911644141359e-01 +2.4468594752619692e-05 +6.9004864928994219e-06 -1.6702080433318049e-07 +1.2154267568483264e-05 +5.7451996598839435e-06
 14.50000000 +5.0000000000000000e+00 +1.9999968508907466e+00 +1.8752958985369073e-03 +9.9990806853494463e-01 +9.9999906822336027e-01 +9.9999911875326608e-01 +9.9999912220836451e-01 +9.9999908298087103e-01 +1.4868213761831289e-05 +1.5867223151988772e-05 +9.3234905537559774e-06 +2.1194467831191369e-05 +3.4285886612711804e-05
 15.00000000 +5.0000000000000000e+00 +1.9999971648297852e+00 +1.8974209442602942e-03 +9.9985679553522655e-01 +9.9999907548786493e-01 +9.9999906684237716e-01 +9.9999901529924884e-01 +9.9999916858997384e-01 +1.8990584650044370e-05 +2.0339085316880167e-05 +3.2772257868808220e-05 +3.0716237265067574e-05 +4.4060061646082114e-05
 15.50000000 +5.0000000000000000e+00 +1.9999982821309270e+00 +1.9277596807864257e-03 +9.9978227959760890e-01 +9.9999904824813024e-01 +9.9999921871392006e-01 +9.9999919684396965e-01 +9.9999906871447075e-01 +2.2216699670245188e-05 +2.4519858164889831e-05 +4.1588742461838377e-05 +5.9272475016006053e-05 +7.3590162419934915e-05
 16.00000000 +5.0000000000000000e+00 +1.9999971374533136e+00 +1.9780867488719805e-03 +9.9965456997568236e-01 +9.9999927765769936e-01 +9.9999901667571578e-01 +9.9999896209137007e-01 +9.9999888209703125e-01 +4.4760204988468831e-05 +5.3297299082919463e-05 +8.3687894049793549e-05 +7.2637234899223217e-05 +9.4908816481936850e-05
 16.50000000 +5.0000000000000000e+00 +1.9999964384948070e+00 +2.0138731397227314e-03 +9.9956055014487044e-01 +9.9999913322031075e-01 +9.9999922310399791e-01 +9.9999897020503425e-01 +9.9999898617094840e-01 +6.7004512060868721e-05 +7.7717551402215474e-05 +8.8919773262177481e-05 +1.0466386774683241e-04 +1.0483146710057962e-04
 17.00000000 +5.0000000000000000e+00 +1.9999976162895206e+00 +2.0452671898975993e-03 +9.9947597171998259e-01 +9.9999908377257296e-01 +9.9999921306934525e-01 +9.9999899411493609e-01 +9.9999885912695119e-01 +9.4223259809471987e-05 +9.5434537719809415e-05 +1.1252622428679771e-04 +1.2202871247898176e-04 +1.0366551516427005e-04
 17.50000000 +5.0000000000000000e+00 +1.9999981269822897e+00 +2.0539661245813621e-03 +9.9944795718327728e-01 +9.9999906075890144e-01 +9.9999916725553661e-01 +9.9999882230997916e-01 +9.9999914640165344e-01 +1.1245718260477719e-04 +1.0537147541139205e-04 +1.1908802730714104e-04 +1.1395356374777691e-04 +1.0497592595293049e-04
 18.00000000 +5.0000000000000000e+00 +1.9999989152501796e+00 +2.0399779304141707e-03 +9.9947665966949994e-01 +9.9999911958764598e-01 +9.9999842319524224e-01 +9.9999831412791151e-01 +9.9999901922773671e-01 +1.1202149413074312e-04 +1.1804717598302744e-04 +1.2185928940632990e-04 +1.0319305861252891e-04 +7.3343171029466542e-05
 18.50000000 +5.0000000000000000e+00 +1.9999983076017647e+00 +2.0390656025105992e-03 +9.9947395755246138e-01 +9.9999883815160717e-01 +9.9999887003283816e-01 +9.9999892613263774e-01 +9.9999879168557659e-01 +1.4745568066857809e-04 +1.1358412889163348e-04 +1.1781620435829112e-04 +9.9400414197784270e-05 +5.2360107432070727e-05
 19.00000000 +5.0000000000000000e+00 +1.9999994971508659e+00 +1.9921149557542914e-03 +9.9959049170802317e-01 +9.9999875473475808e-01 +9.9999867309545787e-01 +9.9999850001952206e-01 +9.9999889900704797e-01 +1.0581203497153739e-04 +1.0411422293034427e-04 +7.5574100534313491e-05 +7.3936004610644147e-05 +5.5245072481077777e-05
 19.50000000 +5.0000000000000000e+00 +1.9999971357864270e+00 +1.9514491937571725e-03 +9.9969222576284045e-01 +9.9999859799390634e-01 +9.9999869184291090e-01 +9.9999794863188141e-01 +9.9999849783990225e-01 +1.0729536831913066e-04 +6.7661851377798788e-05 +7.3766316651158404e-05 +3.2243225130776566e-05 +3.3071104020896920e-05
 20.00000000 +5.0000000000000000e+00 +2.0000002549923548e+00 +1.9515661741306371e-03 +9.9969692489300632e-01 +9.9999829316105782e-01 +9.9999860722524681e-01 +9.9999781273529476e-01 +9.9999788606352047e-01 +1.0470208963931152e-04 +7.5292461231599026e-05 +5.2419381722475109e-05 +4.4714261377856776e-05 +3.3347671227219658e-05
 20.50000000 +5.0000000000000000e+00 +2.0000007106193527e+00 +1.8821177243437287e-03 +9.9987772316582491e-01 +9.9999856611165161e-01 +9.9999826638194911e-01 +9.9999852916811360e-01 +9.9999811655085580e-01 +3.3227871174798355e-05 +2.9090424869523530e-05 +2.6299289492778646e-05 +5.7383772618526720e-06 +3.4442673220342144e-05
 21.00000000 +5.0000000000000000e+00 +2.0000005849919922e+00 +1.8954449007503554e-03 +9.9984920097526686e-01 +9.9999842945852957e-01 +9.9999823474873151e-01 +9.9999786026480275e-01 +9.9999785723225010e-01 +3.2522617932235801e-05 +2.2633408234850552e-05 +1.1049499399399857e-05 +3.5706178126326277e-05 +5.6505643268507466e-05
 21.50000000 +5.0000000000000000e+00 +2.0000014920199329e+00 +1.9141483184649407e-03 +9.9980911140242590e-01 +9.9999961685059024e-01 +9.9999837986697804e-01 +9.9999821523053423e-01 +9.9999859953636749e-01 +5.4021040445549657e-05 +2.7640463258556871e-05 +3.7734136792694212e-05 +2.9552789422434171e-05 +4.7128655757594954e-05
 22.00000000 +5.0000000000000000e+00 +2.0000041546685199e+00 +1.9191196536534655e-03 +9.9980330002174822e-01 +9.9999902838337318e-01 +9.9999850350827946e-01 +9.9999876329937776e-01 +9.9999825148335730e-01 +1.2461288538894312e-05 +2.3392780118965272e-05 +3.3872165070703272e-05 +6.2455557850693561e-05 +6.9971440739049381e-05
 22.50000000 +5.0000000000000000e+00 +2.0000011801191664e+00 +1.9389371502654537e-03 +9.9975406589279359e-01 +9.9999842375258741e-01 +9.9999772189270575e-01 +9.9999786570834603e-01 +9.9999791363037649e-01 +2.2481849878621264e-06 +4.7944854141224560e-05 +7.6614486140277972e-05 +5.5636138907525125e-05 +7.1565423541606853e-05
 23.00000000 +5.0000000000000000e+00 +1.9999993723361871e+00 +1.9884617015386084e-03 +9.9962938793618206e-01 +9.9999895810581707e-01 +9.9999860569325194e-01 +9.9999764322523255e-01 +9.9999757833131253e-01 +3.0574354934017889e-05 +5.6726923531010881e-05 +8.8241897951811836e-05 +1.0568267057531146e-04 +9.6600850759587700e-05
 23.50000000 +5.0000000000000000e+00 +1.9999980787347151e+00 +2.0007990631476223e-03 +9.9959461791580784e-01 +9.9999915447015508e-01 +9.9999834216289196e-01 +9.9999817772896582e-01 +9.9999791104666458e-01 +8.0931342692791111e-05 +5.4558930689823564e-05 +8.9553609134310918e-05 +7.0323993413523017e-05 +1.1642879588086550e-04
 24.00000000 +5.0000000000000000e+00 +1.9999959568975199e+00 +2.0132818026886807e-03 +9.9955828045556583e-01 +9.9999846594381847e-01 +9.9999810077486651e-01 +9.9999848416806769e-01 +9.9999835286636907e-01 +4.6051366505944046e-05 +8.8719332315461365e-05 +1.0531224337760823e-04 +1.1920958141512170e-04 +8.9023226172740196e-05
 24.50000000 +5.0000000000000000e+00 +1.9999956891781070e+00 +2.0314558996856048e-03 +9.9950563062025988e-01 +9.9999824314435148e-01 +9.9999795854435491e-01 +9.9999853668247707e-01 +9.9999878963656408e-01 +9.6091904691136349e-05 +9.6321742342618462e-05 +1.2346227884246777e-04 +9.4840512635768829e-05 +9.0124862509285137e-05
 25.00000000 +5.0000000000000000e+00 +1.9999981728631770e+00 +2.0047484054196928e-03 +9.9956811558058045e-01 +9.9999881606885310e-01 +9.9999809213225754e-01 +9.9999790386788301e-01 +9.9999775620213383e-01 +8.8411549502888305e-05 +9.5813814856317755e-05 +1.1704452531275454e-04 +5.2566597823650228e-05 +8.5479655972388454e-05
 25.50000000 +5.0000000000000000e+00 +1.9999975093057425e+00 +2.0135626927682603e-03 +9.9954002844841183e-01 +9.9999822946797567e-01 +9.9999761301768919e-01 +9.9999773161263650e-01 +9.9999760464801901e-01 +1.0628475583167462e-04 +1.1342681364406081e-04 +7.5478334596401907e-05 +9.0156944508724754e-05 +8.3445995543659132e-05
 26.00000000 +5.0000000000000000e+00 +2.0000004028357350e+00 +1.9960005049691788e-03 +9.9958040719311092e-01 +9.9999924656928807e-01 +9.9999762041224194e-01 +9.9999782549353011e-01 +9.9999752560411082e-01 +1.2251629829542363e-04 +8.3665663650496150e-05 +1.0778775777349069e-04 +5.8769008404433595e-05 +5.4636068306389601e-05
 26.50000000 +5.0000000000000000e+00 +1.9999975909236760e+00 +1.9786259933093427e-03 +9.9962491247809038e-01 +9.9999737302810576e-01 +9.9999714824965691e-01 +9.9999725789331340e-01 +9.9999692678621910e-01 +1.0765866166836243e-04 +9.3564296816578545e-05 +1.0599452643023738e-04 +5.4204665923973623e-05 +2.4959376599033618e-05
 27.00000000 +5.0000000000000000e+00 +1.9999940926615705e+00 +1.9421519248081296e-03 +9.9971616453647294e-01 +9.9999818072627311e-01 +9.9999830254195499e-01 +9.9999759147541323e-01 +9.9999671093132947e-01 +1.0772080655564899e-04 +6.4518577584728290e-05 +6.4121950574756826e-05 +3.8873685903561079e-05 +1.7814778202701941e-05
 27.50000000 +5.0000000000000000e+00 +1.9999989902517901e+00 +1.8816901512735888e-03 +9.9987980275091981e-01 +9.9999953237155859e-01 +9.9999742466379138e-01 +9.9999761091848316e-01 +9.9999682687517555e-01 +4.8729642610819301e-05 +2.9892856663970563e-05 +3.6303412985535128e-05 -3.0971173638239758e-06 +1.6973650462449462e-05
 28.00000000 +5.0000000000000000e+00 +2.0000013520785176e+00 +1.9153608645420871e-03 +9.9980068014215462e-01 +9.9999818693456011e-01 +9.9999702080312702e-01 +9.9999604651528506e-01 +9.9999774299493505e-01 +7.0860144570180774e-05 +4.6927779719509614e-05 +2.1130316653687544e-05 +4.3006528239338218e-05 +2.8397804816591476e-05
 28.50000000 +5.0000000000000000e+00 +1.9999954200140768e+00 +1.8996743230644841e-03 +9.9984277772303043e-01 +1.0000000078896130e+00 +9.9999868391268032e-01 +9.9999745888604397e-01 +9.9999756927585526e-01 +2.7467158178462997e-05 +1.2531826741968272e-05 +2.1068419866824731e-05 +3.0790589341999574e-05 +7.1644340041390438e-05
 29.00000000 +5.0000000000000000e+00 +1.9999968906185945e+00 +1.9358201925074492e-03 +9.9975697360915194e-01 +9.9999916709715619e-01 +9.9999834253578068e-01 +9.9999894738458539e-01 +9.9999776998323986e-01 +4.2778247162906186e-05 +5.5305314056012573e-05 +3.5369273801214577e-05 +5.4156533050103170e-05 +6.1189984261472482e-05
 29.50000000 +5.0000000000000000e+00 +1.9999925462219219e+00 +1.9485357185282731e-03 +9.9972331312097695e-01 +9.9999950682093608e-01 +9.9999654854486930e-01 +9.9999950098816381e-01 +9.9999613626200223e-01 +5.3107066101248625e-05 +3.1211362380989321e-05 +5.8452731466778487e-05 +6.5382278539503059e-05 +7.6840856273793708e-05
 30.00000000 +5.0000000000000000e+00 +1.9999966239469118e+00 +1.9849472015337124e-03 +9.9963840094442746e-01 +1.0000003577353065e+00 +9.9999838186881929e-01 +9.9999656258939373e-01 +9.9999569517334363e-01 +6.0299954406776761e-05 +5.7851367771151734e-05 +5.1665968314119623e-05 +1.1458967259666501e-04 +8.6194739814456084e-05
 30.50000000 +5.0000000000000000e+00 +1.9999936382062933e+00 +2.0054468875662056e-03 +9.9958157032075912e-01 +9.9999719173624479e-01 +9.9999786006844094e-01 +9.9999796148828490e-01 +9.9999891927842144e-01 +3.1735715142571294e-05 +6.5954561480751717e-05 +1.2039628539066924e-04 +9.1072520359417229e-05 +1.1733803768577249e-04
 31.00000000 +5.0000000000000000e+00 +1.9999984919811773e+00 +1.9871461448899919e-03 +9.9962704733167385e-01 +9.9999760752958722e-01 +9.9999995667470643e-01 +9.9999941339245202e-01 +9.9999773248080881e-01 +5.9644532146328671e-05 +4.2297232353843121e-05 +9.0596068607923905e-05 +1.1461557260248377e-04 +7.1089216503884560e-05
 31.50000000 +5.0000000000000000e+00 +1.9999961499863907e+00 +2.0148729501182766e-03 +9.9954724571020381e-01 +9.9999917081358214e-01 +9.9999817128719048e-01 +9.9999592872644771e-01 +9.9999689420485716e-01 +9.4679087192265661e-05 +7.6166270304316462e-05 +1.2144783471604244e-04 +7.8602354951223853e-05 +9.1693711632752324e-05
 32.00000000 +5.0000000000000000e+00 +1.9999933030465769e+00 +2.0168647065423907e-03 +9.9953595329719536e-01 +9.9999998749740182e-01 +9.9999871984292421e-01 +9.9999471097326642e-01 +9.9999735637347686e-01 +1.1600523075443433e-04 +1.0081032339685624e-04 +1.0502940980522315e-04 +7.2136586901909154e-05 +7.9290430292656373e-05
 32.50000000 +5.0000000000000000e+00 +1.9999936556011482e+00 +1.9764689572585497e-03 +9.9963745343732002e-01 +9.9999849142215991e-01 +9.9999780593257881e-01 +9.9999898564651890e-01 +9.9999571308110757e-01 +9.6897850319607536e-05 +1.1587018812457125e-04 +7.4779468490742264e-05 +4.1881365852253075e-05 +4.2121596273125349e-05
 33.00000000 +5.0000000000000000e+00 +1.9999927880211432e+00 +1.9669924841992370e-03 +9.9965420869480659e-01 +9.9999922977335076e-01 +9.9999733353441478e-01 +9.9999782076626365e-01 +9.9999658909418299e-01 +9.2358671981056424e-05 +8.2577989712146987e-05 +5.6209995786584202e-05 +5.1664684925619251e-05 +7.2006802074372320e-05
 33.50000000 +5.0000000000000000e+00 +1.9999928707210146e+00 +1.9473218373489629e-03 +9.9970520012444097e-01 +9.9999749466227139e-01 +9.9999916025502589e-01 +9.9999549155473977e-01 +9.9999688710258117e-01 +1.1406829028232236e-04 +7.3327182426746856e-05 +5.2614147235115899e-05 +4.6964820906593258e-05 +1.8791832475985343e-05
 34.00000000 +5.0000000000000000e+00 +1.9999976101553523e+00 +1.9761488276592819e-03 +9.9964178883664334e-01 +9.9999993050350711e-01 +9.9999689894381161e-01 +9.9999686901006257e-01 +9.9999708253428310e-01 +1.0751294321557598e-04 +1.0353472854909085e-04 +9.3263821433345421e-05 +5.5398841650804288e-05 +7.7198124600388382e-06
 34.50000000 +5.0000000000000000e+00 +1.9999956854711896e+00 +1.9027850308082279e-03 +9.9982698705276352e-01 +9.9999770784195907e-01 +1.0000007385757255e+00 +9.9999600704263392e-01 +9.9999450975261994e-01 +6.4547571857420240e-05 +3.7937021549569447e-05 +6.4167474529051372e-05 +5.6832472702463670e-06 +1.1714452571878204e-05
 35.00000000 +5.0000000000000000e+00 +1.9999857830540986e+00 +1.9127088004362188e-03 +9.9980229580993729e-01 +9.9999540103243290e-01 +9.9999832159854063e-01 +9.9999606620710368e-01 +9.9999872315521310e-01 +4.9565355073481018e-05 +1.0541704421050510e-04 +4.0482577321791240e-06 +6.1957512675900122e-05 -1.1795977604350871e-05
 35.50000000 +5.0000000000000000e+00 +1.9999887008533830e+00 +1.9345714457701141e-03 +9.9975523584747616e-01 +9.9999777943595347e-01 +9.9999742633601962e-01 +9.9999507043890634e-01 +9.9999565034616633e-01 +9.9719501026662553e-05 +2.5193231040802335e-05 +6.1601007531258557e-05 -1.8799052195772756e-05 +9.1122922984947531e-05
 36.00000000 +5.0000000000000000e+00 +1.9999909777791405e+00 +1.9472018026246032e-03 +9.9973018151613424e-01 +9.9999737729783411e-01 +9.9999784959966520e-01 +9.9999409385196369e-01 +9.9999775269947844e-01 +8.0598922008172247e-05 +6.3001793650587133e-05 +9.0865514767523575e-05 +2.0893524505580510e-05 +2.7385264762971187e-05
 36.50000000 +5.0000000000000000e+00 +1.9999863643811406e+00 +1.9611917395745792e-03 +9.9969174916917325e-01 +9.9999950617207867e-01 +9.9999925994647376e-01 +9.9999782008330140e-01 +9.9999841695544789e-01 +3.6797467702903086e-05 +2.3026213262511684e-05 +9.7226749662239357e-05 +9.7203885568422559e-05 +5.8993348825929190e-05
 37.00000000 +5.0000000000000000e+00 +1.9999935722594555e+00 +1.9581218208599123e-03 +9.9970349710314466e-01 +9.9999832839591551e-01 +9.9999899294208694e-01 +1.0000014369805503e+00 +9.9999652382627680e-01 +6.1857143657140112e-05 +3.6079888915954623e-05 +2.9978425328174505e-05 +7.7785810575708877e-05 +9.5519478908644056e-05
 37.50000000 +5.0000000000000000e+00 +1.9999830189158716e+00 +1.9745163398010596e-03 +9.9965658859395357e-01 +1.0000012132832075e+00 +1.0000031619254921e+00 +9.9999476905106832e-01 +9.9999219897016101e-01 +3.2030178477626711e-05 +1.3256174076315018e-04 +5.1280474628179963e-05 +9.3229809725386810e-05 +4.2966002215307868e-05
 38.00000000 +5.0000000000000000e+00 +1.9999853046764011e+00 +1.9572722015795108e-03 +9.9969571389917922e-01 +9.9999676115868352e-01 +9.9999713469988238e-01 +9.9999794012786769e-01 +9.9999505455382742e-01 +3.0103359332719609e-05 +7.5450164470587558e-05 +5.9349629170043664e-05 +8.6505066916138035e-05 +6.5987317300779866e-05
 38.50000000 +5.0000000000000000e+00 +1.9999940942586973e+00 +2.0282409161431233e-03 +9.9951566583818896e-01 +9.9999790551574519e-01 +9.9999651014333824e-01 +9.9999743990222678e-01 +9.9999704557937352e-01 +1.1116879330608002e-04 +1.3030769275113708e-04 +1.0404232540602320e-04 +9.5148164152942844e-05 +5.4766010460823163e-05
 39.00000000 +5.0000000000000000e+00 +1.9999946416922303e+00 +1.9240929850163288e-03 +9.9977662708205506e-01 +9.9999894657400035e-01 +9.9999565476593044e-01 +9.9999818769497140e-01 +9.9999679057087643e-01 +8.3420947224249897e-06 +8.1636124426905576e-05 +6.0174019906885646e-05 +5.5925539245711802e-05 +2.7715509955719496e-05
 39.50000000 +5.0000000000000000e+00 +1.9999991168105455e+00 +2.0032055557328821e-03 +9.9957609337118369e-01 +9.9999979337766509e-01 +9.9999538622270534e-01 +9.9999590832442031e-01 +9.9999324224891695e-01 +7.4384423160896512e-05 +1.0397378149616809e-04 +1.8215852828491516e-04 +5.3284467601040232e-05 +2.5775270142065811e-05
 40.00000000 +5.0000000000000000e+00 +1.9999937506773386e+00 +1.9086585002085390e-03 +9.9981073872334314e-01 +9.9999792916747743e-01 +9.9999963661959601e-01 +9.9999939929174286e-01 +9.9999479708358885e-01 +7.1109728810645274e-07 +1.2764354177651269e-04 +1.5048631553171605e-05 +1.8021540126228807e-05 +3.6074277758580602e-05
 40.50000000 +5.0000000000000000e+00 +1.9999987662743637e+00 +1.9136563335772159e-03 +9.9979502839564183e-01 +9.9999742130336422e-01 +1.0000013043964231e+00 +9.9999929276858091e-01 +9.9999268506392358e-01 +8.2993581208766549e-05 +8.5847239909925076e-05 +2.1975575474435265e-05 +5.3453637867451795e-05 -3.0001962252252928e-05
 41.00000000 +5.0000000000000000e+00 +1.9999993189059371e+00 +1.9490081562667327e-03 +9.9971073574506097e-01 +9.9999894600237504e-01 +9.9999890519654355e-01 +9.9999876503358776e-01 +9.9999552056048824e-01 +5.9349336266900369e-05 +8.6179037784704039e-05 +1.0730242615657735e-04 +3.2979491637231309e-05 +1.1317195378699947e-05
 41.50000000 +5.0000000000000000e+00 +1.9999911838507962e+00 +1.9391555152887959e-03 +9.9973424937880206e-01 +9.9999725288905761e-01 +9.9999371083223154e-01 +9.9999634058091380e-01 +9.9999244793191344e-01 +8.2622726364714059e-05 +3.0554955163384868e-05 +5.2914542633062346e-05 +6.8304169674827166e-06 +1.1307576559090607e-04
 42.00000000 +5.0000000000000000e+00 +1.9999901146852290e+00 +1.9942544910543977e-03 +9.9960063506129881e-01 +9.9999849919642692e-01 +9.9999792022565470e-01 +9.9999570993394638e-01 +9.9999972728115660e-01 +6.6631698262085799e-05 +2.7889191683989153e-05 +1.6567373548554985e-04 +1.2191279018746939e-04 +2.5400873790149910e-05
 42.50000000 +5.0000000000000000e+00 +1.9999885935296604e+00 +1.9430465096711906e-03 +9.9973332289727002e-01 +9.9999639625206160e-01 +9.9999740696427986e-01 +9.9999819902848519e-01 +9.9999560421735589e-01 +7.2597414817390733e-05 +9.7580404699297698e-05 +5.0248919179277862e-05 -6.4193491929795523e-05 +1.2283737529387325e-04
 43.00000000 +5.0000000000000000e+00 +1.9999964892037325e+00 +1.9250742638265382e-03 +9.9978804165422663e-01 +1.0000042209789697e+00 +1.0000003160357012e+00 +9.9999455778780677e-01 +9.9999102361253789e-01 +6.0396443483410161e-05 -3.6402861552362189e-05 +5.4779165053584121e-05 +2.6201613854644831e-05 +1.1686555219214028e-04
 43.50000000 +5.0000000000000000e+00 +1.9999754914315231e+00 +1.9629603319171640e-03 +9.9967679508326313e-01 +9.9999456290364430e-01 +9.9999706936127319e-01 +9.9999284225505980e-01 +9.9999748925705401e-01 +7.8207793944918698e-05 +4.4340108979622051e-06 +5.6234799086545967e-05 +6.8297439507811113e-05 +1.3406708444849505e-04
 44.00000000 +5.0000000000000000e+00 +1.9999732481146848e+00 +1.9572376105237320e-03 +9.9968975219393452e-01 +9.9999550382806768e-01 +9.9999672975544607e-01 +9.9999396420628106e-01 +9.9999696157089402e-01 +6.9991387145960622e-05 +1.3493774782843300e-05 +7.2708592533012858e-05 +6.1643307833896915e-05 +1.0925137330297806e-04
 44.50000000 +5.0000000000000000e+00 +1.9999710051554147e+00 +1.9515158012886726e-03 +9.9970270723934129e-01 +9.9999644460251480e-01 +9.9999639020375020e-01 +9.9999508597867226e-01 +9.9999643396884330e-01 +6.1776289979909631e-05 +2.2552094610096233e-05 +8.9179760181788646e-05 +5.4990236778087656e-05 +8.4439617593544552e-05
 45.00000000 +5.0000000000000000e+00 +1.9999687625536262e+00 +1.9457949039939164e-03 +9.9971566021997627e-01 +9.9999738522702164e-01 +9.9999605070617126e-01 +9.9999620757227503e-01 +9.9999590645088132e-01 +5.3562502133672383e-05 +3.1608970724951220e-05 +1.0564830266062157e-04 +4.8338226086821780e-05 +5.9631816374570137e-05
 45.50000000 +5.0000000000000000e+00 +1.9999665203092343e+00 +1.9400749184214636e-03 +9.9972861113633338e-01 +9.9999832570162372e-01 +9.9999571126269737e-01 +9.9999732898713301e-01 +9.9999537901698843e-01 +4.5350023294255255e-05 +4.0664403472528461e-05 +1.2211422059705987e-04 +4.1687275506618606e-05 +3.4827968700731809e-05
 46.00000000 +5.0000000000000000e+00 +1.9999642784221547e+00 +1.9343558443533848e-03 +9.9974155998890657e-01 +9.9999926602635758e-01 +9.9999537187331544e-01 +9.9999845022328893e-01 +9.9999485166714464e-01 +3.7138853148764487e-05 +4.9718393197838181e-05 +1.3857751461845188e-04 +3.5037384784078268e-05 +1.0028073627007914e-05
 46.50000000 +5.0000000000000000e+00 +1.9999682979479534e+00 +1.9369636905592214e-03 +9.9973607492368133e-01 +9.9999896315149983e-01 +9.9999591421572842e-01 +9.9999807638992944e-01 +9.9999426147523751e-01 +4.3787055084064188e-05 +5.8760967288200397e-05 +1.2406121078935853e-04 +3.7759561129545012e-05 +1.2341043107675474e-05
 47.00000000 +5.0000000000000000e+00 +1.9999723173019599e+00 +1.9395714253070005e-03 +9.9973059009288534e-01 +9.9999866028958739e-01 +9.9999645653496205e-01 +9.9999770257254739e-01 +9.9999367130855510e-01 +5.0434972878498762e-05 +6.7803154903414885e-05 +1.0954552737991683e-04 +4.0481621130540076e-05 +1.4653913733170514e-05
 47.50000000 +5.0000000000000000e+00 +1.9999763364841845e+00 +1.9421790486038664e-03 +9.9972510549650317e-01 +9.9999835744061827e-01 +9.9999699883101756e-01 +9.9999732877114178e-01 +9.9999308116709529e-01 +5.7082606550283849e-05 +7.6844956068257723e-05 +9.5030464350352931e-05 +4.3203564794522030e-05 +1.6966685509830422e-05
 48.00000000 +5.0000000000000000e+00 +1.9999803554946389e+00 +1.9447865604569649e-03 +9.9971962113452006e-01 +9.9999805460459279e-01 +9.9999754110389694e-01 +9.9999695498571184e-01 +9.9999249105085730e-01 +6.3729956117633619e-05 +8.5886370807502946e-05 +8.0516021660896492e-05 +4.5925392128948878e-05 +1.9279358443992068e-05
 48.50000000 +5.0000000000000000e+00 +1.9999843743333334e+00 +1.9473939608734389e-03 +9.9971413700692058e-01 +9.9999775178150896e-01 +9.9999808335360085e-01 +9.9999658121625579e-01 +9.9999190095983825e-01 +7.0377021598760548e-05 +9.4927399145922376e-05 +6.6002199271780469e-05 +4.8647103141277891e-05 +2.1591932541991744e-05
 49.00000000 +5.0000000000000000e+00 +1.9999839113901094e+00 +1.9492633931648194e-03 +9.9971045365730893e-01 +9.9999971826044443e-01 +9.9999668918790763e-01 +9.9999584807923902e-01 +9.9999398305332909e-01 +7.3005939440012351e-05 +7.1190527595472276e-05 +5.9996954372538489e-05 +4.3108761652487080e-05 +5.6005558524479219e-05
 49.50000000 +5.0000000000000000e+00 +1.9999834485221075e+00 +1.9511325216958880e-03 +9.9970677090619708e-01 +1.0000016844198507e+00 +9.9999529524874953e-01 +9.9999511506134819e-01 +9.9999606480850423e-01 +7.5634430113665849e-05 +4.7457513001771478e-05 +5.3992685253520798e-05 +3.7571320077719879e-05 +9.0413592705759042e-05
 50.00000000 +5.0000000000000000e+00 +1.9999829857293101e+00 +1.9530013465406753e-03 +9.9970308875343949e-01 +1.0000036502598055e+00 +9.9999390153607115e-01 +9.9999438216255454e-01 +9.9999814622544703e-01 +7.8262493723827017e-05 +2.3728354424832582e-05 +4.7989391676917839e-05 +3.2034778197656290e-05 +1.2481603644862139e-04
 50.50000000 +5.0000000000000000e+00 +1.9999825230116983e+00 +1.9548698677731872e-03 +9.9969940719889039e-01 +1.0000056157803865e+00 +9.9999250804981765e-01 +9.9999364938282831e-01 +1.0000002273042390e+00 +8.0890130374567960e-05 +3.0509249735999033e-09 +4.1987073404997348e-05 +2.6499135793047523e-05 +1.5921289111541363e-04
 51.00000000 +5.0000000000000000e+00 +1.9999820603692557e+00 +1.9567380854674066e-03 +9.9969572624240410e-01 +1.0000075809816724e+00 +9.9999111478993408e-01 +9.9999291672214141e-01 +1.0000023080449636e+00 +8.3517340169927024e-05 -2.3718398437182142e-05 +3.5985730200104309e-05 +2.0964392644716079e-05 +1.9360415806804053e-04
 51.50000000 +5.0000000000000000e+00 +1.9999820196209117e+00 +1.9679907349372605e-03 +9.9966587480884495e-01 +1.0000049655823129e+00 +9.9999428964475601e-01 +9.9999334028138276e-01 +9.9999996587359308e-01 +8.4273439930588999e-05 +1.1539903365739083e-05 +3.6298450984792219e-05 +4.0143579255135115e-05 +1.6930843929143720e-04
 52.00000000 +5.0000000000000000e+00 +1.9999819788866704e+00 +1.9792394901802539e-03 +9.9963603370603116e-01 +1.0000023510880702e+00 +9.9999746340084972e-01 +9.9999376369404247e-01 +9.9999762451278296e-01 +8.5029278026297719e-05 +4.6786003257783043e-05 +3.6611063545574014e-05 +5.9316128486164009e-05 +1.4502112858272298e-04
 52.50000000 +5.0000000000000000e+00 +1.9999819381665234e+00 +1.9904843532175605e-03 +9.9960620292860058e-01 +9.9999973749847426e-01 +1.0000006360587854e+00 +9.9999418696019582e-01 +9.9999528396211201e-01 +8.5784854592862002e-05 +8.2019907571963371e-05 +3.6923567938619865e-05 +7.8482043782723322e-05 +1.2074222157795761e-04
 53.00000000 +5.0000000000000000e+00 +1.9999818974604635e+00 +2.0017253260689559e-03 +9.9957638247119540e-01 +9.9999712481305547e-01 +1.0000038076191327e+00 +9.9999461007991941e-01 +9.9999294422115959e-01 +8.6540169765996801e-05 +1.1724162263691186e-04 +3.7235964220061080e-05 +9.7641328587350142e-05 +9.6471713916220457e-05
 53.50000000 +5.0000000000000000e+00 +1.9999818567684835e+00 +2.0129624107528199e-03 +9.9954657232846078e-01 +9.9999451303134468e-01 +1.0000069780824614e+00 +9.9999503305328896e-01 +9.9999060528950601e-01 +8.7295223681323094e-05 +1.5245115477688226e-04 +3.7548252445990151e-05 +1.1679398634019999e-04 +7.2209601239607606e-05
 54.00000000 +5.0000000000000000e+00 +1.9999881273127675e+00 +1.9801570217055369e-03 +9.9963617298110841e-01 +9.9999404666198344e-01 +1.0000021622066608e+00 +9.9999678341786113e-01 +9.9999150086379818e-01 +8.0143446129128575e-05 +1.1576357611416735e-04 +2.5525469258769101e-05 +1.0471105628059163e-04 +5.3190325056231054e-05
 54.50000000 +5.0000000000000000e+00 +1.9999943993865030e+00 +1.9473436310818973e-03 +9.9972579548828944e-01 +9.9999358017886975e-01 +9.9999734515621785e-01 +9.9999853420936535e-01 +9.9999239665653028e-01 +7.2989924183837899e-05 +7.9067048968580053e-05 +1.3499753589401467e-05 +9.2625179068387534e-05 +3.4166409873133702e-05
 55.00000000 +5.0000000000000000e+00 +2.0000006729902489e+00 +1.9145222359540422e-03 +9.9981543985800003e-01 +9.9999311358196197e-01 +9.9999252693070251e-01 +1.0000002854279579e+00 +9.9999329266778203e-01 +6.5834657207159753e-05 +4.2361570065778575e-05 +1.4711043648619364e-06 +8.0536353625194302e-05 +1.5137853992857944e-05
 55.50000000 +5.0000000000000000e+00 +2.0000069481245659e+00 +1.8816928333926842e-03 +9.9990510609824201e-01 +9.9999264687121925e-01 +9.9998770752968580e-01 +1.0000020370737956e+00 +9.9999418889763425e-01 +5.8677644560491380e-05 +5.6471361298235699e-06 -1.0560479488398375e-05 +6.8444578872092415e-05 -3.8953442828820774e-06
 56.00000000 +5.0000000000000000e+00 +2.0000132247900133e+00 +1.8488554204671057e-03 +9.9999479421701887e-01 +9.9999218004659851e-01 +9.9998288695273596e-01 +1.0000037891470337e+00 +9.9999508534616566e-01 +5.1518885604918315e-05 -3.1076256116823007e-05 -2.2594999044452222e-05 +5.6349853729635731e-05 -2.2933186653200961e-05
 56.50000000 +5.0000000000000000e+00 +2.0000121968234614e+00 +1.8851595415351160e-03 +9.9990056685306272e-01 +9.9999680569762672e-01 +9.9998648292251568e-01 +1.0000010028450597e+00 +9.9999332825561660e-01 +4.9549202730420799e-05 +2.4222157720027139e-05 +2.5369752542919831e-06 +6.3848304968534735e-05 -1.8343209865264595e-05
 57.00000000 +5.0000000000000000e+00 +2.0000111694204090e+00 +1.9214437618051330e-03 +9.9980639114163705e-01 +1.0000014288130157e+00 +9.9999007692109554e-01 +9.9999821807044986e-01 +9.9999157212824985e-01 +4.7580599575245560e-05 +7.9490258674187145e-05 +2.7655172980873801e-05 +7.1342645788038465e-05 -1.3755749160851592e-05
 57.50000000 +5.0000000000000000e+00 +2.0000101425803938e+00 +1.9577080976361772e-03 +9.9971226704028293e-01 +1.0000060493948497e+00 +9.9999366895009645e-01 +9.9999543482194930e-01 +9.9998981696327460e-01 +4.5613075251832691e-05 +1.3472807166370657e-04 +5.2759605460026388e-05 +7.8832879567028281e-05 -9.1708024716699197e-06
 58.00000000 +5.0000000000000000e+00 +2.0000091163029512e+00 +1.9939525653693449e-03 +9.9961819450658640e-01 +1.0000106674452114e+00 +9.9999725901113645e-01 +9.9999265309830399e-01 +9.9998806275989927e-01 +4.3646628873594809e-05 +1.8993562157933140e-04 +7.7850284004073970e-05 +8.6319009680683201e-05 -4.5883677316938368e-06
 58.50000000 +5.0000000000000000e+00 +2.0000080905876203e+00 +2.0301771813278293e-03 +9.9952417349818046e-01 +1.0000152829661804e+00 +1.0000008471058328e+00 +9.9998987289826047e-01 +9.9998630951733403e-01 +4.1681259554915737e-05 +2.4511293328454114e-04 +1.0292721991294881e-04 +9.3801039500484852e-05 -8.4428771608196957e-09
 59.00000000 +5.0000000000000000e+00 +2.0000079809122995e+00 +2.0147289455813410e-03 +9.9956069052615215e-01 +1.0000107620767946e+00 +1.0000031308316615e+00 +9.9998831424600898e-01 +9.9998663269784127e-01 +4.7196679470942903e-05 +2.0973355766279502e-04 +9.7913909125559511e-05 +7.2078584284836629e-05 +2.3546887668830630e-05
 59.50000000 +5.0000000000000000e+00 +2.0000078711983407e+00 +1.9992752673269106e-03 +9.9959722041929644e-01 +1.0000062395946721e+00 +1.0000054153620612e+00 +9.9998675504463452e-01 +9.9998695599220710e-01 +5.2714042503141201e-05 +1.7434171767062172e-04 +9.2898832118116210e-05 +5.0348476115351957e-05 +4.7110516901848074e-05
 60.00000000 +5.0000000000000000e+00 +2.0000077614457217e+00 +1.9838161436878895e-03 +9.9963376318441310e-01 +1.0000017155189704e+00 +1.0000077006974568e+00 +9.9998519529384755e-01 +9.9998727940049159e-01 +5.8233349678549100e-05 +1.3893740671994988e-04 +8.7881987957079299e-05 +2.8610710947044632e-05 +7.0682449208181474e-05
 60.50000000 +5.0000000000000000e+00 +2.0000076516544225e+00 +1.9683515717855986e-03 +9.9967031882830637e-01 +9.9999718984884767e-01 +1.0000099868382732e+00 +9.9998363499335674e-01 +9.9998760292275490e-01 +6.3754602024929013e-05 +1.0352061821806426e-04 +8.2863375708251087e-05 +6.8652847320772810e-06 +9.4262688977212508e-05
 61.00000000 +5.0000000000000000e+00 +2.0000075418244228e+00 +1.9528815487393316e-03 +9.9970688735778646e-01 +9.9999266258346076e-01 +1.0000122737849373e+00 +9.9998207414287210e-01 +9.9998792655905766e-01 +6.9277800570767889e-05 +6.8091345567602171e-05 +7.7842994436775375e-05 -1.4887806580241094e-05 +1.1785124060141728e-04
 61.50000000 +5.0000000000000000e+00 +2.0000007493164382e+00 +1.9707791438760940e-03 +9.9965946544206463e-01 +9.9999296091289702e-01 +1.0000119591906349e+00 +9.9998858113505185e-01 +9.9998974065857082e-01 +7.7347777679208645e-05 +6.0591684505438431e-05 +8.6548742984840114e-05 +1.8624329767422218e-05 +1.1418012717716284e-04
 62.00000000 +5.0000000000000000e+00 +1.9999939594252327e+00 +1.9886698440565518e-03 +9.9961206179539164e-01 +9.9999325912740356e-01 +1.0000116447175285e+00 +9.9999508562044648e-01 +9.9999155405921136e-01 +8.5414645870550516e-05 +5.3094912649055420e-05 +9.5251137688134779e-05 +5.2123555737235482e-05 +1.1051042803043898e-04
 62.50000000 +5.0000000000000000e+00 +1.9999871721492937e+00 +2.0065536532643054e-03 +9.9956467640721214e-01 +9.9999355722704619e-01 +1.0000113303655476e+00 +1.0000015876005042e+00 +9.9999336676138328e-01 +9.3478406940988965e-05 +4.5601028329197189e-05 +1.0395018048436326e-04 +8.5609878788246707e-05 +1.0684214234413834e-04
 63.00000000 +5.0000000000000000e+00 +1.9999803874871118e+00 +2.0244305754798914e-03 +9.9951730926697946e-01 +9.9999385521189232e-01 +1.0000110161346227e+00 +1.0000080870766723e+00 +9.9999517876549027e-01 +1.0153906268533605e-04 +3.8110029877893494e-05 +1.1264587330973708e-04 +1.1908330637375912e-04 +1.0317526930178304e-04
 63.50000000 +5.0000000000000000e+00 +1.9999736054371755e+00 +2.0423006146807754e-03 +9.9946996036415447e-01 +9.9999415308200734e-01 +1.0000107020246836e+00 +1.0000145840503967e+00 +9.9999699007193499e-01 +1.0959661489702167e-04 +3.0621915628458433e-05 +1.2133821809897666e-04 +1.5254384594133634e-04 +9.9509808087523720e-05
 64.00000000 +5.0000000000000000e+00 +1.9999790078974531e+00 +2.0053441598504840e-03 +9.9956569072993651e-01 +9.9999734890291669e-01 +1.0000088499963768e+00 +1.0000095770470274e+00 +9.9999384238684230e-01 +9.1000107089629905e-05 +1.8423987456755655e-05 +1.0911919378209279e-04 +1.3527765994372025e-04 +7.0869986077248720e-05
 64.50000000 +5.0000000000000000e+00 +1.9999844136886331e+00 +1.9683649194112084e-03 +9.9966148011855172e-01 +1.0000005466942181e+00 +1.0000069968261966e+00 +1.0000045669565760e+00 +9.9999069276103547e-01 +7.2392133551628545e-05 +6.2185386172016714e-06 +9.6892635790468430e-05 +1.1800082842924935e-04 +4.2212506101979574e-05
 65.00000000 +5.0000000000000000e+00 +1.9999898228137976e+00 +1.9313628722836512e-03 +9.9975732858460398e-01 +1.0000037464577358e+00 +1.0000051425130867e+00 +9.9999955377618632e-01 +9.9998754119271860e-01 +5.3772683675903718e-05 -5.9944378476825827e-06 +8.4658537154591723e-05 +1.0071334154960145e-04 +1.3537351826076400e-05
 65.50000000 +5.0000000000000000e+00 +1.9999952352760308e+00 +1.8943379973625049e-03 +9.9985323618276256e-01 +1.0000069481952936e+00 +1.0000032870559894e+00 +9.9999453750299894e-01 +9.9998438768009479e-01 +3.5141746842253671e-05 -1.8214948903960773e-05 +7.2416890896351217e-05 +8.3415189444302720e-05 -1.5155493106256702e-05
 66.00000000 +5.0000000000000000e+00 +2.0000006510784227e+00 +1.8572902735164141e-03 +9.9994920296776568e-01 +1.0000101519087194e+00 +1.0000014304538458e+00 +9.9998951813415093e-01 +9.9998123222136381e-01 +1.6499312417368826e-05 -3.0443001526294400e-05 +6.0167690029022895e-05 +6.6106362240709129e-05 -4.3866045071002685e-05
 66.50000000 +5.0000000000000000e+00 +2.0000010724553663e+00 +1.8809241926992456e-03 +9.9989417032928662e-01 +1.0000086574803451e+00 +1.0000017369431033e+00 +9.9999306027529933e-01 +9.9998822338947635e-01 +1.5743007820089514e-05 -1.7202626043875536e-05 +1.2723980586575411e-04 +4.2465070624816536e-05 -5.4093673036069488e-05
 67.00000000 +5.0000000000000000e+00 +2.0000014934837673e+00 +1.9045385630278963e-03 +9.9983918321118970e-01 +1.0000071642880910e+00 +1.0000020431788477e+00 +9.9999659948655739e-01 +9.9999520877482728e-01 +1.4987328802011635e-05 -3.9732023704906356e-06 +1.9425644283746954e-04 +1.8843333961231559e-05 -6.4312841193595917e-05
 67.50000000 +5.0000000000000000e+00 +2.0000019141640575e+00 +1.9281334087471620e-03 +9.9978424155701917e-01 +1.0000056723304238e+00 +1.0000023491613932e+00 +1.0000001357715584e+00 +1.0000021883845882e+00 +1.4232274587282000e-05 +9.2452830764663834e-06 +2.6121766974993146e-04 -4.7588720024057069e-06 -7.4523560035568516e-05
 68.00000000 +5.0000000000000000e+00 +2.0000023344966689e+00 +1.9517087540617652e-03 +9.9972934531041391e-01 +1.0000041816058134e+00 +1.0000026548910537e+00 +1.0000036691339300e+00 +1.0000091622259193e+00 +1.3477844401329874e-05 +2.2452843857150421e-05 +3.2812355529517073e-04 -2.8341571478367539e-05 -8.4725840036631292e-05
 68.50000000 +5.0000000000000000e+00 +2.0000027544820314e+00 +1.9752646231364344e-03 +9.9967449441510481e-01 +1.0000026921127312e+00 +1.0000029603681424e+00 +1.0000071995772939e+00 +1.0000161303059685e+00 +1.2724037470864296e-05 +3.5649493509311511e-05 +3.9497416805172112e-04 -5.1904788638921328e-05 -9.4919691654121404e-05
 69.00000000 +5.0000000000000000e+00 +1.9999935786249015e+00 +1.9702635561740173e-03 +9.9967778851287259e-01 +1.0000005130704084e+00 +1.0000059909499510e+00 +1.0000114899852726e+00 +1.0000124636086687e+00 +9.5415653188405481e-06 +3.0412939084256259e-05 +3.4701093916643692e-04 -4.2050604479313032e-05 -5.3160968110210967e-05
 69.50000000 +5.0000000000000000e+00 +1.9999844017044874e+00 +1.9652619096963216e-03 +9.9968108299235481e-01 +9.9999833377558167e-01 +1.0000090218829381e+00 +1.0000157808904162e+00 +1.0000087964864783e+00 +6.3587243872654019e-06 +2.5175777856030549e-05 +2.9904215238239128e-04 -3.2195278433322025e-05 -1.1397405635243212e-05
 70.00000000 +5.0000000000000000e+00 +1.9999752237206068e+00 +1.9602596836026144e-03 +9.9968437785361797e-01 +9.9999615422820720e-01 +1.0000120531671650e+00 +1.0000200722928116e+00 +1.0000051289393230e+00 +3.1755146120348105e-06 +1.9938009719155268e-05 +2.5106780673346828e-04 -2.2338810302456971e-05 +3.0370996611921416e-05
 70.50000000 +5.0000000000000000e+00 +1.9999660446730729e+00 +1.9552568777921348e-03 +9.9968767309672846e-01 +9.9999397442824145e-01 +1.0000150848026927e+00 +1.0000243641925455e+00 +1.0000014609671295e+00 -8.0640709701407070e-09 +1.4699634568126845e-05 +2.0308790125332795e-04 -1.2481199888180540e-05 +7.2144239472617537e-05
 71.00000000 +5.0000000000000000e+00 +1.9999568645617014e+00 +1.9502534921641008e-03 +9.9969096872175256e-01 +9.9999179437563990e-01 +1.0000181167895827e+00 +1.0000286565897041e+00 +9.9999779256982324e-01 -3.1920117258832179e-06 +9.4606522974172670e-06 +1.5510243497540645e-04 -2.6224469919093839e-06 +1.1392232378837465e-04
 71.50000000 +5.0000000000000000e+00 +1.9999663291072036e+00 +1.9620842051028967e-03 +9.9966792596358278e-01 +1.0000063281228389e+00 +1.0000139227333225e+00 +1.0000211880985763e+00 +1.0000032591993282e+00 -9.8434083559040539e-06 +1.4843678647951483e-05 +1.2672794898142036e-04 +1.1508039729871711e-05 +1.4413962221064843e-04
 72.00000000 +5.0000000000000000e+00 +1.9999757959755124e+00 +1.9739178215576851e-03 +9.9964487755021558e-01 +1.0000208654369378e+00 +1.0000097276477491e+00 +1.0000137177745176e+00 +1.0000087271704639e+00 -1.6496437384292033e-05 +2.0228026111014945e-05 +9.8346499267304294e-05 +2.5641994382485178e-05 +1.7436433661957096e-04
 72.50000000 +5.0000000000000000e+00 +1.9999852651674834e+00 +1.9857543425974757e-03 +9.9962182347956918e-01 +1.0000354063192498e+00 +1.0000055315324836e+00 +1.0000062456168526e+00 +1.0000141964837241e+00 -2.3151099412060360e-05 +2.5613695173012254e-05 +6.9958083269169537e-05 +3.9779418242746927e-05 +2.0459646974554561e-04
 73.00000000 +5.0000000000000000e+00 +1.9999947366839717e+00 +1.9975937692918049e-03 +9.9959876374956003e-01 +1.0000499507710887e+00 +1.0000013343871468e+00 +9.9999877162490636e-01 +1.0000196671396031e+00 -2.9807395040517308e-05 +3.1000686320586810e-05 +4.1562698421868563e-05 +5.3920312588099751e-05 +2.3483602432031620e-04
 73.50000000 +5.0000000000000000e+00 +2.0000042105258338e+00 +2.0094361027107330e-03 +9.9957569835810423e-01 +1.0000644987937690e+00 +9.9999713621135922e-01 +9.9999129579800350e-01 +1.0000251391385953e+00 -3.6465324871266421e-05 +3.6389000040620976e-05 +1.3160342158994381e-05 +6.8064678696613698e-05 +2.6508300307696782e-04
 74.00000000 +5.0000000000000000e+00 +1.9999789087653805e+00 +2.0141734974372274e-03 +9.9956289076932403e-01 +1.0000256421500293e+00 +1.0000085850422804e+00 +1.0000067789696336e+00 +1.0000370950596265e+00 -8.1799771898769872e-05 +6.6110891114578858e-05 +7.0937986699780558e-05 +5.7777271297409308e-05 +2.4598163057593044e-04
 74.50000000 +5.0000000000000000e+00 +1.9999536289186031e+00 +2.0189067891395944e-03 +9.9955009427310582e-01 +9.9998681915975429e-01 +1.0000200239574497e+00 +1.0000222487313983e+00 +1.0000490406257185e+00 -1.2709495508175832e-04 +9.5807040268510422e-05 +1.2866559043053297e-04 +4.7498773749125554e-05 +2.2689680163876278e-04
 75.00000000 +5.0000000000000000e+00 +1.9999283709570448e+00 +2.0236359831459277e-03 +9.9953730885504555e-01 +9.9994802977924246e-01 +1.0000314529697438e+00 +1.0000377051007110e+00 +1.0000609758503187e+00 -1.7235092540735986e-04 +1.2547748093028266e-04 +1.8634321833309984e-04 +3.7229174481634367e-05 +2.0782849478237237e-04
