#PATCH_CHECK: SepMBpoisson v0.60 fullmb-kondo adaptive-t500 active
#discretizing the bath:
#     0 0.0000000000000000e+00 -9.1873305439137479e-02
#     1 3.6514837167011078e-03 -1.6720941589923019e-01
#     2 3.6514837167011078e-03 -1.6537473388326893e-01
#     3 3.6514837167011078e-03 -1.6353448368166471e-01
#adaptive measurement: gap=1.8346820159612642e-03 period_steps=6850 nmeas=200 nwf=200 tmax=1.0000000000000000e+02 forced_stride=1
  0.00000000 +2.0000000000000000e+00 +1.9999999999999998e+00 +1.8374661879283106e-03 +1.0000000000000000e+00 +1.0000000000000000e+00 +0.0000000000000000e+00 +0.0000000000000000e+00
  0.50000000 +2.0000000000000000e+00 +1.9999999999769587e+00 +1.8401132388142052e-03 +9.9999327977910679e-01 +9.9999999999982370e-01 +3.4391934153402408e-06 +3.2810273010518662e-06
  1.00000000 +2.0000000000000000e+00 +2.0000000016605313e+00 +1.8479829699638061e-03 +9.9997329641988553e-01 +9.9999999998303268e-01 +1.3562851567889703e-05 +1.3140745528813810e-05
  1.50000000 +2.0000000000000000e+00 +2.0000000054708713e+00 +1.8608939900953659e-03 +9.9994049927812045e-01 +9.9999999981636190e-01 +2.9912707633899991e-05 +2.9588197449554349e-05
  2.00000000 +2.0000000000000000e+00 +1.9999999796680632e+00 +1.8785432638631699e-03 +9.9989563779810497e-01 +9.9999999921071647e-01 +5.2245111922363079e-05 +5.2117880854143900e-05
  2.50000000 +2.0000000000000000e+00 +1.9999999592341866e+00 +1.9002968617226794e-03 +9.9984029298886379e-01 +9.9999999769547787e-01 +7.9770360749027483e-05 +7.9938955346135404e-05
  3.00000000 +2.0000000000000000e+00 +1.9999999678832547e+00 +1.9257085976635831e-03 +9.9977557837985631e-01 +9.9999999506815618e-01 +1.1259615773139821e-04 +1.1183039300850958e-04
  3.50000000 +2.0000000000000000e+00 +1.9999999214776489e+00 +1.9543917669658053e-03 +9.9970243291197247e-01 +9.9999999000011286e-01 +1.4938789878423352e-04 +1.4818918956990205e-04
  4.00000000 +2.0000000000000000e+00 +1.9999998895488709e+00 +1.9857987052232227e-03 +9.9962220714556138e-01 +9.9999998322080441e-01 +1.8974638176713786e-04 +1.8806325189415747e-04
  4.50000000 +2.0000000000000000e+00 +1.9999998816296201e+00 +2.0186263794426088e-03 +9.9953819136310340e-01 +9.9999997279787067e-01 +2.3228723215626811e-04 +2.2954860528275701e-04
  5.00000000 +2.0000000000000000e+00 +1.9999997697390610e+00 +2.0521905481395261e-03 +9.9945207110226453e-01 +9.9999995907269423e-01 +2.7515301444344117e-04 +2.7281681094030476e-04
  5.50000000 +2.0000000000000000e+00 +1.9999996108965223e+00 +2.0849405388782246e-03 +9.9936778364124468e-01 +9.9999993783635888e-01 +3.1777458768152248e-04 +3.1450393482664729e-04
  6.00000000 +2.0000000000000000e+00 +1.9999995984312218e+00 +2.1176864294240360e-03 +9.9928324444041949e-01 +9.9999991503084973e-01 +3.5944420006894052e-04 +3.5739632822795778e-04
  6.50000000 +2.0000000000000000e+00 +1.9999998092996902e+00 +2.1477989811948266e-03 +9.9920511376158450e-01 +9.9999988318139499e-01 +3.9786458532117922e-04 +3.9713847013519960e-04
  7.00000000 +2.0000000000000000e+00 +1.9999999542229041e+00 +2.1763653807711585e-03 +9.9913060689494393e-01 +9.9999984241876738e-01 +4.3594331682081529e-04 +4.3360736903029636e-04
  7.50000000 +2.0000000000000000e+00 +1.9999996644167430e+00 +2.2008462081863534e-03 +9.9906624799982957e-01 +9.9999981029893392e-01 +4.6817149525349449e-04 +4.6577020561069639e-04
  8.00000000 +2.0000000000000000e+00 +1.9999999693914337e+00 +2.2216482864829998e-03 +9.9901095291653685e-01 +9.9999977109482974e-01 +4.9671744017533990e-04 +4.9255854854465386e-04
  8.50000000 +2.0000000000000000e+00 +1.9999989530714271e+00 +2.2356654631000028e-03 +9.9897257623669777e-01 +9.9999969347787743e-01 +5.1486232300772337e-04 +5.1286796239687657e-04
  9.00000000 +2.0000000000000000e+00 +1.9999992734382563e+00 +2.2481169706115309e-03 +9.9893813824069355e-01 +9.9999964097197380e-01 +5.2919308375136670e-04 +5.3302770356032094e-04
  9.50000000 +2.0000000000000000e+00 +1.9999987731489843e+00 +2.2543384288444129e-03 +9.9891934293269313e-01 +9.9999956827353387e-01 +5.4114889441628537e-04 +5.3993989783474006e-04
 10.00000000 +2.0000000000000000e+00 +1.9999988093655936e+00 +2.2594785721378823e-03 +9.9890334801429048e-01 +9.9999950728902787e-01 +5.5190256277810640e-04 +5.4524213513556955e-04
 10.50000000 +2.0000000000000000e+00 +1.9999987482241814e+00 +2.2472938309753346e-03 +9.9893096584751717e-01 +9.9999943098614452e-01 +5.3695421800056614e-04 +5.3264894822185535e-04
 11.00000000 +2.0000000000000000e+00 +1.9999984810277975e+00 +2.2436405586517823e-03 +9.9893745977388781e-01 +9.9999936384322097e-01 +5.3143995908162562e-04 +5.3173642369291592e-04
 11.50000000 +2.0000000000000000e+00 +1.9999977837337533e+00 +2.2328592667873342e-03 +9.9896241465444424e-01 +9.9999926817178064e-01 +5.2555959333574597e-04 +5.1275758079516660e-04
 12.00000000 +2.0000000000000000e+00 +1.9999970037262536e+00 +2.2106199312635091e-03 +9.9901609214060105e-01 +9.9999919737395926e-01 +5.0446199408995791e-04 +4.8024849292024869e-04
 12.50000000 +2.0000000000000000e+00 +1.9999972863135953e+00 +2.1878308261798372e-03 +9.9907209802480146e-01 +9.9999910662210667e-01 +4.6285282604807519e-04 +4.6594252695348573e-04
 13.00000000 +2.0000000000000000e+00 +1.9999976452334904e+00 +2.1644411591538741e-03 +9.9912976915272644e-01 +9.9999907631401697e-01 +4.3368333491311425e-04 +4.3747119989575694e-04
 13.50000000 +2.0000000000000000e+00 +1.9999966018548014e+00 +2.1415504909309308e-03 +9.9918674540353536e-01 +9.9999900492785898e-01 +3.9990412527876812e-04 +4.1434554484609700e-04
 14.00000000 +2.0000000000000000e+00 +1.9999956393925560e+00 +2.1113333794074863e-03 +9.9926305611011912e-01 +9.9999885525408716e-01 +3.6952330917624566e-04 +3.6856532700766341e-04
 14.50000000 +2.0000000000000000e+00 +1.9999972446859413e+00 +2.0770336638205773e-03 +9.9935033577915744e-01 +9.9999879489167598e-01 +3.3079953742176735e-04 +3.2006979219811839e-04
 15.00000000 +2.0000000000000000e+00 +1.9999966202663211e+00 +2.0527548702198996e-03 +9.9941258092988938e-01 +9.9999877747809052e-01 +2.9360658195596304e-04 +2.9503501045327922e-04
 15.50000000 +2.0000000000000000e+00 +1.9999965471085679e+00 +2.0240483849070412e-03 +9.9948681145833673e-01 +9.9999858053108492e-01 +2.7530846997982691e-04 +2.3929954069181595e-04
 16.00000000 +2.0000000000000000e+00 +1.9999957260145131e+00 +2.0098006823147732e-03 +9.9952521326577737e-01 +9.9999858292210642e-01 +2.4562201479396220e-04 +2.3058179732035649e-04
 16.50000000 +2.0000000000000000e+00 +1.9999961203377448e+00 +1.9839422494254818e-03 +9.9959328288470439e-01 +9.9999857812342752e-01 +2.1336576252856113e-04 +1.9477323035545447e-04
 17.00000000 +2.0000000000000000e+00 +1.9999987928462046e+00 +1.9620229627218041e-03 +9.9965247919658506e-01 +9.9999831412371132e-01 +1.8024197645279900e-04 +1.6896470472001882e-04
 17.50000000 +2.0000000000000000e+00 +1.9999968941921134e+00 +1.9355968931464630e-03 +9.9972296372169389e-01 +9.9999853924684745e-01 +1.4367167566180960e-04 +1.3482535727802518e-04
 18.00000000 +2.0000000000000000e+00 +1.9999982193704340e+00 +1.9049857037840218e-03 +9.9980502260278592e-01 +9.9999862877545131e-01 +1.0490464053154589e-04 +9.1443982673599798e-05
 18.50000000 +2.0000000000000000e+00 +1.9999997087383028e+00 +1.9123777602468451e-03 +9.9979123799764602e-01 +9.9999819874179752e-01 +9.7975721338149703e-05 +1.1258753875266890e-04
 19.00000000 +2.0000000000000000e+00 +1.9999993522607229e+00 +1.9087599071452241e-03 +9.9980409700876671e-01 +9.9999846007324711e-01 +1.2458436425150847e-04 +7.2858554821636238e-05
 19.50000000 +2.0000000000000000e+00 +1.9999982507550054e+00 +1.8905145728175007e-03 +9.9985663017153070e-01 +9.9999834542951016e-01 +8.2849460125369574e-05 +6.2174939322014205e-05
 20.00000000 +2.0000000000000000e+00 +1.9999988393807631e+00 +1.8921547295721105e-03 +9.9985638275747923e-01 +9.9999835865218856e-01 +8.3401924188214601e-05 +6.1856666046323846e-05
 20.50000000 +2.0000000000000000e+00 +1.9999995174038487e+00 +1.8900437233244122e-03 +9.9986812817340254e-01 +9.9999808325581430e-01 +5.9650634860529612e-05 +7.4137936955867654e-05
 21.00000000 +2.0000000000000000e+00 +1.9999981808069578e+00 +1.9158739287739198e-03 +9.9980551177136068e-01 +9.9999833798681603e-01 +1.1191366332179945e-04 +8.4236578028264777e-05
 21.50000000 +2.0000000000000000e+00 +1.9999982678922663e+00 +1.9212256997270384e-03 +9.9979675909777199e-01 +9.9999838833027133e-01 +1.0502095175409336e-04 +9.9831620303393151e-05
 22.00000000 +2.0000000000000000e+00 +1.9999976881364383e+00 +1.9333108998052639e-03 +9.9977005656339035e-01 +9.9999822048324272e-01 +1.1095652456258303e-04 +1.2076643012571622e-04
 22.50000000 +2.0000000000000000e+00 +1.9999976251018547e+00 +1.9396872778649260e-03 +9.9975677372877247e-01 +9.9999832913751641e-01 +1.0391379548592547e-04 +1.4098333693396715e-04
 23.00000000 +2.0000000000000000e+00 +1.9999971216209909e+00 +1.9754793784414076e-03 +9.9966875266979349e-01 +9.9999808776876997e-01 +1.6145285709958843e-04 +1.7170670392848032e-04
 23.50000000 +2.0000000000000000e+00 +2.0000026133947046e+00 +2.0052004754829364e-03 +9.9959584525996736e-01 +9.9999814924132902e-01 +2.2201822092305994e-04 +1.8398727768259525e-04
 24.00000000 +2.0000000000000000e+00 +1.9999990321478245e+00 +2.0216814097694220e-03 +9.9955320083952548e-01 +9.9999821989702897e-01 +2.0174354971928588e-04 +2.4683571469837735e-04
 24.50000000 +2.0000000000000000e+00 +1.9999987641391830e+00 +2.0785565360029873e-03 +9.9940995265845023e-01 +9.9999767543850127e-01 +2.8571779074264557e-04 +3.0665411231711818e-04
 25.00000000 +2.0000000000000000e+00 +1.9999983895969233e+00 +2.0708786612164084e-03 +9.9942730250458467e-01 +9.9999812607382421e-01 +2.7961221276187381e-04 +2.9495920787177353e-04
 25.50000000 +2.0000000000000000e+00 +1.9999990960697183e+00 +2.0746407616301105e-03 +9.9941879299132230e-01 +9.9999779964402369e-01 +2.8728554113185810e-04 +2.9612182226168500e-04
 26.00000000 +2.0000000000000000e+00 +1.9999971326476145e+00 +2.0864332375236123e-03 +9.9938468086416399e-01 +9.9999768157129154e-01 +3.1170303719418944e-04 +3.0593452683309121e-04
 26.50000000 +2.0000000000000000e+00 +1.9999963062214121e+00 +2.1480560247163429e-03 +9.9922580242991932e-01 +9.9999742087680288e-01 +3.9806960276071311e-04 +3.7870709051570392e-04
 27.00000000 +2.0000000000000000e+00 +1.9999983013679037e+00 +2.1619406109524295e-03 +9.9918802922941674e-01 +9.9999764169313909e-01 +3.8268140417912924e-04 +4.3164767274257715e-04
 27.50000000 +2.0000000000000000e+00 +1.9999961912269657e+00 +2.1848934069707234e-03 +9.9912384873217408e-01 +9.9999700315598050e-01 +4.0900429059187931e-04 +4.7014382247202892e-04
 28.00000000 +2.0000000000000000e+00 +2.0000011242388571e+00 +2.1889466578190551e-03 +9.9911115915752879e-01 +9.9999726049654192e-01 +4.1775910368538203e-04 +4.7382124237135912e-04
 28.50000000 +2.0000000000000000e+00 +1.9999975328375292e+00 +2.1888276965458622e-03 +9.9910316745216021e-01 +9.9999591727783610e-01 +4.6619283004349117e-04 +4.3472243955832454e-04
 29.00000000 +2.0000000000000000e+00 +1.9999985346727573e+00 +2.2037623516399465e-03 +9.9906052066574924e-01 +9.9999588886659596e-01 +4.5485508954556090e-04 +4.8873537691339428e-04
 29.50000000 +2.0000000000000000e+00 +1.9999969510876343e+00 +2.2067615136304431e-03 +9.9905133976836047e-01 +9.9999712507165361e-01 +4.8166929551454404e-04 +4.6986586460474438e-04
 30.00000000 +2.0000000000000000e+00 +2.0000001890934427e+00 +2.1725421840249480e-03 +9.9912902077314159e-01 +9.9999719861037917e-01 +4.5809458914929281e-04 +4.1568602820687490e-04
 30.50000000 +2.0000000000000000e+00 +1.9999947833244291e+00 +2.1626432495310596e-03 +9.9914942969123510e-01 +9.9999575799415952e-01 +4.5015520068472442e-04 +4.0465711431925653e-04
 31.00000000 +2.0000000000000000e+00 +1.9999958248801566e+00 +2.2111917662772473e-03 +9.9901997058514858e-01 +9.9999559460974685e-01 +5.2588262808916453e-04 +4.5855217787641752e-04
 31.50000000 +2.0000000000000000e+00 +1.9999971948349082e+00 +2.1769649765306454e-03 +9.9910306936637105e-01 +9.9999447965182653e-01 +4.2221151600571805e-04 +4.8023946580496094e-04
 32.00000000 +2.0000000000000000e+00 +1.9999919255546967e+00 +2.1700005206198706e-03 +9.9911662607182294e-01 +9.9999587504797349e-01 +4.5548914330126940e-04 +4.3200973761727441e-04
 32.50000000 +2.0000000000000000e+00 +1.9999842278819211e+00 +2.1145181520038020e-03 +9.9925208467355020e-01 +9.9999583762142064e-01 +4.2982249748747066e-04 +3.2225520864882426e-04
 33.00000000 +2.0000000000000000e+00 +1.9999882430862617e+00 +2.1459876789160443e-03 +9.9917073991387528e-01 +9.9999377281041302e-01 +4.5764516037791870e-04 +3.7784211522416352e-04
 33.50000000 +2.0000000000000000e+00 +1.9999919310182179e+00 +2.1316656729770418e-03 +9.9920203537282526e-01 +9.9999596705804528e-01 +3.9298690264047285e-04 +4.0901066538386640e-04
 34.00000000 +2.0000000000000000e+00 +1.9999965906040145e+00 +2.1235710977269154e-03 +9.9922886662402932e-01 +9.9999476254325492e-01 +4.3586548637721266e-04 +3.4050534754184844e-04
 34.50000000 +2.0000000000000000e+00 +1.9999917637559772e+00 +2.0730955650559209e-03 +9.9935271860363684e-01 +9.9999546043383170e-01 +2.9450915761950239e-04 +3.5731180493652349e-04
 35.00000000 +2.0000000000000000e+00 +1.9999868080588821e+00 +2.1073006475332899e-03 +9.9926538894115624e-01 +9.9999299136168884e-01 +4.0499789700972072e-04 +3.3662180015273118e-04
 35.50000000 +2.0000000000000000e+00 +1.9999833817691390e+00 +2.0747723553010658e-03 +9.9935451209068982e-01 +9.9999509519554319e-01 +3.1809450066711285e-04 +3.3229821233376751e-04
 36.00000000 +2.0000000000000000e+00 +1.9999901212926265e+00 +2.0404235701724262e-03 +9.9943959273571970e-01 +9.9999473375221593e-01 +2.5781460584588012e-04 +3.0785890545710366e-04
 36.50000000 +2.0000000000000000e+00 +1.9999772501853395e+00 +2.0770361632722173e-03 +9.9934495330596274e-01 +9.9999632501989177e-01 +3.3982799150622983e-04 +3.1889368308494814e-04
 37.00000000 +2.0000000000000000e+00 +1.9999789805336918e+00 +2.0265721158392812e-03 +9.9947862515142949e-01 +9.9999389924198878e-01 +2.4233581200358036e-04 +2.8513979468465560e-04
 37.50000000 +2.0000000000000000e+00 +1.9999816259028771e+00 +2.0015470580658596e-03 +9.9954787747028306e-01 +9.9999373266613967e-01 +2.6987353365877592e-04 +1.8851632932076476e-04
 38.00000000 +2.0000000000000000e+00 +1.9999824943159459e+00 +2.0391227143292407e-03 +9.9945780704021581e-01 +9.9999509908577155e-01 +2.8442962534624110e-04 +2.6266424918061550e-04
 38.50000000 +2.0000000000000000e+00 +1.9999907405333230e+00 +2.0045513999524590e-03 +9.9954973253269774e-01 +9.9999488093532218e-01 +1.7491946656761595e-04 +2.8046706598151605e-04
 39.00000000 +2.0000000000000000e+00 +1.9999837129253486e+00 +2.0323734811676952e-03 +9.9948256141520875e-01 +9.9999403554265476e-01 +2.7262573129767847e-04 +2.5077731191774569e-04
 39.50000000 +2.0000000000000000e+00 +1.9999879258546365e+00 +2.0081531044195337e-03 +9.9955246694872779e-01 +9.9999417449795647e-01 +2.6156862506938622e-04 +1.9178992837688282e-04
 40.00000000 +2.0000000000000000e+00 +1.9999823737970683e+00 +1.9897457210372345e-03 +9.9960359204125360e-01 +9.9999293186644478e-01 +1.7269905983431300e-04 +2.3077703355563360e-04
 40.50000000 +2.0000000000000000e+00 +1.9999867917567546e+00 +1.9732970254402286e-03 +9.9964934905465452e-01 +9.9999492838418935e-01 +1.9742767695413231e-04 +1.5829488355877124e-04
 41.00000000 +2.0000000000000000e+00 +1.9999803300816184e+00 +1.9732203584026053e-03 +9.9965304173354674e-01 +9.9999233955430189e-01 +2.0194419025175569e-04 +1.5267452136931829e-04
 41.50000000 +2.0000000000000000e+00 +1.9999871141258383e+00 +1.9965723891601631e-03 +9.9960050511485832e-01 +9.9999171775185336e-01 +2.7789543719168369e-04 +1.2988169606099371e-04
 42.00000000 +2.0000000000000000e+00 +1.9999913601726473e+00 +1.9827891147422851e-03 +9.9963402047254124e-01 +9.9999248404759722e-01 +1.5372092074037951e-04 +2.1977455976145277e-04
 42.50000000 +2.0000000000000000e+00 +1.9999872843965698e+00 +2.0463045444767810e-03 +9.9947176258606130e-01 +9.9999377370782072e-01 +2.0126223381698946e-04 +3.3320147292632103e-04
 43.00000000 +2.0000000000000000e+00 +1.9999796203087612e+00 +2.0527030273971058e-03 +9.9945304516644673e-01 +9.9999047053709667e-01 +3.0205220197054812e-04 +2.5443209549280157e-04
 43.50000000 +2.0000000000000000e+00 +1.9999899388892830e+00 +2.0407694521230955e-03 +9.9949175909815258e-01 +9.9999131130119012e-01 +2.5470374116430322e-04 +2.6222586038370470e-04
 44.00000000 +2.0000000000000000e+00 +1.9999835270343047e+00 +2.0542250665377387e-03 +9.9945539885610368e-01 +9.9998782928122887e-01 +2.9638118722587371e-04 +2.6039067600281746e-04
 44.50000000 +2.0000000000000000e+00 +1.9999979599225259e+00 +2.0602729178729293e-03 +9.9944788940926743e-01 +9.9999376800001871e-01 +2.5826263015296951e-04 +3.0007996143849254e-04
 45.00000000 +2.0000000000000000e+00 +1.9999863556262214e+00 +2.0333306551453914e-03 +9.9951473628182552e-01 +9.9999047250504403e-01 +3.7408604600858267e-04 +1.2070516665163360e-04
 45.50000000 +2.0000000000000000e+00 +1.9999903519393378e+00 +2.0762977023959057e-03 +9.9940488033798647e-01 +9.9999005032940047e-01 +3.5130818770268824e-04 +2.5376114589641840e-04
 46.00000000 +2.0000000000000000e+00 +1.9999863325912193e+00 +2.1568686063515247e-03 +9.9919584878600276e-01 +9.9999118543948740e-01 +3.8391608178948197e-04 +4.2904969176322334e-04
 46.50000000 +2.0000000000000000e+00 +1.9999913723488154e+00 +2.1505729383581224e-03 +9.9921262739666872e-01 +9.9999087941730547e-01 +4.1565488606104095e-04 +3.8083830047184542e-04
 47.00000000 +2.0000000000000000e+00 +1.9999897300847713e+00 +2.1347707127225991e-03 +9.9925477983497213e-01 +9.9999234298161621e-01 +4.5486997761068235e-04 +2.9800720569206411e-04
 47.50000000 +2.0000000000000000e+00 +1.9999785748532302e+00 +2.1160441047670909e-03 +9.9929623371375431e-01 +9.9998844510500950e-01 +3.7485205418315802e-04 +3.4046912752658346e-04
 48.00000000 +2.0000000000000000e+00 +1.9999881333729825e+00 +2.1330974279358157e-03 +9.9925116157289851e-01 +9.9998859248370908e-01 +3.4735553792146435e-04 +4.1289040496611686e-04
 48.50000000 +2.0000000000000000e+00 +1.9999878963403619e+00 +2.1853540029723316e-03 +9.9910985911667638e-01 +9.9998621921011877e-01 +4.3814036395371038e-04 +4.6578130869916878e-04
 49.00000000 +2.0000000000000000e+00 +1.9999914164460735e+00 +2.1224394060282629e-03 +9.9927176424319464e-01 +9.9998924492736052e-01 +3.7205327076706031e-04 +3.6693755856754835e-04
 49.50000000 +2.0000000000000000e+00 +1.9999926852551766e+00 +2.1099286968778103e-03 +9.9930479916124904e-01 +9.9998420377143560e-01 +4.0453897006404740e-04 +3.0645809802559102e-04
 50.00000000 +2.0000000000000000e+00 +1.9999650781049325e+00 +2.1868323893411952e-03 +9.9909209179202341e-01 +9.9999162888272020e-01 +4.5305080981446265e-04 +4.6322851457346716e-04
 50.50000000 +2.0000000000000000e+00 +1.9999756874339301e+00 +2.1599339790731751e-03 +9.9915605503446792e-01 +9.9998768421379391e-01 +4.3469004768253571e-04 +4.2157070390423331e-04
 51.00000000 +2.0000000000000000e+00 +1.9999633240824943e+00 +2.1615762839077481e-03 +9.9914967911347707e-01 +9.9998877065886149e-01 +3.9921592985893434e-04 +4.6233429780317937e-04
 51.50000000 +2.0000000000000000e+00 +1.9999816521155624e+00 +2.1441374706981987e-03 +9.9919846131530465e-01 +9.9998807838940396e-01 +3.5323365568864644e-04 +4.6022663912267746e-04
 52.00000000 +2.0000000000000000e+00 +1.9999784216414878e+00 +2.1203354852024434e-03 +9.9924798557925842e-01 +9.9999033898753065e-01 +2.8598974322786749e-04 +4.7568568912120861e-04
 52.50000000 +2.0000000000000000e+00 +1.9999770025583758e+00 +2.1370710978274401e-03 +9.9920971920231383e-01 +9.9998676478081427e-01 +4.4099942205170101e-04 +3.6251659443763069e-04
 53.00000000 +2.0000000000000000e+00 +2.0000001730955339e+00 +2.1235865854572055e-03 +9.9925570651624573e-01 +9.9998529043569329e-01 +3.3829898493771793e-04 +4.2070406341818795e-04
 53.50000000 +2.0000000000000000e+00 +1.9999777982517126e+00 +2.1591792582198771e-03 +9.9915072810662831e-01 +9.9998974297236343e-01 +4.4558617302987145e-04 +4.1394274796821909e-04
 54.00000000 +2.0000000000000000e+00 +1.9999736106709916e+00 +2.1087200999144679e-03 +9.9928520438189883e-01 +9.9999318384436697e-01 +3.2996017786674826e-04 +3.9165159538253453e-04
 54.50000000 +2.0000000000000000e+00 +1.9999812943121316e+00 +2.1082369775429206e-03 +9.9928968113465666e-01 +9.9998633576536511e-01 +2.9677613852295624e-04 +4.2720696110068050e-04
 55.00000000 +2.0000000000000000e+00 +1.9999895154863399e+00 +2.0524817399485873e-03 +9.9943290639584015e-01 +9.9998437837073006e-01 +2.6798975853973921e-04 +3.1472547489050606e-04
 55.50000000 +2.0000000000000000e+00 +1.9999909626548784e+00 +2.1630810198390868e-03 +9.9915271372376346e-01 +9.9999359554828904e-01 +4.8430209440311091e-04 +3.6938863414386622e-04
 56.00000000 +2.0000000000000000e+00 +1.9999704441065373e+00 +2.1094153300859038e-03 +9.9927645738686788e-01 +9.9999275257313469e-01 +4.4940513566164652e-04 +2.8138490367432946e-04
 56.50000000 +2.0000000000000000e+00 +1.9999660516045266e+00 +2.0214297512239914e-03 +9.9950525656867328e-01 +9.9998590752208749e-01 +2.6098556483551000e-04 +2.4785034461235729e-04
 57.00000000 +2.0000000000000000e+00 +1.9999645157578751e+00 +2.1199387350774920e-03 +9.9925144912628328e-01 +9.9998077711042010e-01 +3.7439632970811599e-04 +3.9337743285482559e-04
 57.50000000 +2.0000000000000000e+00 +1.9999844621451650e+00 +2.0664382608291116e-03 +9.9939650327652219e-01 +9.9998676419321686e-01 +3.8551185236950999e-04 +2.3122067729486388e-04
 58.00000000 +2.0000000000000000e+00 +1.9999887546858766e+00 +2.0643046257830294e-03 +9.9940996024040141e-01 +9.9998751632098992e-01 +2.5430998150864642e-04 +3.4821345783667221e-04
 58.50000000 +2.0000000000000000e+00 +1.9999836517445537e+00 +2.0571183519893827e-03 +9.9941371929529155e-01 +9.9998791454942415e-01 +3.6498790527738647e-04 +2.3337824927547452e-04
 59.00000000 +2.0000000000000000e+00 +1.9999862900283212e+00 +2.1425494147058661e-03 +9.9920987198085975e-01 +9.9998281813051071e-01 +2.9227920502958597e-04 +5.1503068363488284e-04
 59.50000000 +2.0000000000000000e+00 +1.9999852294590434e+00 +2.0811208119858732e-03 +9.9936953052131627e-01 +9.9997923424803559e-01 +2.1335146930121635e-04 +4.3788376120731059e-04
 60.00000000 +2.0000000000000000e+00 +1.9999725760414913e+00 +2.0664016212511372e-03 +9.9939523618101855e-01 +9.9998375259893113e-01 +2.6806163379564329e-04 +3.5294958569131822e-04
 60.50000000 +2.0000000000000000e+00 +1.9999946825150714e+00 +2.0948219230077412e-03 +9.9933363990588142e-01 +9.9998849227663500e-01 +2.8707753703825176e-04 +3.9079028111205076e-04
 61.00000000 +2.0000000000000000e+00 +1.9999787944377683e+00 +2.0452164443719714e-03 +9.9946541584656245e-01 +9.9997679163233955e-01 +3.0955460854656185e-04 +2.4823791202055283e-04
 61.50000000 +2.0000000000000000e+00 +1.9999688630793644e+00 +2.0059768823046998e-03 +9.9956301000179970e-01 +9.9998320002118191e-01 +2.4110380704627258e-04 +2.1268617005959449e-04
 62.00000000 +2.0000000000000000e+00 +1.9999537742765630e+00 +2.1413538146024102e-03 +9.9921181096669220e-01 +9.9998417304735965e-01 +4.4997840345782609e-04 +3.5403758312274218e-04
 62.50000000 +2.0000000000000000e+00 +1.9999780472024797e+00 +2.0634276212047396e-03 +9.9941719629774795e-01 +9.9998769310703484e-01 +2.4296734171300950e-04 +3.5214325349508107e-04
 63.00000000 +2.0000000000000000e+00 +1.9999840213565956e+00 +2.0924680732058629e-03 +9.9934112362699856e-01 +9.9998108338602243e-01 +3.3830338162290605e-04 +3.3948960487859394e-04
 63.50000000 +2.0000000000000000e+00 +1.9999718371375759e+00 +2.0458903976429241e-03 +9.9946842723746909e-01 +9.9998225232997917e-01 +2.3778947593557849e-04 +3.1153095672938779e-04
 64.00000000 +2.0000000000000000e+00 +1.9999600630288294e+00 +2.1982731147173564e-03 +9.9906903378593115e-01 +9.9997553493502433e-01 +5.2069934455993409e-04 +4.3473193400493074e-04
 64.50000000 +2.0000000000000000e+00 +1.9999486596153746e+00 +2.0973045361709929e-03 +9.9933224092883144e-01 +9.9998782336216008e-01 +3.9476489538872093e-04 +2.8517081350721391e-04
 65.00000000 +2.0000000000000000e+00 +1.9999707131601712e+00 +2.0887014396280914e-03 +9.9936317209116599e-01 +9.9997308526340389e-01 +3.8147665638824270e-04 +2.8226598949679247e-04
 65.50000000 +2.0000000000000000e+00 +1.9999615170989715e+00 +2.0860076612924370e-03 +9.9936410707810108e-01 +9.9997483598078774e-01 +4.5070757101357606e-04 +2.1034937010231560e-04
 66.00000000 +2.0000000000000000e+00 +1.9999664430711512e+00 +2.1122859523082329e-03 +9.9930315650475943e-01 +9.9998484176430347e-01 +4.0330073482677949e-04 +3.0870099670972351e-04
 66.50000000 +2.0000000000000000e+00 +1.9999582984928277e+00 +2.0245360233345005e-03 +9.9950588549663022e-01 +9.9998725410976208e-01 +2.0929362919362240e-04 +2.9756676398991964e-04
 67.00000000 +2.0000000000000000e+00 +1.9999525432156973e+00 +2.1214598117170330e-03 +9.9925629073646149e-01 +9.9998353136551565e-01 +3.8625035213374624e-04 +3.7392754583561908e-04
 67.50000000 +2.0000000000000000e+00 +1.9999605375503535e+00 +2.1015937458258587e-03 +9.9931476526994112e-01 +9.9996832872395602e-01 +2.8690637196276042e-04 +4.2999963456917826e-04
 68.00000000 +2.0000000000000000e+00 +1.9999660889670334e+00 +2.1180084610746123e-03 +9.9928132185348073e-01 +9.9998388731307086e-01 +4.7654126981928066e-04 +2.5824956368891916e-04
 68.50000000 +2.0000000000000000e+00 +1.9999640419752636e+00 +2.1577465941449749e-03 +9.9917456367490087e-01 +9.9997217964636043e-01 +5.5189048601822185e-04 +3.0136619325099660e-04
 69.00000000 +2.0000000000000000e+00 +1.9999353174523131e+00 +2.0876558012412247e-03 +9.9934690979810270e-01 +9.9998823185070074e-01 +3.5526306828414193e-04 +3.0959528299218591e-04
 69.50000000 +2.0000000000000000e+00 +1.9999682049477689e+00 +2.0956662577235538e-03 +9.9934035590982140e-01 +9.9996991645615707e-01 +3.3146315380398332e-04 +3.5826447986085554e-04
 70.00000000 +2.0000000000000000e+00 +1.9999554636753254e+00 +2.0527044888742443e-03 +9.9943900528889529e-01 +9.9996132358343692e-01 +3.3942380186973087e-04 +2.6024732580005454e-04
 70.50000000 +2.0000000000000000e+00 +1.9999490041459038e+00 +2.0585212298433980e-03 +9.9941571585072231e-01 +9.9998393912273875e-01 +2.6008175393311435e-04 +3.4026327271010514e-04
 71.00000000 +2.0000000000000000e+00 +1.9999424623350639e+00 +2.2035876938728571e-03 +9.9904801439378232e-01 +9.9997654072150444e-01 +6.4021822429559904e-04 +3.3522666053804114e-04
 71.50000000 +2.0000000000000000e+00 +1.9999486362642931e+00 +2.1158422285382193e-03 +9.9928263605844814e-01 +9.9997640865013504e-01 +5.4669045672928879e-04 +1.9426483481413051e-04
 72.00000000 +2.0000000000000000e+00 +1.9999475147213439e+00 +2.1187754667261818e-03 +9.9925644841073125e-01 +9.9997884827036243e-01 +3.6919135693517504e-04 +3.9551196248538054e-04
 72.50000000 +2.0000000000000000e+00 +1.9999235482779247e+00 +2.1322530726208778e-03 +9.9922174099046868e-01 +9.9997814530491957e-01 +3.4188384862817703e-04 +4.5822985549188593e-04
 73.00000000 +2.0000000000000000e+00 +1.9999270371724804e+00 +2.1507103480129129e-03 +9.9918155963213229e-01 +9.9997407809373806e-01 +4.7476212922367163e-04 +3.6960014491944795e-04
 73.50000000 +2.0000000000000000e+00 +1.9999566397727293e+00 +2.1318029204390630e-03 +9.9923824847316056e-01 +9.9997665623448262e-01 +4.5074761927590664e-04 +3.3434767292733904e-04
 74.00000000 +2.0000000000000000e+00 +1.9999588936290285e+00 +2.1162383859027879e-03 +9.9927545289649322e-01 +9.9999200176339398e-01 +4.1316131859312210e-04 +3.1938402090741201e-04
 74.50000000 +2.0000000000000000e+00 +1.9999452845929757e+00 +2.1862636096150125e-03 +9.9911242292058799e-01 +9.9996530829030761e-01 +4.2586476568913512e-04 +4.9640402406293750e-04
 75.00000000 +2.0000000000000000e+00 +1.9999175039452539e+00 +2.1475116409900847e-03 +9.9917123020565846e-01 +9.9997317455978318e-01 +3.7908357902562882e-04 +4.7651165552436812e-04
 75.50000000 +2.0000000000000000e+00 +1.9999539244808275e+00 +2.1385916881188961e-03 +9.9922413580023650e-01 +9.9996611515949740e-01 +2.8272904297118397e-04 +5.2701999793541854e-04
 76.00000000 +2.0000000000000000e+00 +1.9999308617336775e+00 +2.0535943750613268e-03 +9.9942524829942425e-01 +9.9998490645995142e-01 +2.3342075196681138e-04 +3.5642448879373475e-04
 76.50000000 +2.0000000000000000e+00 +1.9999344923855871e+00 +2.1476763961291436e-03 +9.9918312479695581e-01 +9.9995907615782509e-01 +4.6559512855660098e-04 +3.9220391641126782e-04
 77.00000000 +2.0000000000000000e+00 +1.9999655877241742e+00 +2.2023161772720141e-03 +9.9906803649685449e-01 +9.9996507663230616e-01 +4.9792863201782373e-04 +4.6895823878632888e-04
 77.50000000 +2.0000000000000000e+00 +1.9999332387258395e+00 +2.0032271005543294e-03 +9.9955415394666192e-01 +9.9995865413684304e-01 +2.8489970222111825e-04 +2.0229221445007794e-04
 78.00000000 +2.0000000000000000e+00 +1.9999795815115082e+00 +2.2172109842008045e-03 +9.9904844122910830e-01 +9.9998656392450924e-01 +6.4322044585508149e-04 +3.2177440073912714e-04
 78.50000000 +2.0000000000000000e+00 +1.9999138149825122e+00 +2.1892055315754430e-03 +9.9906184975759627e-01 +9.9996391778557403e-01 +4.9894934259991962e-04 +4.7528311426888668e-04
 79.00000000 +2.0000000000000000e+00 +1.9999618728623045e+00 +2.1015336221765013e-03 +9.9932249876552448e-01 +9.9997573642122939e-01 +3.3612979034451174e-04 +3.6563502320978078e-04
 79.50000000 +2.0000000000000000e+00 +1.9998864301336998e+00 +2.1462871937933960e-03 +9.9916526895538083e-01 +9.9998042000927234e-01 +3.3663245706284261e-04 +5.1767857813017995e-04
 80.00000000 +2.0000000000000000e+00 +1.9999263135525984e+00 +2.1671063962858776e-03 +9.9915237676652235e-01 +9.9997539102539201e-01 +3.3073476775814917e-04 +5.4149744020260977e-04
 80.50000000 +2.0000000000000000e+00 +1.9999329403030717e+00 +2.1637863096753344e-03 +9.9915674516401687e-01 +9.9995374663451586e-01 +5.2969177049831207e-04 +3.5981643081148604e-04
 81.00000000 +2.0000000000000000e+00 +1.9999501058247520e+00 +2.1087332158784529e-03 +9.9929054706364839e-01 +9.9996539468404300e-01 +2.8584425322683202e-04 +4.5821399893130086e-04
 81.50000000 +2.0000000000000000e+00 +1.9999574011995320e+00 +1.8563023368453092e-03 +9.9993012576461437e-01 +9.9997181510308719e-01 +1.7156297098117428e-04 -7.3503838027220905e-05
 82.00000000 +2.0000000000000000e+00 +1.9999129515155258e+00 +2.1370371440595768e-03 +9.9920146353904993e-01 +9.9994778346831170e-01 +4.5728897752879768e-04 +3.9346401445419435e-04
 82.50000000 +2.0000000000000000e+00 +1.9999096700152281e+00 +2.2559427376404560e-03 +9.9891202473869689e-01 +9.9994801733503658e-01 +5.0980859011172353e-04 +6.3014933588773916e-04
 83.00000000 +2.0000000000000000e+00 +1.9999742989683209e+00 +1.9850199670716595e-03 +9.9963012101041193e-01 +9.9995990510586275e-01 +2.1899885616515833e-04 +1.9097502810833618e-04
 83.50000000 +2.0000000000000000e+00 +1.9999426675835232e+00 +2.1527042264459072e-03 +9.9918019446193429e-01 +9.9996115494956850e-01 +3.3021608609327204e-04 +5.2843450268456654e-04
 84.00000000 +2.0000000000000000e+00 +1.9999515071267571e+00 +1.9938799173985491e-03 +9.9956139536587696e-01 +9.9996781111143784e-01 +2.3515321438824808e-05 +4.4727820130422943e-04
 84.50000000 +2.0000000000000000e+00 +1.9999331065675447e+00 +2.0120163498974224e-03 +9.9953995288601916e-01 +9.9994460221238080e-01 +3.6510136921569659e-04 +1.5034353231420928e-04
 85.00000000 +2.0000000000000000e+00 +1.9999340697752361e+00 +1.9626049612456939e-03 +9.9967360413525119e-01 +9.9990979035300220e-01 +2.7916264865809675e-04 +1.3744286254594647e-04
 85.50000000 +2.0000000000000000e+00 +1.9999519976822548e+00 +2.1057799475173626e-03 +9.9931690527098549e-01 +9.9995847708410945e-01 +3.8545957734498453e-04 +3.3915806761426607e-04
 86.00000000 +2.0000000000000000e+00 +1.9998701053179562e+00 +2.2184869663070790e-03 +9.9900185451177592e-01 +9.9998397366166691e-01 +3.1791095788788395e-04 +6.9626086871779256e-04
 86.50000000 +2.0000000000000000e+00 +1.9999131897055356e+00 +2.2894135945052637e-03 +9.9882883914105358e-01 +9.9998235186822215e-01 +5.5432317365988293e-04 +6.3448581651625756e-04
 87.00000000 +2.0000000000000000e+00 +1.9998630027703401e+00 +2.3332455702603757e-03 +9.9869461338677146e-01 +9.9995489285597317e-01 +7.8427660225486781e-04 +5.6621715500932638e-04
 87.50000000 +2.0000000000000000e+00 +1.9999502325527316e+00 +2.2130997746890183e-03 +9.9903205965286757e-01 +9.9995172355646333e-01 +4.9835830357795961e-04 +5.1785848705531703e-04
 88.00000000 +2.0000000000000000e+00 +1.9999358120194319e+00 +2.0882615201648909e-03 +9.9935568195555435e-01 +9.9996218939600168e-01 +3.5070582923712703e-04 +3.3142281866462930e-04
 88.50000000 +2.0000000000000000e+00 +1.9999261827795796e+00 +2.0668973307587748e-03 +9.9939535625574571e-01 +9.9997407579567787e-01 +4.1594083459593637e-04 +2.1462711355998935e-04
 89.00000000 +2.0000000000000000e+00 +1.9999267420386846e+00 +2.1804561969858433e-03 +9.9911874289157176e-01 +9.9994913243324379e-01 +2.7766418924853850e-04 +6.5446048586732515e-04
 89.50000000 +2.0000000000000000e+00 +1.9999368626305380e+00 +2.1938630917152971e-03 +9.9907871124454106e-01 +9.9995249312022516e-01 +5.0425459036860750e-04 +4.6454104473045351e-04
 90.00000000 +2.0000000000000000e+00 +1.9999168392128954e+00 +2.1446365275230839e-03 +9.9922141985927071e-01 +9.9995325294419823e-01 +3.1847978093863921e-04 +5.0684741623672157e-04
 90.50000000 +2.0000000000000000e+00 +1.9999322022591093e+00 +2.2958211587949186e-03 +9.9881201420021637e-01 +9.9995792014568430e-01 +3.9662600859464140e-04 +8.3343964566956323e-04
 91.00000000 +2.0000000000000000e+00 +1.9998933590918309e+00 +2.2248230397163226e-03 +9.9900806274250475e-01 +9.9995317478857071e-01 +5.3643946022953579e-04 +5.0232300824933583e-04
 91.50000000 +2.0000000000000000e+00 +1.9999197375859250e+00 +2.0163610935968880e-03 +9.9951738606200069e-01 +9.9993770159304718e-01 +3.3709632896133506e-04 +2.0781601581363758e-04
 92.00000000 +2.0000000000000000e+00 +1.9998896751892108e+00 +2.3795475965347258e-03 +9.9860826535025682e-01 +9.9997173916467852e-01 +8.4005132111263960e-04 +5.7994416378895472e-04
 92.50000000 +2.0000000000000000e+00 +1.9998780981767148e+00 +2.3666325284520213e-03 +9.9863575842285035e-01 +9.9996191060629003e-01 +8.8627430972047837e-04 +5.1605666117839858e-04
 93.00000000 +2.0000000000000000e+00 +1.9999089035523163e+00 +2.2200160146063162e-03 +9.9901552937857907e-01 +9.9999242884973061e-01 +3.8745081700248852e-04 +6.0459095469323442e-04
 93.50000000 +2.0000000000000000e+00 +1.9999077576911521e+00 +2.0248860646618445e-03 +9.9951244861654309e-01 +9.9992665323451990e-01 +3.4116954113962096e-04 +2.1972860730801310e-04
 94.00000000 +2.0000000000000000e+00 +1.9998897261972624e+00 +2.1212652152337134e-03 +9.9924613506486992e-01 +9.9992721567623633e-01 +5.2960236451790783e-04 +2.9704689503233972e-04
 94.50000000 +2.0000000000000000e+00 +1.9999003385522276e+00 +2.1362227818814204e-03 +9.9921592983218210e-01 +9.9994959316711596e-01 +5.3641952563111849e-04 +2.9805747454791421e-04
 95.00000000 +2.0000000000000000e+00 +1.9999276445835115e+00 +1.9964071888598548e-03 +9.9958036425905683e-01 +9.9997100761916935e-01 +5.0052811740368701e-04 -5.1899995087076099e-05
 95.50000000 +2.0000000000000000e+00 +1.9999200977530733e+00 +2.0360125527341890e-03 +9.9947698044059419e-01 +9.9997015554844282e-01 +3.2468604136808103e-04 +2.2817797024818722e-04
 96.00000000 +2.0000000000000000e+00 +1.9998662856082616e+00 +2.0683392466888740e-03 +9.9936659714167875e-01 +9.9994754221082760e-01 +2.4024275136591016e-04 +4.4561789613379156e-04
 96.50000000 +2.0000000000000000e+00 +1.9998733703637575e+00 +2.1251385049478348e-03 +9.9919558495832017e-01 +9.9995568456756512e-01 +1.5845500550315116e-04 +6.9027546878006356e-04
 97.00000000 +2.0000000000000000e+00 +1.9998527610567844e+00 +2.2147626440391960e-03 +9.9901105130113155e-01 +9.9993428386773975e-01 +5.7635192768782728e-04 +4.7831290394165547e-04
 97.50000000 +2.0000000000000000e+00 +1.9999192556199672e+00 +1.9136400788359225e-03 +9.9978784018480971e-01 +9.9994146938900108e-01 +8.6487827135841956e-05 +1.8420259955918860e-04
 98.00000000 +2.0000000000000000e+00 +1.9999497164456370e+00 +2.0325703432555568e-03 +9.9948840033138231e-01 +9.9994484879746492e-01 +8.8428286183960401e-05 +4.7832258510103028e-04
 98.50000000 +2.0000000000000000e+00 +1.9998434619413306e+00 +2.2464580831303600e-03 +9.9893402016034993e-01 +9.9992704169187641e-01 +6.9282619584852480e-04 +4.4611195189440370e-04
 99.00000000 +2.0000000000000000e+00 +1.9999077222454880e+00 +1.9534343690333772e-03 +9.9965347485101252e-01 +9.9994680227416088e-01 -2.5477461896849304e-05 +4.2520033686619020e-04
 99.50000000 +2.0000000000000000e+00 +1.9999279378678270e+00 +2.1117025588373202e-03 +9.9934635973454633e-01 +9.9995930341705452e-01 +2.2098076449769227e-04 +4.7335608437656425e-04
100.00000000 +2.0000000000000000e+00 +1.9998979126090701e+00 +2.0666780540025843e-03 +9.9940947020750759e-01 +9.9994054839448221e-01 +1.8899912409693311e-04 +4.6098227327154089e-04
