#PATCH_CHECK: SepMBpoisson v0.61 exact-bernoulli stratified-backward active
#discretizing the bath:
#     0 0.0000000000000000e+00 -6.3189999999999946e-01
#     1 7.4535599249992987e-03 -1.8374661087827493e-01
#     2 7.4535599249992987e-03 -1.7927592382132199e-01
#     3 7.4535599249992987e-03 -1.7476955526789500e-01
#     4 7.4535599249992987e-03 -1.7022778553958057e-01
#     5 7.4535599249992987e-03 -1.6565088845304216e-01
#     6 7.4535599249992987e-03 -1.6103913156777969e-01
#     7 7.4535599249992987e-03 -1.5639277642087554e-01
#     8 7.4535599249992987e-03 -1.5171207874959239e-01
#     9 7.4535599249992987e-03 -1.4699728870261999e-01
#sampling: jump_strength=1.8633899812498252e-02 jump_probability=1.8293029336573452e-02 log_scale=1.8462415704381820e-02 back_replicas=4 stratify_forward=0
#adaptive measurement: gap=4.5768970865384118e-03 period_steps=2746 nmeas=150 nwf=150 tmax=7.5000000000000000e+01 forced_stride=0
  0.00000000 +5.0000000000000000e+00 +1.9999999999999998e+00 +1.8374661879283106e-03 +1.0000000000000000e+00 +1.0000000000000000e+00 +1.0000000000000000e+00 +1.0000000000000000e+00 +1.0000000000000000e+00 +0.0000000000000000e+00 +0.0000000000000000e+00 +0.0000000000000000e+00 +0.0000000000000000e+00 +0.0000000000000000e+00
  0.50000000 +5.0000000000000000e+00 +1.9999999997943032e+00 +1.8652460290302236e-03 +9.9992947373193930e-01 +1.0000000000162197e+00 +1.0000000000162197e+00 +1.0000000000162197e+00 +1.0000000000162197e+00 +1.4341432963081552e-05 +1.4098422184782054e-05 +1.3631385845237704e-05 +1.4386997484012708e-05 +1.4068045837494616e-05
  1.00000000 +5.0000000000000000e+00 +1.9999999885496780e+00 +1.9421640815534445e-03 +9.9973408951017217e-01 +9.9999999903385528e-01 +9.9999999891856273e-01 +9.9999999893297431e-01 +9.9999999888973967e-01 +5.4154300607857885e-05 +5.2516864352201788e-05 +5.2247370322521620e-05 +5.3393338912289463e-05 +5.3602909656937062e-05
  1.50000000 +5.0000000000000000e+00 +1.9999999932422048e+00 +2.0539658981964140e-03 +9.9944975170352612e-01 +9.9999999181566290e-01 +9.9999999204945156e-01 +9.9999999171826692e-01 +9.9999999126846661e-01 +1.1206184799522162e-04 +1.0894519913649741e-04 +1.0929384528051493e-04 +1.0957412917434894e-04 +1.1040642387520153e-04
  2.00000000 +5.0000000000000000e+00 +1.9999999465337952e+00 +2.1797130033968499e-03 +9.9912926952525982e-01 +9.9999996919950906e-01 +9.9999996964854421e-01 +9.9999996935388269e-01 +9.9999996777041145e-01 +1.7798767235316216e-04 +1.7341995372013383e-04 +1.7216676507054139e-04 +1.7391853220050023e-04 +1.7336152758474301e-04
  2.50000000 +5.0000000000000000e+00 +2.0000000187023770e+00 +2.2960063050492174e-03 +9.9883178721326760e-01 +9.9999992138755989e-01 +9.9999991986890724e-01 +9.9999991763617424e-01 +9.9999992093294943e-01 +2.4079170060183790e-04 +2.3379569844571190e-04 +2.3119473552377272e-04 +2.3199007220871739e-04 +2.3076075348781733e-04
  3.00000000 +5.0000000000000000e+00 +2.0000000600049508e+00 +2.3806491621873632e-03 +9.9861360059079352e-01 +9.9999983814424986e-01 +9.9999983597163677e-01 +9.9999983751060562e-01 +9.9999984001785813e-01 +2.8756448499652788e-04 +2.7934851717787307e-04 +2.7517569407048230e-04 +2.7321969096729586e-04 +2.7173936583904141e-04
  3.50000000 +5.0000000000000000e+00 +1.9999997242863867e+00 +2.4173478955406536e-03 +9.9851642203404012e-01 +9.9999971755570205e-01 +9.9999971955205080e-01 +9.9999971558212442e-01 +9.9999971773092977e-01 +3.0841204040178374e-04 +2.9933552125467448e-04 +2.9496701063311389e-04 +2.9303694674356586e-04 +2.8895596281985664e-04
  4.00000000 +5.0000000000000000e+00 +1.9999998334433902e+00 +2.4037769474998098e-03 +9.9854672113695342e-01 +9.9999955770519955e-01 +9.9999956791902667e-01 +9.9999956512964316e-01 +9.9999956629388431e-01 +3.0385594109579657e-04 +2.9631860572161295e-04 +2.8889249088037217e-04 +2.8741967777810249e-04 +2.7853515936290455e-04
  4.50000000 +5.0000000000000000e+00 +1.9999998710472184e+00 +2.3325811849542587e-03 +9.9872397665503487e-01 +9.9999939278623073e-01 +9.9999939861166864e-01 +9.9999939106673719e-01 +9.9999939852542985e-01 +2.6573122994036428e-04 +2.6058179998699507e-04 +2.5904327644955745e-04 +2.4929827507142523e-04 +2.4378783184894072e-04
  5.00000000 +5.0000000000000000e+00 +1.9999994427721528e+00 +2.2274380804278219e-03 +9.9898896317025410e-01 +9.9999920778085660e-01 +9.9999921912504663e-01 +9.9999922671355701e-01 +9.9999924495178960e-01 +2.1873754925599303e-04 +2.0642021116814058e-04 +2.0581330986696561e-04 +1.9367229392817998e-04 +1.8949490941851078e-04
  5.50000000 +5.0000000000000000e+00 +1.9999994104595760e+00 +2.1034929343409789e-03 +9.9930414207744978e-01 +9.9999910234663991e-01 +9.9999905934754063e-01 +9.9999905959685353e-01 +9.9999912151599024e-01 +1.4576154757843160e-04 +1.4831984307953674e-04 +1.4502272486654412e-04 +1.3286130675665972e-04 +1.2754973654400438e-04
  6.00000000 +5.0000000000000000e+00 +1.9999991949043370e+00 +1.9905743703289027e-03 +9.9959390265015136e-01 +9.9999896629983109e-01 +9.9999895672984140e-01 +9.9999894213240093e-01 +9.9999900574404510e-01 +9.4806500829165764e-05 +8.9604455421807584e-05 +8.4303632222089536e-05 +7.6860332220222909e-05 +6.4651512860024212e-05
  6.50000000 +5.0000000000000000e+00 +1.9999992085729088e+00 +1.9018607194295394e-03 +9.9982497091808142e-01 +9.9999884819645635e-01 +9.9999890194663577e-01 +9.9999892551090086e-01 +9.9999893444709864e-01 +4.3400736686088018e-05 +3.8779942072202802e-05 +4.1867650593903929e-05 +3.0244399868648159e-05 +2.5126210560323351e-05
  7.00000000 +5.0000000000000000e+00 +1.9999994269515824e+00 +1.8457069277040021e-03 +9.9997520828145736e-01 +9.9999888096247325e-01 +9.9999880672349217e-01 +9.9999880731759550e-01 +9.9999883638251696e-01 +7.0046988823810666e-06 +5.4118427652768879e-06 +9.4004852169532591e-06 +1.1887490364546609e-05 -4.2441634987824436e-06
  7.50000000 +5.0000000000000000e+00 +1.9999986895595712e+00 +1.8624402518163654e-03 +9.9994086628434520e-01 +9.9999878902784833e-01 +9.9999888810170490e-01 +9.9999888366119283e-01 +9.9999879084313847e-01 +1.8371499634943062e-05 +9.6841210749916132e-06 +5.6688959443146284e-06 +1.8746127722124136e-05 +1.1311385118241704e-05
  8.00000000 +5.0000000000000000e+00 +1.9999984168942857e+00 +1.9114829453327502e-03 +9.9982375226679410e-01 +9.9999876534997356e-01 +9.9999877160661788e-01 +9.9999878870364589e-01 +9.9999895182146525e-01 +2.9724652026491706e-05 +3.2241047486163790e-05 +3.7314416189555681e-05 +3.1874132531063855e-05 +4.9816043541857991e-05
  8.50000000 +5.0000000000000000e+00 +1.9999974051442337e+00 +2.0105730970599194e-03 +9.9957661138654619e-01 +9.9999883095239162e-01 +9.9999887803488752e-01 +9.9999881046912820e-01 +9.9999876824345291e-01 +7.8795953053777180e-05 +7.8150859225269441e-05 +9.8583233441258187e-05 +8.8830678011932244e-05 +8.3740137755675906e-05
  9.00000000 +5.0000000000000000e+00 +1.9999985031815195e+00 +2.1247046896933131e-03 +9.9928821409712676e-01 +9.9999880028022992e-01 +9.9999854215711015e-01 +9.9999866025354578e-01 +9.9999875400635274e-01 +1.4064867323996313e-04 +1.1379817304945161e-04 +1.4776980454531984e-04 +1.6012615338144079e-04 +1.5468636448395773e-04
  9.50000000 +5.0000000000000000e+00 +1.9999975712972498e+00 +2.2348237872178807e-03 +9.9900540793931614e-01 +9.9999850391081146e-01 +9.9999860448461109e-01 +9.9999845259068521e-01 +9.9999857240305823e-01 +1.8568868448727002e-04 +1.9898727828804614e-04 +2.0236769988750468e-04 +2.0876314294669614e-04 +2.0465185609427379e-04
 10.00000000 +5.0000000000000000e+00 +1.9999973451941462e+00 +2.3421567763051640e-03 +9.9872524272664231e-01 +9.9999823105657171e-01 +9.9999810695882452e-01 +9.9999809531450501e-01 +9.9999843133274757e-01 +2.5853049558385849e-04 +2.4677841469009310e-04 +2.6645475545120952e-04 +2.5523513926005973e-04 +2.5489380452097129e-04
 10.50000000 +5.0000000000000000e+00 +1.9999970911144369e+00 +2.3768786792564261e-03 +9.9862746034796079e-01 +9.9999795120723090e-01 +9.9999802490299283e-01 +9.9999767201318102e-01 +9.9999806875070774e-01 +2.7368245807681289e-04 +2.7061360711373050e-04 +2.8535478938306535e-04 +2.9832272627590601e-04 +2.5284923124489593e-04
 11.00000000 +5.0000000000000000e+00 +1.9999971818357454e+00 +2.4022965463584948e-03 +9.9855110331871222e-01 +9.9999745620316216e-01 +9.9999748647647324e-01 +9.9999758104898284e-01 +9.9999762883671539e-01 +2.9230234357668363e-04 +2.9173062807164127e-04 +3.0917681454839633e-04 +2.8269969443973193e-04 +2.8283464554372479e-04
 11.50000000 +5.0000000000000000e+00 +1.9999974791667221e+00 +2.3433931163219460e-03 +9.9868995202563871e-01 +9.9999694610523659e-01 +9.9999713301389970e-01 +9.9999678955324067e-01 +9.9999672150475249e-01 +2.7417898771433147e-04 +2.7675772406254959e-04 +2.7213620604588589e-04 +2.5629313176710726e-04 +2.4309172319528571e-04
 12.00000000 +5.0000000000000000e+00 +1.9999977112515528e+00 +2.2651531778065219e-03 +9.9888065667860504e-01 +9.9999650399802498e-01 +9.9999641583301857e-01 +9.9999659049544443e-01 +9.9999702794004963e-01 +2.5720459820366962e-04 +2.3991968923201278e-04 +2.3108705506579794e-04 +2.0845231032663017e-04 +1.9614137864595421e-04
 12.50000000 +5.0000000000000000e+00 +1.9999965783860978e+00 +2.1593598435965780e-03 +9.9914521670895051e-01 +9.9999646350943239e-01 +9.9999667022032146e-01 +9.9999626636778960e-01 +9.9999627700023830e-01 +2.1759851449553501e-04 +1.9798811755801672e-04 +1.5176756737682562e-04 +1.4382376529298161e-04 +1.5792825318510892e-04
 13.00000000 +5.0000000000000000e+00 +1.9999969322078262e+00 +2.0297816299658677e-03 +9.9947814458104389e-01 +9.9999609522662314e-01 +9.9999605090021737e-01 +9.9999633059653226e-01 +9.9999555333539236e-01 +1.2047472762058817e-04 +1.0543415556413828e-04 +9.9888516321791071e-05 +8.4568909316377452e-05 +1.2745908323936797e-04
 13.50000000 +5.0000000000000000e+00 +1.9999972691450081e+00 +1.9571940293763939e-03 +9.9966949461841947e-01 +9.9999626492867799e-01 +9.9999592479687727e-01 +9.9999566428470044e-01 +9.9999553448956802e-01 +1.1304292152428711e-04 +6.6547675904336838e-05 +7.7669944788602812e-05 +5.7526112902156460e-05 +3.2330242626820731e-05
 14.00000000 +5.0000000000000000e+00 +1.9999985859527776e+00 +1.9049534787583984e-03 +9.9981420346961591e-01 +9.9999625224322364e-01 +9.9999520279871279e-01 +9.9999645602552334e-01 +9.9999556338254902e-01 +1.9596238137123034e-05 +4.1698320840404774e-05 +2.0995087681470098e-05 +4.9991320333307863e-05 +7.0041071143069655e-05
 14.50000000 +5.0000000000000000e+00 +2.0000006768128569e+00 +1.8640487664219392e-03 +9.9993321939563318e-01 +9.9999524685474872e-01 +9.9999587236254683e-01 +9.9999572013175031e-01 +9.9999569068850092e-01 +2.2116828114385160e-05 +1.6687271886147176e-05 -5.2288241943518231e-07 +1.6895213357380191e-05 +2.9074127536373968e-05
 15.00000000 +5.0000000000000000e+00 +1.9999971893606867e+00 +1.9361895336732979e-03 +9.9976431883915551e-01 +9.9999538753389516e-01 +9.9999516166043678e-01 +9.9999519289265348e-01 +9.9999539849428531e-01 +4.6896600581762924e-05 +4.5234635262525771e-05 +4.2087070072053600e-05 +6.6216202577344904e-05 +5.4106027711657411e-05
 15.50000000 +5.0000000000000000e+00 +1.9999940893204837e+00 +1.9929865657137319e-03 +9.9962939973542053e-01 +9.9999533184867884e-01 +9.9999512451475736e-01 +9.9999519782192092e-01 +9.9999476714192825e-01 +5.8310765245472847e-05 +6.5860237242534723e-05 +1.1070374647336444e-04 +8.2068932669791293e-05 +7.3235255305132273e-05
 16.00000000 +5.0000000000000000e+00 +1.9999941729217328e+00 +2.0946606235874429e-03 +9.9937777158175367e-01 +9.9999471079744484e-01 +9.9999625658467117e-01 +9.9999513137376350e-01 +9.9999612084298284e-01 +1.4238858287226070e-04 +1.0537182294974309e-04 +1.2957395021287267e-04 +1.3936493736073371e-04 +1.2330950502120901e-04
 16.50000000 +5.0000000000000000e+00 +1.9999996734926533e+00 +2.1689949756067786e-03 +9.9918791299806109e-01 +9.9999468143225145e-01 +9.9999504985400900e-01 +9.9999541185422425e-01 +9.9999501068280083e-01 +2.0059918600734522e-04 +1.4844598291739345e-04 +1.3784663380642871e-04 +1.7029975273542071e-04 +1.7474160437892198e-04
 17.00000000 +5.0000000000000000e+00 +1.9999949486744173e+00 +2.2613357811286389e-03 +9.9894344112689903e-01 +9.9999449231394832e-01 +9.9999477629810296e-01 +9.9999484166877606e-01 +9.9999445777776841e-01 +2.1175675756547764e-04 +2.1262592390436646e-04 +1.5472417050872554e-04 +2.5369955534772839e-04 +2.4518440281434450e-04
 17.50000000 +5.0000000000000000e+00 +1.9999982563924559e+00 +2.3428386623523404e-03 +9.9872536979325455e-01 +9.9999505492564367e-01 +9.9999380866025100e-01 +9.9999572224882405e-01 +9.9999248281605368e-01 +2.4773801582357043e-04 +2.6376043721924999e-04 +2.6082684345112001e-04 +2.3422825073154632e-04 +2.9100802000518408e-04
 18.00000000 +5.0000000000000000e+00 +2.0000011994680089e+00 +2.3389063893276925e-03 +9.9871828125821893e-01 +9.9999359912480212e-01 +9.9999388348008944e-01 +9.9999138556280487e-01 +9.9999451461685451e-01 +2.5300905382763994e-04 +2.8333195403289305e-04 +2.6879104276118299e-04 +2.4328406139980581e-04 +2.5991984912619812e-04
 18.50000000 +5.0000000000000000e+00 +2.0000010244173474e+00 +2.3554672125333772e-03 +9.9866203543247556e-01 +9.9999183255863455e-01 +9.9999261357526259e-01 +9.9999247673752201e-01 +9.9999363708960443e-01 +2.8321869525714944e-04 +2.4055397266980374e-04 +2.8737699587352513e-04 +3.0647744468334368e-04 +2.4977749811510430e-04
 19.00000000 +5.0000000000000000e+00 +1.9999930038573941e+00 +2.2625397087494511e-03 +9.9887908248628920e-01 +9.9999414519814378e-01 +9.9999390037141545e-01 +9.9999178612380224e-01 +9.9999385534934104e-01 +2.6419425794560946e-04 +2.1881166653155523e-04 +2.1128963201048342e-04 +2.4894500746075991e-04 +2.0398992439604738e-04
 19.50000000 +5.0000000000000000e+00 +1.9999946792857231e+00 +2.1923814736769724e-03 +9.9905146714900062e-01 +9.9999172932804448e-01 +9.9998929520823043e-01 +9.9999228000480078e-01 +9.9999165708058724e-01 +2.4093617650657452e-04 +1.8905568139244823e-04 +2.1847534753098474e-04 +2.0091405654873516e-04 +1.3418995757568991e-04
 20.00000000 +5.0000000000000000e+00 +1.9999959993105918e+00 +2.0815278926461819e-03 +9.9933263783574855e-01 +9.9999292174201060e-01 +9.9999123619753805e-01 +9.9998968808991429e-01 +9.9999329546689464e-01 +2.2734179762665290e-04 +1.1237896186806907e-04 +1.1958075375870141e-04 +1.2959291505961561e-04 +1.1132625587286039e-04
 20.50000000 +5.0000000000000000e+00 +2.0000045903286390e+00 +2.0186162273831674e-03 +9.9950359935448363e-01 +9.9999104738534861e-01 +9.9999281247321448e-01 +9.9998893412701628e-01 +9.9999162998842162e-01 +1.2596820412857687e-04 +9.9238040138935620e-05 +1.0466953759703473e-04 +9.3522091153779813e-05 +1.0857881763180673e-04
 21.00000000 +5.0000000000000000e+00 +1.9999918110623567e+00 +1.9840995626140561e-03 +9.9959921635422966e-01 +9.9998761779276113e-01 +9.9999055414440174e-01 +9.9999034305602286e-01 +9.9998860096696351e-01 +1.3121700760788577e-04 +9.9848541926096903e-05 +6.3430587729957740e-05 +1.0765552342803258e-04 +4.1516012150355585e-05
 21.50000000 +5.0000000000000000e+00 +1.9999931966656619e+00 +1.9410862094840975e-03 +9.9972561376750912e-01 +9.9998967588024401e-01 +9.9998921061342039e-01 +9.9999096423369427e-01 +9.9998947768520963e-01 +8.6889516353638911e-05 +4.3020015205227029e-05 +6.7523902081945028e-05 +9.9440474511792336e-05 +1.8183937910066647e-05
 22.00000000 +5.0000000000000000e+00 +2.0000078000977628e+00 +1.9030728048435956e-03 +9.9984432841974258e-01 +9.9999063014181333e-01 +9.9999049084622849e-01 +9.9998916429599383e-01 +9.9998955456532979e-01 +5.4545466149385612e-05 +5.3828547213720077e-06 +3.5866054450322599e-05 +6.0228676235351814e-05 +3.9808683866382233e-05
 22.50000000 +5.0000000000000000e+00 +2.0000078033744875e+00 +1.9410067451984400e-03 +9.9976180579063012e-01 +9.9998615722946771e-01 +9.9999102471758006e-01 +9.9999298642243983e-01 +9.9998685159201839e-01 +1.9452410659061493e-06 +1.2082443754941348e-04 +9.0975885094918285e-05 +5.3971916790293098e-05 +1.3456772708403344e-05
 23.00000000 +5.0000000000000000e+00 +2.0000030915699152e+00 +2.0597459955449932e-03 +9.9946988134753156e-01 +9.9998876309451734e-01 +9.9999397205458640e-01 +9.9998669030877796e-01 +9.9999335996887639e-01 +1.5216065025368131e-04 +9.1014981176683405e-05 +5.5974750881960271e-05 +2.1351196351965026e-04 +5.4670875338398387e-05
 23.50000000 +5.0000000000000000e+00 +2.0000054465143027e+00 +2.1258157615631785e-03 +9.9931141637970122e-01 +9.9998904349137097e-01 +9.9998883687542961e-01 +9.9998910232108684e-01 +9.9998944858067751e-01 +1.4190624044938858e-04 +1.4645737858551251e-04 +1.0978565870023198e-04 +1.8202140024612732e-04 +1.5198169034644324e-04
 24.00000000 +5.0000000000000000e+00 +2.0000012230195305e+00 +2.2475073502554225e-03 +9.9899211773433683e-01 +9.9998743204162910e-01 +9.9998940490806987e-01 +9.9998754728225214e-01 +9.9999018820382601e-01 +1.5364840673427586e-04 +2.3851656029129947e-04 +2.2520761188885160e-04 +1.7530935597935134e-04 +2.6062789005274655e-04
 24.50000000 +5.0000000000000000e+00 +1.9999895281266094e+00 +2.2560996598717815e-03 +9.9895330928997772e-01 +9.9998698145879550e-01 +9.9998960321232966e-01 +9.9998947966661722e-01 +9.9998598599584931e-01 +1.7481945113875674e-04 +2.2524959375949904e-04 +2.6336810190766074e-04 +2.4951923807620119e-04 +1.8168398029994124e-04
 25.00000000 +5.0000000000000000e+00 +1.9999940209438951e+00 +2.3160800815874715e-03 +9.9878927375381155e-01 +9.9998621124762732e-01 +9.9998672765657992e-01 +9.9998768204793576e-01 +9.9999210261202343e-01 +2.1189262949521641e-04 +2.2879840728849885e-04 +2.5311754522375614e-04 +2.2584748369160269e-04 +3.3834661664383571e-04
 25.50000000 +5.0000000000000000e+00 +2.0000006067647114e+00 +2.3545988553215539e-03 +9.9867022446087572e-01 +9.9998604563832527e-01 +9.9998441070858546e-01 +9.9998683193519233e-01 +9.9998534984693244e-01 +3.0362606416478848e-04 +2.1734914363086895e-04 +2.6388928324326462e-04 +3.0356827035843171e-04 +2.9870465458371742e-04
 26.00000000 +5.0000000000000000e+00 +1.9999919983241181e+00 +2.2157490840608520e-03 +9.9900249299876254e-01 +9.9998824292710820e-01 +9.9998781226989431e-01 +9.9998796026942516e-01 +9.9998619825614754e-01 +2.1079832730597721e-04 +2.1035260586120143e-04 +1.8348477294935779e-04 +1.9409616968134503e-04 +2.4856140828400329e-04
 26.50000000 +5.0000000000000000e+00 +2.0000192644112240e+00 +2.2107103880805237e-03 +9.9902472069947901e-01 +9.9998421512970070e-01 +9.9998184925736877e-01 +9.9997392337967839e-01 +9.9998406491399339e-01 +3.2201963521975342e-04 +1.6389595363466128e-04 +1.9714580833819545e-04 +2.2688990441235848e-04 +1.4127530042886435e-04
 27.00000000 +5.0000000000000000e+00 +2.0000204257001215e+00 +2.2005501955758510e-03 +9.9903411805686448e-01 +9.9998600727710707e-01 +9.9998264606937559e-01 +9.9998085199737641e-01 +9.9998404657830331e-01 +1.7938248111550650e-04 +2.3776053997239208e-04 +1.8759559559856204e-04 +2.3799878482390327e-04 +1.8959261608497520e-04
 27.50000000 +5.0000000000000000e+00 +2.0000120242048807e+00 +2.1219025104001234e-03 +9.9923242577946403e-01 +9.9998350971429506e-01 +9.9998479552918917e-01 +9.9998207272509931e-01 +9.9999038518650818e-01 +2.5307929072299404e-04 +1.5308264219716456e-04 +1.5901156808622528e-04 +1.5512055001684180e-04 +1.0651701947982328e-04
 28.00000000 +5.0000000000000000e+00 +2.0000188721462546e+00 +2.0197949389633998e-03 +9.9950106390237081e-01 +9.9998625468791980e-01 +9.9998346882388922e-01 +9.9997632354303423e-01 +9.9999372883774484e-01 +6.8752380949390409e-05 +1.3572923852591147e-04 +1.6107022501655837e-04 +1.2888255468575881e-04 +6.4725804695635526e-05
 28.50000000 +5.0000000000000000e+00 +2.0000232260260353e+00 +2.0862435176563026e-03 +9.9935199329681057e-01 +9.9999217980870969e-01 +9.9998008197157806e-01 +9.9998155346067341e-01 +9.9997691111309384e-01 +1.1977961432469281e-04 +3.2564608809037596e-05 +2.1936068526392857e-04 +1.1695513712202896e-04 +2.2862029804600177e-04
 29.00000000 +5.0000000000000000e+00 +2.0000102608485051e+00 +1.8786249895684447e-03 +9.9989414942102817e-01 +9.9997296463436380e-01 +9.9997277946211272e-01 +9.9997879717882743e-01 +9.9998975753243136e-01 +2.9228142218330849e-06 +7.1867070782087990e-05 -8.8597792813674390e-05 +1.3343266166573035e-04 +7.1927016925986089e-05
 29.50000000 +5.0000000000000000e+00 +2.0000203661378380e+00 +2.0373331317969602e-03 +9.9950649328791685e-01 +9.9998444017255916e-01 +9.9998615507234290e-01 +9.9998347901887441e-01 +9.9998804405487796e-01 +9.1860212489924532e-05 +2.7859773832682696e-06 +1.9697260163895245e-04 +1.8951364884290520e-04 +7.0255960299498921e-05
 30.00000000 +5.0000000000000000e+00 +2.0000181416761822e+00 +2.0730020287618215e-03 +9.9943248938326701e-01 +9.9998405849151573e-01 +9.9998158879995558e-01 +9.9997911509702697e-01 +9.9997912465901340e-01 +1.1050296069467234e-04 +1.5738207673272146e-04 +1.0970407850672030e-04 +1.4380319973690198e-04 +1.2223124995936854e-04
 30.50000000 +5.0000000000000000e+00 +2.0000356775382686e+00 +2.1208556039389787e-03 +9.9933212288621354e-01 +9.9998369184421110e-01 +9.9997897884867226e-01 +9.9998680317674815e-01 +9.9997987179319259e-01 +1.2955116291700776e-04 +1.3653821893338562e-04 +1.2365720546072379e-04 +2.2085061051871623e-04 +1.2793425699865661e-04
 31.00000000 +5.0000000000000000e+00 +2.0000173954858003e+00 +2.2695671663861411e-03 +9.9893908700058298e-01 +9.9998296464318748e-01 +9.9998681401602174e-01 +9.9997483645261787e-01 +9.9998149920410029e-01 +1.1595057465132484e-04 +2.3819919967062192e-04 +1.9750763724698511e-04 +2.8130051735536678e-04 +3.0184075146842351e-04
 31.50000000 +5.0000000000000000e+00 +2.0000336650953718e+00 +2.1073329546097731e-03 +9.9934474910391247e-01 +9.9998071752684092e-01 +9.9997528212674658e-01 +9.9998359271700665e-01 +9.9997386816113265e-01 +7.8945502190552825e-05 +9.6082907311720024e-05 +1.7050805233983395e-04 +1.9106644936664911e-04 +2.0518746777045913e-04
 32.00000000 +5.0000000000000000e+00 +2.0000263849803801e+00 +2.2454614908950046e-03 +9.9897292848239783e-01 +9.9997389854324759e-01 +9.9996892138115734e-01 +9.9999332893957138e-01 +9.9997891781786297e-01 +2.5964730825740745e-04 +1.6206446701921127e-04 +1.9655048547762642e-04 +1.6911655006019135e-04 +3.2462603408650261e-04
 32.50000000 +5.0000000000000000e+00 +2.0000209411934935e+00 +2.2019826145543622e-03 +9.9905300137352848e-01 +9.9998735615373324e-01 +9.9997207572087787e-01 +9.9997007563708418e-01 +9.9998099772665472e-01 +2.0167326246054915e-04 +1.3553263290919711e-04 +2.0268219467499629e-04 +3.4827068851220284e-04 +1.4833460109020440e-04
 33.00000000 +5.0000000000000000e+00 +2.0000252680797042e+00 +2.3627578731806433e-03 +9.9865369622298250e-01 +9.9998371433477307e-01 +9.9997834587809342e-01 +9.9996142883532779e-01 +9.9998425350067532e-01 +2.3180486299610007e-04 +3.2921388140038407e-04 +2.6037243777615385e-04 +3.3721589541203464e-04 +2.7995414314413176e-04
 33.50000000 +5.0000000000000000e+00 +2.0000309444034392e+00 +2.3129492483991852e-03 +9.9874870980752406e-01 +9.9998379612266053e-01 +9.9997232226973720e-01 +9.9997472079014194e-01 +9.9997750913447092e-01 +3.5013193504947291e-04 +2.7272973632173962e-04 +2.2205203160058251e-04 +2.1251244274050015e-04 +2.8551573182527591e-04
 34.00000000 +5.0000000000000000e+00 +2.0000248586829565e+00 +2.1810159318324880e-03 +9.9907644422669273e-01 +9.9997176374969199e-01 +9.9997568738795339e-01 +9.9999336927226612e-01 +9.9997803367461591e-01 +1.6659921738716461e-04 +1.3389874571679701e-04 +1.8689159136720554e-04 +2.8899824037798038e-04 +2.2831389034113308e-04
 34.50000000 +5.0000000000000000e+00 +2.0000476211461922e+00 +2.0756871868531676e-03 +9.9936051021366168e-01 +9.9998251819856299e-01 +9.9997364554134316e-01 +9.9997542551310881e-01 +9.9998057559621989e-01 +3.3686548467982594e-04 +7.6635226720770251e-05 +1.1994931088477420e-04 +1.5241833906327624e-04 +4.1456575283492167e-05
 35.00000000 +5.0000000000000000e+00 +2.0000201813774683e+00 +1.8914502991413673e-03 +9.9982030677923339e-01 +9.9997443457541335e-01 +9.9996255522494393e-01 +9.9997043637760341e-01 +9.9995815338609417e-01 +1.5822880282964820e-04 +1.4254338368163054e-04 +1.8598981666582143e-04 -9.1845140975249024e-05 -8.0803216772302005e-05
 35.50000000 +5.0000000000000000e+00 +2.0000203549099909e+00 +2.1093977588928403e-03 +9.9928134537425373e-01 +9.9997853804759451e-01 +9.9996738313931477e-01 +9.9996949357707976e-01 +9.9998428463944167e-01 +3.1121869015900079e-04 +3.5425762009708880e-05 +2.0847079267001208e-04 +1.2054428862938740e-04 +1.4329568972923040e-04
 36.00000000 +5.0000000000000000e+00 +2.0000450032475525e+00 +2.0115954270569047e-03 +9.9955129812412691e-01 +9.9997829528294435e-01 +9.9997056832136066e-01 +9.9997912178375947e-01 +9.9996663918517337e-01 +1.0433928795912763e-04 +1.5782235496276833e-04 +6.8237720718484124e-05 +1.3475702023357162e-04 +8.8920918478759272e-05
 36.50000000 +5.0000000000000000e+00 +2.0000429381766001e+00 +2.0907648936624905e-03 +9.9936573556945796e-01 +9.9996367035540068e-01 +9.9998230072212380e-01 +9.9997664977847378e-01 +9.9996914604892395e-01 +1.5293284636358357e-04 -5.3251500845719433e-05 +2.1585001122836772e-04 +3.1860549177485577e-04 +1.0836067262966075e-04
 37.00000000 +5.0000000000000000e+00 +2.0000318543071915e+00 +2.1321956519655895e-03 +9.9927075886010930e-01 +1.0000076731849286e+00 +9.9997920984772903e-01 +9.9998346463161902e-01 +9.9996962741713069e-01 +2.5418014912574307e-04 +2.7381209662976914e-04 +1.4396202754257193e-04 +1.1965947287779716e-04 -2.3476942910740406e-06
 37.50000000 +5.0000000000000000e+00 +1.9999963934180129e+00 +2.0988265257729792e-03 +9.9935681402745813e-01 +9.9998623285765131e-01 +9.9996800984581491e-01 +9.9996994208921453e-01 +9.9999926193122546e-01 +2.6325187731582149e-04 -4.7217906320663665e-05 +4.2045077778888441e-05 +1.0574496758845437e-04 +3.5591523138739649e-04
 38.00000000 +5.0000000000000000e+00 +2.0000602424170650e+00 +2.1198898324153777e-03 +9.9931623963708915e-01 +9.9998383177975059e-01 +9.9997402342890074e-01 +9.9997145351472638e-01 +9.9998111251152999e-01 +1.0022908952144532e-05 +1.6242040089612777e-04 +1.3032332552394326e-04 +1.6574525693715576e-04 +3.0482724384883677e-04
 38.50000000 +5.0000000000000000e+00 +2.0000236393920416e+00 +2.2127346754763685e-03 +9.9904919877452525e-01 +9.9998706629256207e-01 +9.9997696933310320e-01 +9.9996378624368809e-01 +9.9997426553409796e-01 +2.6424603812963171e-04 +2.6311359620876025e-04 +2.1957225768998233e-04 +1.3522558523130200e-04 +1.6655634306102075e-04
 39.00000000 +5.0000000000000000e+00 +2.0000466079491308e+00 +2.0041999262473209e-03 +9.9957469359883766e-01 +9.9998336226454043e-01 +9.9998739302396356e-01 +1.0000052306800098e+00 +9.9998810159734797e-01 +1.8630727511362308e-04 -7.5176697138476422e-05 +1.2887112273264679e-04 +1.9393686522739019e-04 +2.7280274944933153e-05
 39.50000000 +5.0000000000000000e+00 +2.0000836401440671e+00 +2.2869347268326709e-03 +9.9888688223479360e-01 +9.9998574768342219e-01 +9.9997494115012442e-01 +9.9996120487209883e-01 +1.0000099000908473e+00 +2.6482640797701276e-04 +2.8212897032351921e-04 +4.2416292257213491e-04 +2.9644521555648553e-05 +1.8056115215876422e-04
 40.00000000 +5.0000000000000000e+00 +2.0000789943841162e+00 +2.2719584000343621e-03 +9.9888920940963299e-01 +1.0000040586658394e+00 +9.9996155483338911e-01 +9.9998227070110757e-01 +9.9998710207390207e-01 +2.8975771505301194e-04 +3.0893065204207529e-04 +7.9947953179592654e-05 -1.4670061981173832e-05 +5.1183805804845550e-04
 40.50000000 +5.0000000000000000e+00 +2.0000998817701032e+00 +2.3292001117137355e-03 +9.9875259801703065e-01 +9.9996611929007706e-01 +9.9994950185043519e-01 +9.9998153942072254e-01 +9.9992621395952141e-01 +4.0727533044932987e-04 +1.1485202257070991e-04 +1.4350660292628217e-04 +4.2620187337581012e-04 +3.3219163006891394e-04
 41.00000000 +5.0000000000000000e+00 +2.0000414361964811e+00 +2.1712367550943178e-03 +9.9911774876789217e-01 +9.9996953974269653e-01 +9.9994894494116582e-01 +9.9996132232588830e-01 +9.9997779206541093e-01 +3.7961407234185262e-05 +1.6718355913763398e-04 +3.2336540820319807e-04 +2.4715621552232807e-04 +2.4898556882730532e-04
 41.50000000 +5.0000000000000000e+00 +2.0000763597929478e+00 +1.7763751262538073e-03 +1.0001290451207570e+00 +9.9995813065731620e-01 +9.9997703706383523e-01 +9.9995196831262967e-01 +9.9996979579630541e-01 -1.2053290520932529e-04 +2.0547635350602099e-04 -1.7942550345586484e-04 +5.1241617373245394e-06 +1.0338094300969186e-04
 42.00000000 +5.0000000000000000e+00 +2.0000804945459598e+00 +2.2267008238807612e-03 +9.9896548195919577e-01 +1.0000031218744465e+00 +9.9997313966000845e-01 +1.0000118944448644e+00 +9.9997516177297374e-01 +1.3428026875096958e-04 +3.0895682245717966e-04 +2.2202219477829118e-04 +3.1058646668457137e-04 +9.5354541041110252e-05
 42.50000000 +5.0000000000000000e+00 +2.0000809027643069e+00 +2.2316355329994549e-03 +9.9897690741245038e-01 +9.9993600761082824e-01 +9.9997116155554377e-01 +9.9996522961905221e-01 +9.9996994159187069e-01 +3.3579214585320279e-04 +2.2845843138666615e-04 +5.4457027040407204e-04 -1.7121312994353953e-05 +8.9052678081360850e-05
 43.00000000 +5.0000000000000000e+00 +2.0000800165025678e+00 +1.9021985578869510e-03 +9.9980370430553389e-01 +1.0000130040181907e+00 +9.9997053727890961e-01 +1.0000109510899817e+00 +9.9994502078036041e-01 -1.6427203278266393e-04 +1.2577350784843101e-04 +1.2095159830110960e-04 +1.1214584647208216e-04 +6.2183607945156820e-05
 43.50000000 +5.0000000000000000e+00 +2.0000821975963756e+00 +2.0099261544424211e-03 +9.9954370465413200e-01 +1.0000062895967716e+00 +9.9995534714860090e-01 +9.9995338037969761e-01 +9.9998485213139021e-01 -1.5104198217035260e-04 +8.6045718900721349e-05 +1.3249975825413649e-04 +2.5655400605045054e-04 +2.3236859056225900e-04
 44.00000000 +5.0000000000000000e+00 +2.0000961601067671e+00 +2.3876783124365947e-03 +9.9859300064468037e-01 +9.9995627905725726e-01 +9.9998148294666567e-01 +9.9997975943591899e-01 +9.9993766351972202e-01 +6.1638190632016350e-04 +2.3977725583659547e-04 +2.7795971314704460e-04 +3.5725185023798754e-04 +6.0443666874016421e-05
 44.50000000 +5.0000000000000000e+00 +2.0000781987387692e+00 +2.2350901755972641e-03 +9.9899137102777480e-01 +9.9995695121591233e-01 +9.9993722482775049e-01 +9.9995589562600118e-01 +9.9996200562051718e-01 +3.2509042621903792e-04 +3.9862324079070792e-04 +2.9150034795428137e-04 +3.1535532080770231e-04 -1.3401765074419497e-04
 45.00000000 +5.0000000000000000e+00 +2.0001608295196651e+00 +2.0089325836466342e-03 +9.9960119475412335e-01 +9.9995819482109227e-01 +9.9993074870857324e-01 +1.0000078963425361e+00 +9.9995492123865770e-01 +1.3792158432563689e-04 +3.9348956930230297e-05 +5.4087795445167714e-04 -1.2678387940793639e-04 -4.4320483952893936e-05
 45.50000000 +5.0000000000000000e+00 +2.0000971179049944e+00 +2.0788355577496995e-03 +9.9941667415104074e-01 +9.9995738501882137e-01 +9.9998566136787370e-01 +9.9993428854244848e-01 +9.9996815002860950e-01 +1.5548441912165473e-04 -1.4229768293490163e-04 +3.7751807843427196e-04 +5.3256262295774713e-05 +2.9387980939152698e-04
 46.00000000 +5.0000000000000000e+00 +2.0000334892921998e+00 +1.9869655424210914e-03 +9.9961242608457401e-01 +9.9998255501236688e-01 +9.9995803974525310e-01 +9.9992440931444160e-01 +9.9999652024923702e-01 +9.1376454194915091e-05 +2.0604492279032758e-04 -1.1693090052158489e-04 +6.9721628527847761e-05 +2.7583748747172761e-04
 46.50000000 +5.0000000000000000e+00 +2.0001818226451120e+00 +2.2122236239962619e-03 +9.9911379934099531e-01 +9.9996540369184295e-01 +9.9991942766084951e-01 +9.9997693362428064e-01 +9.9993886480691674e-01 +1.4018881045061923e-04 +2.5182926482220184e-04 +1.3029100314958348e-04 +1.6819634471392392e-04 +3.9506545519453360e-04
 47.00000000 +5.0000000000000000e+00 +2.0001430668920741e+00 +1.9392193238672510e-03 +9.9975348329584202e-01 +1.0000232108656357e+00 +1.0000369861824598e+00 +9.9999526129827065e-01 +9.9997698079003638e-01 +4.2029159263398111e-05 -6.1662493686427588e-05 +1.7760386012426470e-04 +1.2263529575894596e-04 -6.6528256791829619e-05
 47.50000000 +5.0000000000000000e+00 +2.0000883695348333e+00 +2.3164146511328101e-03 +9.9876540490775223e-01 +9.9991706995963325e-01 +1.0000035677437391e+00 +9.9995859715071278e-01 +1.0000002715717458e+00 +4.4237383076415574e-04 +4.5535437700438685e-04 +1.5073161787903906e-04 +2.7317608399325102e-04 +3.3452756371763606e-05
 48.00000000 +5.0000000000000000e+00 +2.0000803990844509e+00 +2.0424719509677539e-03 +9.9943280623314157e-01 +9.9995980200687440e-01 +9.9993131161787063e-01 +9.9999299743007952e-01 +9.9992180343254566e-01 +3.3862201800255925e-04 -1.2715435907329361e-05 +1.5558528268224873e-04 +5.1406723585893524e-04 -2.3427982111444984e-04
 48.50000000 +5.0000000000000000e+00 +2.0001044938917114e+00 +1.9298689667246439e-03 +9.9975320755559827e-01 +9.9996779622660259e-01 +9.9988935281062818e-01 +9.9992108538921731e-01 +9.9998388171034835e-01 +2.9324651992200290e-04 +2.3923554334446544e-05 +2.9708815730207207e-04 +1.1216418096338735e-04 -2.4174610637177872e-04
 49.00000000 +5.0000000000000000e+00 +2.0000474698369057e+00 +2.0496503846439531e-03 +9.9943199039576058e-01 +1.0000264671407382e+00 +9.9992733417313240e-01 +9.9993391666028708e-01 +9.9996128310464594e-01 +1.1992719706348751e-04 +1.3496641231109787e-04 +3.2762664071887593e-04 +2.6313031685159366e-04 -1.2664204372615106e-04
 49.50000000 +5.0000000000000000e+00 +2.0001215892398250e+00 +2.0166821306333875e-03 +9.9951083241389715e-01 +1.0000313552039768e+00 +9.9990934126803854e-01 +9.9994185880714193e-01 +9.9998662242447334e-01 +3.7823041799033127e-04 +3.8651782369289846e-04 +7.1613515211345870e-05 -1.8213988734663213e-04 -3.4231986782279313e-05
 50.00000000 +5.0000000000000000e+00 +2.0001049274030804e+00 +1.7539686303697682e-03 +1.0001911589264358e+00 +9.9996229760673105e-01 +1.0000372435510008e+00 +9.9992198541916033e-01 +9.9997439584476999e-01 +2.6086835226824352e-05 -2.4050378602017946e-04 -4.0400295991964370e-05 +2.9547378272475858e-04 -1.2773788260213987e-04
 50.50000000 +5.0000000000000000e+00 +2.0000583477518039e+00 +1.8452397794749681e-03 +9.9996424973938403e-01 +9.9997165915750175e-01 +9.9994353262102587e-01 +9.9989805731534520e-01 +9.9999268945264363e-01 -3.4409888379638166e-04 -4.3505632489633982e-05 +1.2919636925319165e-04 +2.5621835332082426e-04 +2.3200150634042989e-04
 51.00000000 +5.0000000000000000e+00 +2.0001843251346960e+00 +1.5603251413784213e-03 +1.0007545048085811e+00 +1.0000149327313501e+00 +9.9997121778355891e-01 +9.9993529257778702e-01 +9.9998846688497722e-01 -2.2287633892555033e-04 -4.8479588453482207e-04 -5.0843600975477337e-05 +1.1239861342837264e-04 -1.8297577387863322e-05
 51.50000000 +5.0000000000000000e+00 +2.0000894465947781e+00 +2.4298149528455930e-03 +9.9853345274524241e-01 +9.9995321110224578e-01 +9.9994478308233303e-01 +9.9991509708731030e-01 +9.9987818543899187e-01 +5.6386235435349191e-04 +4.4151170689646314e-04 +2.1056171677938070e-04 +4.1420513459220696e-04 +1.4512963009421129e-04
 52.00000000 +5.0000000000000000e+00 +2.0000657322112261e+00 +2.0691478512541847e-03 +9.9940605946357020e-01 +9.9993313108206683e-01 +9.9994478732291270e-01 +9.9990875294276282e-01 +9.9997256434646320e-01 -2.6213865938455919e-04 +2.2889637803059101e-04 -1.2891918594366085e-04 +3.6783766034041845e-04 +6.2902864740576789e-04
 52.50000000 +5.0000000000000000e+00 +2.0000851729292264e+00 +2.0375672854288413e-03 +9.9945304293108972e-01 +9.9991873338685178e-01 +9.9993823870045040e-01 +9.9993541057976343e-01 +9.9987872893861851e-01 +5.7033658336603881e-04 +7.0481651730538953e-04 +2.2311657593938525e-04 -2.1440325371041398e-04 -4.0802095855329646e-04
 53.00000000 +5.0000000000000000e+00 +2.0000720186366503e+00 +2.2596772667121171e-03 +9.9896203189538957e-01 +1.0000327539845644e+00 +9.9991241006217291e-01 +9.9996339507661969e-01 +9.9991839057455645e-01 +8.8198270553587800e-04 +4.0762148408180968e-04 -3.6524301354413616e-05 -6.7333640319550963e-05 +2.5272160573131029e-05
 53.50000000 +5.0000000000000000e+00 +2.0000602600223036e+00 +2.2024776930529709e-03 +9.9910602873433996e-01 +9.9990322708429968e-01 +9.9992159610100340e-01 +9.9996996525625659e-01 +9.9981634061487734e-01 +3.9959665247925427e-04 +5.8697773537612580e-04 +4.1082420412616352e-04 -4.0226351532980041e-04 +2.8770713173743666e-04
 54.00000000 +5.0000000000000000e+00 +2.0000880277127933e+00 +2.1248443220906786e-03 +9.9928168903467585e-01 +9.9988686781026515e-01 +9.9994091800736407e-01 +9.9996264477247010e-01 +9.9998083303308660e-01 +3.0215908654393324e-04 +2.1112042816390551e-04 +2.5347958942297221e-04 -1.8859847938846461e-06 +1.8217422272757283e-04
 54.50000000 +5.0000000000000000e+00 +2.0000973564563505e+00 +1.7167180926390040e-03 +1.0003197855961512e+00 +9.9992422193789221e-01 +9.9996007183926072e-01 +9.9999532911712019e-01 +9.9992486362441602e-01 +1.3077719948096647e-04 -8.3928772497108331e-06 +2.2365505007866757e-04 -2.0900794014480219e-04 -2.6130354902537448e-04
 55.00000000 +5.0000000000000000e+00 +2.0000108011994979e+00 +2.1533232626442891e-03 +9.9914840131646576e-01 +9.9998156419965978e-01 +9.9999610626849433e-01 +9.9985908728817807e-01 +9.9985282094161476e-01 +3.7220579365042762e-04 -2.3108181127827937e-04 +4.5449097686418166e-04 +2.8548713862379084e-04 +2.8091788813690261e-04
 55.50000000 +5.0000000000000000e+00 +2.0000951261875737e+00 +2.1108599987799503e-03 +9.9938128537236237e-01 +1.0000055460964123e+00 +9.9998562310505867e-01 +9.9989066960544914e-01 +9.9992892812664824e-01 +7.3701532887815720e-05 +1.6984365547782800e-04 -6.8790104717858459e-05 +4.8697534625889732e-04 +1.4621726349496001e-04
 56.00000000 +5.0000000000000000e+00 +2.0000443435192601e+00 +1.8795550749237237e-03 +9.9988457874270908e-01 +9.9991460012197853e-01 +9.9989508106931579e-01 +9.9991951038249860e-01 +9.9998127873325060e-01 -6.6045775110809720e-04 +6.0193082124047968e-04 -6.5412491558264623e-05 +9.8912790737942522e-05 +4.2997758151950958e-04
 56.50000000 +5.0000000000000000e+00 +2.0000191161189544e+00 +2.1736927701399454e-03 +9.9915349168313428e-01 +9.9997249043245895e-01 +9.9978300970252587e-01 +1.0000173485348445e+00 +9.9984701147133426e-01 +3.7023387215524633e-04 -5.3700672820541174e-05 -3.2860923143660729e-04 +1.9560358985206864e-04 +1.0431206174224843e-03
 57.00000000 +5.0000000000000000e+00 +2.0000734904816349e+00 +2.7742374279690132e-03 +9.9766917860540394e-01 +9.9989527292653302e-01 +9.9997116217981186e-01 +9.9990209836313837e-01 +9.9991631434511408e-01 +7.5160901596622333e-04 +8.4877615090131237e-04 +5.6514083284337666e-05 +5.1415041230926377e-04 +4.7492391691974221e-04
 57.50000000 +5.0000000000000000e+00 +2.0000906771518561e+00 +1.8840793072815761e-03 +9.9989340668290783e-01 +9.9994849871299585e-01 +1.0000133153775645e+00 +9.9987801482361660e-01 +1.0000454818730036e+00 -2.7967862219914708e-04 +1.4408130835715282e-05 +2.3166669983786900e-04 +1.3767713480036656e-04 +1.1720918547375348e-04
 58.00000000 +5.0000000000000000e+00 +2.0000815238428196e+00 +2.2332141403360074e-03 +9.9901729188872801e-01 +9.9989948215747948e-01 +9.9997049587693920e-01 +9.9984630827281440e-01 +9.9996547774852673e-01 +3.7092991373696075e-04 +9.6622311514804170e-05 +4.9181375680866718e-04 +6.3951188420236437e-04 -2.9793381183494617e-04
 58.50000000 +5.0000000000000000e+00 +2.0000912887266962e+00 +1.6207885284742420e-03 +1.0005542679328188e+00 +9.9981650485205620e-01 +9.9996864585264522e-01 +9.9991207072474464e-01 +9.9989006361765576e-01 -3.0255941986649193e-04 +4.9854449880540623e-04 -5.8179026506596267e-04 -2.5482345330348193e-04 +4.9907565999711553e-04
 59.00000000 +5.0000000000000000e+00 +2.0000843055029844e+00 +2.7392321908865057e-03 +9.9773241154770798e-01 +9.9996953628909757e-01 +1.0001609753429779e+00 +9.9998104458033632e-01 +1.0000648832349879e+00 +7.0730247247604227e-04 -4.9668509226352773e-04 -1.0222916298093781e-04 +8.4455972176660139e-04 +1.1382010661921257e-03
 59.50000000 +5.0000000000000000e+00 +2.0000306746730132e+00 +1.7739598733162421e-03 +1.0001213826521824e+00 +1.0000116367773593e+00 +9.9974977576937774e-01 +9.9984903315713991e-01 +9.9999613702912737e-01 +3.1162505974835194e-04 -7.3147573652658233e-04 -1.7604196658481963e-04 +6.1145349492196396e-04 +2.5647376544014476e-04
 60.00000000 +5.0000000000000000e+00 +2.0001505159819035e+00 +1.8049003166562343e-03 +1.0001646419241021e+00 +9.9985766730663594e-01 +9.9986370738522123e-01 +1.0000261181235872e+00 +1.0000506676737766e+00 +1.6044648679498070e-04 -4.7653583925074999e-05 +1.5899675773230863e-04 +3.5175616817491366e-04 -5.8634824286126917e-04
 60.50000000 +5.0000000000000000e+00 +2.0000038512732403e+00 +1.8199508594812408e-03 +1.0000392521187389e+00 +1.0000488824386933e+00 +9.9992613606871894e-01 +1.0000476235443834e+00 +9.9993243005225019e-01 -1.1176444467191308e-04 -5.9719418528394357e-04 -9.4638039844678214e-05 +9.8964528923419534e-04 -1.8037284293891516e-04
 61.00000000 +5.0000000000000000e+00 +2.0000588102965122e+00 +2.8919573534368455e-03 +9.9733649235657185e-01 +9.9999591126524612e-01 +1.0000180534415084e+00 +9.9988113399086886e-01 +9.9979750095648756e-01 +4.9888829739585150e-04 +1.2576068986286490e-03 +3.5178681868272146e-05 +3.2733718595488097e-04 +8.5189692557125114e-04
 61.50000000 +5.0000000000000000e+00 +2.0000498896478827e+00 +1.9647814340289192e-03 +9.9969790440949913e-01 +9.9983372983883556e-01 +9.9996854365216670e-01 +9.9995709994034665e-01 +9.9986948094031569e-01 -5.8215301435400309e-04 +8.5428816075823954e-04 +7.1626414629221075e-04 -8.8260048359093651e-05 -2.2689802375953786e-04
 62.00000000 +5.0000000000000000e+00 +2.0000152839666221e+00 +2.5619240582269906e-03 +9.9811090139275016e-01 +9.9987676864260411e-01 +9.9984166816390152e-01 +9.9982250218641489e-01 +9.9999320196050789e-01 +5.6394459032958408e-04 +7.0849832886085267e-05 +7.6747351864965693e-04 +6.6358702853000127e-04 +2.8910268237720494e-04
 62.50000000 +5.0000000000000000e+00 +2.0000098732521079e+00 +2.6142562860590247e-03 +9.9802291792517761e-01 +1.0000256102276064e+00 +9.9976797742902568e-01 +1.0000253155690666e+00 +1.0001516668500379e+00 +3.3442930901661782e-04 +2.7777625242034182e-04 +2.8067933576916918e-04 +6.6177447676006140e-04 +4.5185262584806688e-04
 63.00000000 +5.0000000000000000e+00 +2.0000703117911138e+00 +1.8687906191450106e-03 +9.9984894231494481e-01 +1.0001192863962887e+00 +1.0000030554328059e+00 +9.9992858704120746e-01 +9.9991621667289343e-01 -7.3500549597432395e-05 +5.0114076582038493e-04 -7.8800703776553350e-04 +2.9380397648332490e-04 +2.5047498667548588e-04
 63.50000000 +5.0000000000000000e+00 +2.0002387052060420e+00 +2.3901799606560734e-03 +9.9873170938206313e-01 +1.0000907380901263e+00 +9.9981499046086242e-01 +9.9994535776981164e-01 +9.9985907247148353e-01 +1.5865758346416631e-04 +3.5224053109023595e-04 +3.0298969781618942e-04 +7.8414228028537568e-04 -3.9898267267339787e-05
 64.00000000 +5.0000000000000000e+00 +1.9999543275188616e+00 +1.9828301721687832e-03 +9.9954846996018742e-01 +9.9990486961999359e-01 +9.9975592556829063e-01 +9.9986366386481473e-01 +1.0000132358609737e+00 +1.4104456226817581e-03 -5.5549073059588995e-04 +2.8921538414859889e-04 +7.1665475825722280e-04 -9.4698990783070999e-04
 64.50000000 +5.0000000000000000e+00 +2.0000234050177363e+00 +2.0693889883727089e-03 +9.9932213742797593e-01 +9.9996841068858866e-01 +9.9989295484452501e-01 +9.9976627555267106e-01 +9.9979296117824512e-01 -8.9206937035281439e-05 +3.6882510100145810e-04 +8.3636472274860524e-04 +1.0951124911878324e-04 +3.1766172519893635e-05
 65.00000000 +5.0000000000000000e+00 +2.0000619652375256e+00 +2.1420232443702812e-03 +9.9922683671875978e-01 +9.9992164351102664e-01 +1.0000168234017563e+00 +9.9984944560228384e-01 +1.0000363589338892e+00 -1.9161415359835317e-05 +4.0335684336632275e-04 -4.4590073997834693e-04 +6.8650521446194258e-04 +3.2409192849654965e-04
 65.50000000 +5.0000000000000000e+00 +1.9999817170052978e+00 +2.0161981564093818e-03 +9.9953785708797760e-01 +9.9980527636903216e-01 +9.9974599683630927e-01 +1.0002448128937014e+00 +9.9985522983497377e-01 +5.1962586619214754e-04 -5.1015941105351191e-04 +3.1797182313620011e-04 -1.7504283068257425e-04 +6.5843153038428587e-04
 66.00000000 +5.0000000000000000e+00 +1.9999803688446027e+00 +2.5124365339351334e-03 +9.9824379023240872e-01 +9.9980164948806693e-01 +9.9978965417178600e-01 +1.0001182157253417e+00 +9.9989314127929285e-01 +1.6114191696601466e-04 +6.0481632933031084e-04 -3.6395110394130896e-04 +9.8937372256949576e-04 +7.6216823747685591e-04
 66.50000000 +5.0000000000000000e+00 +2.0001165404370735e+00 +2.5282132954885456e-03 +9.9830059766359702e-01 +1.0003285405827740e+00 +9.9984437359421741e-01 +9.9966277115995839e-01 +1.0000277423691590e+00 +8.3148716495153692e-05 +6.0970189186072257e-04 +4.3919539815005798e-04 +6.6814671234047100e-04 +3.5781910873350496e-05
 67.00000000 +5.0000000000000000e+00 +1.9998785270126429e+00 +1.6316879856070187e-03 +1.0003941040373934e+00 +1.0000504521163549e+00 +9.9993113556344759e-01 +9.9993130586956103e-01 +9.9982420325142163e-01 -7.2063850430994768e-05 +1.8388224213567516e-04 -6.4734345543132187e-04 +8.4818705606209575e-04 -4.4386283157337033e-04
 67.50000000 +5.0000000000000000e+00 +1.9997285649813508e+00 +3.1208761644633230e-03 +9.9661304696177888e-01 +1.0000536703503617e+00 +1.0000220462708553e+00 +9.9970401871663372e-01 +1.0000837076142213e+00 +1.5169172944243545e-03 +1.3307310026084672e-03 +6.3479526700332533e-04 +1.1870358178530822e-05 +2.9196164196087939e-05
 68.00000000 +5.0000000000000000e+00 +2.0000201368057526e+00 +2.5696666985700169e-03 +9.9812816668564530e-01 +9.9987010258107234e-01 +9.9973879878659255e-01 +1.0000735244520840e+00 +9.9992225830142034e-01 +3.2330945305136279e-04 +7.7579549512846735e-05 +1.6975009424967586e-03 +7.7886128796941529e-04 -6.1010203998881202e-04
 68.50000000 +5.0000000000000000e+00 +1.9999774663526233e+00 +1.8683002193287557e-03 +1.0000139389695999e+00 +9.9971569948027417e-01 +1.0000928804624729e+00 +9.9983726893159452e-01 +9.9986733652285020e-01 -1.0055896303786214e-03 +8.5636014145205636e-04 +4.4929036117016672e-04 -3.2315627282336054e-04 +4.9597103358186288e-04
 69.00000000 +5.0000000000000000e+00 +1.9999780868470258e+00 +1.3801719768953022e-03 +1.0011081583072281e+00 +1.0000373337567219e+00 +9.9974215841537384e-01 +9.9983079513936157e-01 +9.9992162540645724e-01 -1.1249113275125646e-04 -6.0111930153647982e-04 +3.3007363381750489e-05 +6.3145943204198564e-04 -5.9092738553305404e-04
 69.50000000 +5.0000000000000000e+00 +2.0002406976316149e+00 +2.4017121630832872e-03 +9.9857276406478046e-01 +9.9972331382023594e-01 +9.9989277852144809e-01 +9.9994139021299588e-01 +9.9980211526049656e-01 +6.5050424838085830e-04 +4.8014396726670583e-05 +5.1822883657923311e-04 +5.3324279794250847e-04 +3.1764784033737716e-04
 70.00000000 +5.0000000000000000e+00 +1.9999506345786429e+00 +1.7431804258146522e-03 +1.0003114264853783e+00 +1.0000071207442940e+00 +9.9947533804203104e-01 +1.0000247696658018e+00 +9.9974234393565231e-01 +5.9591051323721722e-04 -1.0219097334761215e-03 +8.5228420783096677e-04 -6.8724753966279968e-05 +8.1440893689249509e-05
 70.50000000 +5.0000000000000000e+00 +2.0000391931238215e+00 +2.5054969361822310e-03 +9.9827580125948789e-01 +1.0000416770235874e+00 +9.9993162402506108e-01 +9.9974313386139380e-01 +1.0000052623029476e+00 -4.0537094748581003e-04 +7.3554638877265091e-04 -8.6237090344187697e-04 +6.0530220466570740e-04 +1.9293947858508560e-03
 71.00000000 +5.0000000000000000e+00 +2.0000756702429050e+00 +2.0036195127809656e-03 +9.9956696956875835e-01 +1.0001587295149561e+00 +9.9960981977243124e-01 +9.9973134236977401e-01 +9.9943687096148004e-01 +3.3811701260911241e-04 +9.7573555963735212e-04 -9.9300323134913506e-04 +1.1104947087547470e-03 +6.4923762361158267e-05
 71.50000000 +5.0000000000000000e+00 +1.9999753637644573e+00 +1.3681025778037377e-03 +1.0011381896602687e+00 +1.0004047898908013e+00 +9.9974895364918204e-01 +1.0000189352970585e+00 +1.0003559902754460e+00 -4.2365503164504915e-04 +7.4186565719510723e-04 -7.9992668584756902e-04 -7.9107772644125530e-04 -3.9406498610803015e-04
 72.00000000 +5.0000000000000000e+00 +2.0001822544706691e+00 +2.6879800294552065e-03 +9.9785559858248607e-01 +1.0003254046682515e+00 +1.0001299693223114e+00 +1.0002728156188314e+00 +9.9995822394045242e-01 +2.0305412835644639e-04 +3.1991069635619712e-04 +1.8484233142293748e-03 -3.6496467911737075e-04 -5.4843559226633992e-04
 72.50000000 +5.0000000000000000e+00 +2.0002813649451578e+00 +2.1785621172591544e-03 +9.9916937007404805e-01 +9.9969681484786954e-01 +9.9994114473880713e-01 +9.9984045917111197e-01 +1.0001797780797852e+00 -5.7889655115146504e-04 +3.3760430999341698e-04 +1.0205531578341288e-03 +4.1718780694883183e-04 -2.4015635339820145e-05
 73.00000000 +5.0000000000000000e+00 +2.0003115500083677e+00 +2.5643194819636073e-03 +9.9844095896164442e-01 +9.9950041412921764e-01 +9.9985210718085926e-01 +1.0000101351266908e+00 +9.9970779546597532e-01 -1.8499099182057800e-05 +1.1203678776030134e-03 +1.0250743441826873e-03 -1.3038093159604602e-03 +1.6654553292966673e-03
 73.50000000 +5.0000000000000000e+00 +2.0000998183296890e+00 +1.2579060381244500e-03 +1.0015115262925711e+00 +9.9983027577324490e-01 +9.9996290043123848e-01 +9.9997904251873049e-01 +1.0002413425607093e+00 -7.2861813499928247e-04 -4.5530255674339795e-04 +7.0686292794923139e-04 +2.5062456771370858e-04 -1.2986543801424314e-03
 74.00000000 +5.0000000000000000e+00 +2.0000423632931086e+00 +2.7841370741600539e-03 +9.9758957171921803e-01 +9.9998056904605470e-01 +9.9986590079121174e-01 +9.9978065387903259e-01 +1.0001185988239039e+00 +7.7610644114552466e-04 -9.1347153694807596e-04 +9.2063371340745553e-04 +1.0241239786381643e-03 +8.5731314454517928e-04
 74.50000000 +5.0000000000000000e+00 +1.9997919840477587e+00 +3.8114024874743532e-03 +9.9486750197641172e-01 +9.9990278082746487e-01 +9.9999324225422193e-01 +1.0000625137753494e+00 +1.0002219953342721e+00 +1.4230862841259616e-04 -2.6314347309172142e-04 +2.4516066670499694e-03 +1.1164792542356328e-03 +1.5047147562458067e-03
 75.00000000 +5.0000000000000000e+00 +1.9997654658453827e+00 +2.7945527292351433e-03 +9.9744521102171524e-01 +9.9970075381976475e-01 +9.9939732555764071e-01 +9.9961115393025146e-01 +9.9983695429583530e-01 +7.1496494464894989e-04 -3.8719172923290220e-04 +2.4654294874199207e-03 +1.6223947370122202e-03 -4.0699606485350469e-04
