#PATCH_CHECK: SepMBpoisson v0.60 fullmb-kondo adaptive-t500 active
#discretizing the bath:
#     0 0.0000000000000000e+00 -9.1873305439137479e-02
#     1 3.6514837167011078e-03 -1.6702566928835194e-01
#     2 3.6514837167011078e-03 -1.6537420489743543e-01
#     3 3.6514837167011078e-03 -1.6371823029254298e-01
#adaptive measurement: gap=1.6514643909165128e-03 period_steps=7610 nmeas=200 nwf=200 tmax=1.0000000000000000e+02 forced_stride=1
  0.00000000 +2.0000000000000000e+00 +1.9999999999999998e+00 +1.8374661879283106e-03 +1.0000000000000000e+00 +1.0000000000000000e+00 +0.0000000000000000e+00 +0.0000000000000000e+00
  0.50000000 +2.0000000000000000e+00 +1.9999999999779807e+00 +1.8399940177080507e-03 +9.9999358245260350e-01 +9.9999999999982381e-01 +3.1811910287646888e-06 +3.2363561911132094e-06
  1.00000000 +2.0000000000000000e+00 +2.0000000004469523e+00 +1.8478430692883791e-03 +9.9997365173200026e-01 +9.9999999998982492e-01 +1.3143306402591349e-05 +1.3204971789521515e-05
  1.50000000 +2.0000000000000000e+00 +2.0000000030976892e+00 +1.8607293830703664e-03 +9.9994091718961198e-01 +9.9999999984711585e-01 +2.9546599523867021e-05 +2.9536363311759319e-05
  2.00000000 +2.0000000000000000e+00 +1.9999999987635990e+00 +1.8786682955374561e-03 +9.9989531993005265e-01 +9.9999999939133755e-01 +5.2479070162691666e-05 +5.2201610045395354e-05
  2.50000000 +2.0000000000000000e+00 +1.9999999985719101e+00 +1.9005174684341047e-03 +9.9983973964571926e-01 +9.9999999808862516e-01 +8.0231859370866757e-05 +8.0030406723871560e-05
  3.00000000 +2.0000000000000000e+00 +2.0000000096020001e+00 +1.9259896206771758e-03 +9.9977486992031916e-01 +9.9999999526006944e-01 +1.1249644885448752e-04 +1.1263836950893980e-04
  3.50000000 +2.0000000000000000e+00 +2.0000000294387035e+00 +1.9544381925405392e-03 +9.9970232351568755e-01 +9.9999999119056315e-01 +1.4852757599486587e-04 +1.4915771819413841e-04
  4.00000000 +2.0000000000000000e+00 +2.0000000398333158e+00 +1.9859943995476350e-03 +9.9962172180732312e-01 +9.9999998425189685e-01 +1.8883128218897104e-04 +1.8946265861634348e-04
  4.50000000 +2.0000000000000000e+00 +1.9999999781643492e+00 +2.0186207575916331e-03 +9.9953821436377221e-01 +9.9999997370009652e-01 +2.3001684807120125e-04 +2.3179508647501806e-04
  5.00000000 +2.0000000000000000e+00 +1.9999998455467389e+00 +2.0522776057453861e-03 +9.9945186867595670e-01 +9.9999995955410126e-01 +2.7203823978130397e-04 +2.7613353050058483e-04
  5.50000000 +2.0000000000000000e+00 +1.9999999170341065e+00 +2.0855366556022130e-03 +9.9936631618636185e-01 +9.9999994224296507e-01 +3.1427374901403401e-04 +3.1946782176945900e-04
  6.00000000 +2.0000000000000000e+00 +2.0000001383820210e+00 +2.1170019540610050e-03 +9.9928496971537073e-01 +9.9999991760848306e-01 +3.5483280765006230e-04 +3.6027986806617935e-04
  6.50000000 +2.0000000000000000e+00 +1.9999998415290225e+00 +2.1475988072538134e-03 +9.9920565281556950e-01 +9.9999988833603082e-01 +3.9330308132662947e-04 +4.0115576550908493e-04
  7.00000000 +2.0000000000000000e+00 +1.9999995562070418e+00 +2.1763632336246229e-03 +9.9913069989186432e-01 +9.9999985598353380e-01 +4.3284640954248475e-04 +4.3659771461460696e-04
  7.50000000 +2.0000000000000000e+00 +1.9999994009495405e+00 +2.1993889607073939e-03 +9.9906993261764354e-01 +9.9999981027145468e-01 +4.6195021883222137e-04 +4.6830689169747100e-04
  8.00000000 +2.0000000000000000e+00 +1.9999994028589290e+00 +2.2206776722903505e-03 +9.9901340561745511e-01 +9.9999976489074371e-01 +4.9117615956394980e-04 +4.9565333232336173e-04
  8.50000000 +2.0000000000000000e+00 +1.9999992451333601e+00 +2.2353674216854316e-03 +9.9897337938447472e-01 +9.9999971320425118e-01 +5.1175656814242052e-04 +5.1515084310599412e-04
  9.00000000 +2.0000000000000000e+00 +1.9999990397918290e+00 +2.2512125784020101e-03 +9.9893033976722700e-01 +9.9999963708354733e-01 +5.3395298087022063e-04 +5.3607016833203823e-04
  9.50000000 +2.0000000000000000e+00 +1.9999988675906339e+00 +2.2558556743692269e-03 +9.9891549951835257e-01 +9.9999959054149457e-01 +5.3978081270813973e-04 +5.4512912592691884e-04
 10.00000000 +2.0000000000000000e+00 +1.9999986270788814e+00 +2.2533596571974457e-03 +9.9891872331643849e-01 +9.9999951917016838e-01 +5.4883523374514077e-04 +5.3292228087681022e-04
 10.50000000 +2.0000000000000000e+00 +1.9999978453688818e+00 +2.2525165783806077e-03 +9.9891796588009718e-01 +9.9999944147412390e-01 +5.4205691388621287e-04 +5.4053573154114773e-04
 11.00000000 +2.0000000000000000e+00 +1.9999977199221770e+00 +2.2466909543888717e-03 +9.9892981522555069e-01 +9.9999936583718174e-01 +5.3761394528807681e-04 +5.3320499186521010e-04
 11.50000000 +2.0000000000000000e+00 +1.9999972720882511e+00 +2.2340648080439742e-03 +9.9895914000019170e-01 +9.9999931784227114e-01 +5.2435395200041250e-04 +5.1718820589000515e-04
 12.00000000 +2.0000000000000000e+00 +1.9999968675678801e+00 +2.2147864280876576e-03 +9.9900562774988688e-01 +9.9999921242624301e-01 +4.9529807731643627e-04 +4.9986174811789033e-04
 12.50000000 +2.0000000000000000e+00 +1.9999961044124233e+00 +2.1937684029768962e-03 +9.9905689217552662e-01 +9.9999910716909646e-01 +4.7766689383225161e-04 +4.6633376145093045e-04
 13.00000000 +2.0000000000000000e+00 +1.9999960254360503e+00 +2.1680305437088571e-03 +9.9912066033074376e-01 +9.9999906555294249e-01 +4.3290490960849406e-04 +4.4736920826200858e-04
 13.50000000 +2.0000000000000000e+00 +1.9999952266290084e+00 +2.1432161813445907e-03 +9.9918241301528588e-01 +9.9999898787409025e-01 +4.0821091997580051e-04 +4.1038819216891872e-04
 14.00000000 +2.0000000000000000e+00 +1.9999958353411542e+00 +2.1068077035123799e-03 +9.9927438810413305e-01 +9.9999888715662255e-01 +3.6540279077223184e-04 +3.6132194885739918e-04
 14.50000000 +2.0000000000000000e+00 +1.9999966836619374e+00 +2.0931193943984714e-03 +9.9930932141018780e-01 +9.9999888371183654e-01 +3.3552680382592227e-04 +3.5626807453649018e-04
 15.00000000 +2.0000000000000000e+00 +1.9999951681364641e+00 +2.0496156363957424e-03 +9.9942038553419155e-01 +9.9999866901911705e-01 +2.8834912741949241e-04 +2.9259631966539626e-04
 15.50000000 +2.0000000000000000e+00 +1.9999964367042049e+00 +2.0175702050355248e-03 +9.9950299410273868e-01 +9.9999873692340679e-01 +2.4477059571383910e-04 +2.5349837823616077e-04
 16.00000000 +2.0000000000000000e+00 +1.9999956424047165e+00 +1.9998812598121876e-03 +9.9955066456222597e-01 +9.9999868328320607e-01 +2.4253768577054674e-04 +2.0811446879143484e-04
 16.50000000 +2.0000000000000000e+00 +1.9999957116250693e+00 +1.9712692229592577e-03 +9.9962548762148729e-01 +9.9999862078516499e-01 +1.8384711551115961e-04 +1.9204447885618492e-04
 17.00000000 +2.0000000000000000e+00 +1.9999954941311253e+00 +1.9635900710076475e-03 +9.9964778677957511e-01 +9.9999861137442814e-01 +1.6253983886485771e-04 +1.9106200860098796e-04
 17.50000000 +2.0000000000000000e+00 +1.9999946446360342e+00 +1.9268659215209421e-03 +9.9974505394826763e-01 +9.9999840420298169e-01 +1.2976791698570339e-04 +1.2677393324218294e-04
 18.00000000 +2.0000000000000000e+00 +1.9999980705380165e+00 +1.9189640213409225e-03 +9.9977041639190967e-01 +9.9999849556012521e-01 +1.2781600601102907e-04 +1.0327204333972059e-04
 18.50000000 +2.0000000000000000e+00 +1.9999969075193598e+00 +1.9074458158926625e-03 +9.9980364023332891e-01 +9.9999845692148270e-01 +9.5211157741893773e-05 +1.0269168698378504e-04
 19.00000000 +2.0000000000000000e+00 +1.9999945519367359e+00 +1.8956074076173419e-03 +9.9983790448458143e-01 +9.9999826087583088e-01 +7.3230439657480292e-05 +9.0604201018506449e-05
 19.50000000 +2.0000000000000000e+00 +1.9999949350365402e+00 +1.8915978143328072e-03 +9.9985394903660652e-01 +9.9999820886275870e-01 +9.2944144924483611e-05 +5.4897956198290028e-05
 20.00000000 +2.0000000000000000e+00 +1.9999931383299461e+00 +1.8980087974858797e-03 +9.9984139999973443e-01 +9.9999841659940814e-01 +8.2564407045551214e-05 +7.7618993711325981e-05
 20.50000000 +2.0000000000000000e+00 +1.9999954292875692e+00 +1.8920308531323847e-03 +9.9986267682883156e-01 +9.9999824081985822e-01 +7.0957241554495216e-05 +6.8125110791477991e-05
 21.00000000 +2.0000000000000000e+00 +1.9999969079855187e+00 +1.9236559376842571e-03 +9.9978727254103017e-01 +9.9999820775736437e-01 +9.0723646386509481e-05 +1.2379605474705286e-04
 21.50000000 +2.0000000000000000e+00 +1.9999988525470744e+00 +1.9089441832774346e-03 +9.9982923838862980e-01 +9.9999831698387520e-01 +4.7115813784980841e-05 +1.2532881381124497e-04
 22.00000000 +2.0000000000000000e+00 +1.9999974147491195e+00 +1.9345201436721687e-03 +9.9976747145163813e-01 +9.9999803832825884e-01 +1.2367452343602496e-04 +1.1081569798392730e-04
 22.50000000 +2.0000000000000000e+00 +1.9999992915266256e+00 +1.9453293387153845e-03 +9.9974342944219363e-01 +9.9999851009063956e-01 +1.3176572460761585e-04 +1.2629474125281197e-04
 23.00000000 +2.0000000000000000e+00 +1.9999987864222792e+00 +1.9872389860023034e-03 +9.9963948399963254e-01 +9.9999792827992184e-01 +1.8740413163279514e-04 +1.7518358840292093e-04
 23.50000000 +2.0000000000000000e+00 +1.9999995334726990e+00 +1.9947844927977717e-03 +9.9962331365387325e-01 +9.9999879327596009e-01 +2.0169306520569845e-04 +1.7620000486364811e-04
 24.00000000 +2.0000000000000000e+00 +2.0000014556194099e+00 +2.0261876853181838e-03 +9.9954424411980392e-01 +9.9999810352351082e-01 +2.1497306704916004e-04 +2.4267929061143570e-04
 24.50000000 +2.0000000000000000e+00 +1.9999972442011162e+00 +2.0685566046404844e-03 +9.9943689517391732e-01 +9.9999771330722653e-01 +2.8757503936604302e-04 +2.7781647949953048e-04
 25.00000000 +2.0000000000000000e+00 +1.9999986026633112e+00 +2.0823046820877384e-03 +9.9939975490360811e-01 +9.9999802871600818e-01 +2.8464254568745897e-04 +3.1757383374483129e-04
 25.50000000 +2.0000000000000000e+00 +1.9999993649998575e+00 +2.1004183358618984e-03 +9.9935360664417328e-01 +9.9999787129300566e-01 +3.0459069781035180e-04 +3.4393136374981907e-04
 26.00000000 +2.0000000000000000e+00 +2.0000009014499134e+00 +2.1010147653736698e-03 +9.9935140274753331e-01 +9.9999769652649484e-01 +3.1363453312614758e-04 +3.3726619233086805e-04
 26.50000000 +2.0000000000000000e+00 +1.9999980061388072e+00 +2.1389655580469134e-03 +9.9924851499655987e-01 +9.9999770297054591e-01 +3.8405086888262138e-04 +3.6973116401005319e-04
 27.00000000 +2.0000000000000000e+00 +2.0000003121809420e+00 +2.1629240460856029e-03 +9.9918645838460329e-01 +9.9999762104918477e-01 +3.9219084741511968e-04 +4.2372971827745354e-04
 27.50000000 +2.0000000000000000e+00 +1.9999975076187109e+00 +2.1338695833814625e-03 +9.9925517093003380e-01 +9.9999694226868696e-01 +3.7993221703867288e-04 +3.6795458546090500e-04
 28.00000000 +2.0000000000000000e+00 +1.9999947351184815e+00 +2.1867834950789382e-03 +9.9911566612304903e-01 +9.9999772885936444e-01 +4.3443221724100877e-04 +4.5217280047411357e-04
 28.50000000 +2.0000000000000000e+00 +1.9999974548662685e+00 +2.2000098659513633e-03 +9.9907663645330014e-01 +9.9999626627591232e-01 +4.6755702398433417e-04 +4.5954024640563069e-04
 29.00000000 +2.0000000000000000e+00 +1.9999937237800751e+00 +2.1673605034437252e-03 +9.9915310742260754e-01 +9.9999633194205528e-01 +4.0344173567296134e-04 +4.4711889846802208e-04
 29.50000000 +2.0000000000000000e+00 +1.9999906507478875e+00 +2.2054720496102304e-03 +9.9905257755675503e-01 +9.9999589458820448e-01 +4.7118011313552354e-04 +4.8034774203956331e-04
 30.00000000 +2.0000000000000000e+00 +1.9999887353215176e+00 +2.1997871325223411e-03 +9.9906043952278012e-01 +9.9999650677833785e-01 +4.6779813196407330e-04 +4.7525556779442883e-04
 30.50000000 +2.0000000000000000e+00 +1.9999846332366078e+00 +2.1427429840197186e-03 +9.9919888473015428e-01 +9.9999618543947766e-01 +3.9764672779615801e-04 +4.0728310296633119e-04
 31.00000000 +2.0000000000000000e+00 +1.9999915783058895e+00 +2.1957259359003584e-03 +9.9906093350250180e-01 +9.9999598975436732e-01 +4.4130067419414880e-04 +5.0177606979685504e-04
 31.50000000 +2.0000000000000000e+00 +1.9999868481076641e+00 +2.1872777626499025e-03 +9.9907810193176372e-01 +9.9999591567568125e-01 +4.7175152792278596e-04 +4.5423086463893436e-04
 32.00000000 +2.0000000000000000e+00 +1.9999856832396308e+00 +2.1847044551319967e-03 +9.9908004195825362e-01 +9.9999608554270236e-01 +4.5739511392254575e-04 +4.6647738583840092e-04
 32.50000000 +2.0000000000000000e+00 +1.9999905203295643e+00 +2.1530843409351247e-03 +9.9915147403210292e-01 +9.9999519491592870e-01 +4.7075951346673344e-04 +3.8257153960544280e-04
 33.00000000 +2.0000000000000000e+00 +1.9999848785879295e+00 +2.1332695807350270e-03 +9.9920473980047742e-01 +9.9999632349780188e-01 +4.2831129177515976e-04 +3.7062540981594206e-04
 33.50000000 +2.0000000000000000e+00 +1.9999803589603140e+00 +2.1364196663095861e-03 +9.9919027517626957e-01 +9.9999546910146742e-01 +4.2934083947725860e-04 +3.8491488167811375e-04
 34.00000000 +2.0000000000000000e+00 +1.9999891554357623e+00 +2.1218480177913196e-03 +9.9922987912207129e-01 +9.9999457025918181e-01 +4.2326203271764005e-04 +3.5228858724215071e-04
 34.50000000 +2.0000000000000000e+00 +1.9999856111825569e+00 +2.1308585232981533e-03 +9.9920465239615008e-01 +9.9999571659091346e-01 +4.2516703291766133e-04 +3.7446398004792005e-04
 35.00000000 +2.0000000000000000e+00 +1.9999913509303167e+00 +2.0469844764216356e-03 +9.9942047514412047e-01 +9.9999292835947706e-01 +2.9436753981522596e-04 +2.9222895659271846e-04
 35.50000000 +2.0000000000000000e+00 +1.9999805132362716e+00 +2.0560294053988512e-03 +9.9939808843169697e-01 +9.9999424756871502e-01 +2.8664045963865044e-04 +3.2102353918631320e-04
 36.00000000 +2.0000000000000000e+00 +1.9999826866988142e+00 +2.0750386293726308e-03 +9.9935296709622112e-01 +9.9999465650769104e-01 +3.0226941671925353e-04 +3.5010697860965272e-04
 36.50000000 +2.0000000000000000e+00 +1.9999851271700688e+00 +1.9967965668401598e-03 +9.9954940432069694e-01 +9.9999385098287996e-01 +2.3988023693626999e-04 +2.1686445993184854e-04
 37.00000000 +2.0000000000000000e+00 +1.9999830430441652e+00 +1.9777640638812253e-03 +9.9960198406286449e-01 +9.9999375771359866e-01 +2.4841518621972122e-04 +1.5584303742909215e-04
 37.50000000 +2.0000000000000000e+00 +1.9999905599771544e+00 +2.0386202947707622e-03 +9.9945788846668415e-01 +9.9999251648109710e-01 +2.6649511000893756e-04 +2.8309994161120907e-04
 38.00000000 +2.0000000000000000e+00 +1.9999839440431932e+00 +1.9852395551771054e-03 +9.9959482509943987e-01 +9.9999255100247442e-01 +2.0249762773927890e-04 +2.1012627086468370e-04
 38.50000000 +2.0000000000000000e+00 +1.9999873002571600e+00 +2.0249305372134268e-03 +9.9949985236588590e-01 +9.9999338565046403e-01 +2.6253101364428035e-04 +2.4423097057957880e-04
 39.00000000 +2.0000000000000000e+00 +1.9999846755080313e+00 +1.9919902429011826e-03 +9.9958400803800884e-01 +9.9999260305152349e-01 +2.1312677044119750e-04 +2.1026214103700579e-04
 39.50000000 +2.0000000000000000e+00 +1.9999823907106196e+00 +2.0173468506005021e-03 +9.9952638138832073e-01 +9.9999062093261981e-01 +2.5590831041836642e-04 +2.2708936877376774e-04
 40.00000000 +2.0000000000000000e+00 +1.9999853597963471e+00 +2.0466998793126673e-03 +9.9945803860566240e-01 +9.9999259315206745e-01 +2.5923051734404450e-04 +2.9013772599995540e-04
 40.50000000 +2.0000000000000000e+00 +1.9999775884182247e+00 +2.0381870817609946e-03 +9.9947717027773386e-01 +9.9999440451461530e-01 +2.6106306862114513e-04 +2.6736213838914985e-04
 41.00000000 +2.0000000000000000e+00 +1.9999820007827664e+00 +2.0588146460782551e-03 +9.9944012393992387e-01 +9.9999196624432929e-01 +2.7452340629640585e-04 +2.9338640889993081e-04
 41.50000000 +2.0000000000000000e+00 +1.9999824227884331e+00 +1.9872699390162092e-03 +9.9961482477533681e-01 +9.9999312082215863e-01 +2.0996411303280719e-04 +1.8209028943533850e-04
 42.00000000 +2.0000000000000000e+00 +1.9999867840123267e+00 +2.0459975320499700e-03 +9.9947526170908285e-01 +9.9999454455650982e-01 +2.7453648482955885e-04 +2.5565725021622931e-04
 42.50000000 +2.0000000000000000e+00 +1.9999862715392875e+00 +1.9913237051140918e-03 +9.9961982760295798e-01 +9.9999129800149011e-01 +1.3540655364363473e-04 +2.5346784253458263e-04
 43.00000000 +2.0000000000000000e+00 +1.9999768495021892e+00 +2.0577786737137550e-03 +9.9944699695263195e-01 +9.9999179231983149e-01 +2.6986743669902272e-04 +2.9134329184858670e-04
 43.50000000 +2.0000000000000000e+00 +1.9999862076060333e+00 +2.0071626111307136e-03 +9.9958428289975931e-01 +9.9998967690408724e-01 +2.0447714492193540e-04 +2.2156305212502300e-04
 44.00000000 +2.0000000000000000e+00 +1.9999834212175518e+00 +2.0227444229709100e-03 +9.9953746711604752e-01 +9.9999354846008870e-01 +1.8122076392710113e-04 +2.8776366049876193e-04
 44.50000000 +2.0000000000000000e+00 +1.9999785795114193e+00 +2.0671416756504481e-03 +9.9942557386272923e-01 +9.9999138914916419e-01 +2.8262574073515740e-04 +3.0041124824400824e-04
 45.00000000 +2.0000000000000000e+00 +1.9999814984927973e+00 +2.0480073925232154e-03 +9.9947210718032542e-01 +9.9999121625772069e-01 +3.1500637370006373e-04 +2.2167018778985234e-04
 45.50000000 +2.0000000000000000e+00 +1.9999957403671935e+00 +2.1042158181545636e-03 +9.9933746635551757e-01 +9.9998948422591594e-01 +2.1707109836413964e-04 +4.5597832117023017e-04
 46.00000000 +2.0000000000000000e+00 +1.9999888955070777e+00 +2.1365266359610023e-03 +9.9925062182576119e-01 +9.9999080781580862e-01 +4.0185014673195079e-04 +3.5672021072400697e-04
 46.50000000 +2.0000000000000000e+00 +1.9999901841682253e+00 +2.0892126760132025e-03 +9.9936963079317720e-01 +9.9999385438080901e-01 +3.0809708529484341e-04 +3.2841774123342724e-04
 47.00000000 +2.0000000000000000e+00 +1.9999859709333949e+00 +2.1142606704620272e-03 +9.9930398653113739e-01 +9.9999444549538385e-01 +4.2756866869724533e-04 +2.7399930467162189e-04
 47.50000000 +2.0000000000000000e+00 +1.9999789048392642e+00 +2.1166017432227243e-03 +9.9929617153116468e-01 +9.9998623179935797e-01 +3.7716477368444971e-04 +3.4043189626614066e-04
 48.00000000 +2.0000000000000000e+00 +1.9999889381218301e+00 +2.1615940114005430e-03 +9.9917449796436686e-01 +9.9999076113448315e-01 +4.5046065770015385e-04 +3.8428024294254962e-04
 48.50000000 +2.0000000000000000e+00 +1.9999816514592186e+00 +2.0946683713265373e-03 +9.9934549361530156e-01 +9.9999014615078452e-01 +2.5461675890583503e-04 +4.0974347443583958e-04
 49.00000000 +2.0000000000000000e+00 +1.9999830402555721e+00 +2.0616681690852467e-03 +9.9942153163092307e-01 +9.9998496917754776e-01 +3.1998514828348288e-04 +2.7351404313263400e-04
 49.50000000 +2.0000000000000000e+00 +1.9999910369658616e+00 +2.1390656299086624e-03 +9.9922850705628352e-01 +9.9998931041398975e-01 +4.0799628052279801e-04 +3.7418624997698018e-04
 50.00000000 +2.0000000000000000e+00 +1.9999623437808232e+00 +2.2110240650867943e-03 +9.9902960815133168e-01 +9.9999223979986118e-01 +4.5635557096668401e-04 +5.2179647696986165e-04
 50.50000000 +2.0000000000000000e+00 +1.9999666314506543e+00 +2.1314917225394854e-03 +9.9923010198877571e-01 +9.9998589187167264e-01 +4.7212058347082116e-04 +3.1188555564091850e-04
 51.00000000 +2.0000000000000000e+00 +1.9999757181497000e+00 +2.1628170792196070e-03 +9.9915329793258734e-01 +9.9998929642349588e-01 +4.9050011421609507e-04 +3.6690552969666478e-04
 51.50000000 +2.0000000000000000e+00 +1.9999841632789319e+00 +2.1187935490428636e-03 +9.9927004713692702e-01 +9.9998596507917392e-01 +3.9649421452498198e-04 +3.4749356882027147e-04
 52.00000000 +2.0000000000000000e+00 +1.9999652185849071e+00 +2.1098569474540477e-03 +9.9927477012519250e-01 +9.9999148602870180e-01 +4.1525882501102846e-04 +3.1848502022601062e-04
 52.50000000 +2.0000000000000000e+00 +1.9999730171742223e+00 +2.1063186231850823e-03 +9.9928721887716376e-01 +9.9998677802685976e-01 +3.4427419294486553e-04 +3.8172890264248605e-04
 53.00000000 +2.0000000000000000e+00 +1.9999688018098796e+00 +2.0109752174231766e-03 +9.9952849150934575e-01 +9.9999115017023787e-01 +1.9313146268651790e-04 +2.8722685802365849e-04
 53.50000000 +2.0000000000000000e+00 +1.9999750941877308e+00 +2.0987744399114565e-03 +9.9930036690062607e-01 +9.9998941199407954e-01 +3.2403447360776722e-04 +3.8618663168029629e-04
 54.00000000 +2.0000000000000000e+00 +1.9999741077733064e+00 +2.1291266890869219e-03 +9.9922507174033370e-01 +9.9998938982315877e-01 +3.9831229205274462e-04 +3.8722614396714567e-04
 54.50000000 +2.0000000000000000e+00 +1.9999877322141537e+00 +2.0856332366473670e-03 +9.9933866621196032e-01 +9.9998823448034613e-01 +2.7267304963626105e-04 +4.0042625769599503e-04
 55.00000000 +2.0000000000000000e+00 +1.9999692439376335e+00 +2.1080400114284574e-03 +9.9927945806446206e-01 +9.9998357372020885e-01 +4.1566557570792096e-04 +3.2130263962150613e-04
 55.50000000 +2.0000000000000000e+00 +1.9999565277460172e+00 +2.1479381866553200e-03 +9.9917885149279828e-01 +9.9998631122813086e-01 +5.2847551979450338e-04 +3.0636175986658730e-04
 56.00000000 +2.0000000000000000e+00 +1.9999671938839174e+00 +2.1343426881244385e-03 +9.9921185079226216e-01 +9.9998422378545582e-01 +3.6112697753673512e-04 +4.4279844407821728e-04
 56.50000000 +2.0000000000000000e+00 +1.9999688747647049e+00 +2.1455824871059303e-03 +9.9918622055820250e-01 +9.9997990173703932e-01 +4.4401508978889076e-04 +3.8986261517862981e-04
 57.00000000 +2.0000000000000000e+00 +1.9999741615322448e+00 +2.0192760691519398e-03 +9.9950593049547054e-01 +9.9997731034312975e-01 +2.5627084355248471e-04 +2.6048831711744685e-04
 57.50000000 +2.0000000000000000e+00 +1.9999657594607230e+00 +2.1022044322584767e-03 +9.9930175276785582e-01 +9.9998315835938334e-01 +4.6202089956959318e-04 +2.5306797259142720e-04
 58.00000000 +2.0000000000000000e+00 +1.9999570255386945e+00 +2.0804419383525668e-03 +9.9935614115230087e-01 +9.9998255103188138e-01 +3.3373774968719770e-04 +3.2757006687582954e-04
 58.50000000 +2.0000000000000000e+00 +1.9999552973583843e+00 +2.1290904615312860e-03 +9.9923572792604398e-01 +9.9999309390310875e-01 +4.8947391004044928e-04 +2.8170426006928693e-04
 59.00000000 +2.0000000000000000e+00 +1.9999593900118224e+00 +2.2019094057794705e-03 +9.9905377111918381e-01 +9.9998036732107531e-01 +4.8512676794828542e-04 +4.8073479183146170e-04
 59.50000000 +2.0000000000000000e+00 +1.9999733886141884e+00 +2.0357078982823264e-03 +9.9948152241959998e-01 +9.9998926329177140e-01 +1.8750781922405305e-04 +3.4170646926798921e-04
 60.00000000 +2.0000000000000000e+00 +1.9999544854656899e+00 +2.1780071438966828e-03 +9.9911822203605904e-01 +9.9998871556740498e-01 +3.7075106971275066e-04 +5.2231132625911122e-04
 60.50000000 +2.0000000000000000e+00 +1.9999437443115502e+00 +2.0803527879170837e-03 +9.9936118693362563e-01 +9.9998579680780142e-01 +3.8167508138363745e-04 +2.7134117785280304e-04
 61.00000000 +2.0000000000000000e+00 +1.9999559747204634e+00 +2.1531509820325863e-03 +9.9918595719143066e-01 +9.9998517406311505e-01 +4.5155130160913390e-04 +3.7731744330788693e-04
 61.50000000 +2.0000000000000000e+00 +1.9999701866763389e+00 +2.0750729556188821e-03 +9.9938658487355125e-01 +9.9997964631819092e-01 +3.1643826673022785e-04 +3.1733054161814823e-04
 62.00000000 +2.0000000000000000e+00 +1.9999515754663153e+00 +2.1028138342846568e-03 +9.9929868098146291e-01 +9.9997627615250584e-01 +4.4146118393246754e-04 +2.8358168266064864e-04
 62.50000000 +2.0000000000000000e+00 +1.9999573741411059e+00 +2.0896071778989424e-03 +9.9934602933581329e-01 +9.9998933638723164e-01 +2.3279198815960071e-04 +4.3184228878915203e-04
 63.00000000 +2.0000000000000000e+00 +1.9999590823436100e+00 +2.0837974661833190e-03 +9.9935956603933718e-01 +9.9998813354019922e-01 +3.3921290677965975e-04 +3.1308751320945728e-04
 63.50000000 +2.0000000000000000e+00 +1.9999548645629803e+00 +2.1018948450390756e-03 +9.9930812797275348e-01 +9.9998940789283874e-01 +3.2946997830882478e-04 +3.7299415621631606e-04
 64.00000000 +2.0000000000000000e+00 +1.9999786369026973e+00 +2.1236389744022244e-03 +9.9927927366768832e-01 +9.9998231320833486e-01 +3.8243476833459817e-04 +3.5597835516301744e-04
 64.50000000 +2.0000000000000000e+00 +1.9999580853505150e+00 +2.0858878344616368e-03 +9.9933738612565493e-01 +9.9998366181817355e-01 +3.1510486574543869e-04 +3.6384719030785610e-04
 65.00000000 +2.0000000000000000e+00 +1.9999884668174612e+00 +1.9621726364880037e-03 +9.9968105580499955e-01 +9.9998170527193597e-01 +1.5893155313301832e-04 +1.7830737039233803e-04
 65.50000000 +2.0000000000000000e+00 +1.9999551820427464e+00 +2.1259384601281842e-03 +9.9925694018821920e-01 +9.9997527267682951e-01 +4.1926687166713887e-04 +3.4852026328580397e-04
 66.00000000 +2.0000000000000000e+00 +1.9999774151772420e+00 +2.0046134889781277e-03 +9.9956898266656702e-01 +9.9998228035658498e-01 +2.0991825887987348e-04 +2.3881871856676337e-04
 66.50000000 +2.0000000000000000e+00 +1.9999488711106286e+00 +2.0118969801998987e-03 +9.9954039115062487e-01 +9.9998548765879092e-01 +1.6543197452205491e-04 +3.0868921563416494e-04
 67.00000000 +2.0000000000000000e+00 +1.9999349852640900e+00 +2.1061919469625330e-03 +9.9930353162371899e-01 +9.9998490434861420e-01 +2.8320210985460428e-04 +4.2836191775498869e-04
 67.50000000 +2.0000000000000000e+00 +1.9999429047956223e+00 +2.1253310328508052e-03 +9.9926678524639057e-01 +1.0000011076645634e+00 +3.8417346235844469e-04 +3.4793362711868048e-04
 68.00000000 +2.0000000000000000e+00 +1.9999475541549718e+00 +2.2555788112721717e-03 +9.9893630048073889e-01 +9.9998072066317079e-01 +5.2402993605599017e-04 +5.5894892008410925e-04
 68.50000000 +2.0000000000000000e+00 +1.9999617493092046e+00 +2.0716413226902642e-03 +9.9939764128232289e-01 +9.9999276378324631e-01 +2.9521309716319796e-04 +3.1438183779406960e-04
 69.00000000 +2.0000000000000000e+00 +1.9999546156337988e+00 +2.1975521423543737e-03 +9.9906817356053990e-01 +9.9997880332308786e-01 +4.2153854567562475e-04 +5.3148457077110999e-04
 69.50000000 +2.0000000000000000e+00 +1.9999333258604524e+00 +2.1666808583402082e-03 +9.9914269229031394e-01 +9.9997918958221887e-01 +3.0014319217624188e-04 +5.7797493492937457e-04
 70.00000000 +2.0000000000000000e+00 +1.9999835070041296e+00 +2.0043824117709969e-03 +9.9957910894871604e-01 +9.9997128347240116e-01 +3.7427714816917518e-04 +7.5330430693628316e-05
 70.50000000 +2.0000000000000000e+00 +1.9999279967698682e+00 +2.0811753564579185e-03 +9.9935266296451264e-01 +9.9998408078191625e-01 +4.5561635156739975e-04 +2.0763990210285067e-04
 71.00000000 +2.0000000000000000e+00 +1.9999315298923481e+00 +2.1972993792233968e-03 +9.9906864215215418e-01 +9.9997235132744511e-01 +5.5031219884181916e-04 +4.0869432159813969e-04
 71.50000000 +2.0000000000000000e+00 +1.9999310807293746e+00 +2.0761297930552251e-03 +9.9938230360431446e-01 +9.9997240743401483e-01 +2.1150559934535317e-04 +4.3378336236553892e-04
 72.00000000 +2.0000000000000000e+00 +1.9999225768194246e+00 +2.1527472217304955e-03 +9.9917212532659205e-01 +9.9998337808288829e-01 +5.0752893656646635e-04 +3.3696765446844084e-04
 72.50000000 +2.0000000000000000e+00 +1.9999166649511071e+00 +2.1923396143140603e-03 +9.9907768522587348e-01 +9.9998511087623787e-01 +5.8003877761028406e-04 +3.5716511978878349e-04
 73.00000000 +2.0000000000000000e+00 +1.9999493042631558e+00 +2.1185826266865884e-03 +9.9928385456910662e-01 +9.9998276869674363e-01 +2.1214983097624936e-04 +5.2122690318381979e-04
 73.50000000 +2.0000000000000000e+00 +1.9999252185271010e+00 +2.1421660915520329e-03 +9.9919498576649357e-01 +9.9998585354328162e-01 +3.3713482963278348e-04 +4.8202586044109139e-04
 74.00000000 +2.0000000000000000e+00 +1.9999520507690844e+00 +2.0559169367321095e-03 +9.9941923199067217e-01 +9.9996346626565824e-01 +3.5547769789120830e-04 +2.6182404516554401e-04
 74.50000000 +2.0000000000000000e+00 +1.9998980485355891e+00 +2.1600911896259086e-03 +9.9914080914601244e-01 +9.9996143677566329e-01 +4.7007893176436160e-04 +4.2767514719696049e-04
 75.00000000 +2.0000000000000000e+00 +1.9999403313198085e+00 +2.1770302714031555e-03 +9.9910988962984892e-01 +9.9997682356735029e-01 +5.3095959696488227e-04 +3.8232720582410837e-04
 75.50000000 +2.0000000000000000e+00 +1.9999524356236340e+00 +2.1194423088875393e-03 +9.9928812634653963e-01 +9.9998846787291196e-01 +4.3215461546980920e-04 +2.9125116571564885e-04
 76.00000000 +2.0000000000000000e+00 +1.9999140545151566e+00 +2.1534448865899803e-03 +9.9917360047881409e-01 +9.9999646194752057e-01 +4.8680480238967420e-04 +3.4313277138620367e-04
 76.50000000 +2.0000000000000000e+00 +1.9998995542777920e+00 +2.1030578257678692e-03 +9.9928887090951668e-01 +9.9996172103904091e-01 +4.1326721626233414e-04 +3.3614083492613525e-04
 77.00000000 +2.0000000000000000e+00 +1.9999439969595665e+00 +2.1280783620846269e-03 +9.9925740205361513e-01 +9.9995741995336695e-01 +3.5650442587980945e-04 +4.2867356710368884e-04
 77.50000000 +2.0000000000000000e+00 +1.9999225893141261e+00 +2.2062530088932950e-03 +9.9904927587874059e-01 +9.9998510891909587e-01 +4.0160965442093691e-04 +5.6400554790933066e-04
 78.00000000 +2.0000000000000000e+00 +1.9998982889560450e+00 +2.1387239503192468e-03 +9.9921246199564839e-01 +9.9996640972362982e-01 +5.2147084588090753e-04 +2.9965743505952285e-04
 78.50000000 +2.0000000000000000e+00 +1.9998994970417301e+00 +2.1165414407133720e-03 +9.9927371381156394e-01 +9.9997819833890367e-01 +4.4175791641284777e-04 +3.0632993315299827e-04
 79.00000000 +2.0000000000000000e+00 +1.9999469015513451e+00 +2.1635003899819591e-03 +9.9918297400108458e-01 +9.9997016730185140e-01 +6.3740089315740588e-04 +2.0945780422491320e-04
 79.50000000 +2.0000000000000000e+00 +1.9999117006883078e+00 +2.0581438284549506e-03 +9.9941781639006266e-01 +9.9996243454762923e-01 +1.5618675753026605e-04 +4.6356230462034695e-04
 80.00000000 +2.0000000000000000e+00 +1.9998928320051870e+00 +2.1611064819866206e-03 +9.9915952874218050e-01 +9.9996173617942452e-01 +3.6320403673057756e-04 +5.1553104152462234e-04
 80.50000000 +2.0000000000000000e+00 +1.9998859518844760e+00 +2.3515940182485180e-03 +9.9868603474178197e-01 +9.9995139347720408e-01 +6.9685243865069820e-04 +6.6571934219542027e-04
 81.00000000 +2.0000000000000000e+00 +1.9999137748632385e+00 +2.2168332685607427e-03 +9.9902358481121700e-01 +9.9998376175095482e-01 +5.6561363353992199e-04 +4.2703980404527333e-04
 81.50000000 +2.0000000000000000e+00 +1.9998908737329382e+00 +2.1711099438090869e-03 +9.9913363057467597e-01 +9.9995334836270044e-01 +4.8775361029676267e-04 +4.2526745295897762e-04
 82.00000000 +2.0000000000000000e+00 +1.9999370238619893e+00 +1.9672238739150060e-03 +9.9966120029262551e-01 +9.9995863471461877e-01 +4.3071945266208279e-05 +3.3709304682730739e-04
 82.50000000 +2.0000000000000000e+00 +1.9999333382517592e+00 +2.2784541285549571e-03 +9.9886652221426098e-01 +9.9997519267402013e-01 +5.3696820609797980e-04 +6.2131690536582681e-04
 83.00000000 +2.0000000000000000e+00 +1.9999500842941953e+00 +2.1242833725005966e-03 +9.9927309256698438e-01 +9.9997220993903246e-01 +2.4361342374760539e-04 +5.1108407077690916e-04
 83.50000000 +2.0000000000000000e+00 +1.9998979994649573e+00 +2.2131143894550767e-03 +9.9903046508313287e-01 +9.9996177002995246e-01 +4.1407312378105381e-04 +5.9369176339544086e-04
 84.00000000 +2.0000000000000000e+00 +1.9998911637220587e+00 +2.0002065901865685e-03 +9.9956020831826231e-01 +9.9993319468999298e-01 -1.6108989172610577e-05 +5.2270598099099833e-04
 84.50000000 +2.0000000000000000e+00 +1.9998874841761611e+00 +2.0416738403806721e-03 +9.9945280781590029e-01 +9.9997178992433966e-01 +2.7904790284130122e-04 +2.9635435683924167e-04
 85.00000000 +2.0000000000000000e+00 +1.9999069255461290e+00 +2.1753189754885409e-03 +9.9913593688200431e-01 +9.9998133856450733e-01 +2.9294329634752035e-04 +5.8978125659612201e-04
 85.50000000 +2.0000000000000000e+00 +1.9998651806744103e+00 +2.2239506513570873e-03 +9.9898336260097809e-01 +9.9997607865825255e-01 +6.5178804140988771e-04 +3.8877069941139569e-04
 86.00000000 +2.0000000000000000e+00 +1.9998899149865683e+00 +2.2521337147492684e-03 +9.9893406234785587e-01 +9.9995096934289063e-01 +5.8161771094822736e-04 +5.3335059836037658e-04
 86.50000000 +2.0000000000000000e+00 +1.9999410051451254e+00 +2.1274595465027644e-03 +9.9926406333524720e-01 +9.9995822258843159e-01 +3.5555792485398143e-04 +4.2215615092232019e-04
 87.00000000 +2.0000000000000000e+00 +1.9998656533333738e+00 +2.1408171559521598e-03 +9.9916841071570850e-01 +9.9996415964904761e-01 +4.2677572812366206e-04 +4.4065390713342800e-04
 87.50000000 +2.0000000000000000e+00 +1.9999274319486857e+00 +2.1852913125699931e-03 +9.9912430663379759e-01 +9.9995436554956374e-01 +3.6168856350023571e-04 +5.5963925309463522e-04
 88.00000000 +2.0000000000000000e+00 +1.9998852244871437e+00 +1.9979752304942369e-03 +9.9954990066683203e-01 +9.9995307116369458e-01 -2.6513738910598575e-04 +7.6216555925805109e-04
 88.50000000 +2.0000000000000000e+00 +1.9998743474164946e+00 +2.1654342184891525e-03 +9.9912548487989505e-01 +9.9996707888277125e-01 +5.5995627067232376e-04 +3.4747996625095163e-04
 89.00000000 +2.0000000000000000e+00 +1.9999010912069040e+00 +2.0956030872470361e-03 +9.9932703260157718e-01 +9.9996432664136092e-01 +3.6106853837200120e-04 +3.4757221860630167e-04
 89.50000000 +2.0000000000000000e+00 +1.9998613309701556e+00 +2.1721270702398394e-03 +9.9914144092964485e-01 +9.9996125043005302e-01 +4.9091575181054717e-04 +4.0639288835429491e-04
 90.00000000 +2.0000000000000000e+00 +1.9998913015020328e+00 +2.0260465658272888e-03 +9.9950274453795129e-01 +9.9993581918544594e-01 +3.0001324638505343e-04 +2.6142303086307039e-04
 90.50000000 +2.0000000000000000e+00 +1.9998533025028291e+00 +2.1493393999993246e-03 +9.9916128106009183e-01 +9.9995771458974470e-01 +4.1501013651470606e-04 +4.6599421378970405e-04
 91.00000000 +2.0000000000000000e+00 +1.9998471266474891e+00 +2.3033964319603161e-03 +9.9876916831007889e-01 +9.9999176124991507e-01 +5.6692407943001108e-04 +6.7214636013642739e-04
 91.50000000 +2.0000000000000000e+00 +1.9998702988974719e+00 +2.0953903968746529e-03 +9.9933360802142235e-01 +9.9993750741270915e-01 +2.8720407585647144e-04 +4.4168048984324020e-04
 92.00000000 +2.0000000000000000e+00 +1.9998521217093272e+00 +2.3662858285192078e-03 +9.9863567992471636e-01 +9.9994697556041012e-01 +9.0392337159486474e-04 +5.1342114312037559e-04
 92.50000000 +2.0000000000000000e+00 +1.9998669890428351e+00 +2.1725754034608298e-03 +9.9914994697706583e-01 +9.9995448168202250e-01 +4.0244719662233268e-04 +4.9312414432679873e-04
 93.00000000 +2.0000000000000000e+00 +1.9998723521597752e+00 +2.1146462984789906e-03 +9.9930297946005375e-01 +9.9997295901546390e-01 +6.6764614125599002e-04 +5.6415383227658945e-05
 93.50000000 +2.0000000000000000e+00 +1.9998333364087073e+00 +2.3115240087789547e-03 +9.9875379010795717e-01 +9.9995652747523278e-01 +5.5995830954855361e-04 +7.2972410676178513e-04
 94.00000000 +2.0000000000000000e+00 +1.9998820802226567e+00 +2.0743653332330682e-03 +9.9938209176165993e-01 +9.9993733780736171e-01 +2.0040013421490126e-04 +4.8017029741708318e-04
 94.50000000 +2.0000000000000000e+00 +1.9998611903710530e+00 +2.2759989810367193e-03 +9.9886730330393558e-01 +9.9994230120540983e-01 +4.4988098696395311e-04 +7.4051450316766016e-04
 95.00000000 +2.0000000000000000e+00 +1.9998310446365040e+00 +2.2781249635907153e-03 +9.9884714523477869e-01 +9.9995220037954802e-01 +4.7348381245788848e-04 +7.2717057374178148e-04
 95.50000000 +2.0000000000000000e+00 +1.9998421977795802e+00 +2.0984438209348776e-03 +9.9932680834327825e-01 +9.9996912312451658e-01 +4.8841698442188752e-04 +2.1565154843462511e-04
 96.00000000 +2.0000000000000000e+00 +1.9999052922663934e+00 +2.0985009391027245e-03 +9.9933753803615355e-01 +9.9997449478190537e-01 +3.1279939736238074e-04 +3.7516778458720362e-04
 96.50000000 +2.0000000000000000e+00 +1.9998191266695049e+00 +2.1794052457472851e-03 +9.9908909181106531e-01 +9.9995752804677518e-01 +2.6143449209835350e-04 +6.9194565022809187e-04
 97.00000000 +2.0000000000000000e+00 +1.9998538914561350e+00 +2.1407590972586979e-03 +9.9919645236357213e-01 +9.9995565930703512e-01 +3.8842443508944966e-04 +4.5946389480663950e-04
 97.50000000 +2.0000000000000000e+00 +1.9998149798596774e+00 +2.1220884292189402e-03 +9.9922421413030493e-01 +9.9999471677619589e-01 +4.8585996068256686e-04 +2.9520913331871143e-04
 98.00000000 +2.0000000000000000e+00 +1.9998930358291509e+00 +2.1151539938884822e-03 +9.9927941457013769e-01 +9.9993885136621707e-01 +4.4096712387620591e-04 +3.4076693990026932e-04
 98.50000000 +2.0000000000000000e+00 +1.9998807984693119e+00 +2.2538688454931282e-03 +9.9894228583473310e-01 +9.9992687450388440e-01 +6.5828480439877499e-04 +4.7255485694006310e-04
 99.00000000 +2.0000000000000000e+00 +1.9998244929063984e+00 +2.2186849672643457e-03 +9.9900252006336054e-01 +9.9997235772178716e-01 +2.3779536734005096e-04 +7.8732684765356613e-04
 99.50000000 +2.0000000000000000e+00 +1.9998331058728913e+00 +2.3322062901396947e-03 +9.9871342059288637e-01 +9.9992365390660864e-01 +5.7924267094737328e-04 +7.8368282973508593e-04
100.00000000 +2.0000000000000000e+00 +1.9998407124781652e+00 +2.1376909899885467e-03 +9.9921163809571900e-01 +9.9997946177094033e-01 +5.4723780108569605e-04 +2.6166233161079483e-04
