#discretizing the bath
#     0 0.0000000000000000e+00 -6.3189999999999946e-01
#     1 1.0540925533894598e-02 -2.3887059414175743e-01
#     2 1.0540925533894598e-02 -2.2257645869094916e-01
#     3 1.0540925533894598e-02 -2.0564704689784702e-01
#     4 1.0540925533894598e-02 -1.8810536043638598e-01
#     5 1.0540925533894598e-02 -1.6997206898338796e-01
#     6 1.0540925533894598e-02 -1.5126587962474453e-01
#     7 1.0540925533894598e-02 -1.3200382916273876e-01
#     8 1.0540925533894598e-02 -1.1220151886193480e-01
#     9 1.0540925533894598e-02 -9.1873305439137520e-02
  0.00000000 +1.0000000000000000e+00 +1.9999999999999989e+00 +1.8374661879283099e-03 +1.0000000000000000e+00 +1.0000000000000000e+00 +1.0000000000000000e+00 +1.0000000000000000e+00 +1.0000000000000000e+00 +0.0000000000000000e+00 +0.0000000000000000e+00 +0.0000000000000000e+00 +0.0000000000000000e+00 +0.0000000000000000e+00
  0.50000000 +1.0000000000000009e+00 +1.9999999998827800e+00 +1.8921690520003103e-03 +9.9986112268480021e-01 +9.9999999903553505e-01 +9.9999999903553505e-01 +9.9999999903553505e-01 +9.9999999903553505e-01 +2.7776234612910801e-05 +2.7776234612910791e-05 +2.7776234612910791e-05 +2.7776234612910787e-05 +2.7776234612910787e-05
  1.00000000 +1.0000000000000031e+00 +1.9999999986165617e+00 +2.0453541052846795e-03 +9.9947200196272146e-01 +9.9999998524906719e-01 +9.9999998526045275e-01 +9.9999998527266742e-01 +9.9999998528573653e-01 +1.0606924661087371e-04 +1.0585148583198377e-04 +1.0562265552794402e-04 +1.0538256499000261e-04 +1.0513101641074523e-04
  1.50000000 +1.0000000000000058e+00 +1.9999999936388027e+00 +2.2664546569195108e-03 +9.9890966461855080e-01 +9.9999992919991887e-01 +9.9999992931554360e-01 +9.9999992944021310e-01 +9.9999992957424444e-01 +2.2069255049686116e-04 +2.1946693954161535e-04 +2.1818270844565745e-04 +2.1683933907283288e-04 +2.1543631400399062e-04
  2.00000000 +1.0000000000000073e+00 +1.9999999812461029e+00 +2.5114234358671467e-03 +9.9828524600295065e-01 +9.9999979180237675e-01 +9.9999979238390890e-01 +9.9999979301204567e-01 +9.9999979368840231e-01 +3.5090103990996773e-04 +3.4717071273093650e-04 +3.4327811022493755e-04 +3.3922398945553876e-04 +3.3500925803244295e-04
  2.50000000 +1.0000000000000093e+00 +1.9999999573259470e+00 +2.7315986733319609e-03 +9.9772179640156955e-01 +9.9999953664311036e-01 +9.9999953863007418e-01 +9.9999954077659958e-01 +9.9999954308781125e-01 +4.7317743688314096e-04 +4.6490108616067965e-04 +4.5631264451723733e-04 +4.4742031897474741e-04 +4.3823297434651280e-04
  3.00000000 +1.0000000000000111e+00 +1.9999999181669217e+00 +2.8834708499347948e-03 +9.9732977846648707e-01 +9.9999914255518507e-01 +9.9999914781669963e-01 +9.9999915349626001e-01 +9.9999915960557806e-01 +5.6551656856689513e-04 +5.5055776939059076e-04 +5.3514670508517700e-04 +5.1931222552906056e-04 +5.0308479127416370e-04
  3.50000000 +1.0000000000000131e+00 +1.9999998611861787e+00 +2.9373698511643881e-03 +9.9718518502190334e-01 +9.9999861312677318e-01 +9.9999862470642498e-01 +9.9999863718826565e-01 +9.9999865059266124e-01 +6.1142096629071606e-04 +5.8818639980871531e-04 +5.6446983985576290e-04 +5.4034079930349009e-04 +5.1587135877820202e-04
  4.00000000 +1.0000000000000147e+00 +1.9999997854300215e+00 +2.8833204275742009e-03 +9.9731465641310679e-01 +9.9999798045379296e-01 +9.9999800252966253e-01 +9.9999802627974499e-01 +9.9999805173050960e-01 +6.0287672219879243e-04 +5.7097821536795500e-04 +5.3880176608892254e-04 +5.0647963988035356e-04 +4.7414624972200013e-04
  4.50000000 +1.0000000000000171e+00 +1.9999996917496259e+00 +2.7328989456202181e-03 +9.9769054115170619e-01 +9.9999730174009560e-01 +9.9999733915443223e-01 +9.9999737931247235e-01 +9.9999742223533805e-01 +5.4176876322590314e-04 +5.0251688637104985e-04 +4.6352964801693201e-04 +4.2501645928211571e-04 +3.8718464914369989e-04
  5.00000000 +1.0000000000000184e+00 +1.9999995826193329e+00 +2.5167443752740111e-03 +9.9823682016375703e-01 +9.9999664902123087e-01 +9.9999670632903792e-01 +9.9999676767571199e-01 +9.9999683305408071e-01 +4.3948395904323074e-04 +3.9604286039592154e-04 +3.5378439849300265e-04 +3.1298891010716107e-04 +2.7392362823412680e-04
  5.50000000 +1.0000000000000202e+00 +1.9999994616363941e+00 +2.2782614974186047e-03 +9.9884461932668844e-01 +9.9999609396190681e-01 +9.9999617408675501e-01 +9.9999625961033567e-01 +9.9999635046512148e-01 +3.1478474840859240e-04 +2.7188647775387134e-04 +2.3139140223080949e-04 +1.9361207588787339e-04 +1.5882784501288077e-04
  6.00000000 +1.0000000000000213e+00 +1.9999993328042782e+00 +2.0648224070270687e-03 +9.9939411535146405e-01 +9.9999569096825269e-01 +9.9999579370264580e-01 +9.9999590303535746e-01 +9.9999601880784206e-01 +1.9035312166618633e-04 +1.5357084302914249e-04 +1.2051415517555499e-04 +9.1451379034114156e-05 +6.6588635640195515e-05
  6.50000000 +1.0000000000000226e+00 +1.9999991997436806e+00 +1.9182670903270401e-03 +9.9977838452615109e-01 +9.9999546245667414e-01 +9.9999558316056714e-01 +9.9999571127511744e-01 +9.9999584654161233e-01 +8.8646240190049061e-05 +6.3336726330419127e-05 +4.2866142808674614e-05 +2.7350951048937131e-05 +1.6811979615154622e-05
  7.00000000 +1.0000000000000251e+00 +1.9999990649882082e+00 +1.8666264646661805e-03 +9.9992440119119774e-01 +9.9999538987131142e-01 +9.9999551876588322e-01 +9.9999565535826951e-01 +9.9999579933008897e-01 +2.7826547131571681e-05 +1.7946824648203318e-05 +1.3446056378470494e-05 +1.4171109054906070e-05 +1.9844946161777136e-05
  7.50000000 +1.0000000000000266e+00 +1.9999989295030853e+00 +1.9187206995969553e-03 +9.9980702283184164e-01 +9.9999541296731986e-01 +9.9999553536571373e-01 +9.9999566527493156e-01 +9.9999580243775577e-01 +1.8509339946746116e-05 +2.5566372095811691e-05 +3.7639437704805523e-05 +5.4211902306933760e-05 +7.4634070518162535e-05
  8.00000000 +1.0000000000000291e+00 +1.9999987925189642e+00 +2.0626819359515760e-03 +9.9945326184471928e-01 +9.9999543818624448e-01 +9.9999553584531542e-01 +9.9999564067387181e-01 +9.9999575270127872e-01 +6.1914270409248382e-05 +8.4304313234974496e-05 +1.1025008407205822e-04 +1.3884148548694224e-04 +1.6906059551197189e-04
  8.50000000 +1.0000000000000298e+00 +1.9999986517091359e+00 +2.2686414989519237e-03 +9.9893613256713953e-01 +9.9999535499319625e-01 +9.9999540853332780e-01 +9.9999546936425288e-01 +9.9999553813900033e-01 +1.4974425396040080e-04 +1.8267636626711738e-04 +2.1663466217795467e-04 +2.5038489889534768e-04 +2.8265622193274334e-04
  9.00000000 +1.0000000000000324e+00 +1.9999985036697798e+00 +2.4949756534629846e-03 +9.9835946524455699e-01 +9.9999505724194482e-01 +9.9999504931251082e-01 +9.9999505012447132e-01 +9.9999506138364369e-01 +2.6579541394404857e-04 +3.0188150800328261e-04 +3.3569325178145720e-04 +3.6585858959838703e-04 +3.9108792970685212e-04
  9.50000000 +1.0000000000000353e+00 +1.9999983446033009e+00 +2.6967943239494564e-03 +9.9783686807392302e-01 +9.9999446538070536e-01 +9.9999438400828589e-01 +9.9999431514076820e-01 +9.9999426200687491e-01 +3.8898460616299343e-04 +4.1943834534353052e-04 +4.4410166979528057e-04 +4.6175711614782549e-04 +4.7142365216742250e-04
 10.00000000 +1.0000000000000357e+00 +1.9999981710664436e+00 +2.8349267262972825e-03 +9.9746913670875959e-01 +9.9999354489827097e-01 +9.9999338630625234e-01 +9.9999324719064220e-01 +9.9999313273491097e-01 +4.9722525307331243e-04 +5.1347359272572535e-04 +5.2093138225086462e-04 +5.1888916466337595e-04 +5.0703276862986931e-04
 10.50000000 +1.0000000000000371e+00 +1.9999979806343735e+00 +2.8835895893992314e-03 +9.9732464271892085e-01 +9.9999231695508306e-01 +9.9999208713588894e-01 +9.9999188753610380e-01 +9.9999172559294014e-01 +5.7143412793123299e-04 +5.6683926219445763e-04 +5.5173622505697050e-04 +5.2626204559539063e-04 +4.9106840047168305e-04
 11.00000000 +1.0000000000000382e+00 +1.9999977723515854e+00 +2.8352248660330178e-03 +9.9742654772503292e-01 +9.9999085856428482e-01 +9.9999057304118677e-01 +9.9999033225671730e-01 +9.9999014597989400e-01 +5.9893731289667072e-04 +5.7027867718621110e-04 +5.3130321578109471e-04 +4.8322421151469777e-04 +4.2779901569973115e-04
 11.50000000 +1.0000000000000420e+00 +1.9999975468852873e+00 +2.7015959424276626e-03 +9.9774924464345338e-01 +9.9998929171404316e-01 +9.9998897323500657e-01 +9.9998871708618919e-01 +9.9998853517110264e-01 +5.7566367974012109e-04 +5.2405358009395976e-04 +4.6454138332694089e-04 +3.9944739383627895e-04 +3.3153211341661410e-04
 12.00000000 +1.0000000000000433e+00 +1.9999973063576983e+00 +2.5110054644507315e-03 +9.9822452957368768e-01 +9.9998776305079984e-01 +9.9998743736291962e-01 +9.9998719323946483e-01 +9.9998704425145146e-01 +5.0674487501020519e-04 +4.3774644309053554e-04 +3.6536019695929584e-04 +2.9278381597402041e-04 +2.2339719085950034e-04
 12.50000000 +1.0000000000000460e+00 +1.9999970538976954e+00 +2.3022825977822769e-03 +9.9875605074793061e-01 +9.9998641771867014e-01 +9.9998610800075682e-01 +9.9998589871729149e-01 +9.9998580445415475e-01 +4.0543781600354910e-04 +3.2830406445606317e-04 +2.5379080085904872e-04 +1.8547371910497507e-04 +1.2671396100060971e-04
 13.00000000 +1.0000000000000464e+00 +1.9999967930067621e+00 +2.1168228187635426e-03 +9.9923896139308477e-01 +9.9998537225992246e-01 +9.9998509315147432e-01 +9.9998493071438466e-01 +9.9998489987640271e-01 +2.9059340494058569e-04 +2.1672233495438864e-04 +1.5194815573793769e-04 +9.9512622899044863e-05 +6.1966086432102384e-05
 13.50000000 +1.0000000000000484e+00 +1.9999965268685731e+00 +1.9903234579652681e-03 +9.9958074036247668e-01 +9.9998469184150340e-01 +9.9998444421265198e-01 +9.9998432476897547e-01 +9.9998434831603711e-01 +1.8315675118086159e-04 +1.2402396581706441e-04 +7.9652304526281635e-05 +5.2148341841150529e-05 +4.2469135231855610e-05
 14.00000000 +1.0000000000000504e+00 +1.9999962577392603e+00 +1.9458767712378104e-03 +9.9971901604268409e-01 +9.9998437638752691e-01 +9.9998414398553037e-01 +9.9998404513854922e-01 +9.9998409453020864e-01 +1.0235232787894325e-04 +6.7304071430506236e-05 +5.0580409528374218e-05 +5.2434202197454390e-05 +7.1652904717560713e-05
 14.50000000 +1.0000000000000517e+00 +1.9999959865358516e+00 +1.9897643705450532e-03 +9.9963293960339794e-01 +9.9998435858372381e-01 +9.9998410744638633e-01 +9.9998398877527661e-01 +9.9998401782394963e-01 +6.2252929764066030e-05 +5.6591473147221341e-05 +6.9700187082210048e-05 +9.9529770218668902e-05 +1.4251340731250543e-04
 15.00000000 +1.0000000000000533e+00 +1.9999957126978856e+00 +2.1107160948125969e-03 +9.9934603722881743e-01 +9.9998451448239789e-01 +9.9998419555508911e-01 +9.9998400261469100e-01 +9.9998395300702680e-01 +6.9347964157875377e-05 +9.3104363340844602e-05 +1.3246722852282400e-04 +1.8306612742824429e-04 +2.3931142879509524e-04
 15.50000000 +1.0000000000000555e+00 +1.9999954343412230e+00 +2.2826781620065018e-03 +9.9892022983493578e-01 +9.9998468501070215e-01 +9.9998423981526674e-01 +9.9998391121464281e-01 +9.9998372099670851e-01 +1.2153228480059919e-04 +1.6920265051629426e-04 +2.2590974449759882e-04 +2.8545982779658281e-04 +3.4110862041130606e-04
 16.00000000 +1.0000000000000568e+00 +1.9999951486649148e+00 +2.4704295192854433e-03 +9.9844247772351569e-01 +9.9998470454856958e-01 +9.9998407313779203e-01 +9.9998354963396963e-01 +9.9998316326750436e-01 +2.0866936519170170e-04 +2.7001089724064777e-04 +3.3134790503524896e-04 +3.8565935579450503e-04 +4.2634416567195727e-04
 16.50000000 +1.0000000000000595e+00 +1.9999948525233453e+00 +2.6368345458260755e-03 +9.9800693022287901e-01 +9.9998443131980119e-01 +9.9998356123278898e-01 +9.9998279526823308e-01 +9.9998217340147588e-01 +3.1459269752151991e-04 +3.7636915615785633e-04 +4.2817658886077053e-04 +4.6352277192319654e-04 +4.7744734065657731e-04
 17.00000000 +1.0000000000000608e+00 +1.9999945430462340e+00 +2.7502314839064923e-03 +9.9769626121810440e-01 +9.9998377391650783e-01 +9.9998262854080044e-01 +9.9998159241795215e-01 +9.9998071939366073e-01 +4.2015056178750025e-04 +4.6852449712745449e-04 +4.9794225138977827e-04 +5.0391215222564748e-04 +4.8449505074821367e-04
 17.50000000 +1.0000000000000631e+00 +1.9999942181836046e+00 +2.7904792106802135e-03 +9.9756590967491987e-01 +9.9998270894354913e-01 +9.9998127366729261e-01 +9.9997996466156014e-01 +9.9997885206154757e-01 +5.0671849226537546e-04 +5.2984875519311776e-04 +5.2790363412265036e-04 +4.9966918077128445e-04 +4.4715092909369168e-04
 18.00000000 +1.0000000000000655e+00 +1.9999938770718484e+00 +2.7525050476362293e-03 +9.9763423769760107e-01 +9.9998128640192929e-01 +9.9997957123002668e-01 +9.9997801239895845e-01 +9.9997669757351826e-01 +5.5953223373248471e-04 +5.4987967275361386e-04 +5.1338680312215050e-04 +4.5288619900952761e-04 +3.7450978967496802e-04
 18.50000000 +1.0000000000000675e+00 +1.9999935201558587e+00 +2.6467381494263190e-03 +9.9788033507386276e-01 +9.9997962171584320e-01 +9.9997765959263807e-01 +9.9997589577751023e-01 +9.9997443522403517e-01 +5.7024225339701268e-04 +5.2612768895932995e-04 +4.5849972516756257e-04 +3.7425231457227285e-04 +2.8293063435058831e-04
 19.00000000 +1.0000000000000686e+00 +1.9999931490525509e+00 +2.4964590398666511e-03 +9.9824961702503934e-01 +9.9997787580732311e-01 +9.9997571664260310e-01 +9.9997380605130792e-01 +9.9997226452062393e-01 +5.3824720121399691e-04 +4.6433823479939787e-04 +3.7510636915912850e-04 +2.8065627152847744e-04 +1.9237187674453653e-04
 19.50000000 +1.0000000000000706e+00 +1.9999927661924022e+00 +2.3327115572587330e-03 +9.9866580957921192e-01 +9.9997622685590559e-01 +9.9997392805614804e-01 +9.9997193069548218e-01 +9.9997036781636250e-01 +4.7059676977460879e-04 +3.7719973358322210e-04 +2.8030658497142440e-04 +1.9158236812994150e-04 +1.2205154078404129e-04
 20.00000000 +1.0000000000000728e+00 +1.9999923743176755e+00 +2.1878855028833874e-03 +9.9904670491055725e-01 +9.9997483892273908e-01 +9.9997245393307088e-01 +9.9997041884931392e-01 +9.9996887567893766e-01 +3.8051957747200490e-04 +2.8178195371870231e-04 +1.9295661377535824e-04 +1.2507044487123921e-04 +8.6379115907527331e-05
 20.50000000 +1.0000000000000742e+00 +1.9999919759410509e+00 +2.0892992841413265e-03 +9.9932042691731338e-01 +9.9997383318004540e-01 +9.9997140000354667e-01 +9.9996935364488604e-01 +9.9996784173187137e-01 +2.8487964084385187e-04 +1.9622193399626092e-04 +1.2994015812065919e-04 +9.4080301432386600e-05 +9.2022488314924284e-05
 21.00000000 +1.0000000000000757e+00 +1.9999915728716837e+00 +2.0540568425007153e-03 +9.9943898106200590e-01 +9.9997326696961131e-01 +9.9997079874823980e-01 +9.9996873669225184e-01 +9.9996723191640779e-01 +2.0105086100343590e-04 +1.3630275033152614e-04 +1.0292973875619867e-04 +1.0399486756991357e-04 +1.3670639420185619e-04
 21.50000000 +1.0000000000000773e+00 +1.9999911658981209e+00 +2.0861446428164913e-03 +9.9938653744279815e-01 +9.9997312442728914e-01 +9.9997060390316517e-01 +9.9996848768765945e-01 +9.9996693035217987e-01 +1.4379050107936282e-04 +1.1257242034076617e-04 +1.1626065987542527e-04 +1.5174179574999625e-04 +2.0995081024939902e-04
 22.00000000 +1.0000000000000795e+00 +1.9999907546827613e+00 +2.1762454671322446e-03 +9.9918104990258050e-01 +9.9997332024685448e-01 +9.9997069930586047e-01 +9.9996845923734234e-01 +9.9996676076611390e-01 +1.2267585875220342e-04 +1.2852944082019754e-04 +1.6630274921879479e-04 +2.2666673951031641e-04 +2.9553575334441857e-04
 22.50000000 +1.0000000000000810e+00 +1.9999903378788220e+00 +2.3041826855374125e-03 +9.9886919496655691e-01 +9.9997371573220206e-01 +9.9997092036414903e-01 +9.9996846410432016e-01 +9.9996651944445647e-01 +1.4054948284760639e-04 +1.8018438813942634e-04 +2.4240865148037824e-04 +3.1292774158264648e-04 +3.7511512467106002e-04
 23.00000000 +1.0000000000000839e+00 +1.9999899134367249e+00 +2.4433883854289439e-03 +9.9851593613852152e-01 +9.9997414405999252e-01 +9.9997108410287028e-01 +9.9996830974656725e-01 +9.9996601343514047e-01 +1.9322210166931321e-04 +2.5703784425602544e-04 +3.2920465110273806e-04 +3.9287464397714730e-04 +4.3217327632160698e-04
 23.50000000 +1.0000000000000850e+00 +1.9999894790313728e+00 +2.5664141152023606e-03 +9.9819101999773285e-01 +9.9997444005677927e-01 +9.9997102220300405e-01 +9.9996783366824538e-01 +9.9996509672188427e-01 +2.7044708187284601e-04 +3.4424641112511885e-04 +4.0973299261866603e-04 +4.5069165144900214e-04 +4.5546921571354150e-04
 24.00000000 +1.0000000000000877e+00 +1.9999890325214980e+00 +2.6503426712324932e-03 +9.9795520559885786e-01 +9.9997446907314003e-01 +9.9997061097088924e-01 +9.9996693300108053e-01 +9.9996369749947034e-01 +3.5794985458140259e-04 +4.2553175161006671e-04 +4.6880265338294382e-04 +4.7554982934426977e-04 +4.4124976808104945e-04
 24.50000000 +1.0000000000000886e+00 +1.9999885723504038e+00 +2.6810353267082447e-03 +9.9784894324462770e-01 +9.9997414982449928e-01 +9.9996979283429621e-01 +9.9996558287695614e-01 +9.9996183141357975e-01 +4.4011214548742760e-04 +4.8626198332160251e-04 +4.9588528507812848e-04 +4.6364100245504782e-04 +3.9379939014214484e-04
 25.00000000 +1.0000000000000906e+00 +1.9999880978133791e+00 +2.6554342788681199e-03 +9.9788559832870904e-01 +9.9997346728497305e-01 +9.9996858561209223e-01 +9.9996384031144259e-01 +9.9995959834146309e-01 +5.0280592346362723e-04 +5.1612122438445505e-04 +4.8700431070970653e-04 +4.1871447007476323e-04 +3.2426419314099283e-04
 25.50000000 +1.0000000000000930e+00 +1.9999876091469979e+00 +2.5815669576942759e-03 +9.9805031132280175e-01 +9.9997247361580444e-01 +9.9996707811550489e-01 +9.9996183306543596e-01 +9.9995716344580610e-01 +5.3586219002005580e-04 +5.1088047323450520e-04 +4.4528156481147771e-04 +3.5105745576006884e-04 +2.4805875128510341e-04
 26.00000000 +1.0000000000000937e+00 +1.9999871074325113e+00 +2.4763741041462922e-03 +9.9830441627101807e-01 +9.9997127731502078e-01 +9.9996541316541809e-01 +9.9995973575725383e-01 +9.9995472621782977e-01 +5.3474358420050911e-04 +4.7296904347051148e-04 +3.8008103145928960e-04 +2.7518102200334087e-04 +1.8145659279548455e-04
 26.50000000 +1.0000000000000961e+00 +1.9999865943421764e+00 +2.3619091379754285e-03 +9.9859424903319549e-01 +9.9997002287512438e-01 +9.9996376137592491e-01 +9.9995773782778541e-01 +9.9995248346249266e-01 +5.0114874287194005e-04 +4.1078210825130711e-04 +3.0496672992098828e-04 +2.0672910891690903e-04 +1.3811873599661010e-04
 27.00000000 +1.0000000000000973e+00 +1.9999860717863602e+00 +2.2607494645254726e-03 +9.9886237631858033e-01 +9.9996886485069625e-01 +9.9996229064588449e-01 +9.9995600938561413e-01 +9.9995059324807312e-01 +4.4247885407040695e-04 +3.3689995843956235e-04 +2.3491669623813604e-04 +1.5926893182075893e-04 +1.2630111107006368e-04
 27.50000000 +1.0000000000000995e+00 +1.9999855415352630e+00 +2.1915694228493432e-03 +9.9905891076357833e-01 +9.9996794109100262e-01 +9.9996113694197419e-01 +9.9995467122828896e-01 +9.9994914655701694e-01 +3.7030449369616268e-04 +2.6559273392446665e-04 +1.8336477392938389e-04 +1.4162136152939505e-04 +1.4731005555717279e-04
 28.00000000 +1.0000000000001010e+00 +1.9999850048898014e+00 +2.1657379714498403e-03 +9.9915069446936999e-01 +9.9996734985843905e-01 +9.9996038155879130e-01 +9.9995377442598321e-01 +9.9994815181257213e-01 +2.9814574318540838e-04 +2.1010467261216702e-04 +1.5965442278180928e-04 +1.5625514395662670e-04 +1.9548789281405963e-04
 28.50000000 +1.0000000000001026e+00 +1.9999844624622414e+00 +2.1855504987089011e-03 +9.9912668261023918e-01 +9.9996713467475939e-01 +9.9996003871105466e-01 +9.9995329296475643e-01 +9.9994753493971245e-01 +2.3899024086440190e-04 +1.8023449938888822e-04 +1.6738589637146085e-04 +1.9903165118456540e-04 +2.5967381218144664e-04
 29.00000000 +1.0000000000001039e+00 +1.9999839141022540e+00 +2.2443439551908090e-03 +9.9899870547371394e-01 +9.9996727920901540e-01 +9.9996005532592402e-01 +9.9995313045788969e-01 +9.9994715464899553e-01 +2.0300440573595550e-04 +1.8065292076489074e-04 +2.0394460875029389e-04 +2.6029995979132625e-04 +3.2577298993868820e-04
 29.50000000 +1.0000000000001061e+00 +1.9999833589736704e+00 +2.3283563712558214e-03 +9.9879774546662325e-01 +9.9996771264937545e-01 +9.9996032264812518e-01 +9.9995313932721197e-01 +9.9994682978465388e-01 +1.9584022694471871e-04 +2.1024243933845317e-04 +2.6125598486927707e-04 +3.2706633395661739e-04 +3.7984513943187308e-04
 30.00000000 +1.0000000000001075e+00 +1.9999827957576104e+00 +2.4198552142449554e-03 +9.9856673793410666e-01 +9.9996832413889714e-01 +9.9996069716950120e-01 +9.9995314862119855e-01 +9.9994637339218972e-01 +2.1781664799572852e-04 +2.6254147502103952e-04 +3.2757030195659353e-04 +3.8575387956803583e-04 +4.1103644010374353e-04
 30.50000000 +1.0000000000001097e+00 +1.9999822229347763e+00 +2.5008381903779608e-03 +9.9835152301642738e-01 +9.9996898333703699e-01 +9.9996102682522814e-01 +9.9995299517699876e-01 +9.9994562703485490e-01 +2.6408590828471540e-04 +3.2716438896272429e-04 +3.8988758350197862e-04 +4.2496733171603192e-04 +4.1373939753688204e-04
 31.00000000 +1.0000000000001108e+00 +1.9999816390873846e+00 +2.5565419279842236e-03 +9.9819183335277784e-01 +9.9996956324843900e-01 +9.9996117762488979e-01 +9.9995255239466907e-01 +9.9994448900802668e-01 +3.2571365002246483e-04 +3.9189147309716849e-04 +4.3652361994317131e-04 +4.3770096945660621e-04 +3.8855465923435032e-04
 31.50000000 +1.0000000000001124e+00 +1.9999810431613783e+00 +2.5780823250153967e-03 +9.9811407124728557e-01 +9.9996996127082738e-01 +9.9996105601419594e-01 +9.9995175151981974e-01 +9.9994293140852508e-01 +3.9144055627021647e-04 +4.4501042575369697e-04 +4.5931160111275891e-04 +4.2256467026822948e-04 +3.4190128650546354e-04
 32.00000000 +1.0000000000001146e+00 +1.9999804346412102e+00 +2.5637672840822731e-03 +9.9812716043020222e-01 +9.9997011494744303e-01 +9.9996062322854162e-01 +9.9995059187082957e-01 +9.9994100323055735e-01 +4.4978100989790867e-04 +4.7746174891850684e-04 +4.5502662360338343e-04 +3.8382121991776831e-04 +2.8441569066249496e-04
 32.50000000 +1.0000000000001161e+00 +1.9999798136096927e+00 +2.5189161296815419e-03 +9.9822206724144502e-01 +9.9997001002964514e-01 +9.9995989948910924e-01 +9.9994913858051349e-01 +9.9993881933614936e-01 +4.9106893475701137e-04 +4.8439675242126315e-04 +4.2578996911990318e-04 +3.3027899300051437e-04 +2.2853067442196940e-04
 33.00000000 +1.0000000000001179e+00 +1.9999791806895602e+00 +2.4543263060034727e-03 +9.9837482595382676e-01 +9.9996967992783414e-01 +9.9995895778876653e-01 +9.9994750873360394e-01 +9.9993653776741298e-01 +5.0908783531538433e-04 +4.6588408564233818e-04 +3.7841984215892822e-04 +2.7331514268147427e-04 +1.8578292335038533e-04
 33.50000000 +1.0000000000001199e+00 +1.9999785368864318e+00 +2.3837848878820386e-03 +9.9855222862719739e-01 +9.9996919717118438e-01 +9.9995790886185243e-01 +9.9994584883893189e-01 +9.9993432994096576e-01 +5.0201300208276445e-04 +4.2667180324615491e-04 +3.2290221203770886e-04 +2.2446904013550094e-04 +1.6443050296757739e-04
 34.00000000 +1.0000000000001212e+00 +1.9999778833705237e+00 +2.3211821376512209e-03 +9.9871887901554757e-01 +9.9996865883198105e-01 +9.9995688040012931e-01 +9.9994430801265222e-01 +9.9993234942190679e-01 +4.7252955891168100e-04 +3.7509270818331667e-04 +2.7031901571764061e-04 +1.9311315905151479e-04 +1.6786987652845579e-04
 34.50000000 +1.0000000000001232e+00 +1.9999772212435007e+00 +2.2778218691229335e-03 +9.9884413871152766e-01 +9.9996816877724815e-01 +9.9995599442423566e-01 +9.9994301183059153e-01 +9.9993070503274128e-01 +4.2714393741788111e-04 +3.2135664522420394e-04 +2.3066111585259673e-04 +1.8466952610965044e-04 +1.9414999967022904e-04
 35.00000000 +1.0000000000001248e+00 +1.9999765513362255e+00 +2.2604401434114362e-03 +9.9890762477127071e-01 +9.9996781995900608e-01 +9.9995534682909437e-01 +9.9994204146666277e-01 +9.9992944304228371e-01 +3.7484986043937851e-04 +2.7557636914335697e-04 +2.1095580267446916e-04 +1.9970717231141988e-04 +2.3663472773989810e-04
 35.50000000 +1.0000000000001263e+00 +1.9999758740737037e+00 +2.2702653877078286e-03 +9.9890230314502482e-01 +9.9996767972344158e-01 +9.9995499251597908e-01 +9.9994142157577159e-01 +9.9992854133071674e-01 +3.2541762791285950e-04 +2.4590673816483807e-04 +2.1405694482555906e-04 +2.3406124474876361e-04 +2.8561915404809321e-04
 36.00000000 +1.0000000000001288e+00 +1.9999751894278568e+00 +2.3032221865629055e-03 +9.9883476592978737e-01 +9.9996778039121603e-01 +9.9995493835321569e-01 +9.9994111865386359e-01 +9.9992791611769294e-01 +2.8762974496660400e-04 +2.3713741764320418e-04 +2.3830016256828261e-04 +2.7990033634354798e-04 +3.3051289334897025e-04
 36.50000000 +1.0000000000001308e+00 +1.9999744969600137e+00 +2.3511478245720435e-03 +9.9872286294358081e-01 +9.9996811630042037e-01 +9.9995514471399349e-01 +9.9994104965599862e-01 +9.9992743951851604e-01 +2.6777956219678755e-04 +2.4997799822270081e-04 +2.7804727138455493e-04 +3.2747983088990255e-04 +3.6210220545221199e-04
 37.00000000 +1.0000000000001326e+00 +1.9999737959377839e+00 +2.4037018556745250e-03 +9.9859136106042645e-01 +9.9996864732031632e-01 +9.9995553480787192e-01 +9.9994109884035542e-01 +9.9992696429016470e-01 +2.6868676847842615e-04 +2.8113350362871922e-04 +3.2497019450840195e-04 +3.6719294050108426e-04 +3.7441027441297161e-04
 37.50000000 +1.0000000000001341e+00 +1.9999730854978279e+00 +2.4505386764395844e-03 +9.9846663489939591e-01 +9.9996930775278092e-01 +9.9995600972506904e-01 +9.9994113945180141e-01 +9.9992635097758997e-01 +2.8937843327237915e-04 +3.2411611877964557e-04 +3.6978842706462852e-04 +3.9149025771689869e-04 +3.6578395720266322e-04
 38.00000000 +1.0000000000001348e+00 +1.9999723648195684e+00 +2.4832969562536148e-03 +9.9837149841673978e-01 +9.9997001872026903e-01 +9.9995646626246315e-01 +9.9994105618214857e-01 +9.9992549244982687e-01 +3.2545790443824042e-04 +3.7060471416835880e-04 +4.0410065769591461e-04 +3.9628709279889741e-04 +3.3901760013150173e-04
 38.50000000 +1.0000000000001374e+00 +1.9999716332758757e+00 +2.4970333268803145e-03 +9.9832116610299793e-01 +9.9997070171193791e-01 +9.9995681431621919e-01 +9.9994076442923729e-01 +9.9992433152177318e-01 +3.7006004439694453e-04 +4.1207162279016966e-04 +4.2195146891284714e-04 +3.8160117995131239e-04 +3.0053760247257137e-04
 39.00000000 +1.0000000000001401e+00 +1.9999708905338938e+00 +2.4908688302158568e-03 +9.9832102762100405e-01 +9.9997129096292170e-01 +9.9995699091845458e-01 +9.9994022316458930e-01 +9.9992286881631853e-01 +4.1519214172306725e-04 +4.4136120117587769e-04 +4.2084424836760765e-04 +3.5133251099120941e-04 +2.5886841515416532e-04
 39.50000000 +1.0000000000001414e+00 +1.9999701365913305e+00 +2.4677914284439474e-03 +9.9836650670419613e-01 +9.9997174273682554e-01 +9.9995696877220008e-01 +9.9993943952744857e-01 +9.9992115992744690e-01 +4.5320185944444885e-04 +4.5393049096113558e-04 +4.0203415608201966e-04 +3.1227522895115896e-04 +2.2274059715156937e-04
 40.00000000 +1.0000000000001430e+00 +1.9999693717470655e+00 +2.4337286590560164e-03 +9.9844484495120689e-01 +9.9997204026528852e-01 +9.9995675822948293e-01 +9.9993846482657678e-01 +9.9991930292571818e-01 +4.7810496744661921e-04 +4.4854071214768521e-04 +3.7008345084426112e-04 +2.7260193693135479e-04 +1.9925773507531040e-04
 40.50000000 +1.0000000000001441e+00 +1.9999685965176792e+00 +2.3961375871548447e-03 +9.9853829037942166e-01 +9.9997219392785752e-01 +9.9995640284882836e-01 +9.9993738315591973e-01 +9.9991741893658614e-01 +4.8654521315308162e-04 +4.2730183712490390e-04 +3.3180532402428246e-04 +2.4015433541420554e-04 +1.9250404239536811e-04
 41.00000000 +1.0000000000001470e+00 +1.9999678115208330e+00 +2.3624313984631990e-03 +9.9862794442671288e-01 +9.9997223707606808e-01 +9.9995596974700451e-01 +9.9993629504760317e-01 +9.9991562962631841e-01 +4.7823675428497052e-04 +3.9509795951909316e-04 +2.9483381998805211e-04 +2.2089486665023128e-04 +2.0286067658811127e-04
 41.50000000 +1.0000000000001485e+00 +1.9999670173507778e+00 +2.3385643917959104e-03 +9.9869746211374100e-01 +9.9997221858000773e-01 +9.9995553674786020e-01 +9.9993529929936620e-01 +9.9991403578024207e-01 +4.5583997509320706e-04 +3.5853447011959113e-04 +2.6611651397029894e-04 +2.1782181465829735e-04 +2.2713470568625006e-04
 42.00000000 +1.0000000000001503e+00 +1.9999662144703847e+00 +2.3280356785095862e-03 +9.9873590465520690e-01 +9.9997219360521516e-01 +9.9995517871642736e-01 +9.9993447623045428e-01 +9.9991270073212501e-01 +4.2432499098339757e-04 +3.2462870419214566e-04 +2.5062479344983932e-04 +2.3053977508845957e-04 +2.5942779761190644e-04
 42.50000000 +1.0000000000001519e+00 +1.9999654031385732e+00 +2.3314647662459912e-03 +9.9873927604406754e-01 +9.9997221426574379e-01 +9.9995495541550805e-01 +9.9993387515927645e-01 +9.9991164132328669e-01 +3.8996501469832913e-04 +2.9950053282042598e-04 +2.5051766149507981e-04 +2.5553431557232269e-04 +2.9252026829273856e-04
 43.00000000 +1.0000000000001530e+00 +1.9999645833833817e+00 +2.3467650625619290e-03 +9.9871057703414756e-01 +9.9997232165341787e-01 +9.9995490277981358e-01 +9.9993350797865455e-01 +9.9991082756973371e-01 +3.5915919109488683e-04 +2.8730448414879695e-04 +2.6489370048359370e-04 +2.8705490240289039e-04 +3.1945070687174369e-04
 43.50000000 +1.0000000000001554e+00 +1.9999637550211407e+00 +2.3698214442257727e-03 +9.9865851510614756e-01 +9.9997254036827077e-01 +9.9995502877770936e-01 +9.9993334952304813e-01 +9.9991019059172781e-01 +3.3730301557863626e-04 +2.8958607554161901e-04 +2.9014436709883288e-04 +3.1839323345328561e-04 +3.3494894220494330e-04
 44.00000000 +1.0000000000001579e+00 +1.9999629177133602e+00 +2.3954885948993861e-03 +9.9859525672280136e-01 +9.9997287615801789e-01 +9.9995531417032235e-01 +9.9993334420271207e-01 +9.9990963691390111e-01 +3.2790302752240351e-04 +3.0515569497102738e-04 +3.2080494000255361e-04 +3.4327707070623987e-04 +3.3643109983213598e-04
 44.50000000 +1.0000000000001594e+00 +1.9999620710466466e+00 +2.4186826394889554e-03 +9.9853375511818887e-01 +9.9997331671591594e-01 +9.9995571763961155e-01 +9.9993341733820729e-01 +9.9990906622521913e-01 +3.3207733041253399e-04 +3.3047205438297848e-04 +3.5070964384935138e-04 +3.5709313779380708e-04 +3.2437479721733571e-04
 45.00000000 +1.0000000000001608e+00 +1.9999612146180235e+00 +2.4353439581027161e-03 +9.9848521406241320e-01 +9.9997383518234240e-01 +9.9995618408031650e-01 +9.9993348893359768e-01 +9.9990838925334524e-01 +3.4850652013212975e-04 +3.6043354101547099e-04 +3.7421054173305862e-04 +3.5770433030065654e-04 +3.0203355560805148e-04
 45.50000000 +1.0000000000001636e+00 +1.9999603481089556e+00 +2.4430978214775839e-03 +9.9845716232999937e-01 +9.9997439552123191e-01 +9.9995665443457094e-01 +9.9993348737313870e-01 +9.9990754259809078e-01 +3.7381587366854902e-04 +3.8940669006648368e-04 +3.8722222518280106e-04 +3.4572238383940782e-04 +2.7459057102766050e-04
 46.00000000 +1.0000000000001641e+00 +1.9999594713353495e+00 +2.4415174202923034e-03 +9.9845244366014985e-01 +9.9997495874284092e-01 +9.9995707533781997e-01 +9.9993336072459549e-01 +9.9990649810867160e-01 +4.0329451601777284e-04 +4.1228783124708560e-04 +3.8790262532035152e-04 +3.2421513875271156e-04 +2.4796331540688293e-04
 46.50000000 +1.0000000000001656e+00 +1.9999585842667498e+00 +2.4319823288995448e-03 +9.9846921537689182e-01 +9.9997548892991062e-01 +9.9995740703032876e-01 +9.9993308391348001e-01 +9.9990526551060932e-01 +4.3180360167390571e-04 +4.2540064775907618e-04 +3.7686220105992690e-04 +2.9794239519412909e-04 +2.2753039392388322e-04
 47.00000000 +1.0000000000001676e+00 +1.9999576870146447e+00 +2.4172056465406972e-03 +9.9850184195846203e-01 +9.9997595817426987e-01 +9.9995762841082003e-01 +9.9993266086597443e-01 +9.9990388826408994e-01 +4.5470152977101943e-04 +4.2707517171057784e-04 +3.5689133244738919e-04 +2.7230304711278047e-04 +2.1705124618155862e-04
 47.50000000 +1.0000000000001694e+00 +1.9999567797956952e+00 +2.4005598588298016e-03 +9.9854240824594132e-01 +9.9997634980100691e-01 +9.9995773867522608e-01 +9.9993212164082723e-01 +9.9990243382836941e-01 +4.6862224300873995e-04 +4.1782237525303577e-04 +3.3228906106757536e-04 +2.5222245618317904e-04 +2.1799167396576290e-04
 48.00000000 +1.0000000000001708e+00 +1.9999558628797796e+00 +2.3853560761057601e-03 +9.9858248776023872e-01 +9.9997665958968551e-01 +9.9995775558660838e-01 +9.9993151541633585e-01 +9.9990098040970310e-01 +4.7197924345059576e-04 +4.0009859319437772e-04 +3.0794757888765720e-04 +2.4120625070094931e-04 +2.2936957205378181e-04
 48.50000000 +1.0000000000001730e+00 +1.9999549365344833e+00 +2.3742224092643451e-03 +9.9861479438416800e-01 +9.9997689503719223e-01 +9.9995771095983210e-01 +9.9993090082933578e-01 +9.9989960274338396e-01 +4.6512472379691642e-04 +3.7772992629006206e-04 +2.8838371212997366e-04 +2.4073864621997789e-04 +2.4811903851962048e-04
 49.00000000 +1.0000000000001765e+00 +1.9999540009769343e+00 +2.3686904318061140e-03 +9.9863441257485153e-01 +9.9997707299290417e-01 +9.9995764433535550e-01 +9.9993033548901333e-01 +9.9989835945067884e-01 +4.5015873756751551e-04 +3.5512471926228044e-04 +2.7690620803207247e-04 +2.5012265011086480e-04 +2.6986284310414710e-04
 49.50000000 +1.0000000000001774e+00 +1.9999530563411476e+00 +2.3690445580884932e-03 +9.9863942042167464e-01 +9.9997721619711621e-01 +9.9995759601221001e-01 +9.9992986647946647e-01 +9.9989728405558176e-01 +4.3044538688745990e-04 +3.3643263665575026e-04 +2.7506898480514396e-04 +2.6676456801390784e-04 +2.8990525847650579e-04
 50.00000000 +1.0000000000001794e+00 +1.9999521026650011e+00 +2.3744306408936431e-03 +9.9863086137969448e-01 +9.9997734934985627e-01 +9.9995760059926597e-01 +9.9992952335125018e-01 +9.9989638095775968e-01 +4.0994080102658010e-04 +3.2480798209877072e-04 +2.8249554122768031e-04 +2.8681615905453155e-04 +3.0422387966325099e-04
 50.50000000 +1.0000000000001812e+00 +1.9999511398968122e+00 +2.3831694499138411e-03 +9.9861215347942234e-01 +9.9997749532928681e-01 +9.9995768204944535e-01 +9.9992931456283685e-01 +9.9989562670063792e-01 +3.9246369311860967e-04 +3.2190500712920845e-04 +2.9708276877671758e-04 +3.0602213331053517e-04 +3.1025427694196398e-04
 51.00000000 +1.0000000000001834e+00 +1.9999501679175744e+00 +2.3931871790095999e-03 +9.9858812369770744e-01 +9.9997767208265609e-01 +9.9995785081393085e-01 +9.9992922767855941e-01 +9.9989497592853360e-01 +3.8104039114488620e-04 +3.2768155491878309e-04 +3.1551913975511541e-04 +3.2059007090946861e-04 +3.0731864279886589e-04
 51.50000000 +1.0000000000001836e+00 +1.9999491865726422e+00 +2.4024633967929193e-03 +9.9856390436430609e-01 +9.9997789055426434e-01 +9.9995810335865698e-01 +9.9992923298028069e-01 +9.9989437065891373e-01 +3.7743396739828186e-04 +3.4052547638520781e-04 +3.3399654171020423e-04 +3.2790801617690147e-04 +2.9663408282955099e-04
 52.00000000 +1.0000000000001872e+00 +1.9999481957055203e+00 +2.4094065521458527e-03 +9.9854392431309991e-01 +9.9997815382552835e-01 +9.9995842389294221e-01 +9.9992928961405847e-01 +9.9989375102610900e-01 +3.8192701847515647e-04 +3.5765802030819670e-04 +3.4896640969685081e-04 +3.2697762350994387e-04 +2.8092825720646902e-04
 52.50000000 +1.0000000000001881e+00 +1.9999471951871708e+00 +2.4130935918438654e-03 +9.9853117756772525e-01 +9.9997845745269065e-01 +9.9995878783141834e-01 +9.9992935304988728e-01 +9.9989306553978474e-01 +3.9337812997163599e-04 +3.7572084807984443e-04 +3.5779288507065219e-04 +3.1849682004913432e-04 +2.6376987626414589e-04
 53.00000000 +1.0000000000001905e+00 +1.9999461849359148e+00 +2.4133459185414034e-03 +9.9852687262354034e-01 +9.9997879082423402e-01 +9.9995916628987414e-01 +9.9992938252194630e-01 +9.9989227913664580e-01 +4.0952253791334549e-04 +3.9142633758421520e-04 +3.5918592365824606e-04 +3.0460056503035679e-04 +2.4877324052390113e-04
 53.50000000 +1.0000000000001907e+00 +1.9999451649256432e+00 +2.4106503534312065e-03 +9.9853047584369437e-01 +9.9997913924106685e-01 +9.9995953082585953e-01 +9.9992934723580751e-01 +9.9989137781826010e-01 +4.2744673880590285e-04 +4.0214792462032691e-04 +3.5334775969335949e-04 +2.8833583555456615e-04 +2.3885077759405472e-04
 54.00000000 +1.0000000000001934e+00 +1.9999441351825240e+00 +2.4059634397712751e-03 +9.9854008255263871e-01 +9.9997948635805944e-01 +9.9995985767572271e-01 +9.9992923043721371e-01 +9.9989036934967190e-01 +4.4414137873563151e-04 +4.0634717855071809e-04 +3.4182572341858326e-04 +2.7299440731726621e-04 +2.3566493963643787e-04
 54.50000000 +1.0000000000001954e+00 +1.9999430957726252e+00 +2.4004551794448879e-03 +9.9855299401137265e-01 +9.9997981661659585e-01 +9.9996013089076607e-01 +9.9992903086586482e-01 +9.9988928021060497e-01 +4.5703004341908168e-04 +4.0377177168061446e-04 +3.2712098438890825e-04 +2.6144627649315051e-04 +2.3937832979075501e-04
 55.00000000 +1.0000000000001965e+00 +1.9999420467842313e+00 +2.3952521295518693e-03 +9.9856635550909623e-01 +9.9998011733869674e-01 +9.9996034400164113e-01 +9.9992876158569044e-01 +9.9988814961674233e-01 +4.6438338128072961e-04 +3.9540528311500809e-04 +3.1214569701673719e-04 +2.5560589109065466e-04 +2.4873169661257175e-04
 55.50000000 +1.0000000000001978e+00 +1.9999409883090467e+00 +2.3912308527866888e-03 +9.9857772047258020e-01 +9.9998038023245051e-01 +9.9996050009950321e-01 +9.9992844660988356e-01 +9.9988702186236922e-01 +4.6555485665676134e-04 +3.8319656709859761e-04 +2.9964303310425766e-04 +2.5612708822490816e-04 +2.6140917911988255e-04
 56.00000000 +1.0000000000001996e+00 +1.9999399204259944e+00 +2.3888946699391887e-03 +9.9858544117579118e-01 +9.9998060216167151e-01 +9.9996061047220963e-01 +9.9992811605873466e-01 +9.9988593841903595e-01 +4.6101047715733554e-04 +3.6963459879017725e-04 +2.9168303902309535e-04 +2.6236994716735408e-04 +2.7459365141811948e-04
 56.50000000 +1.0000000000002021e+00 +1.9999388431902387e+00 +2.3883445628496052e-03 +9.9858883723372927e-01 +9.9998078514425581e-01 +9.9996069213758387e-01 +9.9992780075913645e-01 +9.9988493114778820e-01 +4.5216301212894466e-04 +3.5725791337836744e-04 +2.8932423151426667e-04 +2.7262545133399088e-04 +2.8558297016167869e-04
 57.00000000 +1.0000000000002038e+00 +1.9999377566285526e+00 +2.3893341241783242e-03 +9.9858814592729117e-01 +9.9998093564898050e-01 +9.9996076474786566e-01 +9.9992752720273781e-01 +9.9988401768018909e-01 +4.4105462324135107e-04 +3.4819285492606835e-04 +2.9249240056729769e-04 +2.8453372387592362e-04 +2.9233519134523486e-04
 57.50000000 +1.0000000000002047e+00 +1.9999366607407243e+00 +2.3913828701001400e-03 +9.9858430218736638e-01 +9.9998106334714809e-01 +9.9996084738779567e-01 +9.9992731363929666e-01 +9.9988319956728156e-01 +4.2995494241739144e-04 +3.4380230682410251e-04 +3.0008277737789260e-04 +2.9559813106588156e-04 +2.9383571445332207e-04
 58.00000000 +1.0000000000002067e+00 +1.9999355555056053e+00 +2.3939145014689840e-03 +9.9857862296052546e-01 +9.9998117953435350e-01 +9.9996095575475230e-01 +9.9992716782944802e-01 +9.9988246327679287e-01 +4.2095118346057234e-04 +3.4450006192883399e-04 +3.1024876403189971e-04 +3.0368613214465064e-04 +2.9022450359625173e-04
 58.50000000 +1.0000000000002089e+00 +1.9999344408897437e+00 +2.3963872604356642e-03 +9.9857247759075218e-01 +9.9998129546384185e-01 +9.9996110010633865e-01 +9.9992708666809782e-01 +9.9988178363129976e-01 +4.1560224217012667e-04 +3.4975147004827920e-04 +3.2080785194346054e-04 +3.0741894927999424e-04 +2.8267602727349042e-04
 59.00000000 +1.0000000000002103e+00 +1.9999333168563678e+00 +2.3983909781032280e-03 +9.9856701440408469e-01 +9.9998142082553854e-01 +9.9996128421076325e-01 +9.9992705757182121e-01 +9.9988112890381253e-01 +4.1471186060913615e-04 +3.5824544062543277e-04 +3.2967859096187023e-04 +3.0638191947380546e-04 +2.7307627336298066e-04
 59.50000000 +1.0000000000002121e+00 +1.9999321833730215e+00 +2.3996970568578796e-03 +9.9856298920446473e-01 +9.9998156256723003e-01 +9.9996150536485007e-01 +9.9992706125231245e-01 +9.9988046657616647e-01 +4.1825074879609653e-04 +3.6819288371579958e-04 +3.3526345897935781e-04 +3.0112835062361744e-04 +2.6357959392425310e-04
 60.00000000 +1.0000000000002132e+00 +1.9999310404166109e+00 +2.4002602760961984e-03 +9.9856071123609458e-01 +9.9998172419322073e-01 +9.9996175538036314e-01 +9.9992707531185099e-01 +9.9987976874077955e-01 +4.2542916532341995e-04 +3.7768729362953440e-04 +3.3670960887573410e-04 +2.9299277374645802e-04 +2.5614629718582387e-04
 60.50000000 +1.0000000000002169e+00 +1.9999298879755465e+00 +2.4001820121012873e-03 +9.9856009383167599e-01 +9.9998190560067945e-01 +9.9996202230498998e-01 +9.9992707801752068e-01 +9.9987901627517450e-01 +4.3489510596903338e-04 +3.8505710732979708e-04 +3.3400815718827981e-04 +2.8376590912164581e-04 +2.5215769143604831e-04
 61.00000000 +1.0000000000002183e+00 +1.9999287260492347e+00 +2.3996511575299015e-03 +9.9856077640736185e-01 +9.9998210343536709e-01 +9.9996229255642510e-01 +9.9992705164094919e-01 +9.9987820120035464e-01 +4.4501339809627070e-04 +3.8914672937373138e-04 +3.2792650561344795e-04 +2.7530673229440676e-04 +2.5218139525552241e-04
 61.50000000 +1.0000000000002196e+00 +1.9999275546458097e+00 +2.3988808601580367e-03 +9.9856227501190320e-01 +9.9998231187750042e-01 +9.9996255311536675e-01 +9.9992698487467568e-01 +9.9987732698939891e-01 +4.5417059855648980e-04 +3.8948128127644111e-04 +3.1980027369666540e-04 +2.6917324190289349e-04 +2.5592273682012770e-04
 62.00000000 +1.0000000000002209e+00 +1.9999263737789414e+00 +2.3980565507126721e-03 +9.9856412061697342e-01 +9.9998252371426088e-01 +9.9996279344549810e-01 +9.9992687402629066e-01 +9.9987640695490376e-01 +4.6105068527952373e-04 +3.8629497857986842e-04 +3.1123579248588343e-04 +2.6634305407720056e-04 +2.6235673275675642e-04
 62.50000000 +1.0000000000002240e+00 +1.9999251834647851e+00 +2.3973049410923770e-03 +9.9856595542962612e-01 +9.9998273152483241e-01 +9.9996300687785666e-01 +9.9992672291134010e-01 +9.9987546115220249e-01 +4.6483622520814303e-04 +3.8042946365459139e-04 +3.0378676303068406e-04 +2.6707125449679952e-04 +2.6999839887227936e-04
 63.00000000 +1.0000000000002256e+00 +1.9999239837195708e+00 +2.3966866156647127e-03 +9.9856757365282056e-01 +9.9998292879978912e-01 +9.9996319129912736e-01 +9.9992654157805760e-01 +9.9987451244265191e-01 +4.6530648705224469e-04 +3.7313146563330228e-04 +2.9866819609555601e-04 +2.7090184974245130e-04 +2.7724423015687463e-04
 63.50000000 +1.0000000000002274e+00 +1.9999227745582233e+00 +2.3962083962952023e-03 +9.9856890968486145e-01 +9.9998311083844960e-01 +9.9996334910065121e-01 +9.9992634416888093e-01 +9.9987358244276980e-01 +4.6282430467903566e-04 +3.6579490031239491e-04 +2.9655832843614074e-04 +2.7681747651971226e-04 +2.8270875557600509e-04
 64.00000000 +1.0000000000002305e+00 +1.9999215559938666e+00 +2.3958472987924686e-03 +9.9856998968437216e-01 +9.9998327531092301e-01 +9.9996348645879252e-01 +9.9992614633196453e-01 +9.9987268803838159e-01 +4.5822352191763509e-04 +3.5969871421718505e-04 +2.9751824098326934e-04 +2.8348609088080646e-04 +2.8548760871636400e-04
 64.50000000 +1.0000000000002298e+00 +1.9999203280379545e+00 +2.3955763669652008e-03 +9.9857086913320392e-01 +9.9998342242853122e-01 +9.9996361211131846e-01 +9.9992596262957045e-01 +9.9987183898809096e-01 +4.5262508523195372e-04 +3.5578811207906782e-04 +3.0103411075172403e-04 +2.8954782077667452e-04 +2.8529958159809979e-04
 65.00000000 +1.0000000000002325e+00 +1.9999190907005993e+00 +2.3953839296360848e-03 +9.9857157877056646e-01 +9.9998355472788680e-01 +9.9996373585616116e-01 +9.9992580435064449e-01 +9.9987103691288859e-01 +4.4721978658851573e-04 +3.5453480958447063e-04 +3.0616345661408902e-04 +2.9388220324816594e-04 +2.8248912697988968e-04
 65.50000000 +1.0000000000002345e+00 +1.9999178439907488e+00 +2.3952811553696503e-03 +9.9857209510987222e-01 +9.9998367653051701e-01 +9.9996386702171791e-01 +9.9992567803498589e-01 +9.9987027571308196e-01 +4.4305810890533454e-04 +3.5589453805695396e-04 +3.1174876096081561e-04 +2.9580512993702994e-04 +2.7790105313748578e-04
 66.00000000 +1.0000000000002371e+00 +1.9999165879160385e+00 +2.3952970397069823e-03 +9.9857234206146628e-01 +9.9998379318357511e-01 +9.9996401314149963e-01 +9.9992558487732353e-01 +9.9986954321494359e-01 +4.4088282182465897e-04 +3.5936084318918728e-04 +3.1665238565695825e-04 +2.9516312596062619e-04 +2.7266434574505779e-04
 66.50000000 +1.0000000000002383e+00 +1.9999153224822863e+00 +2.3954639199551854e-03 +9.9857221992550871e-01 +9.9998391021167432e-01 +9.9996417901568257e-01 +9.9992552102642707e-01 +9.9986882366524665e-01 +4.4102939851209123e-04 +3.6409691438293439e-04 +3.1996679176847818e-04 +2.9231564847807860e-04 +2.6793740351145520e-04
 67.00000000 +1.0000000000002389e+00 +1.9999140476928785e+00 +2.3957992634891642e-03 +9.9857164994005854e-01 +9.9998403251302848e-01 +9.9996436626839080e-01 +9.9992547865257086e-01 +9.9986810058763997e-01 +4.4340533613179326e-04 +3.6911473426657531e-04 +3.2116284658900875e-04 +2.8801892444442506e-04 +2.6467019807864436e-04
 67.50000000 +1.0000000000002425e+00 +1.9999127635482581e+00 +2.3962902515613934e-03 +9.9857061856673501e-01 +9.9998416371565568e-01 +9.9996457342517431e-01 +9.9992544754721524e-01 +9.9986735950011352e-01 +4.4754481009780662e-04 +3.7346507465871223e-04 +3.2015401320019610e-04 +2.8324295769713162e-04 +2.6343039066192093e-04
 68.00000000 +1.0000000000002440e+00 +1.9999114700458627e+00 +2.3968865520977356e-03 +9.9856920644151637e-01 +9.9998430577564645e-01 +9.9996479645386849e-01 +9.9992541695614667e-01 +9.9986659006176415e-01 +4.5272238946038882e-04 +3.7640322656714209e-04 +3.1727205719159543e-04 +2.7896357276388425e-04 +2.6432306629389183e-04
 68.50000000 +1.0000000000002440e+00 +1.9999101671806749e+00 +2.3975041008399739e-03 +9.9856759181693766e-01 +9.9998445885588860e-01 +9.9996502964599498e-01 +9.9992537733710973e-01 +9.9986578735044640e-01 +4.5810082290106236e-04 +3.7750293989136612e-04 +3.1316693602189040e-04 +2.7597242369344370e-04 +2.6701187233919605e-04
 69.00000000 +1.0000000000002474e+00 +1.9999088549464030e+00 +2.3980394775900147e-03 +9.9856602578226750e-01 +9.9998462147766221e-01 +9.9996526667407581e-01 +9.9992532177222282e-01 +9.9986495214272120e-01 +4.6288432347763053e-04 +3.7670291364098386e-04 +3.0865661028788840e-04 +2.7474041537571748e-04 +2.7082788950484035e-04
 69.50000000 +1.0000000000002491e+00 +1.9999075333371374e+00 +2.3983914642792198e-03 +9.9856478446124830e-01 +9.9998479089671355e-01 +9.9996550164716624e-01 +9.9992524684370487e-01 +9.9986409024257350e-01 +4.6645048330804976e-04 +3.7428377162776520e-04 +3.0455952685957239e-04 +2.7535622929546606e-04 +2.7493589874739429e-04
 70.00000000 +1.0000000000002511e+00 +1.9999062023491596e+00 +2.3984843706981247e-03 +9.9856410968695664e-01 +9.9998496362569300e-01 +9.9996573000247291e-01 +9.9992515288296502e-01 +9.9986321105649167e-01 +4.6844014811916958e-04 +3.7078615635406008e-04 +3.0154271194320856e-04 +2.7754491297206406e-04 +2.7851881728608002e-04
 70.50000000 +1.0000000000002514e+00 +1.9999048619825357e+00 +2.3982871759481946e-03 +9.9856415281683875e-01 +9.9998513600988204e-01 +9.9996594911019898e-01 +9.9992504360983814e-01 +9.9986232571709011e-01 +4.6879377661096793e-04 +3.6689015900026373e-04 +3.0001238304619594e-04 +2.8075535949024898e-04 +2.8094105926385309e-04
 71.00000000 +1.0000000000002529e+00 +1.9999035122421007e+00 +2.3978235301679988e-03 +9.9856493572499250e-01 +9.9998530476416758e-01 +9.9996615852395898e-01 +9.9992492527347099e-01 +9.9986144510297492e-01 +4.6773312031156867e-04 +3.6328133473674534e-04 +3.0006346890316585e-04 +2.8429309117051588e-04 +2.8185959658180449e-04
 71.50000000 +1.0000000000002556e+00 +1.9999021531376011e+00 +2.3971698813025476e-03 +9.9856633890403279e-01 +9.9998546739435579e-01 +9.9996635987003835e-01 +9.9992480547511009e-01 +9.9986057808690476e-01 +4.6569658955399751e-04 +3.6052855295420151e-04 +3.0149182837090380e-04 +2.8746815854534496e-04 +2.8126514141257842e-04
 72.00000000 +1.0000000000002580e+00 +1.9999007846828893e+00 +2.3964418444991976e-03 +9.9856812015926022e-01 +9.9998562245161526e-01 +9.9996655642561094e-01 +9.9992469188719291e-01 +9.9985973027602093e-01 +4.6324384130699148e-04 +3.5899438330764426e-04 +3.0386085812365951e-04 +2.8972791447069577e-04 +2.7945180438136534e-04
 72.50000000 +1.0000000000002587e+00 +1.9998994068943503e+00 +2.3957717051951715e-03 +9.9856996021636124e-01 +9.9998576959982577e-01 +9.9996675247995237e-01 +9.9992459108030729e-01 +9.9985890340291261e-01 +4.6094891870561688e-04 +3.5879088155558124e-04 +3.0660480747895190e-04 +2.9075030127798243e-04 +2.7692831291860126e-04
 73.00000000 +1.0000000000002611e+00 +1.9998980197887746e+00 +2.3952819847162937e-03 +9.9857152540685401e-01 +9.9998590950650057e-01 +9.9996695259802670e-01 +9.9992450763344376e-01 +9.9985809540535742e-01 +4.5930136015026531e-04 +3.5978424892467111e-04 +3.0914597692078167e-04 +2.9048336532894203e-04 +2.7429449980175387e-04
 73.50000000 +1.0000000000002638e+00 +1.9998966233811786e+00 +2.3950608489782970e-03 +9.9857253383731359e-01 +9.9998604359376231e-01 +9.9996716090998616e-01 +9.9992444364214705e-01 +9.9985730111680182e-01 +4.5863142452610777e-04 +3.6164274222684012e-04 +3.1100261920033977e-04 +2.8912859877913368e-04 +2.7211151657354529e-04
 74.00000000 +1.0000000000002649e+00 +1.9998952176829421e+00 +2.3951446546203212e-03 +9.9857281085966410e-01 +9.9998617370321352e-01 +9.9996738053454381e-01 +9.9992439866560512e-01 +9.9985651339759096e-01 +4.5906984515547581e-04 +3.6391502165278468e-04 +3.1186838470686806e-04 +2.8707689197600715e-04 +2.7079269721858490e-04
 74.50000000 +1.0000000000002658e+00 +1.9998938027006454e+00 +2.3955112656801692e-03 +9.9857232224871939e-01 +9.9998630173532799e-01 +9.9996761321279970e-01 +9.9992437008017299e-01 +9.9985572448125071e-01 +4.6054556451018440e-04 +3.6612194704732534e-04 +3.1165136575541952e-04 +2.8481423750910666e-04 +2.7053512823803632e-04
 75.00000000 +1.0000000000002680e+00 +1.9998923784358664e+00 +2.3960853595998630e-03 +9.9857117855071964e-01 +9.9998642932075876e-01 +9.9996785918872289e-01 +9.9992435374515054e-01 +9.9985492729658509e-01 +4.6281804053034415e-04 +3.6784412397000449e-04 +3.1046952401851268e-04 +2.8281850183344947e-04 +2.7130170905128752e-04
#
#Timing:
#    proc        CPU Pre        CPU all       Wall Pre       Wall all
#       0           0.15          65.11           0.16          65.12
