# time_au orbital_0 orbital_1 orbital_2 orbital_3 orbital_4 orbital_5 orbital_6 orbital_7 orbital_8 orbital_9
0.000000000000000000e+00 1.000000000000000000e+00 1.000000000000000000e+00 1.000000000000000000e+00 1.000000000000000000e+00 1.000000000000000000e+00 0.000000000000000000e+00 0.000000000000000000e+00 0.000000000000000000e+00 0.000000000000000000e+00 0.000000000000000000e+00
1.000000000000000000e+00 9.999998439279488283e-01 9.999999999999986677e-01 9.999999999999986677e-01 9.999999999999986677e-01 9.999999999999986677e-01 3.133286441048463653e-08 3.127556577478713011e-08 3.121634874473475807e-08 3.115519436845428859e-08 3.109208322189120071e-08
2.000000000000000000e+00 9.999994900368146533e-01 9.999999999999811262e-01 9.999999999999811262e-01 9.999999999999811262e-01 9.999999999999812372e-01 1.036092555987217151e-07 1.028234426931919206e-07 1.020150856592476962e-07 1.011842931739657894e-07 1.003311835282925722e-07
3.000000000000000000e+00 9.999991968918844343e-01 9.999999999999221734e-01 9.999999999999225064e-01 9.999999999999228395e-01 9.999999999999231726e-01 1.668259896410315972e-07 1.637833218378157246e-07 1.606797996173498710e-07 1.575181437570742207e-07 1.543011700495303122e-07
4.000000000000000000e+00 9.999991768826004268e-01 9.999999999998164801e-01 9.999999999998179234e-01 9.999999999998194777e-01 9.999999999998211431e-01 1.775314004038010656e-07 1.711091306047443828e-07 1.646491932722634078e-07 1.581636622549192812e-07 1.516647380126090956e-07
5.000000000000000000e+00 9.999994411327681743e-01 9.999999999996950217e-01 9.999999999996989075e-01 9.999999999997029043e-01 9.999999999997071232e-01 1.288957625450039229e-07 1.201663943021112334e-07 1.115925877225432406e-07 1.032000305031183674e-07 9.501365276089067713e-08
6.000000000000000000e+00 9.999997938685172283e-01 9.999999999996063149e-01 9.999999999996133093e-01 9.999999999996205258e-01 9.999999999996280753e-01 5.506804748934433951e-08 4.763941732431712772e-08 4.070613800924632911e-08 3.429405806568188730e-08 2.842535357019534744e-08
7.000000000000000000e+00 9.999999785319136913e-01 9.999999999995747846e-01 9.999999999995837774e-01 9.999999999995931033e-01 9.999999999996027622e-01 7.044334063454404367e-09 4.948864026262836221e-09 3.579441408076506538e-09 2.926041037574357829e-09 2.971051484374207561e-09
8.000000000000000000e+00 9.999998657761767218e-01 9.999999999995707878e-01 9.999999999995783373e-01 9.999999999995862199e-01 9.999999999995945466e-01 1.721210244007512564e-08 2.156492465894955309e-08 2.642107603936174668e-08 3.170272546522007899e-08 3.732466480838337366e-08
9.000000000000000000e+00 9.999995445399980643e-01 9.999999999995214939e-01 9.999999999995234923e-01 9.999999999995260458e-01 9.999999999995291544e-01 7.738659201080175360e-08 8.456056615572862127e-08 9.147543669574898196e-08 9.800664064137485953e-08 1.040326663070256688e-07
1.000000000000000000e+01 9.999992517159230765e-01 9.999999999993605115e-01 9.999999999993549604e-01 9.999999999993506306e-01 9.999999999993477440e-01 1.453223327323404998e-07 1.486687982788722847e-07 1.508718051297829010e-07 1.518559332160523781e-07 1.515677937005886943e-07
1.100000000000000000e+01 9.999991961639045357e-01 9.999999999990800692e-01 9.999999999990699662e-01 9.999999999990624167e-01 9.999999999990577537e-01 1.745667797073418317e-07 1.690204564097817290e-07 1.620725548514904796e-07 1.538132666143150268e-07 1.443667677612183322e-07
1.200000000000000000e+01 9.999994087668443443e-01 9.999999999987468913e-01 9.999999999987395638e-01 9.999999999987366772e-01 9.999999999987384536e-01 1.464244402189281815e-07 1.327361352334321604e-07 1.185073508010415623e-07 1.040153769227117108e-07 8.955489075867635465e-08
1.300000000000000000e+01 9.999997269533830169e-01 9.999999999984665600e-01 9.999999999984701127e-01 9.999999999984797716e-01 9.999999999984957588e-01 8.188911289182579211e-08 6.698376014094979204e-08 5.319282549576711254e-08 4.082611891369853871e-08 3.016088735199084262e-08
1.400000000000000000e+01 9.999999199340081635e-01 9.999999999983221199e-01 9.999999999983401056e-01 9.999999999983651966e-01 9.999999999983971710e-01 2.592274405072039678e-08 1.850991164909673608e-08 1.352796786824123431e-08 1.104962329855153267e-08 1.106232031669163581e-08
1.500000000000000000e+01 9.999998578881468259e-01 9.999999999983314458e-01 9.999999999983606447e-01 9.999999999983966159e-01 9.999999999984392485e-01 1.583922777506624871e-08 2.008858953165404005e-08 2.655958007088363725e-08 3.491183682817695743e-08 4.471909088738880683e-08
1.600000000000000000e+01 9.999996003466204986e-01 9.999999999984526822e-01 9.999999999984847676e-01 9.999999999985227372e-01 9.999999999985667021e-01 5.613500770015873616e-08 6.808954813474265059e-08 8.030095529239489435e-08 9.214358872678076049e-08 1.029902527512614188e-07
1.700000000000000000e+01 9.999993434873464260e-01 9.999999999986274313e-01 9.999999999986547428e-01 9.999999999986876054e-01 9.999999999987262411e-01 1.168312689295256466e-07 1.265893200194558362e-07 1.340497240897851920e-07 1.387378616088706090e-07 1.403097828468805545e-07
1.800000000000000000e+01 9.999992715608946314e-01 9.999999999988239408e-01 9.999999999988449240e-01 9.999999999988727906e-01 9.999999999989084287e-01 1.555044989188418269e-07 1.540392763990754595e-07 1.490414688642933558e-07 1.406498204389093529e-07 1.292085907086611660e-07
1.900000000000000000e+01 9.999994249538621816e-01 9.999999999990458743e-01 9.999999999990673016e-01 9.999999999990992761e-01 9.999999999991434629e-01 1.468587645997266923e-07 1.327135997481959890e-07 1.163586225353563963e-07 9.863026604122121821e-08 8.048852884854688172e-08
2.000000000000000000e+01 9.999996792500523979e-01 9.999999999993074429e-01 9.999999999993420818e-01 9.999999999993932631e-01 9.999999999994632072e-01 9.922013670842476834e-08 8.006880487628782833e-08 6.202123469987818972e-08 4.612442060148224316e-08 3.331784464879572949e-08
2.100000000000000000e+01 9.999998439673212225e-01 9.999999999996058708e-01 9.999999999996680433e-01 9.999999999997545297e-01 9.999999999998672173e-01 4.727608823851606142e-08 3.487459994046388501e-08 2.664727813713185112e-08 2.304660119277812076e-08 2.418921559075713179e-08
2.200000000000000000e+01 9.999998027377056120e-01 9.999999999999263922e-01 1.000000000000027534e+00 1.000000000000160538e+00 1.000000000000326184e+00 2.719128885139890008e-08 2.908718594339051246e-08 3.558664597809318617e-08 4.602257975747025367e-08 5.937415309520762025e-08
2.300000000000000000e+01 9.999995917932352762e-01 1.000000000000278444e+00 1.000000000000421441e+00 1.000000000000600187e+00 1.000000000000814238e+00 5.197403934932235167e-08 6.589071875378590943e-08 8.149267044562732366e-08 9.725709096457454884e-08 1.115901309993459523e-07
2.400000000000000000e+01 9.999993647611890024e-01 1.000000000000722089e+00 1.000000000000891731e+00 1.000000000001093792e+00 1.000000000001323830e+00 1.038321470831859710e-07 1.189088192987945661e-07 1.311611601162006289e-07 1.392265677851336828e-07 1.421060853469065847e-07
2.500000000000000000e+01 9.999992767631912249e-01 1.000000000001338263e+00 1.000000000001488809e+00 1.000000000001654676e+00 1.000000000001827205e+00 1.477422589660156752e-07 1.519416045645296628e-07 1.503824444672058495e-07 1.429623748235491044e-07 1.302018169673829463e-07
2.600000000000000000e+01 9.999993758875176386e-01 1.000000000002136735e+00 1.000000000002179812e+00 1.000000000002203349e+00 1.000000000002196021e+00 1.558090300687493683e-07 1.443258684068393369e-07 1.280500851835235077e-07 1.084572718956214637e-07 8.746151102702726515e-08
2.700000000000000000e+01 9.999995779328395562e-01 1.000000000002958300e+00 1.000000000002764455e+00 1.000000000002499556e+00 1.000000000002151834e+00 1.253570534369419549e-07 1.040665395500054488e-07 8.250788918939289538e-08 6.288256280916240264e-08 4.724274112587838196e-08
2.800000000000000000e+01 9.999997351110160304e-01 1.000000000003463452e+00 1.000000000002886358e+00 1.000000000002176259e+00 1.000000000001328271e+00 7.907413117481410993e-08 6.055995615572340103e-08 4.689215358416916923e-08 3.945865039791444993e-08 3.889423830200963754e-08
2.900000000000000000e+01 9.999997424043602923e-01 1.000000000003261613e+00 1.000000000002180700e+00 1.000000000000907274e+00 9.999999999994509947e-01 4.840942921591425162e-08 4.337467626148982970e-08 4.529920256970343398e-08 5.362072805368873354e-08 6.688580291970014593e-08
3.000000000000000000e+01 9.999996045030213887e-01 1.000000000002144063e+00 1.000000000000510036e+00 9.999999999986374233e-01 9.999999999965593078e-01 5.251474668472854626e-08 6.258776447002831857e-08 7.708759148984434856e-08 9.367411025101422780e-08 1.096349147395268186e-07
3.100000000000000000e+01 9.999994219790850902e-01 1.000000000000296208e+00 9.999999999981497023e-01 9.999999999957370767e-01 9.999999999931207251e-01 8.692886674344380958e-08 1.037546111845348329e-07 1.193691877627784792e-07 1.311224603044372489e-07 1.368584852621305511e-07
3.200000000000000000e+01 9.999993162297674543e-01 9.999999999983458787e-01 9.999999999957901453e-01 9.999999999929560790e-01 9.999999999899381598e-01 1.284217249846984475e-07 1.393792002727693097e-07 1.440422156280669359e-07 1.412061675707489557e-07 1.307438937760758905e-07
3.300000000000000000e+01 9.999993525312420584e-01 9.999999999971805886e-01 9.999999999943156581e-01 9.999999999911673987e-01 9.999999999878650403e-01 1.510765848806369908e-07 1.473520135559798823e-07 1.359737192270165662e-07 1.179404587394608512e-07 9.515545289203602535e-08
3.400000000000000000e+01 9.999995132460203218e-01 9.999999999976001419e-01 9.999999999944475526e-01 9.999999999910134107e-01 9.999999999874672474e-01 1.418243223585936118e-07 1.232098674210661629e-07 9.976936305189202244e-08 7.390097369752992721e-08 4.807892484039537095e-08
3.500000000000000000e+01 9.999997297923117756e-01 9.999999999999676925e-01 9.999999999964311881e-01 9.999999999926382221e-01 9.999999999888085078e-01 1.054845869749476294e-07 7.900275133710936498e-08 5.231712855782107045e-08 2.751005479107481096e-08 5.915321046009483157e-09
3.600000000000000000e+01 9.999999384619330245e-01 1.000000000004026779e+00 9.999999999999157341e-01 9.999999999956308283e-01 9.999999999914547244e-01 5.776033068772201946e-08 3.186132672432298764e-08 8.948124387335277594e-09 -1.043358557641728049e-08 -2.658915726730399511e-08
3.700000000000000000e+01 1.000000113584115002e+00 1.000000000008951284e+00 1.000000000004059642e+00 9.999999999991759925e-01 9.999999999946549423e-01 1.309446117421852509e-08 -7.756354445561681124e-09 -2.531782566030077459e-08 -4.026371963524865973e-08 -5.334751827796475482e-08
3.800000000000000000e+01 1.000000256686746747e+00 1.000000000013568036e+00 1.000000000007770007e+00 1.000000000002293277e+00 9.999999999975607290e-01 -2.308582196979466802e-08 -3.932274687741535657e-08 -5.340727365848975343e-08 -6.561030382302018906e-08 -7.528179217847539924e-08
3.900000000000000000e+01 1.000000359049085796e+00 1.000000000016622037e+00 1.000000000009941159e+00 1.000000000004033440e+00 9.999999999993727240e-01 -5.271047489788143264e-08 -6.578949991848420433e-08 -7.626242872019786549e-08 -8.251680062697337671e-08 -8.179985112536575332e-08
4.000000000000000000e+01 1.000000376260977708e+00 1.000000000016987967e+00 1.000000000009618750e+00 1.000000000003598233e+00 9.999999999994196864e-01 -7.671062783030922274e-08 -8.408678126333124417e-08 -8.499422831606690964e-08 -7.617212214722559700e-08 -5.432684291679105033e-08
4.100000000000000000e+01 1.000000242022164754e+00 1.000000000013828050e+00 1.000000000006130652e+00 1.000000000000456746e+00 9.999999999972788434e-01 -8.779956734242418259e-08 -8.146861581877500781e-08 -6.287918692235612286e-08 -2.944072939910024768e-08 1.954824051601754157e-08
4.200000000000000000e+01 9.999999152632039756e-01 1.000000000006771472e+00 9.999999999992754685e-01 9.999999999945571316e-01 9.999999999930241357e-01 -7.114511280552440417e-08 -4.181732577741030409e-08 3.114506893006410097e-09 6.252825121293829904e-08 1.320628483651959397e-07
4.300000000000000000e+01 9.999994263157645502e-01 9.999999999961551866e-01 9.999999999895868852e-01 9.999999999866144851e-01 9.999999999875270884e-01 -1.349894223631068986e-08 4.192591532180499924e-08 1.094726619733300908e-07 1.828312877840255676e-07 2.529934289749337958e-07
4.400000000000000000e+01 9.999988857037448442e-01 9.999999999832425157e-01 9.999999999785365024e-01 9.999999999782722693e-01 9.999999999825491814e-01 8.527127326911276405e-08 1.581614658091788615e-07 2.318817051240683039e-07 2.966104288852228814e-07 3.424487816074594962e-07
4.500000000000000000e+01 9.999984440385599749e-01 9.999999999702128273e-01 9.999999999684252572e-01 9.999999999718600652e-01 9.999999999803325101e-01 2.065827578483176146e-07 2.774229651329791046e-07 3.338717499600780731e-07 3.669977546816457900e-07 3.711953817698308856e-07
4.600000000000000000e+01 9.999982246770393601e-01 9.999999999597275480e-01 9.999999999617775748e-01 9.999999999696004283e-01 9.999999999826199026e-01 3.182166700417535269e-07 3.642990555316608886e-07 3.838451185808356497e-07 3.735488318109414568e-07 3.355395593128974521e-07
4.700000000000000000e+01 9.999982686754801398e-01 9.999999999540609696e-01 9.999999999603186307e-01 9.999999999724605848e-01 9.999999999894355618e-01 3.879363347474206097e-07 3.938378101622938767e-07 3.702886887369642131e-07 3.217866667184232771e-07 2.575987437951033923e-07
4.800000000000000000e+01 9.999985228392780368e-01 9.999999999540806206e-01 9.999999999639416215e-01 9.999999999791897576e-01 9.999999999982902565e-01 3.980271235325928410e-07 3.628698460843125379e-07 3.062033875226116323e-07 2.384835330823227152e-07 1.716813295473795999e-07
4.900000000000000000e+01 9.999988740337223403e-01 9.999999999585801325e-01 9.999999999702603448e-01 9.999999999861969302e-01 1.000000000004479972e+00 3.526025385619380842e-07 2.899878546044487617e-07 2.207757762557604859e-07 1.564957181886904956e-07 1.061848728075471496e-07
5.000000000000000000e+01 9.999992060104642144e-01 9.999999999644328952e-01 9.999999999751958413e-01 9.999999999886362012e-01 1.000000000002699618e+00 2.740262905682406434e-07 2.049457406433232415e-07 1.440777457008757210e-07 9.893179008123063960e-08 7.207700431502676536e-08
5.100000000000000000e+01 9.999994457902738887e-01 9.999999999677122720e-01 9.999999999745811108e-01 9.999999999824716879e-01 9.999999999894861880e-01 1.912058679663704851e-07 1.342466304172837195e-07 9.401944530015777414e-08 7.154389926810314590e-08 6.327963175890223266e-08
5.200000000000000000e+01 9.999995784348653105e-01 9.999999999654242133e-01 9.999999999661917105e-01 9.999999999666704387e-01 9.999999999653921279e-01 1.267294188014508258e-07 9.101064608216503457e-08 7.214905810937774004e-08 6.586382892745922666e-08 6.594850425598202999e-08
5.300000000000000000e+01 9.999996311174598196e-01 9.999999999571143050e-01 9.999999999512563242e-01 9.999999999444152410e-01 9.999999999356952163e-01 8.951193511961969040e-08 7.355856783871532994e-08 6.861703533572747047e-08 6.866981141727275036e-08 6.873670935588197001e-08
5.400000000000000000e+01 9.999996441309368933e-01 9.999999999455392308e-01 9.999999999345908774e-01 9.999999999225265279e-01 9.999999999089846936e-01 7.552000859676752709e-08 7.143052722352021998e-08 7.121816250593861752e-08 7.052431892496886450e-08 6.746440450451629964e-08
5.500000000000000000e+01 9.999996484612637682e-01 9.999999999359593383e-01 9.999999999230767544e-01 9.999999999090779523e-01 9.999999998939572698e-01 7.424013111574253299e-08 7.362645068410203536e-08 7.222111210662433993e-08 6.858975642108547160e-08 6.319921451999542326e-08
5.600000000000000000e+01 9.999996588304880252e-01 9.999999999342179535e-01 9.999999999229780556e-01 9.999999999100809278e-01 9.999999998956899949e-01 7.592396763797625405e-08 7.387262427728567348e-08 6.975921708101527607e-08 6.410195178574902310e-08 5.784878422134006677e-08
5.700000000000000000e+01 9.999996777891229094e-01 9.999999999443666132e-01 9.999999999372045645e-01 9.999999999266615536e-01 9.999999999130501083e-01 7.550339849865714920e-08 7.097961517250250547e-08 6.508107051828946945e-08 5.864894863540500255e-08 5.227656147384405574e-08
5.800000000000000000e+01 9.999997003865588319e-01 9.999999999668363060e-01 9.999999999637235737e-01 9.999999999540278850e-01 9.999999999384933114e-01 7.224716823470119519e-08 6.613469405942988763e-08 5.956363941704735604e-08 5.325263982892678540e-08 4.859221849365390454e-08
5.900000000000000000e+01 9.999997129662004935e-01 9.999999999979534149e-01 9.999999999958697483e-01 9.999999999827858810e-01 9.999999999604849421e-01 6.726236698420941814e-08 6.061889765558165564e-08 5.453123350154881998e-08 5.086802921761790678e-08 5.381617814783884836e-08
6.000000000000000000e+01 9.999996886425671638e-01 1.000000000031002756e+00 1.000000000024462432e+00 1.000000000002116529e+00 9.999999999675971418e-01 6.183907471160264180e-08 5.615025045811352458e-08 5.373597410934047607e-08 5.931121779630751947e-08 8.029573707665561355e-08
6.100000000000000000e+01 9.999995878894570867e-01 1.000000000058402616e+00 1.000000000040887294e+00 1.000000000003541389e+00 9.999999999526235639e-01 5.813438462622374612e-08 5.718860369604224303e-08 6.554342262064706242e-08 9.070647694993846180e-08 1.404822000039256382e-07
6.200000000000000000e+01 9.999993705580132453e-01 1.000000000074101170e+00 1.000000000039899861e+00 9.999999999837640985e-01 9.999999999150583907e-01 6.120344660855055501e-08 7.242260673986447219e-08 1.016179323324370278e-07 1.559881309926515977e-07 2.381970466700805186e-07
6.300000000000000000e+01 9.999990171908555991e-01 1.000000000075288664e+00 1.000000000021102231e+00 9.999999999455356781e-01 9.999999998610474838e-01 7.986062889976840140e-08 1.128858396046866376e-07 1.713730174031892884e-07 2.569270199630246839e-07 3.618596643819720862e-07
6.400000000000000000e+01 9.999985491079292910e-01 1.000000000062860828e+00 9.999999999886413082e-01 9.999999998963470249e-01 9.999999998009793112e-01 1.243939976315138951e-07 1.865199229276111256e-07 2.748027436099062820e-07 3.806463948028280505e-07 4.847801831467807572e-07
6.500000000000000000e+01 9.999980346495617178e-01 1.000000000040598414e+00 9.999999999493952574e-01 9.999999998456009509e-01 9.999999997457904577e-01 2.013586614210376957e-07 2.918114441593575634e-07 3.981204827675542797e-07 5.007970356898634185e-07 5.736814291318415069e-07
6.600000000000000000e+01 9.999975750341646430e-01 1.000000000013505641e+00 9.999999999104455251e-01 9.999999998014148517e-01 9.999999997034204613e-01 3.079835845273780257e-07 4.143861862214417578e-07 5.155687480589382614e-07 5.859097487643673715e-07 6.016887812574433378e-07
6.700000000000000000e+01 9.999972738364281133e-01 9.999999999859635613e-01 9.999999998767657994e-01 9.999999997681767727e-01 9.999999996766167909e-01 4.295702409675112326e-07 5.292564868224933182e-07 5.974613644538895158e-07 6.112791797008991618e-07 5.592887770986723880e-07
6.800000000000000000e+01 9.999972028407512203e-01 9.999999999603166323e-01 9.999999998498376730e-01 9.999999997455443213e-01 9.999999996626257603e-01 5.420200967311952722e-07 6.084609120959726014e-07 6.210072153811796319e-07 5.686276886075276129e-07 4.578250114645131581e-07
6.900000000000000000e+01 9.999973789838184635e-01 9.999999999362706449e-01 9.999999998274943236e-01 9.999999997289996667e-01 9.999999996546105052e-01 6.190170364086929620e-07 6.308908745070270407e-07 5.788546736901746042e-07 4.689493337485038940e-07 3.241568881416887063e-07
7.000000000000000000e+01 9.999977615398468744e-01 9.999999999111764959e-01 9.999999998048704208e-01 9.999999997115766037e-01 9.999999996441137906e-01 6.409312275261238875e-07 5.898714585560579348e-07 4.814540825225680275e-07 3.375157222870547677e-07 1.896159249527362907e-07
7.100000000000000000e+01 9.999982691488595865e-01 9.999999998810643609e-01 9.999999997760986581e-01 9.999999996861557161e-01 9.999999996237389777e-01 6.015692901264510852e-07 4.951717281773030289e-07 3.524670720079882605e-07 2.038694424491739214e-07 7.880654989527519660e-08
7.200000000000000000e+01 9.999988079454811274e-01 9.999999998421023051e-01 9.999999997362407633e-01 9.999999996476579556e-01 9.999999995892867588e-01 5.099297326851413877e-07 3.688456572027601456e-07 2.197351265298337817e-07 9.165525264509703362e-08 3.073462032110493429e-09
7.300000000000000000e+01 9.999992988206041211e-01 9.999999997921135142e-01 9.999999996829936899e-01 9.999999995946373677e-01 9.999999995408899167e-01 3.864793095849805793e-07 2.371079567706552789e-07 1.060343132767685637e-07 1.250947934876292441e-08 -3.956229769826260747e-08
7.400000000000000000e+01 9.999996943970798080e-01 9.999999997317934319e-01 9.999999996177915129e-01 9.999999995299494460e-01 9.999999994829786854e-01 2.558715616591719704e-07 1.219249992924749424e-07 2.332533356250132456e-08 -3.433657037342606221e-08 -5.954491703862395943e-08
7.500000000000000000e+01 9.999999823860602488e-01 9.999999996652494394e-01 9.999999995459938340e-01 9.999999994603381293e-01 9.999999994231519862e-01 1.392960867972239421e-07 3.558208649467673214e-08 -2.796294435905914802e-08 -5.796321604271515386e-08 -6.943280650401968414e-08
7.600000000000000000e+01 1.000000178029193609e+00 9.999999995996812219e-01 9.999999994760959687e-01 9.999999993950665633e-01 9.999999993703213574e-01 4.933541696468853511e-08 -2.032825183952619954e-08 -5.554917317504793033e-08 -7.009096652707134472e-08 -7.923738402255037292e-08
7.700000000000000000e+01 1.000000311621213944e+00 9.999999995441659628e-01 9.999999994180726048e-01 9.999999993438993817e-01 9.999999993326197378e-01 -1.130673241428259908e-08 -5.217242858265052843e-08 -7.026765474519140314e-08 -8.064961943570411822e-08 -9.486353635007165559e-08
7.800000000000000000e+01 1.000000416905302947e+00 9.999999995078194814e-01 9.999999993812702659e-01 9.999999993149883970e-01 9.999999993156879485e-01 -4.766663413984082674e-08 -6.984996195068398281e-08 -8.188103850206638765e-08 -9.597987028538647791e-08 -1.190475642034792458e-07
7.900000000000000000e+01 1.000000523491414883e+00 9.999999994977987194e-01 9.999999993724100200e-01 9.999999993132516751e-01 9.999999993218201544e-01 -6.866368173556315283e-08 -8.286265243313008631e-08 -9.709242587383623280e-08 -1.193296240496036620e-07 -1.530483114459765299e-07
8.000000000000000000e+01 1.000000653405569651e+00 9.999999995177417667e-01 9.999999993943118337e-01 9.999999993397530318e-01 9.999999993502250994e-01 -8.344581570040629860e-08 -9.819339146117133664e-08 -1.196484970158482677e-07 -1.522395822754106298e-07 -1.974803148736898877e-07
8.100000000000000000e+01 1.000000819950110920e+00 9.999999995671235986e-01 9.999999994457219321e-01 9.999999993922341623e-01 9.999999993982263691e-01 -9.918156321931416509e-08 -1.200590101593137549e-07 -1.514188890109428271e-07 -1.953850311818493501e-07 -2.517089234939808065e-07
8.200000000000000000e+01 1.000001026956548245e+00 9.999999996417485715e-01 9.999999995222936811e-01 9.999999994665869085e-01 9.999999994629195088e-01 -1.205154640208296584e-07 -1.506929631236143303e-07 -1.932046561464765190e-07 -2.482367142134369464e-07 -3.124002993925296171e-07
8.300000000000000000e+01 1.000001267659840654e+00 9.999999997351739500e-01 9.999999996183012163e-01 9.999999995586150714e-01 9.999999995425137289e-01 -1.500651126917428468e-07 -1.910821600925932889e-07 -2.446088449431958633e-07 -3.079019898014684110e-07 -3.724563371624484139e-07
8.400000000000000000e+01 1.000001523850333029e+00 9.999999998405972867e-01 9.999999997284840791e-01 9.999999996654364010e-01 9.999999996368420518e-01 -1.890532679944338668e-07 -2.409902406301573739e-07 -3.031397867663304187e-07 -3.681339157369898303e-07 -4.214044817226764442e-07
8.500000000000000000e+01 1.000001766735407305e+00 9.999999999525287508e-01 9.999999998492893338e-01 9.999999997858828316e-01 9.999999997466799684e-01 -2.374350972458147741e-07 -2.982938161356439935e-07 -3.633208818810516100e-07 -4.194764861990784775e-07 -4.475435067165184135e-07
8.600000000000000000e+01 1.000001960615977570e+00 1.000000000067693851e+00 9.999999999790748495e-01 9.999999999197485279e-01 9.999999998721326167e-01 -2.934302694506111228e-07 -3.582082450721373649e-07 -4.166581771730960843e-07 -4.509369510037186773e-07 -4.412209847125706481e-07
8.700000000000000000e+01 1.000002069325833798e+00 1.000000000184897431e+00 1.000000000117219567e+00 1.000000000066158412e+00 1.000000000010686563e+00 -3.528740984254612599e-07 -4.131380344329142720e-07 -4.529093041850278492e-07 -4.527912452442334103e-07 -3.979921137025216298e-07
8.800000000000000000e+01 1.000002063994739565e+00 1.000000000303956194e+00 1.000000000262502464e+00 1.000000000221691554e+00 1.000000000155704560e+00 -4.090006714351851682e-07 -4.536109879412397171e-07 -4.624445004514206726e-07 -4.195243081143467983e-07 -3.203581264309260758e-07
8.900000000000000000e+01 1.000001929827390557e+00 1.000000000424123847e+00 1.000000000411381373e+00 1.000000000379009490e+00 1.000000000296030978e+00 -4.531105234804997187e-07 -4.702351585373269099e-07 -4.389320649714019973e-07 -3.517548672787700667e-07 -2.173053218738494536e-07
9.000000000000000000e+01 1.000001669625207645e+00 1.000000000542588197e+00 1.000000000556820368e+00 1.000000000526556798e+00 1.000000000416974011e+00 -4.761634653367959894e-07 -4.561007081374346313e-07 -3.813458415549312113e-07 -2.563310744002583762e-07 -1.017270576578836774e-07
9.100000000000000000e+01 1.000001302843845252e+00 1.000000000653585630e+00 1.000000000688158863e+00 1.000000000649594378e+00 1.000000000502545783e+00 -4.708923850744287578e-07 -4.087919814906220592e-07 -2.945035709395921316e-07 -1.444843715524317460e-07 1.333457915137266716e-08
9.200000000000000000e+01 1.000000860525531499e+00 1.000000000748434426e+00 1.000000000792125698e+00 1.000000000732346850e+00 1.000000000538385114e+00 -4.337514199607578029e-07 -3.312528036770766418e-07 -1.878671097008498000e-07 -2.867304153850054562e-08 1.182075511641905949e-07
9.300000000000000000e+01 1.000000377926136608e+00 1.000000000816548829e+00 1.000000000854829985e+00 1.000000000760805419e+00 1.000000000514695842e+00 -3.660016617180537698e-07 -2.311393644469805431e-07 -7.298844616508441331e-08 8.073215458931462399e-08 2.085243009887550304e-07
9.400000000000000000e+01 9.999998874660657178e-01 1.000000000847107273e+00 1.000000000864171401e+00 1.000000000725430160e+00 1.000000000428405089e+00 -2.735251010240852809e-07 -1.188472464691246428e-07 3.949798151180073706e-08 1.776942165955016883e-07 2.848489698260598608e-07
9.500000000000000000e+01 9.999994143488648568e-01 1.000000000831092972e+00 1.000000000812240719e+00 1.000000000623275875e+00 1.000000000284218871e+00 -1.653811020043856353e-07 -4.872424775805737491e-09 1.422666525406964881e-07 2.608755542206531511e-07 3.502116268351111499e-07
9.600000000000000000e+01 9.999989761116354625e-01 1.000000000763117347e+00 1.000000000697063518e+00 1.000000000458969529e+00 1.000000000094245056e+00 -5.158186928489041911e-08 1.025721692946072883e-07 2.322235975495074325e-07 3.320393074307045290e-07 4.066217640478891424e-07
9.700000000000000000e+01 9.999985857028870218e-01 1.000000000642745412e+00 1.000000000523438404e+00 1.000000000244458009e+00 9.999999998763999809e-01 5.917718412870450586e-08 1.988766286008580299e-07 3.096859206208634892e-07 3.931971313681507696e-07 4.520732064575233447e-07
9.800000000000000000e+01 9.999982563640984479e-01 1.000000000475020245e+00 1.000000000302676106e+00 9.999999999975613951e-01 9.999999996518933454e-01 1.610746487009933217e-07 2.828647611970644836e-07 3.761999442919660124e-07 4.437089740304840056e-07 4.793604223305659578e-07
9.900000000000000000e+01 9.999980059313835490e-01 1.000000000270133027e+00 1.000000000051321836e+00 9.999999997396175067e-01 9.999999994422716920e-01 2.515109126151068888e-07 3.552725086561611364e-07 4.319168317423792850e-07 4.785740244306480300e-07 4.772909950685881923e-07
1.000000000000000000e+02 9.999978585003058695e-01 1.000000000042290393e+00 9.999999997890802739e-01 9.999999994926405122e-01 9.999999992665393744e-01 3.301952979140624414e-07 4.165204828372558857e-07 4.736173733335109395e-07 4.886781736491977044e-07 4.338978157935206904e-07
