#PATCH_CHECK: SepMBpoisson v0.61 exact-bernoulli stratified-backward active
#discretizing the bath:
#     0 0.0000000000000000e+00 -6.3189999999999946e-01
#     1 5.7735026918962571e-03 -2.9399457740523993e-01
#     2 5.7735026918962571e-03 -2.6897322883668501e-01
#     3 5.7735026918962571e-03 -2.4162095552888979e-01
#     4 5.7735026918962571e-03 -2.1212175107428391e-01
#     5 5.7735026918962571e-03 -1.8062183155890651e-01
#     6 5.7735026918962571e-03 -1.4724104105906932e-01
#     7 5.7735026918962571e-03 -1.1207994535107946e-01
#     8 5.7735026918962571e-03 -7.5224509027382702e-02
#     9 5.7735026918962571e-03 -3.6749322175655019e-02
#sampling: jump_strength=1.4433756729740645e-02 jump_probability=1.4228387643833112e-02 log_scale=1.4330581680401275e-02 back_replicas=4 stratify_forward=0
#adaptive measurement: gap=3.1499919515377395e-02 period_steps=399 nmeas=76 nwf=150 tmax=7.5000000000000000e+01 forced_stride=0
  0.00000000 +5.0000000000000000e+00 +1.9999999999999998e+00 +1.8374661879283106e-03 +1.0000000000000000e+00 +1.0000000000000000e+00 +1.0000000000000000e+00 +1.0000000000000000e+00 +1.0000000000000000e+00 +0.0000000000000000e+00 +0.0000000000000000e+00 +0.0000000000000000e+00 +0.0000000000000000e+00 +0.0000000000000000e+00
  0.50000000 +5.0000000000000000e+00 +1.9999999998570221e+00 +1.8539673771563231e-03 +9.9995810747868996e-01 +9.9999999999922384e-01 +9.9999999999922384e-01 +9.9999999999922384e-01 +9.9999999999922384e-01 +8.2555061487188098e-06 +8.4780738916427663e-06 +8.3199336532494272e-06 +8.5981433319043742e-06 +8.2408635340527585e-06
  1.00000000 +5.0000000000000000e+00 +1.9999999998834190e+00 +1.8999717040956716e-03 +9.9984124547974063e-01 +9.9999999959612940e-01 +9.9999999965616260e-01 +9.9999999969904341e-01 +9.9999999963901043e-01 +3.2058998737371766e-05 +3.2079686710990076e-05 +3.1287822517611950e-05 +3.2314388376829031e-05 +3.1015029622401978e-05
  1.50000000 +5.0000000000000000e+00 +2.0000000083879725e+00 +1.9660307399523812e-03 +9.9967322705502037e-01 +9.9999999683486829e-01 +9.9999999699023179e-01 +9.9999999729529154e-01 +9.9999999692483410e-01 +6.7539785075052376e-05 +6.6508682529564870e-05 +6.3793505384391363e-05 +6.5621920245436698e-05 +6.3321044903714548e-05
  2.00000000 +5.0000000000000000e+00 +1.9999999761376692e+00 +2.0382976972164201e-03 +9.9948899510100087e-01 +9.9999998819959779e-01 +9.9999998933427592e-01 +9.9999998944530233e-01 +9.9999998909809473e-01 +1.0734098363813003e-04 +1.0496553330361169e-04 +1.0018395172528120e-04 +1.0108987835905340e-04 +9.7468461670142636e-05
  2.50000000 +5.0000000000000000e+00 +1.9999999701892139e+00 +2.1012012664718268e-03 +9.9932793764751471e-01 +9.9999996856478290e-01 +9.9999997081504888e-01 +9.9999997291901166e-01 +9.9999997231415261e-01 +1.4542839109205473e-04 +1.3982218117688117e-04 +1.3242410852950810e-04 +1.3052894558475929e-04 +1.2397404551725089e-04
  3.00000000 +5.0000000000000000e+00 +2.0000000067339769e+00 +2.1433246424400255e-03 +9.9921910878964204e-01 +9.9999993500123507e-01 +9.9999994179231411e-01 +9.9999994269362624e-01 +9.9999994208761300e-01 +1.7419418201871476e-04 +1.6437258857763499e-04 +1.5520696049920279e-04 +1.4870578028216007e-04 +1.3865014778062252e-04
  3.50000000 +5.0000000000000000e+00 +1.9999999279983229e+00 +2.1545109597918464e-03 +9.9918844266839946e-01 +9.9999989108804399e-01 +9.9999989785174892e-01 +9.9999990601130440e-01 +9.9999990142125095e-01 +1.8818622800192508e-04 +1.7541079724136250e-04 +1.6219804407043091e-04 +1.5125211668143372e-04 +1.3491377670830885e-04
  4.00000000 +5.0000000000000000e+00 +1.9999998785951485e+00 +2.1343690853530672e-03 +9.9923740034751352e-01 +9.9999983618927624e-01 +9.9999984639549533e-01 +9.9999985470022135e-01 +9.9999985068478103e-01 +1.8776212648253143e-04 +1.7131430339682700e-04 +1.5147924405116948e-04 +1.3589823606524246e-04 +1.1675775773154170e-04
  4.50000000 +5.0000000000000000e+00 +1.9999999580074448e+00 +2.0870150186178028e-03 +9.9935603557634789e-01 +9.9999977813468033e-01 +9.9999978346757701e-01 +9.9999979696523456e-01 +9.9999978752934604e-01 +1.7038727415033037e-04 +1.4643186263200452e-04 +1.2735906867979477e-04 +1.1156811392992471e-04 +8.9071958538087636e-05
  5.00000000 +5.0000000000000000e+00 +1.9999997693628333e+00 +2.0218736834548491e-03 +9.9952093750698323e-01 +9.9999971479841365e-01 +9.9999971617275318e-01 +9.9999974464869978e-01 +9.9999972850855146e-01 +1.4190245490558023e-04 +1.1645854966741151e-04 +9.1291392955207386e-05 +7.3988654368353161e-05 +5.6517274878904253e-05
  5.50000000 +5.0000000000000000e+00 +1.9999996537715365e+00 +1.9542269998342934e-03 +9.9969371257673167e-01 +9.9999964502336369e-01 +9.9999967018782099e-01 +9.9999968757648194e-01 +9.9999965897276377e-01 +1.0200464372350994e-04 +8.0881866760892132e-05 +6.0206630725841353e-05 +3.9053881292590710e-05 +2.5478661047309210e-05
  6.00000000 +5.0000000000000000e+00 +1.9999994138625810e+00 +1.8978397117040463e-03 +9.9983922825216509e-01 +9.9999957389047556e-01 +9.9999963250423740e-01 +9.9999966043187538e-01 +9.9999963188622265e-01 +6.6960328564988946e-05 +3.9537598647620589e-05 +2.9908341239312539e-05 +1.7696344928794042e-05 +8.1704255246349372e-06
  6.50000000 +5.0000000000000000e+00 +1.9999999471405452e+00 +1.8568483613666572e-03 +9.9994706260272759e-01 +9.9999958964303803e-01 +9.9999959834259489e-01 +9.9999961801268733e-01 +9.9999960136742772e-01 +3.0574154955414300e-05 +1.1322500292809385e-05 +4.5321385255624782e-06 +4.9050863492775805e-06 +3.1961313323263812e-06
  7.00000000 +5.0000000000000000e+00 +2.0000000193439669e+00 +1.8509883571320510e-03 +9.9996611497318966e-01 +9.9999954461514218e-01 +9.9999957448654575e-01 +9.9999961665050563e-01 +9.9999958574324199e-01 +1.0812391123743227e-05 +1.4643668646754522e-06 +5.5665325468743510e-08 +7.9708051483900507e-06 +1.5260368566554022e-05
  7.50000000 +5.0000000000000000e+00 +1.9999996459571419e+00 +1.8773304678569647e-03 +9.9990314465324803e-01 +9.9999958427221725e-01 +9.9999959533456118e-01 +9.9999963845432183e-01 +9.9999964038833766e-01 +3.1063355177637131e-06 +5.1319547175139983e-06 +1.6904052910907676e-05 +2.9523576184711036e-05 +4.3730998265200967e-05
  8.00000000 +5.0000000000000000e+00 +1.9999995124389933e+00 +1.9270676660540947e-03 +9.9977965696507931e-01 +9.9999952217914456e-01 +9.9999958165548908e-01 +9.9999963336339692e-01 +9.9999959752142686e-01 +1.4383929910015646e-05 +3.0484989671436262e-05 +4.3511529471846877e-05 +5.9720818395290336e-05 +7.3907037978034030e-05
  8.50000000 +5.0000000000000000e+00 +2.0000000152959294e+00 +1.9784616570951846e-03 +9.9965018335387001e-01 +9.9999959633432201e-01 +9.9999952989255991e-01 +9.9999957437076725e-01 +9.9999960325320059e-01 +4.1634129099826574e-05 +4.3778368268994496e-05 +7.3117052018387060e-05 +9.2299219149997552e-05 +1.0068401439548272e-04
  9.00000000 +5.0000000000000000e+00 +1.9999990923014155e+00 +2.0502118818518564e-03 +9.9946653700279731e-01 +9.9999959591751941e-01 +9.9999955542144059e-01 +9.9999961382677161e-01 +9.9999948875460276e-01 +7.9887061539399542e-05 +9.1229735869081710e-05 +1.1220702870532495e-04 +1.2332151409072211e-04 +1.2856377695421808e-04
  9.50000000 +5.0000000000000000e+00 +1.9999991622925659e+00 +2.0902721913653288e-03 +9.9936139235107568e-01 +9.9999955734161339e-01 +9.9999964024182120e-01 +9.9999956859663042e-01 +9.9999939880827116e-01 +1.1041012794657705e-04 +1.2760233618013743e-04 +1.3661228061509682e-04 +1.3748714570369829e-04 +1.2833071670682831e-04
 10.00000000 +5.0000000000000000e+00 +1.9999986129977598e+00 +2.1238149039686416e-03 +9.9927122751287811e-01 +9.9999952836874284e-01 +9.9999944699626986e-01 +9.9999948703317865e-01 +9.9999938364513541e-01 +1.5247053915139956e-04 +1.5270183357018254e-04 +1.5979890090133626e-04 +1.4364263802368399e-04 +1.2231256305743004e-04
 10.50000000 +5.0000000000000000e+00 +1.9999992164293838e+00 +2.1256472937735732e-03 +9.9926123088337648e-01 +9.9999943493672228e-01 +9.9999940176057434e-01 +9.9999925929803535e-01 +9.9999943279002235e-01 +1.7354523612342674e-04 +1.7549964959116425e-04 +1.4504615666502581e-04 +1.3097830431835707e-04 +1.1617093441157651e-04
 11.00000000 +5.0000000000000000e+00 +1.9999997189280314e+00 +2.1039773921161364e-03 +9.9931100214253421e-01 +9.9999933366838134e-01 +9.9999933323034973e-01 +9.9999932505415168e-01 +9.9999916570442760e-01 +1.9439784550095380e-04 +1.7029565696714355e-04 +1.4328593930467164e-04 +1.1464689641407920e-04 +6.9213864402088850e-05
 11.50000000 +5.0000000000000000e+00 +1.9999993038810218e+00 +2.0565073467565132e-03 +9.9942757049901199e-01 +9.9999928970480001e-01 +9.9999923219399156e-01 +9.9999917819637651e-01 +9.9999900103907857e-01 +1.8231903847602528e-04 +1.4146981446647630e-04 +1.2123718526783862e-04 +8.0078214513083120e-05 +5.0624085140082696e-05
 12.00000000 +5.0000000000000000e+00 +1.9999989331288091e+00 +2.0061350579091346e-03 +9.9955482891688630e-01 +9.9999913666063112e-01 +9.9999905463709049e-01 +9.9999911443472700e-01 +9.9999883982016946e-01 +1.6788404769341531e-04 +1.1782609217403825e-04 +1.0182950381069777e-04 +4.9253523795130287e-05 +1.2232332828439950e-05
 12.50000000 +5.0000000000000000e+00 +1.9999981839838803e+00 +1.9675833001679961e-03 +9.9965450688379309e-01 +9.9999906860096011e-01 +9.9999896609376271e-01 +9.9999892932779477e-01 +9.9999868806786418e-01 +1.3819573543205732e-04 +9.3560900589154350e-05 +6.3828704289592045e-05 +2.3406021669516878e-05 +3.0849655577837509e-05
 13.00000000 +5.0000000000000000e+00 +1.9999978811091894e+00 +1.9140187664897956e-03 +9.9979453272464525e-01 +9.9999888049888275e-01 +9.9999892605012242e-01 +9.9999874034447656e-01 +9.9999864437346797e-01 +1.0521646292948171e-04 +6.7525321970168234e-05 +2.7870509689161786e-05 +1.5161373336717672e-05 -5.4976116156903810e-06
 13.50000000 +5.0000000000000000e+00 +1.9999987944455282e+00 +1.8916922939257734e-03 +9.9985748617757908e-01 +9.9999886460427023e-01 +9.9999885280404821e-01 +9.9999903103210619e-01 +9.9999847146439091e-01 +7.1556769810792061e-05 +4.0241928068465627e-06 +1.8501488719404584e-05 +1.8804256910181044e-05 +3.4407208873619448e-05
 14.00000000 +5.0000000000000000e+00 +1.9999982100757225e+00 +1.8845193200460431e-03 +9.9988167924423677e-01 +9.9999892706355331e-01 +9.9999884832938768e-01 +9.9999858023698629e-01 +9.9999855559146633e-01 +4.4438876757847242e-05 +1.1929834982979055e-05 +1.4149717495525537e-05 +3.5706715573522069e-06 +4.9320432798428662e-05
 14.50000000 +5.0000000000000000e+00 +1.9999983372153622e+00 +1.9075379157461650e-03 +9.9982712001465501e-01 +9.9999884017820784e-01 +9.9999878920605045e-01 +9.9999875085543988e-01 +9.9999869472740210e-01 +1.8905737979531054e-05 +4.1543726010983024e-07 +2.7530740540997667e-05 +4.8174726901651986e-05 +8.2778383684950022e-05
 15.00000000 +5.0000000000000000e+00 +1.9999988261555284e+00 +1.9440184005211387e-03 +9.9973884624301701e-01 +9.9999864014407036e-01 +9.9999906602144695e-01 +9.9999862124209171e-01 +9.9999860184870981e-01 +9.8233463723733257e-07 +2.3634044056590415e-05 +5.1683236707386547e-05 +8.5732479177073344e-05 +1.0419245483983929e-04
 15.50000000 +5.0000000000000000e+00 +1.9999996710111447e+00 +1.9923372761391075e-03 +9.9961858835769990e-01 +9.9999887235193874e-01 +9.9999833668292037e-01 +9.9999871417551800e-01 +9.9999850455729711e-01 +4.5787576331704407e-05 +4.4761869059288502e-05 +6.9728543649051091e-05 +9.1384673265753835e-05 +1.3532123598436745e-04
 16.00000000 +5.0000000000000000e+00 +2.0000008064615615e+00 +2.0392174661184089e-03 +9.9949747971154290e-01 +9.9999865001267929e-01 +9.9999892095222931e-01 +9.9999876597758586e-01 +9.9999815065129305e-01 +5.8305903079048091e-05 +7.0255313306151094e-05 +9.4666048021474416e-05 +1.4788337694226250e-04 +1.3692205155972669e-04
 16.50000000 +5.0000000000000000e+00 +2.0000004779781668e+00 +2.0711495031939292e-03 +9.9941210236141564e-01 +9.9999907483944139e-01 +9.9999899138811488e-01 +9.9999844699075635e-01 +9.9999836126433439e-01 +8.5171997184780036e-05 +1.2251158066035788e-04 +1.4280316899038925e-04 +1.3530984246100269e-04 +1.0722659033477616e-04
 17.00000000 +5.0000000000000000e+00 +2.0000024842080273e+00 +2.0968822637858105e-03 +9.9934190827240021e-01 +9.9999878780105578e-01 +9.9999903069144125e-01 +9.9999862712529963e-01 +9.9999916762891061e-01 +1.1578029553244214e-04 +1.7013559065217598e-04 +1.5095907035307061e-04 +1.2680755468882208e-04 +9.8796009237172734e-05
 17.50000000 +5.0000000000000000e+00 +2.0000013110692980e+00 +2.0808617198312565e-03 +9.9937474274815918e-01 +9.9999909242156082e-01 +9.9999883341899487e-01 +9.9999823639736218e-01 +9.9999879474401399e-01 +1.3827717388125086e-04 +1.5965550630995496e-04 +1.3928653253106964e-04 +1.1622240292175052e-04 +7.6858683089359492e-05
 18.00000000 +5.0000000000000000e+00 +1.9999976754082245e+00 +2.0542979784750372e-03 +9.9943595152084830e-01 +9.9999917839022368e-01 +9.9999854798778220e-01 +9.9999861533574796e-01 +9.9999781198982984e-01 +1.7252553388637977e-04 +1.7031497933081699e-04 +1.3370578649121715e-04 +7.5268446553260933e-05 +1.8080055880133599e-05
 18.50000000 +5.0000000000000000e+00 +1.9999966185332079e+00 +2.0389226428824520e-03 +9.9947321154610780e-01 +9.9999854741734806e-01 +9.9999883582080662e-01 +9.9999857808056825e-01 +9.9999815930672042e-01 +2.2846191844006993e-04 +1.4346491659852144e-04 +9.0859598941229748e-05 +6.0354132195644641e-05 +9.5272612263388479e-06
 19.00000000 +5.0000000000000000e+00 +1.9999956601193236e+00 +1.9998566260290718e-03 +9.9957088737406641e-01 +9.9999868380065793e-01 +9.9999829098519710e-01 +9.9999810348836937e-01 +9.9999814519305397e-01 +1.4795427285012127e-04 +1.5487328736645429e-04 +7.0539383808741865e-05 +2.9010934423438377e-05 +3.3511258335427070e-05
 19.50000000 +5.0000000000000000e+00 +1.9999913098284130e+00 +1.9782613537953232e-03 +9.9962678783942283e-01 +9.9999869068501201e-01 +9.9999872461682415e-01 +9.9999847583178003e-01 +9.9999776025882947e-01 +1.7689805763726005e-04 +1.0081509401992934e-04 +5.3722032740350746e-05 +3.9469817475013311e-05 +8.6557310822650771e-06
 20.00000000 +5.0000000000000000e+00 +1.9999898216301202e+00 +1.9145304780074490e-03 +9.9979341577741587e-01 +9.9999853080517420e-01 +9.9999825160451594e-01 +9.9999829862508016e-01 +9.9999657973772826e-01 +1.3277973373370533e-04 +8.0976252274476162e-05 -5.8510571947543084e-06 +8.7587463186203070e-06 -1.7402527343571287e-06
 20.50000000 +5.0000000000000000e+00 +1.9999911356562299e+00 +1.9303200239620150e-03 +9.9976015607911273e-01 +9.9999862535964590e-01 +9.9999823344289374e-01 +9.9999759034745672e-01 +9.9999804500634337e-01 +1.0782759909061110e-04 +4.1890081334678705e-05 +2.8454336095102743e-05 +3.8124923202680362e-05 +3.1052811511777387e-05
 21.00000000 +5.0000000000000000e+00 +1.9999894267622131e+00 +1.9437933722133488e-03 +9.9972890897679867e-01 +9.9999904178090870e-01 +9.9999886227082291e-01 +9.9999801850008874e-01 +9.9999893964572317e-01 +6.3262416246366048e-05 +3.2572246203893575e-05 +4.7227532701281205e-05 +7.7043820404217679e-05 +5.6122830303826394e-05
 21.50000000 +5.0000000000000000e+00 +1.9999895774024667e+00 +1.9388257515965868e-03 +9.9974658991531895e-01 +9.9999911368463035e-01 +9.9999872793437594e-01 +9.9999743695789334e-01 +9.9999790272502609e-01 +4.4612842380403719e-05 +5.4931362939903512e-06 +7.6770995937834087e-05 +4.0195078642455114e-05 +9.3156749786167222e-05
 22.00000000 +5.0000000000000000e+00 +1.9999879323931604e+00 +1.9993094657671279e-03 +9.9959545543230632e-01 +9.9999897165012464e-01 +9.9999776477465641e-01 +9.9999854074353067e-01 +9.9999642919257958e-01 +6.7812962175581526e-05 +3.7549550657045741e-05 +6.9436208155304873e-05 +1.1056454786915917e-04 +1.2747494974722369e-04
 22.50000000 +5.0000000000000000e+00 +1.9999912820676307e+00 +1.9882063108881804e-03 +9.9962562756346607e-01 +9.9999851390790129e-01 +9.9999975035759348e-01 +9.9999834541612043e-01 +9.9999734224829839e-01 +2.7802032478534221e-05 +2.9688419762300078e-05 +6.3660139453784766e-05 +1.2592398971019109e-04 +1.3334592795761479e-04
 23.00000000 +5.0000000000000000e+00 +1.9999850369698395e+00 +2.0241129293067537e-03 +9.9953204330985801e-01 +9.9999865008725941e-01 +9.9999933022918153e-01 +9.9999621531618421e-01 +9.9999717951362865e-01 +2.7280438799383137e-05 +1.1135295638992529e-04 +9.6737587749785669e-05 +1.2120953981431364e-04 +1.2000105065435257e-04
 23.50000000 +5.0000000000000000e+00 +1.9999851545991030e+00 +2.0432279118187662e-03 +9.9948197581025411e-01 +9.9999821659723032e-01 +9.9999878228754890e-01 +9.9999744120578582e-01 +9.9999757597532335e-01 +6.4677538799339527e-05 +9.5248395312356912e-05 +9.7057796309525063e-05 +1.4135553335759980e-04 +1.2766885420305532e-04
 24.00000000 +5.0000000000000000e+00 +1.9999807921282098e+00 +2.0623550393760164e-03 +9.9943144832983399e-01 +9.9999915687478602e-01 +9.9999801277897515e-01 +9.9999775851813610e-01 +9.9999914467074080e-01 +7.2247849649098922e-05 +1.5838514563353728e-04 +1.4539335919863899e-04 +1.4485403688963147e-04 +5.3598460116295146e-05
 24.50000000 +5.0000000000000000e+00 +1.9999705340845730e+00 +2.0457828184685992e-03 +9.9946120556508045e-01 +9.9999920673755049e-01 +9.9999946786041349e-01 +9.9999739326089643e-01 +9.9999611718419346e-01 +1.5207080957828299e-04 +8.3961534794594180e-05 +1.5325900496967641e-04 +1.0598285574567430e-04 +5.1335178720477737e-05
 25.00000000 +5.0000000000000000e+00 +1.9999722643188911e+00 +2.0645868209875420e-03 +9.9941144879725763e-01 +9.9999891811346719e-01 +9.9999846451343521e-01 +9.9999714182465160e-01 +9.9999872714184701e-01 +1.5773130480192996e-04 +1.5327016878715811e-04 +1.6435543884161014e-04 +9.3391760658682147e-05 +2.6550915858179865e-05
 25.50000000 +5.0000000000000000e+00 +1.9999735769864266e+00 +2.0486045864924734e-03 +9.9945320763851342e-01 +9.9999829389606043e-01 +9.9999735772940745e-01 +9.9999700219088750e-01 +9.9999865653578279e-01 +1.8183402291689770e-04 +1.4095964120675050e-04 +1.1629420335615597e-04 +6.9226280724226530e-05 +4.7167851368340150e-05
 26.00000000 +5.0000000000000000e+00 +1.9999748897433762e+00 +2.0326212633397394e-03 +9.9949496932424520e-01 +9.9999766963613390e-01 +9.9999625086998911e-01 +9.9999686254761200e-01 +9.9999858592490898e-01 +2.0593838283037780e-04 +1.2864827507337251e-04 +6.8229694096161162e-05 +4.5059154716128137e-05 +6.7786191236875678e-05
 26.50000000 +5.0000000000000000e+00 +1.9999762025897503e+00 +2.0166368514181036e-03 +9.9953673385474395e-01 +9.9999704533368350e-01 +9.9999514393517264e-01 +9.9999672289482422e-01 +9.9999851530922534e-01 +2.3004438471012695e-04 +1.1633607030134205e-04 +2.0161910727116133e-05 +2.0890382466193527e-05 +8.8405935607281785e-05
 27.00000000 +5.0000000000000000e+00 +1.9999772466963774e+00 +1.9969796336418589e-03 +9.9958806304441150e-01 +9.9999762456734775e-01 +9.9999569965682233e-01 +9.9999649388441492e-01 +9.9999784306729556e-01 +1.8771701867435349e-04 +9.2040559451202466e-05 +2.1184342873211484e-05 +2.6176612931339389e-05 +9.7157252421790723e-05
 27.50000000 +5.0000000000000000e+00 +1.9999782904582917e+00 +1.9773289057130623e-03 +9.9963937528770275e-01 +9.9999820360977776e-01 +9.9999625519500002e-01 +9.9999626494961369e-01 +9.9999717104730712e-01 +1.4540362705508158e-04 +6.7753069784980840e-05 +2.2206437462449604e-05 +3.1461098142925640e-05 +1.0590567998148520e-04
 28.00000000 +5.0000000000000000e+00 +1.9999793338756642e+00 +1.9576846644183020e-03 +9.9969067059300876e-01 +9.9999878246106799e-01 +9.9999681054979683e-01 +9.9999603609038290e-01 +9.9999649924915024e-01 +1.0310420293295482e-04 +4.3473597331031611e-05 +2.3228194661969929e-05 +3.6743838965105094e-05 +1.1465121971696406e-04
 28.50000000 +5.0000000000000000e+00 +1.9999773376235519e+00 +1.9644725473997142e-03 +9.9967568438028842e-01 +9.9999738806921523e-01 +9.9999677511678897e-01 +9.9999650546511321e-01 +9.9999634470890308e-01 +8.1850645042608896e-05 +4.8215011968408373e-05 +2.7152968904810211e-05 +7.6534503315919009e-05 +1.0354913302164761e-04
 29.00000000 +5.0000000000000000e+00 +1.9999753418847515e+00 +1.9712586849583171e-03 +9.9966070202109281e-01 +9.9999599403591344e-01 +9.9999673969289216e-01 +9.9999697471914906e-01 +9.9999619020839448e-01 +6.0602552250119475e-05 +5.2955207407799293e-05 +3.1076733938961166e-05 +1.1631493597396998e-04 +9.2449901094954575e-05
 29.50000000 +5.0000000000000000e+00 +1.9999733466590655e+00 +1.9780430777672454e-03 +9.9964572351393655e-01 +9.9999460036102461e-01 +9.9999670427810283e-01 +9.9999744385253753e-01 +9.9999603574760831e-01 +3.9359922447830875e-05 +5.7694184119397178e-05 +3.4999490153631660e-05 +1.5608514088518658e-04 +8.1353522835922158e-05
 30.00000000 +5.0000000000000000e+00 +1.9999732498382272e+00 +2.0019564469177156e-03 +9.9958326623004623e-01 +9.9999473589158250e-01 +9.9999794206167925e-01 +9.9999743187863255e-01 +9.9999662038626780e-01 +4.7239543889715634e-05 +9.0920782565017430e-05 +7.7858964072895163e-05 +1.6026573604560653e-04 +5.3718529388304464e-05
 30.50000000 +5.0000000000000000e+00 +1.9999731530112899e+00 +2.0258713223273118e-03 +9.9952080501208607e-01 +9.9999487143067700e-01 +9.9999917992322096e-01 +9.9999741990397262e-01 +9.9999720506175238e-01 +5.5119661654458048e-05 +1.2414947389294338e-04 +1.2072113763156786e-04 +1.6444659453402412e-04 +2.6081795263292410e-05
 31.00000000 +5.0000000000000000e+00 +1.9999730561782540e+00 +2.0497877041383544e-03 +9.9945833985968491e-01 +9.9999500697830923e-01 +1.0000004178627360e+00 +9.9999740792855896e-01 +9.9999778977406562e-01 +6.3000275788953320e-05 +1.5738025830092146e-04 +1.6358601108472576e-04 +1.6862771637532001e-04 -1.5566797035822509e-06
 31.50000000 +5.0000000000000000e+00 +1.9999719373742346e+00 +2.0324736709716332e-03 +9.9950103906905441e-01 +9.9999601388793335e-01 +9.9999905189898830e-01 +9.9999778092048452e-01 +9.9999616089855248e-01 +8.4726026144887621e-05 +1.4450533527551618e-04 +1.2184808990375599e-04 +1.4229250962487228e-04 +1.6581346789747109e-05
 32.00000000 +5.0000000000000000e+00 +1.9999708188486087e+00 +2.0151639460822650e-03 +9.9954372765351407e-01 +9.9999702054700645e-01 +9.9999768627513530e-01 +9.9999815381959778e-01 +9.9999453242835468e-01 +1.0644637044913307e-04 +1.3163361593689847e-04 +8.0120554433548401e-05 +1.1596385590419783e-04 +3.4714859970203494e-05
 32.50000000 +5.0000000000000000e+00 +1.9999697006012729e+00 +1.9978585278623974e-03 +9.9958640561702961e-01 +9.9999802695562223e-01 +9.9999632099105051e-01 +9.9999852662593358e-01 +9.9999290436332122e-01 +1.2816131071923282e-04 +1.1876509908944964e-04 +3.8403400798146833e-05 +8.9641752767700297e-05 +5.2843861522159156e-05
 33.00000000 +5.0000000000000000e+00 +1.9999716111903250e+00 +1.9960462924459603e-03 +9.9959074247035762e-01 +9.9999948319868159e-01 +9.9999823399076893e-01 +9.9999714782979710e-01 +9.9999634422711270e-01 +1.3922886494614826e-04 +1.1189915452273197e-04 +2.4148364175838032e-05 +1.0499831113280081e-04 +3.7773575154108685e-05
 33.50000000 +5.0000000000000000e+00 +1.9999735207662082e+00 +1.9942350180424738e-03 +9.9959507702388928e-01 +1.0000009386695075e+00 +1.0000001459760397e+00 +9.9999576976482429e-01 +9.9999978226677333e-01 +1.5029055014365811e-04 +1.0503685090773071e-04 +9.9008868776037559e-06 +1.2034672604626193e-04 +2.2711280430104475e-05
 34.00000000 +5.0000000000000000e+00 +1.9999754293297274e+00 +1.9924247038877159e-03 +9.9959940927945357e-01 +1.0000023933687141e+00 +1.0000020569476697e+00 +9.9999439243043364e-01 +1.0000032184837546e+00 +1.6134637097896913e-04 +9.8178185349065205e-05 -4.3390371079295157e-06 +1.3568700398397084e-04 +7.6569709949807864e-06
 34.50000000 +5.0000000000000000e+00 +1.9999772135405089e+00 +1.9805740515794323e-03 +9.9963168600902430e-01 +1.0000017417822900e+00 +9.9999985888621479e-01 +9.9999438777434424e-01 +1.0000022903988020e+00 +1.4754732778861343e-04 +9.2451384175224605e-05 +1.6373291637858642e-05 +9.8801414645956559e-05 +1.4861730152120672e-05
 35.00000000 +5.0000000000000000e+00 +1.9999789976461877e+00 +1.9687240973559959e-03 +9.9966396083727382e-01 +1.0000010902342484e+00 +9.9999766095424047e-01 +9.9999438311852884e-01 +1.0000013623685198e+00 +1.3374909745671648e-04 +8.6724920349322678e-05 +3.7084400285166835e-05 +6.1917998122599475e-05 +2.2066064899441461e-05
 35.50000000 +5.0000000000000000e+00 +1.9999807816467738e+00 +1.9568748411557270e-03 +9.9969623376437011e-01 +1.0000004387245864e+00 +9.9999546315173582e-01 +9.9999437846298778e-01 +1.0000004343929032e+00 +1.1995167991145601e-04 +8.0998793841552090e-05 +5.7794288941800176e-05 +2.5036754221914678e-05 +2.9269975274443026e-05
 36.00000000 +5.0000000000000000e+00 +1.9999767225321565e+00 +2.0058927149862456e-03 +9.9956918567095288e-01 +1.0000021712637941e+00 +9.9999871400032403e-01 +9.9999394326488134e-01 +9.9999848376953093e-01 +8.6008096136907185e-05 +9.7592544798530531e-05 +8.5725888419053273e-05 +9.0210035528164102e-05 +7.7965456885896225e-05
 36.50000000 +5.0000000000000000e+00 +1.9999726643099169e+00 +2.0548998124699991e-03 +9.9944216550845577e-01 +1.0000039034221118e+00 +1.0000019641342290e+00 +9.9999350816245147e-01 +9.9999653357499407e-01 +5.2071974698046331e-05 +1.1418264769816814e-04 +1.1365134726681409e-04 +1.5536898879803935e-04 +1.2665023302698176e-04
 37.00000000 +5.0000000000000000e+00 +1.9999686069797600e+00 +2.1038961371602888e-03 +9.9931517326766894e-01 +1.0000056351996647e+00 +1.0000052135536863e+00 +9.9999307315566621e-01 +9.9999458380915107e-01 +1.8143313134305302e-05 +1.3076910374334484e-04 +1.4157066750984239e-04 +2.2051361875594723e-04 +1.7532430722763188e-04
 37.50000000 +5.0000000000000000e+00 +1.9999732752200705e+00 +2.0607207150122406e-03 +9.9942684260629000e-01 +1.0000024945211901e+00 +1.0000035510155221e+00 +9.9999459012124026e-01 +9.9999863113580090e-01 +1.5599872219806940e-05 +1.4382519014504108e-04 +1.1513997636697923e-04 +1.7649262110316146e-04 +1.2283293695419052e-04
 38.00000000 +5.0000000000000000e+00 +1.9999779429714697e+00 +2.0175498146838859e-03 +9.9953850024963153e-01 +9.9999935417164276e-01 +1.0000018886514777e+00 +9.9999610692794050e-01 +1.0000026780385687e+00 +1.3056697683276518e-05 +1.5687990916535041e-04 +8.8712053345741345e-05 +1.3247623382832270e-04 +7.0347064172146908e-05
 38.50000000 +5.0000000000000000e+00 +1.9999826102340355e+00 +1.9743834354648986e-03 +9.9965014619953141e-01 +9.9999621415097162e-01 +1.0000002264615262e+00 +9.9999762357579203e-01 +1.0000067245175215e+00 +1.0513789482869057e-05 +1.6993326101907329e-04 +6.2286898011287923e-05 +8.8464456207192329e-05 +1.7866688017906842e-05
 39.00000000 +5.0000000000000000e+00 +1.9999835496445229e+00 +1.9891755060337359e-03 +9.9961185732848001e-01 +9.9999837811999637e-01 +9.9999858857060675e-01 +9.9999643454398202e-01 +1.0000038428093685e+00 +2.1764689190476522e-05 +1.9336266843854430e-04 +7.4913264189727054e-05 +6.2706744280498580e-05 +3.8151260098781279e-05
 39.50000000 +5.0000000000000000e+00 +1.9999844895445300e+00 +2.0039752846289791e-03 +9.9957354850541280e-01 +1.0000005432166477e+00 +9.9999694982619591e-01 +9.9999524489257741e-01 +1.0000009595995811e+00 +3.3021451649456856e-05 +2.1680428472966855e-04 +8.7546209863812829e-05 +3.6935610221807883e-05 +5.8446402303459645e-05
 40.00000000 +5.0000000000000000e+00 +1.9999854299344384e+00 +2.0187827772770819e-03 +9.9953521971472981e-01 +1.0000027094418067e+00 +9.9999531022762633e-01 +9.9999405462109359e-01 +9.9999807488698522e-01 +4.4284081443551649e-05 +2.4025811943784709e-04 +1.0018574017766718e-04 +1.1151043537142049e-05 +7.8752122896102102e-05
 40.50000000 +5.0000000000000000e+00 +1.9999850331370854e+00 +2.0539074029491244e-03 +9.9944447210863185e-01 +1.0000029793502192e+00 +9.9999764116195289e-01 +9.9999607405276258e-01 +9.9999752488981197e-01 +6.7962043473666884e-05 +1.9885420534800698e-04 +1.0698291330165537e-04 +7.6637998860983893e-05 +1.1087127304646699e-04
 41.00000000 +5.0000000000000000e+00 +1.9999846365366045e+00 +2.0890146014964413e-03 +9.9935376952706634e-01 +1.0000032491247164e+00 +9.9999997093978366e-01 +9.9999809248248817e-01 +9.9999697516552077e-01 +9.1628257654811465e-05 +1.5747083385929549e-04 +1.1377671400012880e-04 +1.4209246275419859e-04 +1.4297448724235432e-04
 41.50000000 +5.0000000000000000e+00 +1.9999842401328483e+00 +2.1241043858855491e-03 +9.9926311193653328e-01 +1.0000035187653979e+00 +1.0000022995619788e+00 +1.0000001099110156e+00 +9.9999642571390801e-01 +1.1528273272788076e-04 +1.1610798968715038e-04 +1.2056714478231434e-04 +2.0751445939178167e-04 +1.7506177734078675e-04
 42.00000000 +5.0000000000000000e+00 +1.9999896858555999e+00 +2.1297002178594440e-03 +9.9925225803898687e-01 +1.0000069306933694e+00 +1.0000014961424075e+00 +1.0000018349505504e+00 +9.9999014436728517e-01 +9.9051478733217616e-05 +1.5045732123384982e-04 +1.2816238528750234e-04 +2.1765735162468296e-04 +1.5200726960099803e-04
 42.50000000 +5.0000000000000000e+00 +1.9999951311000486e+00 +2.1352955583464456e-03 +9.9924140509474801e-01 +1.0000103423216684e+00 +1.0000006927934013e+00 +1.0000035598385730e+00 +9.9998386357235847e-01 +8.2821650344010170e-05 +1.8480363584824885e-04 +1.3575695869597033e-04 +2.2779935299834997e-04 +1.2895478675910217e-04
 43.00000000 +5.0000000000000000e+00 +2.0000005758662582e+00 +2.1408904074113038e-03 +9.9923055310369124e-01 +1.0000137536503344e+00 +9.9999988951495100e-01 +1.0000052845751042e+00 +9.9997758332905562e-01 +6.6593247372448390e-05 +2.1914693392779985e-04 +1.4335086509560202e-04 +2.3794046363014517e-04 +1.0590432854833803e-04
 43.50000000 +5.0000000000000000e+00 +2.0000033790526999e+00 +2.0598515489226796e-03 +9.9943330374331296e-01 +1.0000062717644573e+00 +1.0000011321986868e+00 +1.0000069534279559e+00 +9.9998272905020180e-01 +9.2711725887429131e-05 +1.5690738946914614e-04 +1.2902515848781898e-04 +1.5753362843767970e-04 +3.3431919594714517e-05
 44.00000000 +5.0000000000000000e+00 +2.0000061836056209e+00 +1.9787731860976118e-03 +9.9963615321859955e-01 +9.9999878623135552e-01 +1.0000023754881986e+00 +1.0000086230943299e+00 +9.9998787727975325e-01 +1.1884293648158645e-04 +9.4637504850842374e-05 +1.1469246847054349e-04 +7.7087597003694231e-05 -3.9075817773938411e-05
 44.50000000 +5.0000000000000000e+00 +2.0000089895260222e+00 +1.8976552900430521e-03 +9.9983910160183886e-01 +9.9999129704836132e-01 +1.0000036193839297e+00 +1.0000102935748214e+00 +9.9999302801954426e-01 +1.4498688846702635e-04 +3.2337257882421491e-05 +1.0035278993618479e-04 -3.3976593395215090e-06 -1.1161890939644426e-04
 45.00000000 +5.0000000000000000e+00 +2.0000063574784153e+00 +1.9561851997022461e-03 +9.9968911845152619e-01 +9.9999321659422602e-01 +1.0000020455750316e+00 +1.0000019535627327e+00 +9.9999347023859375e-01 +1.3421821676006662e-04 +8.6435075744379148e-05 +8.9262423740852113e-05 +3.2294215741513270e-05 -2.2014359459202783e-05
 45.50000000 +5.0000000000000000e+00 +2.0000037264179555e+00 +2.0146931577609958e-03 +9.9953919155228588e-01 +9.9999513542016627e-01 +1.0000004723563891e+00 +9.9999361667855957e-01 +9.9999391229178902e-01 +1.2345358383567120e-04 +1.4051260425872807e-04 +7.8176216979369766e-05 +6.7972704610516844e-05 +6.7556584356149706e-05
 46.00000000 +5.0000000000000000e+00 +2.0000010963440884e+00 +2.0731791765663844e-03 +9.9938932087247834e-01 +9.9999705352658708e-01 +9.9999889972767086e-01 +9.9998528292054245e-01 +9.9999435417922378e-01 +1.1269298742215229e-04 +1.9456985483758604e-04 +6.7094167312187493e-05 +1.0363781479681102e-04 +1.5709394095199619e-04
 46.50000000 +5.0000000000000000e+00 +2.0000104151268525e+00 +2.0387898630232428e-03 +9.9948439526329225e-01 +9.9999798696175068e-01 +1.0000006481930748e+00 +9.9999557696791241e-01 +1.0000013081583197e+00 +1.3132035227777150e-04 +1.6689766803798108e-04 +5.7887900590794807e-05 +1.2070980095679369e-04 +4.3268732010925006e-05
 47.00000000 +5.0000000000000000e+00 +2.0000197443783145e+00 +2.0043619166071045e-03 +9.9957957646045037e-01 +9.9999892144553315e-01 +1.0000023986227002e+00 +1.0000058825795908e+00 +1.0000082699494994e+00 +1.4996864307074135e-04 +1.3919439436957778e-04 +4.8671291571275772e-05 +1.3780096574540166e-04 -7.0684347898996994e-05
 47.50000000 +5.0000000000000000e+00 +2.0000290841161266e+00 +1.9698952721812660e-03 +9.9967486464403310e-01 +9.9999985697970262e-01 +1.0000041510198598e+00 +1.0000161997750754e+00 +1.0000152395659341e+00 +1.6863789508310208e-04 +1.1145998141856387e-04 +3.9444322816066071e-05 +1.5491134149863678e-04 -1.8476551437378303e-04
 48.00000000 +5.0000000000000000e+00 +2.0000251076309143e+00 +1.9527416674050087e-03 +9.9971157502166297e-01 +9.9999302054739014e-01 +9.9999979726802735e-01 +1.0000147006407210e+00 +1.0000066459360186e+00 +1.6456321186233307e-04 +7.5979319412178224e-05 +3.0984369701332306e-05 +1.2252719140390763e-04 -1.1979349906437127e-04
 48.50000000 +5.0000000000000000e+00 +2.0000211356198978e+00 +1.9356073632368017e-03 +9.9974824409411989e-01 +9.9998619180718085e-01 +9.9999544841487698e-01 +1.0000132031931375e+00 +9.9999806197534091e-01 +1.6049311332593790e-04 +4.0538578947629905e-05 +2.2533935416099264e-05 +9.0179478769185299e-05 -5.4894587887767479e-05
 49.00000000 +5.0000000000000000e+00 +2.0000171680755301e+00 +1.9184923271204541e-03 +9.9978487193107746e-01 +9.9997937074609999e-01 +9.9999110445214590e-01 +1.0000117074294801e+00 +9.9998948766759088e-01 +1.5642759174048864e-04 +5.1376926854169990e-06 +1.4093003904042270e-05 +5.7868142131903586e-05 +9.9313424677959553e-06
 49.50000000 +5.0000000000000000e+00 +2.0000331360598924e+00 +1.9267603825181290e-03 +9.9977556908511300e-01 +9.9998886388618735e-01 +9.9999629208775098e-01 +1.0000068606218095e+00 +9.9999038757679037e-01 +1.5503913207931769e-04 +1.0723947303323333e-05 -3.3743694746512102e-05 +2.4970551748974823e-05 +8.5036804366412849e-05
 50.00000000 +5.0000000000000000e+00 +2.0000491218748686e+00 +1.9350376704214943e-03 +9.9976625585114631e-01 +9.9999836762676875e-01 +1.0000014855161179e+00 +1.0000020084019619e+00 +9.9999128849087138e-01 +1.5364912199775088e-04 +1.6316439800037389e-05 -8.1633810140332595e-05 -7.9637736551642225e-06 +1.6022613261219195e-04
 50.50000000 +5.0000000000000000e+00 +2.0000651255503410e+00 +1.9433242063033730e-03 +9.9975693221176776e-01 +1.0000078819856089e+00 +1.0000066847469544e+00 +9.9999715076086648e-01 +9.9999219041151788e-01 +1.5225755889742732e-04 +2.1915180629666209e-05 -1.2957743179893265e-04 -4.0934895645006190e-05 +2.3549946775736213e-04
 51.00000000 +5.0000000000000000e+00 +2.0000518526351336e+00 +1.9256707434817048e-03 +9.9979340585292176e-01 +1.0000081614852785e+00 +1.0000074460025992e+00 +9.9998924531220279e-01 +9.9999152962196458e-01 +1.4600694550993417e-04 +1.3855926773051192e-05 -9.4600899229513574e-05 -4.7136696688171492e-05 +1.9208644572924822e-04
 51.50000000 +5.0000000000000000e+00 +2.0000385797771503e+00 +1.9080173567700587e-03 +9.9982987933682554e-01 +1.0000084409837433e+00 +1.0000082072549621e+00 +9.9998133989762206e-01 +9.9999086883526012e-01 +1.3975635907093978e-04 +5.7967076625928925e-06 -5.9624517455702124e-05 -5.3338470993284538e-05 +1.4867361086928836e-04
 52.00000000 +5.0000000000000000e+00 +2.0000253069763900e+00 +1.8903640461679413e-03 +9.9986635266347990e-01 +1.0000087204810031e+00 +1.0000089685040428e+00 +9.9997343451712395e-01 +9.9999020805140459e-01 +1.3350579958026977e-04 -2.2624767019333922e-06 -2.4648286476523037e-05 -5.9540218560518190e-05 +1.0526096317627201e-04
 52.50000000 +5.0000000000000000e+00 +2.0000120342328538e+00 +1.8727108116748620e-03 +9.9990282583288670e-01 +1.0000089999770576e+00 +1.0000097297498418e+00 +9.9996552917070869e-01 +9.9998954727039790e-01 +1.2725526703775001e-04 -1.0321626320752360e-05 +1.0327793708998790e-05 -6.5741939390045399e-05 +6.1848502648988900e-05
 53.00000000 +5.0000000000000000e+00 +1.9999987615465398e+00 +1.8550576532903272e-03 +9.9993929884504573e-01 +1.0000092794719073e+00 +1.0000104909923586e+00 +9.9995762385837583e-01 +9.9998888649224005e-01 +1.2100476144320612e-04 -1.8380741194088717e-05 +4.5303723101838596e-05 -7.1943633482039054e-05 +1.8436229286228554e-05
 53.50000000 +5.0000000000000000e+00 +1.9999854889174487e+00 +1.8374045710138455e-03 +9.9997577169995910e-01 +1.0000095589655520e+00 +1.0000112522315934e+00 +9.9994971858012482e-01 +9.9998822571693069e-01 +1.1475428279646388e-04 -2.6439821322167146e-05 +8.0279501702971493e-05 -7.8145300836672066e-05 -2.4975856913219348e-05
 54.00000000 +5.0000000000000000e+00 +1.9999898210971900e+00 +1.8640246764577415e-03 +9.9991043637628629e-01 +1.0000017764261289e+00 +1.0000094755034423e+00 +9.9995445003343753e-01 +9.9999536842932424e-01 +7.0773373246084317e-05 +4.4769976145902971e-05 +1.0492744785229364e-04 -6.1877198452228138e-05 -3.0100367327031845e-05
 54.50000000 +5.0000000000000000e+00 +1.9999941500559790e+00 +1.8906249899965620e-03 +9.9984514962907522e-01 +9.9999399967298219e-01 +1.0000077000962793e+00 +9.9995917796894029e-01 +1.0000025058311499e+00 +2.6825163265163946e-05 +1.1592682951294641e-04 +1.2955706838635737e-04 -4.5621191314320196e-05 -3.5221067694941843e-05
 55.00000000 +5.0000000000000000e+00 +1.9999984757974061e+00 +1.9172055336948656e-03 +9.9977991140417066e-01 +9.9998622869966036e-01 +1.0000059260086309e+00 +9.9996390239055488e-01 +1.0000096379283274e+00 -1.7090383600676242e-05 +1.8703079780250248e-04 +1.5416838373506233e-04 -2.9377265938834891e-05 -4.0337962264493236e-05
 55.50000000 +5.0000000000000000e+00 +2.0000027983250575e+00 +1.9437663295844279e-03 +9.9971472164749942e-01 +9.9997846349972330e-01 +1.0000041532390274e+00 +9.9996862330219649e-01 +1.0000167647267686e+00 -6.0973303751648116e-05 +2.5808193995040815e-04 +1.7876141429795170e-04 -1.3145408861694755e-05 -4.5451055276918597e-05
 56.00000000 +5.0000000000000000e+00 +2.0000071176425127e+00 +1.9703073996642992e-03 +9.9964958030506768e-01 +9.9997070406673905e-01 +1.0000023817860004e+00 +9.9997334070777655e-01 +1.0000238862323765e+00 -1.0482363353389727e-04 +3.2908031480496133e-04 +2.0333618044426864e-04 +3.0743933611791010e-06 -5.0560350967150833e-05
 56.50000000 +5.0000000000000000e+00 +2.0000114337533472e+00 +1.9968287659008644e-03 +9.9958448732296201e-01 +9.9996295039428540e-01 +1.0000006116480835e+00 +9.9997805461119826e-01 +1.0000310024510448e+00 -1.4864140923960306e-04 +4.0002598112708277e-04 +2.2789270251301222e-04 +1.9282154153904007e-05 -5.5665853563834891e-05
 57.00000000 +5.0000000000000000e+00 +2.0000148921619307e+00 +2.0296748224959468e-03 +9.9950528203524069e-01 +9.9996874648155598e-01 +1.0000015859374722e+00 +9.9998260982562126e-01 +1.0000204287526111e+00 -9.3114378957270515e-05 +3.1908149590687256e-04 +2.5089586569914649e-04 +3.8894596470913233e-05 +5.5893906916098227e-06
 57.50000000 +5.0000000000000000e+00 +2.0000183511184288e+00 +2.0625260828814477e-03 +9.9942606419905067e-01 +9.9997454348709880e-01 +1.0000025603812170e+00 +9.9998716576172542e-01 +1.0000098533789896e+00 -3.7578551544989610e-05 +2.3812418667732015e-04 +2.7390267326919150e-04 +5.8510145980992045e-05 +6.6854339596141525e-05
 58.00000000 +5.0000000000000000e+00 +2.0000218106229717e+00 +2.0953825482941174e-03 +9.9934683381140954e-01 +9.9998034141113212e-01 +1.0000035349793555e+00 +9.9999172241968259e-01 +9.9999927632978258e-01 +1.7966075087995077e-05 +1.5715405039062850e-04 +2.9691312608928381e-04 +7.8128803422606365e-05 +1.2812899545619971e-04
 58.50000000 +5.0000000000000000e+00 +2.0000252706756894e+00 +2.1282442199710982e-03 +9.9926759086933403e-01 +9.9998614025387422e-01 +1.0000045097319230e+00 +9.9999627979966355e-01 +9.9998869760459108e-01 +7.3519503033101486e-05 +7.6171083998034602e-05 +3.1992722502583424e-04 +9.7750569534456127e-05 +1.8941336057895470e-04
 59.00000000 +5.0000000000000000e+00 +2.0000287312767120e+00 +2.1611110991499238e-03 +9.9918833536983942e-01 +9.9999194001554326e-01 +1.0000054846389570e+00 +1.0000008379018404e+00 +9.9997811720301699e-01 +1.2908173438241053e-04 -4.8247155501907684e-06 +3.4294497094552849e-04 +1.1737544505547540e-04 +2.5070743727230818e-04
 59.50000000 +5.0000000000000000e+00 +2.0000321924261710e+00 +2.1939831870685222e-03 +9.9910906730994153e-01 +9.9999774069635849e-01 +1.0000064597004945e+00 +1.0000053967263853e+00 +9.9996753512466230e-01 +1.8465277122866613e-04 -8.5833351304743396e-05 +3.6596636471532696e-04 +1.3700343072483255e-04 +3.1201122784489324e-04
 60.00000000 +5.0000000000000000e+00 +2.0000233812125714e+00 +2.1678765086596734e-03 +9.9917217268383818e-01 +9.9999735730886541e-01 +1.0000025413269942e+00 +1.0000014604125864e+00 +9.9997540006874885e-01 +1.7245077539815621e-04 -1.2910034517729349e-05 +2.5160761753949859e-04 +1.4725222996337807e-04 +2.9266761144053767e-04
 60.50000000 +5.0000000000000000e+00 +2.0000145667780673e+00 +2.1417602870576887e-03 +9.9923530112565517e-01 +9.9999697378122687e-01 +9.9999862152114816e-01 +9.9999752265988429e-01 +9.9998326788783465e-01 +1.6024431917628423e-04 +6.0039939099594406e-05 +1.3720706697550574e-04 +1.5750477560998925e-04 +2.7331692405363787e-04
 61.00000000 +5.0000000000000000e+00 +2.0000057491208936e+00 +2.1156345170288949e-03 +9.9929845264804285e-01 +9.9999659011336539e-01 +9.9999470028217041e-01 +9.9999358346748868e-01 +9.9999113858349653e-01 +1.4803340011688537e-04 +1.3301658416634839e-04 +2.2764690097562869e-05 +1.6776106971926852e-04 +2.5395916180633049e-04
 61.50000000 +5.0000000000000000e+00 +1.9999969282392795e+00 +2.0894991933357930e-03 +9.9936162726366162e-01 +9.9999620630520414e-01 +9.9999077760927513e-01 +9.9998964283461034e-01 +9.9999901215731213e-01 +1.3581801577200581e-04 +2.0601991531234474e-04 -9.1719536036882003e-05 +1.7802111434732108e-04 +2.3459432081791604e-04
 62.00000000 +5.0000000000000000e+00 +1.9999881041314598e+00 +2.0633543107370536e-03 +9.9942482498518126e-01 +9.9999582235666706e-01 +9.9998685350167571e-01 +9.9998570076045901e-01 +1.0000068886108604e+00 +1.2359816369190125e-04 +2.7904994717809764e-04 -2.0624563438716365e-04 +1.8828491155175610e-04 +2.1522239720485640e-04
 62.50000000 +5.0000000000000000e+00 +1.9999792767956617e+00 +2.0371998639875117e-03 +9.9948804582527995e-01 +9.9999543826767590e-01 +9.9998292795858490e-01 +9.9998175724424365e-01 +1.0000147679457219e+00 +1.1137384142503485e-04 +3.5210669441483215e-04 -3.2081362792941423e-04 +1.9855246339168825e-04 +1.9584338708077205e-04
 63.00000000 +5.0000000000000000e+00 +1.9999901690844950e+00 +2.0069750208537252e-03 +9.9957045140735001e-01 +1.0000073671770795e+00 +9.9999463848531378e-01 +9.9998354417165680e-01 +1.0000154488200568e+00 +2.1240456206509940e-05 +2.7877471740484557e-04 -2.7492715149201501e-04 +2.3189708106517693e-04 +1.7156483525668543e-04
 63.50000000 +5.0000000000000000e+00 +2.0000010636961001e+00 +1.9767437322962015e-03 +9.9965287456234486e-01 +1.0000192986303138e+00 +1.0000063515093032e+00 +9.9998533148013102e-01 +1.0000161298395873e+00 -6.8912149884663688e-05 +2.0542710240913632e-04 -2.2903088980004278e-04 +2.6524880945184116e-04 +1.4728110605074889e-04
 64.00000000 +5.0000000000000000e+00 +2.0000119606312206e+00 +1.9465059962529962e-03 +9.9973531529588644e-01 +1.0000312326281922e+00 +1.0000180670313521e+00 +9.9998711916978800e-01 +1.0000168110043606e+00 -1.5908398299739539e-04 +1.3206384442498886e-04 -1.8312483972311692e-04 +2.9860765082645425e-04 +1.2299219780667690e-04
 64.50000000 +5.0000000000000000e+00 +2.0000228598905987e+00 +1.9162618106612894e-03 +9.9981777361359847e-01 +1.0000431691715288e+00 +1.0000297850522595e+00 +9.9998890724074940e-01 +1.0000174923144223e+00 -2.4927504928321745e-04 +5.8684938447553773e-05 -1.3720899812952173e-04 +3.3197360746476003e-04 +9.8698108867477529e-05
 65.00000000 +5.0000000000000000e+00 +2.0000337614749797e+00 +1.8860111734573788e-03 +9.9990024952110756e-01 +1.0000551082611382e+00 +1.0000415055728251e+00 +9.9999069569313781e-01 +1.0000181737698195e+00 -3.3948535489628688e-04 -1.4709620530153833e-05 -9.1283361886205342e-05 +3.6534668164347334e-04 +7.4398837575451827e-05
 65.50000000 +5.0000000000000000e+00 +2.0000446653851065e+00 +1.8557540825766823e-03 +9.9998274302404289e-01 +1.0000670498978357e+00 +1.0000532285938488e+00 +9.9999248452707501e-01 +1.0000188553705986e+00 -4.2971490599338615e-04 -8.8119837517254998e-05 -4.5347927858779086e-05 +3.9872687564028030e-04 +5.0094382272193601e-05
 66.00000000 +5.0000000000000000e+00 +2.0000293808895511e+00 +1.9020751753120488e-03 +9.9986495488040061e-01 +1.0000493942080464e+00 +1.0000367447817011e+00 +9.9998178991013797e-01 +1.0000092291845628e+00 -2.9109473492434175e-04 -1.1032217217413436e-04 +1.1250144087455747e-05 +3.4443901877000366e-04 +1.0361477940493729e-04
 66.50000000 +5.0000000000000000e+00 +2.0000140989983421e+00 +1.9483883753340361e-03 +9.9974718680683927e-01 +1.0000317415266342e+00 +1.0000202637782529e+00 +9.9997109711547150e-01 +9.9999960463874660e-01 -1.5249818353295171e-04 -1.3252072374530754e-04 +6.7838572211980445e-05 +2.9016041208077887e-04 +1.5712605712512765e-04
 67.00000000 +5.0000000000000000e+00 +1.9999988197108125e+00 +1.9946936846597448e-03 +9.9962943879822896e-01 +1.0000140918528300e+00 +1.0000037855827857e+00 +9.9996040614260939e-01 +9.9998998173272946e-01 -1.3925245782846883e-05 -1.5471549319759969e-04 +1.2441735897942069e-04 +2.3589105320858094e-04 +2.1062821776336954e-04
 67.50000000 +5.0000000000000000e+00 +1.9999835430262984e+00 +2.0409911053055935e-03 +9.9951171084944235e-01 +9.9999644518586506e-01 +9.9998731019458187e-01 +9.9994971699108637e-01 +9.9998036046609318e-01 +1.2462408436028448e-04 -1.7690648149750669e-04 +1.8098650685356246e-04 +1.8163093979019069e-04 +2.6412126364947381e-04
 68.00000000 +5.0000000000000000e+00 +1.9999682689441340e+00 +2.0872806392873088e-03 +9.9939400295535374e-01 +9.9997880152497109e-01 +9.9997083761292427e-01 +9.9993902966043668e-01 +9.9997074083841853e-01 +2.6314981292869871e-04 -1.9909368961119507e-04 +2.3754601829735223e-04 +1.2738006946319376e-04 +3.1760519711245759e-04
 68.50000000 +5.0000000000000000e+00 +1.9999529974636536e+00 +2.1335622886199342e-03 +9.9927631511083903e-01 +9.9996116086937992e-01 +9.9995436783709579e-01 +9.9992834415019505e-01 +9.9996112284928640e-01 +4.0165194595259668e-04 -2.2127711850450209e-04 +2.9409589577289734e-04 +7.3138439865980882e-05 +3.7108002048054432e-04
 69.00000000 +5.0000000000000000e+00 +1.9999691636966739e+00 +2.0838708401480204e-03 +9.9939455297980695e-01 +9.9996340933622185e-01 +9.9996951652375499e-01 +9.9994667244007029e-01 +9.9995861305704625e-01 +3.0010212833601424e-04 -8.3282632933746504e-05 +2.1686742450768544e-04 +2.8240052752698539e-05 +3.0530869076174252e-04
 69.50000000 +5.0000000000000000e+00 +1.9999853372282039e+00 +2.0341569576594189e-03 +9.9951284422919340e-01 +9.9996565881817101e-01 +9.9998467204953612e-01 +9.9996500900455165e-01 +9.9995610213171926e-01 +1.9850646439429937e-04 +5.4774152503226906e-05 +1.3960408718671676e-04 -1.6678604471371085e-05 +2.3950766750101756e-04
 70.00000000 +5.0000000000000000e+00 +2.0000015180631880e+00 +1.9844206259583951e-03 +9.9963118889515612e-01 +9.9996790931591484e-01 +9.9999983441907225e-01 +9.9998335384924353e-01 +9.9995359007253826e-01 +9.6864923073332736e-05 +1.9289328000538338e-04 +6.2305860193384113e-05 -6.1617545536236631e-05 +1.7367693058537704e-04
 70.50000000 +5.0000000000000000e+00 +2.0000177062065738e+00 +1.9346618298354873e-03 +9.9974958701388494e-01 +9.9997016083014145e-01 +1.0000150036369997e+00 +1.0000017069797567e+00 +9.9995107687873475e-01 -4.8225267090572884e-06 +3.3107479180980798e-04 -1.5027280110253569e-05 -1.0657678418430951e-04 +1.0781645988365962e-04
 71.00000000 +5.0000000000000000e+00 +2.0000339016633140e+00 +1.8848805540674894e-03 +9.9986803862160234e-01 +9.9997241336153975e-01 +1.0000301797079594e+00 +1.0000200684017053e+00 +9.9994856254953979e-01 -1.0655591606312671e-04 +4.6931873019174917e-04 -9.2395357383495409e-05 -1.5155633417041813e-04 +4.1926235246514398e-05
 71.50000000 +5.0000000000000000e+00 +2.0000501044383658e+00 +1.8350767834174391e-03 +9.9998654375456397e-01 +9.9997466691079906e-01 +1.0000453626365962e+00 +1.0000384381207095e+00 +9.9994604708418389e-01 -2.0833527612724707e-04 +6.0762513746466117e-04 -1.6979839530702236e-04 -1.9655620926182170e-04 -2.3993763493619203e-05
 72.00000000 +5.0000000000000000e+00 +2.0000286113640011e+00 +1.8410624658703103e-03 +9.9996493680518095e-01 +9.9999463688746004e-01 +1.0000303612455339e+00 +1.0000529754736351e+00 +9.9993890055313339e-01 -1.6181636905777434e-04 +5.3651989873707462e-04 -1.6353471193112734e-04 -1.6625573799486016e-04 -2.6724044688906259e-05
 72.50000000 +5.0000000000000000e+00 +2.0000071327852424e+00 +1.8470441113905070e-03 +9.9994334442820454e-01 +1.0000145933957401e+00 +1.0000153699718823e+00 +1.0000675030221127e+00 +9.9993175884192853e-01 -1.1532883580363961e-04 +4.6546261562087137e-04 -1.5727525298048117e-04 -1.3597570231957677e-04 -2.9452484496606248e-05
 73.00000000 +5.0000000000000000e+00 +1.9999856686874300e+00 +1.8530217240606032e-03 +9.9992176660889809e-01 +1.0000345364492595e+00 +1.0000003888054088e+00 +1.0000820207760563e+00 +9.9992462194569476e-01 -6.8872644636309082e-05 +3.9445323961824469e-04 -1.5102001418289637e-04 -1.0571608156933103e-04 -3.2179084778925835e-05
 73.50000000 +5.0000000000000000e+00 +1.9999642190559241e+00 +1.8589953079576711e-03 +9.9990020333254359e-01 +1.0000544660616211e+00 +9.9998541773589578e-01 +1.0000965287453691e+00 +9.9991748985956397e-01 -2.2447763870017756e-05 +3.2349172229676073e-04 -1.4476899127194420e-04 -7.5476855105340289e-05 -3.4903847395561511e-05
 74.00000000 +5.0000000000000000e+00 +1.9999427838761055e+00 +1.8649648671532899e-03 +9.9987865458444436e-01 +1.0000743822464091e+00 +9.9997045675313945e-01 +1.0001110269399396e+00 +9.9991036257867594e-01 +2.3945838138302971e-05 +2.5257801528924843e-04 -1.3852217998694511e-04 -4.5258002316632603e-05 -3.7626774203703867e-05
 74.50000000 +5.0000000000000000e+00 +1.9999213631333728e+00 +1.8709304057135520e-03 +9.9985712034992225e-01 +1.0000942850171883e+00 +9.9995550584694881e-01 +1.0001255153696424e+00 +9.9990324009817511e-01 +7.0308192989096917e-05 +1.8171207029368913e-04 -1.3227957607295866e-04 -1.5059502619999922e-05 -4.0347867058041703e-05
 75.00000000 +5.0000000000000000e+00 +2.0000833417163886e+00 +1.7814015205696802e-03 +1.0001968300862196e+00 +1.0000071118732761e+00 +9.9995046247898844e-01 +9.9986254035749722e-01 +1.0000283131860763e+00 +1.5818011749220944e-04 -3.8122134064951196e-04 +4.1193565842358594e-04 -4.2496460930547956e-04 +1.9081219139630893e-04
