#PATCH_CHECK: SepMBpoisson v0.61 exact-bernoulli stratified-backward active
#discretizing the bath:
#     0 0.0000000000000000e+00 -6.3189999999999946e-01
#     1 5.0552502960343670e-03 -2.0212127196610244e-01
#     2 5.0552502960343670e-03 -1.9343270591889275e-01
#     3 5.0552502960343670e-03 -1.8459708975840838e-01
#     4 5.0552502960343670e-03 -1.7561683129621780e-01
#     5 5.0552502960343670e-03 -1.6649422379326520e-01
#     6 5.0552502960343670e-03 -1.5723145476521522e-01
#     7 5.0552502960343670e-03 -1.4783061386829827e-01
#     8 5.0552502960343670e-03 -1.3829369998555327e-01
#     9 5.0552502960343670e-03 -1.2862262761479240e-01
#sampling: jump_strength=1.2638125740085920e-02 jump_probability=1.2480396914593113e-02 log_scale=1.2558931178164597e-02 back_replicas=4 stratify_forward=0
#adaptive measurement: gap=9.1226075029526010e-03 period_steps=1378 nmeas=150 nwf=150 tmax=7.5000000000000000e+01 forced_stride=0
  0.00000000 +5.0000000000000000e+00 +1.9999999999999998e+00 +1.8374661879283106e-03 +1.0000000000000000e+00 +1.0000000000000000e+00 +1.0000000000000000e+00 +1.0000000000000000e+00 +1.0000000000000000e+00 +0.0000000000000000e+00 +0.0000000000000000e+00 +0.0000000000000000e+00 +0.0000000000000000e+00 +0.0000000000000000e+00
  0.50000000 +5.0000000000000000e+00 +1.9999999999146387e+00 +1.8499679558626140e-03 +9.9996826105176584e-01 +1.0000000000108016e+00 +1.0000000000108016e+00 +1.0000000000108016e+00 +1.0000000000108016e+00 +6.3201515488821408e-06 +6.3854132878967160e-06 +6.4046079170186494e-06 +6.2830419325797346e-06 +6.3457443877113851e-06
  1.00000000 +5.0000000000000000e+00 +1.9999999946076632e+00 +1.8855183492961218e-03 +9.9987795702225435e-01 +9.9999999980984411e-01 +9.9999999980984411e-01 +9.9999999979346565e-01 +9.9999999981639554e-01 +2.4385467184632768e-05 +2.4414426603720059e-05 +2.4545460246584248e-05 +2.4494375693175086e-05 +2.4204066848271815e-05
  1.50000000 +5.0000000000000000e+00 +1.9999999914297353e+00 +1.9372130777925674e-03 +9.9974648646187625e-01 +9.9999999825871244e-01 +9.9999999818397245e-01 +9.9999999819432051e-01 +9.9999999819710150e-01 +5.1256992912349290e-05 +5.1067899811633560e-05 +5.0752132486014622e-05 +5.0583745153746127e-05 +4.9859964952742261e-05
  2.00000000 +5.0000000000000000e+00 +1.9999999603897407e+00 +1.9947144333707983e-03 +9.9959993436503591e-01 +9.9999999345260582e-01 +9.9999999292072062e-01 +9.9999999326011701e-01 +9.9999999329708977e-01 +8.0405667235864528e-05 +8.1442568023267295e-05 +8.0388093648422191e-05 +7.9344820551375725e-05 +7.8511524481554237e-05
  2.50000000 +5.0000000000000000e+00 +1.9999999447115200e+00 +2.0473841822089300e-03 +9.9946518396516693e-01 +9.9999998300866955e-01 +9.9999998217709718e-01 +9.9999998373165655e-01 +9.9999998373007570e-01 +1.0845705331768987e-04 +1.0872403412347610e-04 +1.0781398502364623e-04 +1.0558793063758370e-04 +1.0430043770533991e-04
  3.00000000 +5.0000000000000000e+00 +1.9999999604509511e+00 +2.0852299854476029e-03 +9.9936759713003831e-01 +9.9999996455001250e-01 +9.9999996343946196e-01 +9.9999996695690296e-01 +9.9999996650467249e-01 +1.2958554560998930e-04 +1.2914589229863859e-04 +1.2691878079281900e-04 +1.2418964797411832e-04 +1.2270147598758056e-04
  3.50000000 +5.0000000000000000e+00 +1.9999998904140304e+00 +2.1013066387462215e-03 +9.9932495629434204e-01 +9.9999993936001919e-01 +9.9999993762718664e-01 +9.9999994156746319e-01 +9.9999994083303256e-01 +1.3956642160375298e-04 +1.3870085866591800e-04 +1.3543663656761406e-04 +1.3260652783192832e-04 +1.2897372298283346e-04
  4.00000000 +5.0000000000000000e+00 +1.9999998865234492e+00 +2.0918074244422880e-03 +9.9934717347396285e-01 +9.9999990757883095e-01 +9.9999990595225452e-01 +9.9999991010569422e-01 +9.9999991123227494e-01 +1.3721213040193648e-04 +1.3581310119123785e-04 +1.3092284937042423e-04 +1.2680198392251040e-04 +1.2244154135043045e-04
  4.50000000 +5.0000000000000000e+00 +1.9999999966771582e+00 +2.0600004346150538e-03 +9.9942638697286412e-01 +9.9999987116838895e-01 +9.9999986863030021e-01 +9.9999987029970916e-01 +9.9999987745036967e-01 +1.2310610541578669e-04 +1.1836391692805698e-04 +1.1625322910097345e-04 +1.1084242041393617e-04 +1.0555977803408536e-04
  5.00000000 +5.0000000000000000e+00 +1.9999998152391498e+00 +2.0104596577659611e-03 +9.9955137412847506e-01 +9.9999983750074695e-01 +9.9999982802308274e-01 +9.9999983778577617e-01 +9.9999984013052856e-01 +9.9276923981427248e-05 +9.4286633864163169e-05 +9.0751085781687091e-05 +8.3135566450112574e-05 +8.1832079925575949e-05
  5.50000000 +5.0000000000000000e+00 +1.9999999518579743e+00 +1.9535586974070841e-03 +9.9969613526337475e-01 +9.9999979975462372e-01 +9.9999979685098606e-01 +9.9999980065953531e-01 +9.9999980893363016e-01 +6.7946790985277619e-05 +6.5696550614845374e-05 +6.3164771905176029e-05 +5.5865476429513904e-05 +5.1984953092580643e-05
  6.00000000 +5.0000000000000000e+00 +1.9999999955975125e+00 +1.8988414385738396e-03 +9.9983663377909338e-01 +9.9999976404820934e-01 +9.9999977482560609e-01 +9.9999977458978295e-01 +9.9999978149248159e-01 +4.1977739123181646e-05 +3.3786563397775581e-05 +3.3938824944368580e-05 +2.8618234094382004e-05 +2.5950027597340212e-05
  6.50000000 +5.0000000000000000e+00 +2.0000002426341088e+00 +1.8624322221317280e-03 +9.9993177474588768e-01 +9.9999975354858051e-01 +9.9999975637738503e-01 +9.9999976569236215e-01 +9.9999976601819507e-01 +1.7917642265505236e-05 +1.5882020229256788e-05 +1.5607061102582390e-05 +1.0251668527958583e-05 +9.5252220884522203e-06
  7.00000000 +5.0000000000000000e+00 +2.0000002374884214e+00 +1.8462699399175203e-03 +9.9997629864704773e-01 +9.9999975193320334e-01 +9.9999975153280452e-01 +9.9999975559469023e-01 +9.9999974758586263e-01 +7.0101051606687817e-06 +4.9461933962791934e-06 +4.3317008028470733e-06 +5.2819813289878569e-06 +3.1247962700415173e-06
  7.50000000 +5.0000000000000000e+00 +2.0000001259187807e+00 +1.8500656871829656e-03 +9.9997039814786215e-01 +9.9999974817058135e-01 +9.9999974365437239e-01 +9.9999976036716520e-01 +9.9999975636813077e-01 +1.2677330148186227e-06 +5.6110356400139268e-06 +5.5203616827689994e-06 +9.4056069242176522e-06 +8.7884923272605291e-06
  8.00000000 +5.0000000000000000e+00 +2.0000003788909813e+00 +1.8753201205001394e-03 +9.9990937875555175e-01 +9.9999974311312589e-01 +9.9999975346444181e-01 +9.9999974938327807e-01 +9.9999976504388743e-01 +1.4310172415924172e-05 +1.2232547993589090e-05 +2.1664033320570612e-05 +2.1062507455290763e-05 +2.2341040579123220e-05
  8.50000000 +5.0000000000000000e+00 +2.0000004104023783e+00 +1.9262926178740081e-03 +9.9978191951630668e-01 +9.9999972728549946e-01 +9.9999976064786700e-01 +9.9999974355272192e-01 +9.9999974360690780e-01 +3.3615206943092670e-05 +4.3814633117583036e-05 +4.3934413585112721e-05 +4.9072843205013971e-05 +4.8668273779979423e-05
  9.00000000 +5.0000000000000000e+00 +2.0000000671003004e+00 +1.9758499452973929e-03 +9.9965637530037399e-01 +9.9999976168145233e-01 +9.9999974862543173e-01 +9.9999972408397209e-01 +9.9999970429301399e-01 +6.0180036250490792e-05 +6.9009992034451713e-05 +6.7048867550204675e-05 +7.0674498927591727e-05 +7.7772493859035548e-05
  9.50000000 +5.0000000000000000e+00 +2.0000002542650908e+00 +2.0324092083376941e-03 +9.9951101765120665e-01 +9.9999970736190458e-01 +9.9999970167775487e-01 +9.9999968202782052e-01 +9.9999969021293922e-01 +8.7986937808755139e-05 +9.9506975225805471e-05 +1.0017775941452092e-04 +9.7599642509233207e-05 +1.0492983761270742e-04
 10.00000000 +5.0000000000000000e+00 +2.0000001289829696e+00 +2.0699295481775709e-03 +9.9941214289920832e-01 +9.9999964715622480e-01 +9.9999965841731631e-01 +9.9999961104771162e-01 +9.9999963037486872e-01 +1.1568654499322556e-04 +1.1624137727929697e-04 +1.1587835307128303e-04 +1.2146498068698428e-04 +1.2003882564658211e-04
 10.50000000 +5.0000000000000000e+00 +2.0000001031087562e+00 +2.0947176510230565e-03 +9.9934426277195698e-01 +9.9999957089084190e-01 +9.9999954256738688e-01 +9.9999956035796822e-01 +9.9999960128607945e-01 +1.3172886952769758e-04 +1.2984116008218758e-04 +1.2880138603556208e-04 +1.3622137903767731e-04 +1.3086929447128612e-04
 11.00000000 +5.0000000000000000e+00 +1.9999998428674135e+00 +2.0889411873721334e-03 +9.9935357580561135e-01 +9.9999949348839900e-01 +9.9999949942981803e-01 +9.9999949504066099e-01 +9.9999948109002557e-01 +1.2790212251862081e-04 +1.4023987335044685e-04 +1.3212222102221963e-04 +1.2496664713262527e-04 +1.2322436530624929e-04
 11.50000000 +5.0000000000000000e+00 +1.9999986342195746e+00 +2.0621254290098369e-03 +9.9941700730057625e-01 +9.9999942070608161e-01 +9.9999940355663786e-01 +9.9999933499388616e-01 +9.9999947257864774e-01 +1.2464861825995421e-04 +1.2159940111867252e-04 +1.1853454528220227e-04 +1.1394841165139135e-04 +1.0662989075894883e-04
 12.00000000 +5.0000000000000000e+00 +1.9999992433430642e+00 +2.0209935581075710e-03 +9.9951802291411485e-01 +9.9999936604972384e-01 +9.9999940314439240e-01 +9.9999919992929043e-01 +9.9999932883429188e-01 +1.1540979489358915e-04 +1.0399820266910068e-04 +9.5365654325776889e-05 +9.4612428708760313e-05 +7.5293009003011158e-05
 12.50000000 +5.0000000000000000e+00 +1.9999992711891825e+00 +1.9716121933391795e-03 +9.9964276171895550e-01 +9.9999919478725174e-01 +9.9999921330122576e-01 +9.9999909632492157e-01 +9.9999919462365594e-01 +7.9716438980097221e-05 +8.0938275912820006e-05 +7.2594100166421642e-05 +6.9760314098190663e-05 +5.7530090801065526e-05
 13.00000000 +5.0000000000000000e+00 +1.9999994536019601e+00 +1.9206885835399881e-03 +9.9977401122381104e-01 +9.9999915958575558e-01 +9.9999911698903488e-01 +9.9999906349999323e-01 +9.9999908653068159e-01 +6.7181684395933148e-05 +4.7940662093361011e-05 +4.6178287364647808e-05 +3.5239545548569738e-05 +3.3022084505520620e-05
 13.50000000 +5.0000000000000000e+00 +1.9999992931272732e+00 +1.8846864643736764e-03 +9.9986968184697644e-01 +9.9999911400462704e-01 +9.9999902000594365e-01 +9.9999902615163505e-01 +9.9999912305820737e-01 +4.3596714855359614e-05 +3.3720129033149138e-05 +1.9019667249495371e-05 +1.8739889001786175e-05 +1.8958591149587821e-05
 14.00000000 +5.0000000000000000e+00 +1.9999993836382570e+00 +1.8544417382950146e-03 +9.9995216690745792e-01 +9.9999890745870756e-01 +9.9999900669148711e-01 +9.9999902059005930e-01 +9.9999919351108724e-01 +1.2575803896623281e-05 +8.1481349087957815e-06 +7.0741908853307315e-06 +1.6299106984120467e-05 +7.6075894492374292e-06
 14.50000000 +5.0000000000000000e+00 +1.9999998188447987e+00 +1.8638519120933057e-03 +9.9993542016928105e-01 +9.9999900012047216e-01 +9.9999903843381210e-01 +9.9999899706053352e-01 +9.9999896171696367e-01 +8.8568125725289584e-06 +2.0838090221615338e-05 +1.4324686494166701e-05 +1.5050691745110759e-05 +9.5122013816072074e-06
 15.00000000 +5.0000000000000000e+00 +1.9999981127975885e+00 +1.8850802944202117e-03 +9.9988652757609553e-01 +9.9999905773941788e-01 +9.9999900165525235e-01 +9.9999895516588944e-01 +9.9999912264620983e-01 +2.0346464812221676e-05 +2.7424952740244923e-05 +2.0591416988871577e-05 +2.3329976292166159e-05 +2.5642391542132710e-05
 15.50000000 +5.0000000000000000e+00 +1.9999987350503450e+00 +1.9340014240400881e-03 +9.9976658876863622e-01 +9.9999901726558360e-01 +9.9999903507428234e-01 +9.9999890126620494e-01 +9.9999911913932704e-01 +4.2425739434559713e-05 +3.7490712145656920e-05 +3.7591623442997788e-05 +6.1462307358862674e-05 +5.8368161482292620e-05
 16.00000000 +5.0000000000000000e+00 +1.9999997952298989e+00 +1.9607166791813678e-03 +9.9970089328559786e-01 +9.9999884226994740e-01 +9.9999904280980556e-01 +9.9999894082873975e-01 +9.9999889014924548e-01 +4.9818015109599678e-05 +4.7073033343710342e-05 +6.2287669752677304e-05 +7.3803599358349475e-05 +7.0408281875443838e-05
 16.50000000 +5.0000000000000000e+00 +1.9999986513308483e+00 +2.0111289725763450e-03 +9.9957093194832114e-01 +9.9999890082871223e-01 +9.9999914470091023e-01 +9.9999896297129443e-01 +9.9999897581869635e-01 +6.8602277778215189e-05 +8.2872349712190428e-05 +8.0115975352826717e-05 +9.4530933223230048e-05 +1.0696221150630306e-04
 17.00000000 +5.0000000000000000e+00 +1.9999998942661024e+00 +2.0410147506267529e-03 +9.9949132848817557e-01 +9.9999885004590328e-01 +9.9999905956716362e-01 +9.9999866518532765e-01 +9.9999915365758774e-01 +8.8359507860262591e-05 +9.5830327346440233e-05 +1.0008812188601953e-04 +1.1450837524906127e-04 +1.1415678020143628e-04
 17.50000000 +5.0000000000000000e+00 +2.0000002524932468e+00 +2.0670027283788395e-03 +9.9941934182351388e-01 +9.9999893649653426e-01 +9.9999884612553913e-01 +9.9999862050595500e-01 +9.9999899690440031e-01 +1.1115239833850925e-04 +1.3379150179155370e-04 +1.2335775003910384e-04 +1.1205892866585742e-04 +1.0489764694537238e-04
 18.00000000 +5.0000000000000000e+00 +1.9999983278923759e+00 +2.0681372493782163e-03 +9.9940788036616357e-01 +9.9999882657641415e-01 +9.9999879563545435e-01 +9.9999890257022506e-01 +9.9999853221742507e-01 +1.2798284222617854e-04 +1.2090564545589774e-04 +1.1302358549012754e-04 +1.2103153189831240e-04 +1.1411902793716077e-04
 18.50000000 +5.0000000000000000e+00 +1.9999986295911356e+00 +2.0381485668437005e-03 +9.9947779636329082e-01 +9.9999832128782051e-01 +9.9999844199131682e-01 +9.9999840508588533e-01 +9.9999848479525522e-01 +1.0355417242798936e-04 +1.1561704955388576e-04 +1.1332005633162614e-04 +1.0646281294837058e-04 +8.9596475336333202e-05
 19.00000000 +5.0000000000000000e+00 +1.9999994625410038e+00 +2.0287275456242699e-03 +9.9949663186484006e-01 +9.9999827239619088e-01 +9.9999846535139969e-01 +9.9999853314103315e-01 +9.9999855661572068e-01 +1.1627530164255334e-04 +1.1577612686059464e-04 +8.8390552905450061e-05 +9.4835688216083429e-05 +9.4262962741614958e-05
 19.50000000 +5.0000000000000000e+00 +1.9999978980773907e+00 +1.9747437647660696e-03 +9.9963125640558559e-01 +9.9999784871474939e-01 +9.9999798250246952e-01 +9.9999830256549183e-01 +9.9999826597561026e-01 +9.1551765771441082e-05 +9.1601532173459752e-05 +6.9524621303735924e-05 +7.2932156203780771e-05 +5.0733700520274442e-05
 20.00000000 +5.0000000000000000e+00 +1.9999965192459788e+00 +1.9279098446636665e-03 +9.9975141721279337e-01 +9.9999801698731183e-01 +9.9999846801434433e-01 +9.9999836692256505e-01 +9.9999788325431260e-01 +7.6794543280091430e-05 +5.1782690528604667e-05 +4.6005912679998063e-05 +4.5746866328899018e-05 +3.5517537017095762e-05
 20.50000000 +5.0000000000000000e+00 +1.9999985071689099e+00 +1.9072091168207451e-03 +9.9980749344215525e-01 +9.9999825177668866e-01 +9.9999783766918438e-01 +9.9999829561124443e-01 +9.9999772361455896e-01 +3.7839927095694906e-05 +5.1800025531026815e-05 +4.3459409227316637e-05 +4.5428955829974861e-05 +2.1869582926761064e-05
 21.00000000 +5.0000000000000000e+00 +1.9999980145750680e+00 +1.8707233649260062e-03 +9.9990674771210997e-01 +9.9999770184840664e-01 +9.9999809342115142e-01 +9.9999792174328428e-01 +9.9999736071373557e-01 +2.2506521716891508e-05 +2.8458621897024588e-05 +1.2287205436811843e-05 +1.8231486396200737e-05 +2.0690755208321840e-05
 21.50000000 +5.0000000000000000e+00 +1.9999985540210434e+00 +1.8842575661269926e-03 +9.9988184018264947e-01 +9.9999827665460650e-01 +9.9999801510128195e-01 +9.9999803751734007e-01 +9.9999750210320648e-01 +2.9719193677342682e-05 +1.3980479551814576e-05 +2.6475690228211981e-05 +3.1227319097240023e-05 +2.4925734010545076e-05
 22.00000000 +5.0000000000000000e+00 +1.9999989716876059e+00 +1.8969403670607511e-03 +9.9985673500140126e-01 +9.9999751306039908e-01 +9.9999796577497180e-01 +9.9999804045299256e-01 +9.9999774500450533e-01 +2.5405265875080515e-05 +3.1918513948801725e-05 +9.1559365052539960e-06 +4.5263866934244516e-05 +4.0257049802311375e-05
 22.50000000 +5.0000000000000000e+00 +1.9999980896988498e+00 +1.8962328886850037e-03 +9.9986480185563753e-01 +9.9999835040371676e-01 +9.9999855117759273e-01 +9.9999765822292808e-01 +9.9999797613683072e-01 +3.2233198024732443e-05 +2.1403948949405720e-05 +2.9997336862338951e-05 +4.4706659198263556e-05 +1.4321024852109934e-05
 23.00000000 +5.0000000000000000e+00 +2.0000006513715602e+00 +1.9682704827774294e-03 +9.9968538275712215e-01 +9.9999806707565875e-01 +9.9999795744897468e-01 +9.9999827528612850e-01 +9.9999746365484576e-01 +5.6527584949110047e-05 +5.6658891958494002e-05 +6.6151299524101645e-05 +5.9808503810575629e-05 +8.3707482627143155e-05
 23.50000000 +5.0000000000000000e+00 +1.9999978468328949e+00 +1.9953678135316501e-03 +9.9961551977339114e-01 +9.9999768410348078e-01 +9.9999742375164735e-01 +9.9999806073976183e-01 +9.9999829696296838e-01 +5.9056168794962469e-05 +6.9145587066518109e-05 +6.4852663599744825e-05 +1.0463891347646946e-04 +9.5321333365525713e-05
 24.00000000 +5.0000000000000000e+00 +1.9999983049373113e+00 +2.0185703259108958e-03 +9.9955148270930028e-01 +9.9999759724213377e-01 +9.9999843460192728e-01 +9.9999822388114201e-01 +9.9999690219461002e-01 +9.6523750207581289e-05 +9.1138057203334199e-05 +7.6008049692844262e-05 +9.2690278260260789e-05 +1.0099919680526267e-04
 24.50000000 +5.0000000000000000e+00 +1.9999951659368640e+00 +2.0438893271289911e-03 +9.9948117245005741e-01 +9.9999730356878369e-01 +9.9999776484899783e-01 +9.9999727883901945e-01 +9.9999774147848308e-01 +8.9219757024838731e-05 +9.2180504670090929e-05 +1.4032119356379057e-04 +1.0949555022992989e-04 +9.7521740869541446e-05
 25.00000000 +5.0000000000000000e+00 +1.9999921355522903e+00 +2.0465525155745623e-03 +9.9946572893855945e-01 +9.9999650890048819e-01 +9.9999776966533738e-01 +9.9999840376363036e-01 +9.9999740735489140e-01 +1.1429564356987785e-04 +1.0088888889224308e-04 +1.1991921881374864e-04 +1.0418903511754830e-04 +1.0488858772112023e-04
 25.50000000 +5.0000000000000000e+00 +1.9999918423265319e+00 +2.0418301280972001e-03 +9.9946956118748465e-01 +9.9999701737506685e-01 +9.9999737408315137e-01 +9.9999681671632690e-01 +9.9999796457030643e-01 +1.2096826376002869e-04 +1.2082649616658039e-04 +1.0818041956730580e-04 +1.1334914297812796e-04 +7.7941780820860122e-05
 26.00000000 +5.0000000000000000e+00 +1.9999952689151625e+00 +2.0485642678628722e-03 +9.9944792783406200e-01 +9.9999850294644765e-01 +9.9999713811482382e-01 +9.9999772378198348e-01 +9.9999671770565524e-01 +1.2202473424986320e-04 +1.4286249391394336e-04 +1.2071912885322562e-04 +9.7530979257449147e-05 +7.8852347044778315e-05
 26.50000000 +5.0000000000000000e+00 +1.9999951870436774e+00 +2.0075249880531268e-03 +9.9954801218007450e-01 +9.9999808765220655e-01 +9.9999598106092480e-01 +9.9999658929506241e-01 +9.9999759579293379e-01 +1.3256520246374641e-04 +7.8686386351453202e-05 +1.1828996526658383e-04 +6.4365484207212653e-05 +6.9826944083334030e-05
 27.00000000 +5.0000000000000000e+00 +1.9999928678964292e+00 +1.9722300494214987e-03 +9.9963752907514991e-01 +9.9999699273652931e-01 +9.9999628593534529e-01 +9.9999615460589897e-01 +9.9999668928113017e-01 +9.0671529549167293e-05 +1.0497910835903095e-04 +6.5121367009277937e-05 +5.3676501920392936e-05 +6.1899873738400151e-05
 27.50000000 +5.0000000000000000e+00 +1.9999939209385791e+00 +1.9370287328282542e-03 +9.9972942026716871e-01 +9.9999663427370222e-01 +9.9999738576367669e-01 +9.9999618661195055e-01 +9.9999694312002252e-01 +1.0469462026052130e-04 +1.7073116583538271e-05 +6.8948170597195365e-05 +4.8134798348935744e-05 +4.4579282859727755e-05
 28.00000000 +5.0000000000000000e+00 +1.9999921234029610e+00 +1.9386132700234611e-03 +9.9973172617663553e-01 +9.9999669071926278e-01 +9.9999686886178685e-01 +9.9999673494868890e-01 +9.9999637016877663e-01 +4.3942625267912086e-05 +6.4357104397057833e-05 +6.3513027312121884e-05 +6.9903795054863509e-05 +3.9892541536551160e-05
 28.50000000 +5.0000000000000000e+00 +1.9999878549082657e+00 +1.9045231795847919e-03 +9.9982351016977566e-01 +9.9999706022629975e-01 +9.9999749889969525e-01 +9.9999688885739624e-01 +9.9999475736168075e-01 +5.6473546385651153e-05 +1.2685280271197106e-05 +2.7299317732611886e-05 +8.2305314097495035e-05 +1.1521050300525809e-05
 29.00000000 +5.0000000000000000e+00 +1.9999896451940100e+00 +1.8563756735764290e-03 +9.9995649940513098e-01 +9.9999757014802837e-01 +9.9999562947609033e-01 +9.9999552650849555e-01 +9.9999710176135392e-01 +3.3427496179911472e-05 +5.1669401239984329e-06 -4.8518354076598625e-06 +4.9142932705524705e-06 +1.9015764160579049e-05
 29.50000000 +5.0000000000000000e+00 +1.9999876327439856e+00 +1.9491671035007478e-03 +9.9972864983966370e-01 +9.9999701033706678e-01 +9.9999738045804132e-01 +9.9999658905898303e-01 +9.9999551314937729e-01 +6.7375942077977529e-05 +4.6984611349901281e-05 +5.2104382981092601e-05 +4.9254959471065701e-05 +6.9137292909864304e-05
 30.00000000 +5.0000000000000000e+00 +1.9999903045303769e+00 +1.9323764908039886e-03 +9.9977488492843869e-01 +9.9999677071529813e-01 +9.9999541702575689e-01 +9.9999387113943539e-01 +9.9999573620939852e-01 +3.4543696906579020e-05 +3.6146159548066764e-05 +1.8191271542790792e-05 +8.2432334381144328e-05 +7.2006530306744089e-05
 30.50000000 +5.0000000000000000e+00 +1.9999888061418953e+00 +1.9741820613776062e-03 +9.9966847317710861e-01 +9.9999731940520453e-01 +9.9999757670036726e-01 +9.9999699720396196e-01 +9.9999736679605467e-01 +5.2528434411510910e-05 +6.6220138958069944e-05 +9.0948414504027629e-05 +8.3106002602314062e-05 +4.9463740569700220e-05
 31.00000000 +5.0000000000000000e+00 +1.9999881242954372e+00 +2.0151457065549767e-03 +9.9956278952824718e-01 +9.9999673821277180e-01 +9.9999607703236959e-01 +9.9999755938809121e-01 +9.9999681654439676e-01 +8.5942347787096565e-05 +6.3490164231491732e-05 +5.9061024985057842e-05 +1.2833010084254998e-04 +1.1319568701412325e-04
 31.50000000 +5.0000000000000000e+00 +1.9999928728352723e+00 +2.0003759679633492e-03 +9.9959525766879931e-01 +9.9999517103779179e-01 +9.9999358888288303e-01 +9.9999653208356087e-01 +9.9999691376394340e-01 +5.0127525863956041e-05 +6.3923390751748738e-05 +9.5419984881522842e-05 +1.1354652614032556e-04 +9.9519137389826655e-05
 32.00000000 +5.0000000000000000e+00 +1.9999908896390743e+00 +2.0239645608765176e-03 +9.9953002430273385e-01 +9.9999796155371523e-01 +9.9999561903119916e-01 +9.9999655555147249e-01 +9.9999343051284761e-01 +8.8891314818771217e-05 +1.2078293025755916e-04 +8.4631144909692329e-05 +1.0367625514630892e-04 +8.8427371171237814e-05
 32.50000000 +5.0000000000000000e+00 +1.9999871028931264e+00 +2.0203356690691064e-03 +9.9952793830951725e-01 +9.9999628830983822e-01 +9.9999632542584938e-01 +9.9999453436071029e-01 +9.9999676753439737e-01 +1.0578249021966937e-04 +9.5753863389044208e-05 +8.7509530193336329e-05 +6.5766490814450423e-05 +1.3333367055677186e-04
 33.00000000 +5.0000000000000000e+00 +1.9999920888780143e+00 +2.0055420674460005e-03 +9.9956363699241180e-01 +9.9999621059412147e-01 +9.9999522368472593e-01 +9.9999732854652923e-01 +9.9999644108331165e-01 +8.4189162705522208e-05 +7.4258521999207049e-05 +1.3418456194158748e-04 +7.9877077873754287e-05 +7.8649782450030534e-05
 33.50000000 +5.0000000000000000e+00 +1.9999899027403190e+00 +1.9405973912046974e-03 +9.9971969878861322e-01 +9.9999497847941909e-01 +9.9999583760629263e-01 +9.9999431417502227e-01 +9.9999492141668789e-01 +4.2527947883854979e-05 +9.9344903685897546e-05 +7.6617160497091910e-05 +5.5602642206000429e-05 +2.6156851915615321e-05
 34.00000000 +5.0000000000000000e+00 +1.9999871351212131e+00 +1.9761349783489536e-03 +9.9963065748470470e-01 +9.9999656422365490e-01 +9.9999501060859375e-01 +9.9999392894100436e-01 +9.9999502691369113e-01 +9.3751644909767818e-05 +9.6819678926191670e-05 +7.9131859932754641e-05 +5.1920797488007961e-05 +6.7187822629970862e-05
 34.50000000 +5.0000000000000000e+00 +1.9999858782943383e+00 +1.9648933234149759e-03 +9.9965898718082835e-01 +9.9999439768686760e-01 +9.9999625766188838e-01 +9.9999629440981952e-01 +9.9999553539075459e-01 +1.1685529111795399e-04 +3.5536618914472779e-05 +8.6832932317100039e-05 +8.0903807887398941e-05 +3.8399052124490104e-05
 35.00000000 +5.0000000000000000e+00 +1.9999923483273874e+00 +1.9528882917974428e-03 +9.9969663670138209e-01 +9.9999746495790420e-01 +9.9999911879449421e-01 +9.9999523306508309e-01 +9.9999530215958710e-01 +9.6661802994593970e-05 +1.2054928533713249e-04 +3.6143627734455829e-05 +4.0935868205892332e-05 +2.1953728042294855e-05
 35.50000000 +5.0000000000000000e+00 +1.9999822251309880e+00 +1.9115800914041878e-03 +9.9980769688954796e-01 +9.9999345040277843e-01 +9.9999468881886966e-01 +9.9999409733301303e-01 +9.9999271422968738e-01 +1.0402623341599527e-04 +2.9515657499222495e-05 +3.0095976270151606e-05 +1.9162280829293929e-05 +3.4552191665629044e-05
 36.00000000 +5.0000000000000000e+00 +1.9999764145900447e+00 +1.9047496278544371e-03 +9.9982579523210335e-01 +9.9999192664141223e-01 +9.9999489867655000e-01 +9.9999601164362295e-01 +9.9999454976899416e-01 +7.7796032027858337e-05 +5.3651913624520722e-05 +5.7017246629096350e-05 +2.1939554677380300e-06 +6.1588744281061023e-06
 36.50000000 +5.0000000000000000e+00 +1.9999863164582057e+00 +1.9083752668846720e-03 +9.9982480593798417e-01 +9.9999543924921930e-01 +9.9999470772567467e-01 +9.9999127504412022e-01 +9.9999370266472731e-01 +9.6758084217085241e-06 +3.3172247533817391e-05 +2.5433152271060739e-05 +7.5933866744641465e-05 +5.5854294749995364e-05
 37.00000000 +5.0000000000000000e+00 +1.9999813364137293e+00 +1.9383576600954136e-03 +9.9974934342865085e-01 +9.9999520261162289e-01 +9.9999241665687411e-01 +9.9999577708783638e-01 +9.9999637476489645e-01 +8.9124553139896417e-05 +3.2390439900565200e-05 +2.1759065652511130e-05 +2.4065232249042671e-05 +1.0354615571120492e-04
 37.50000000 +5.0000000000000000e+00 +1.9999871917403631e+00 +1.9657378793527603e-03 +9.9968562932350791e-01 +9.9999699326512770e-01 +9.9999325100803405e-01 +9.9999331900777444e-01 +9.9999430907046860e-01 +5.0534595029214155e-05 +6.8877762736891196e-05 +9.5413141728843454e-05 +6.0084219435368865e-05 +6.1588633260991138e-05
 38.00000000 +5.0000000000000000e+00 +1.9999839864263114e+00 +1.9717523243691611e-03 +9.9967103245555788e-01 +9.9999538165197766e-01 +9.9999609089954666e-01 +9.9999757008912427e-01 +9.9999584017376375e-01 +9.7576279152103650e-06 +7.5494689872061569e-05 +6.5215987751302603e-05 +9.5291830949408477e-05 +9.8324570139133308e-05
 38.50000000 +5.0000000000000000e+00 +1.9999965292673263e+00 +1.9814724171885304e-03 +9.9964120470989704e-01 +9.9999783405760068e-01 +9.9999267153902527e-01 +9.9999733066263197e-01 +9.9999521561956239e-01 +2.7668867478168789e-05 +1.3003657687753141e-04 +8.6327330805933321e-05 +4.8437346612192612e-05 +8.3273254787735154e-05
 39.00000000 +5.0000000000000000e+00 +1.9999912337308390e+00 +2.0057907775722231e-03 +9.9957798179135893e-01 +9.9999801578709657e-01 +9.9999304128823152e-01 +9.9999891527129281e-01 +9.9999179643352443e-01 +5.7576254842517849e-05 +1.1946575105201475e-04 +1.0065334981172807e-04 +6.8396944228711590e-05 +9.4157104754289918e-05
 39.50000000 +5.0000000000000000e+00 +1.9999932956333992e+00 +2.0339255486620743e-03 +9.9950084279225437e-01 +9.9999418408336926e-01 +9.9999543700299132e-01 +9.9999117637992418e-01 +9.9999426739456077e-01 +8.0514652978017166e-05 +1.1457761603772034e-04 +9.7112935908164351e-05 +1.3687749309488270e-04 +9.5009665216148982e-05
 40.00000000 +5.0000000000000000e+00 +1.9999967513883297e+00 +2.0212025656444746e-03 +9.9952096714052685e-01 +9.9999494099371278e-01 +9.9999113694212827e-01 +9.9999351984778928e-01 +9.9999280026028048e-01 +1.0924660046909439e-04 +7.7201515431721577e-05 +1.2436615678688065e-04 +9.0249039151621150e-05 +1.0557147632049978e-04
 40.50000000 +5.0000000000000000e+00 +1.9999922588343306e+00 +1.9731396663683906e-03 +9.9964245516537220e-01 +9.9998980828506667e-01 +9.9999422882557487e-01 +9.9999778322765109e-01 +9.9998870504739279e-01 +8.8698227836563198e-05 +9.2883498337830093e-05 +1.1071335377534862e-04 +4.7103012431617326e-05 +4.7621358604256435e-05
 41.00000000 +5.0000000000000000e+00 +1.9999950004725005e+00 +1.9863652455096837e-03 +9.9960280737877771e-01 +9.9999500745622716e-01 +9.9999888513220625e-01 +9.9999525408884538e-01 +9.9999794293650712e-01 +9.8560949441339315e-05 +5.6647931872723804e-05 +4.9073388227203426e-05 +9.2549376089542034e-05 +1.1327138710852089e-04
 41.50000000 +5.0000000000000000e+00 +2.0000033743082084e+00 +2.0200372967043218e-03 +9.9952112971627494e-01 +9.9999765934656859e-01 +9.9999288738839465e-01 +9.9999557861373556e-01 +9.9999024255035396e-01 +1.4181161732013193e-04 +7.9379896133227445e-06 +1.0895929595339670e-04 +1.7076647380066102e-04 +7.3027027792978535e-05
 42.00000000 +5.0000000000000000e+00 +1.9999955334070552e+00 +1.9322828014053934e-03 +9.9974951449328797e-01 +9.9999085264343379e-01 +9.9999724216793684e-01 +9.9999664341949701e-01 +9.9999363314640988e-01 +7.6434917198799638e-05 +9.7383575173398898e-05 +1.6598464789312950e-05 -2.5401908697023938e-05 +1.0709906787922635e-04
 42.50000000 +5.0000000000000000e+00 +1.9999955079948641e+00 +1.9473655557779787e-03 +9.9972083715092364e-01 +9.9999840062530976e-01 +9.9999238633119603e-01 +9.9999172230192701e-01 +9.9999101893501685e-01 +6.7964812046156014e-05 +9.5203116381556657e-05 +5.1856262175656964e-05 +1.9248095252642619e-05 +7.1362350246946313e-05
 43.00000000 +5.0000000000000000e+00 +1.9999992892466731e+00 +1.9619547964838911e-03 +9.9968069353599776e-01 +9.9999682283077218e-01 +9.9999796754141546e-01 +1.0000013127127334e+00 +9.9999016252112427e-01 +9.2546076858797773e-05 +4.3934531184142804e-05 -1.9655196804839672e-05 +9.5014131835662811e-05 +1.2120129559300440e-04
 43.50000000 +5.0000000000000000e+00 +1.9999964240183288e+00 +1.8984241678806019e-03 +9.9984670001237275e-01 +9.9999781614879069e-01 +9.9999244213375482e-01 +9.9999233025096257e-01 +9.9999682427037861e-01 -1.6031178338726283e-05 +5.3478672402964646e-05 +1.0633880590859020e-04 -6.9802305210187895e-06 +3.7081099828111590e-05
 44.00000000 +5.0000000000000000e+00 +1.9999913654196022e+00 +1.9817882820080805e-03 +9.9963688511690629e-01 +9.9999667153450311e-01 +9.9999170310006369e-01 +9.9998808775811243e-01 +9.9998768284208406e-01 +1.4848614969745254e-04 +1.3503278903478739e-04 +5.5444441499548509e-05 +8.1320176139004922e-06 +5.1874277478780131e-05
 44.50000000 +5.0000000000000000e+00 +1.9999819272206847e+00 +1.9778318466663501e-03 +9.9965037869406459e-01 +9.9998731875888225e-01 +9.9998854037611407e-01 +9.9999232337434785e-01 +9.9999170053667441e-01 +1.2587933202592058e-04 +6.1523047811710090e-05 +4.6951182410064448e-05 +1.1375207234243049e-04 +4.1632644836597697e-05
 45.00000000 +5.0000000000000000e+00 +1.9999932729533627e+00 +1.9893013595208950e-03 +9.9962638002383131e-01 +9.9999241979059128e-01 +9.9999465422815348e-01 +1.0000038721353128e+00 +1.0000014326404598e+00 +1.0280218096229430e-04 +9.6032268020829900e-05 +3.5823080361259272e-05 +8.6946447959858068e-05 +5.9637195624266831e-05
 45.50000000 +5.0000000000000000e+00 +1.9999883891364911e+00 +1.9148899836827079e-03 +9.9980067602682021e-01 +9.9999061454263616e-01 +9.9999728109118313e-01 +9.9999730575719148e-01 +9.9999541395389657e-01 +1.4307482671736715e-05 +4.9173944778696986e-05 +1.0291411181181505e-04 +2.8388353056007393e-05 +2.3924741978934826e-05
 46.00000000 +5.0000000000000000e+00 +2.0000056204582370e+00 +1.9345525635876964e-03 +9.9975849134851125e-01 +9.9998819372808623e-01 +9.9999615840967437e-01 +9.9999785781509498e-01 +9.9999353385869127e-01 +1.4791582340960483e-04 +4.5572756158765008e-05 +4.7550401676192420e-05 +2.9798554427957024e-05 -5.0726956557857744e-06
 46.50000000 +5.0000000000000000e+00 +2.0000056543251508e+00 +1.9932846360318337e-03 +9.9960774929517382e-01 +9.9999567684924717e-01 +9.9999886639671098e-01 +9.9998971175058593e-01 +9.9999524527735140e-01 +5.5288057429688538e-05 +1.2170680189331620e-04 +1.1356944114868039e-04 +9.9556281042260082e-05 +2.2629863296516986e-05
 47.00000000 +5.0000000000000000e+00 +1.9999926140613966e+00 +1.9594570095802064e-03 +9.9968040401287450e-01 +9.9999169634626983e-01 +9.9999583984689255e-01 +9.9999090860679563e-01 +1.0000027282177526e+00 +1.4195713908760603e-04 -6.2619574197041920e-06 +4.2288808882491877e-05 +7.7775951489760889e-05 +8.2663050933430113e-05
 47.50000000 +5.0000000000000000e+00 +1.9999966403826899e+00 +2.0089494692542989e-03 +9.9955144690013820e-01 +9.9998939593984770e-01 +9.9999785707748912e-01 +9.9999318166946616e-01 +9.9999494019451352e-01 +7.0124559943821827e-05 +1.1367588307033929e-04 +1.3836892419098344e-04 +1.3638808330414403e-04 +1.4620773460914906e-05
 48.00000000 +5.0000000000000000e+00 +1.9999915194718312e+00 +2.0142833178237690e-03 +9.9953973542468988e-01 +9.9999459769394383e-01 +9.9999162399186992e-01 +9.9998785406046420e-01 +9.9999148408275407e-01 +6.2708810569250700e-05 +1.3995633031361777e-04 +1.3937740101107761e-04 +1.1317690224496873e-04 +3.9485300840600497e-05
 48.50000000 +5.0000000000000000e+00 +2.0000042291846607e+00 +1.9414218819665118e-03 +9.9972362442366602e-01 +9.9999419288644487e-01 +9.9999056009996901e-01 +9.9999617539338703e-01 +9.9999780941285499e-01 +5.4559453704876712e-05 +7.7724121568755134e-05 +4.5636490074714298e-05 +1.8623733155952992e-06 +1.1785532123235132e-04
 49.00000000 +5.0000000000000000e+00 +2.0000027792734647e+00 +1.9451230391089622e-03 +9.9971556142158746e-01 +9.9999715914467580e-01 +9.9999352771219696e-01 +9.9999869295344890e-01 +9.9998092519803439e-01 +8.1402034719309829e-05 -5.4150395765233040e-05 +2.4742019356184055e-06 +1.2408131914479678e-04 +1.6032640779306727e-04
 49.50000000 +5.0000000000000000e+00 +2.0000012934123070e+00 +1.9224625604727288e-03 +9.9977775689889226e-01 +9.9998497910993489e-01 +9.9999469017658504e-01 +9.9999634582713892e-01 +9.9999516865950089e-01 +1.0255165604873532e-04 -3.6531273263314964e-05 -3.5002730168044999e-05 +3.8872731365366025e-05 +1.8116893417986936e-04
 50.00000000 +5.0000000000000000e+00 +1.9999934576095011e+00 +2.0051126198396170e-03 +9.9956124756121245e-01 +1.0000014715361245e+00 +9.9999291666250945e-01 +9.9998499026118337e-01 +9.9999423783486963e-01 +1.0210123874006018e-04 +2.2230190593742244e-05 +7.9401855390994128e-05 +1.2442016453964228e-04 +1.3698268327768290e-04
 50.50000000 +5.0000000000000000e+00 +2.0000103881412210e+00 +1.9966578151668943e-03 +9.9959998335996669e-01 +9.9999525877114837e-01 +9.9999574068699659e-01 +9.9999905375233744e-01 +9.9999259392934958e-01 +7.7205996832979446e-05 +1.7297580407547720e-04 +7.7215074384297318e-05 +4.0462102214478424e-05 +4.9510519196888924e-05
 51.00000000 +5.0000000000000000e+00 +2.0000006974967497e+00 +1.9158835167688256e-03 +9.9980039738779403e-01 +9.9998640776355463e-01 +9.9999478395335095e-01 +9.9998513240055165e-01 +9.9998508280713683e-01 +1.3025934792562679e-04 +2.3967544599616638e-06 +4.1394205776317986e-05 +4.7234625897700119e-05 +2.6910758028428721e-05
 51.50000000 +5.0000000000000000e+00 +1.9999872041802840e+00 +2.0365014504362027e-03 +9.9949108225527483e-01 +9.9998898134880077e-01 +9.9999930337782161e-01 +9.9999514864400918e-01 +9.9998589928733228e-01 +1.2816851643921847e-04 +1.8126928951965813e-04 +1.5471585572945007e-04 +1.2290039569716963e-05 +6.3141377801448326e-05
 52.00000000 +5.0000000000000000e+00 +2.0000052408768907e+00 +1.9717480178467945e-03 +9.9967087926868636e-01 +9.9999058744040170e-01 +9.9998897478943405e-01 +9.9999151714137613e-01 +9.9999925547099477e-01 +3.3957776976033148e-05 -2.3748853421090528e-05 +1.3971298075745678e-04 +1.7676216246239823e-04 +3.2101831128537768e-05
 52.50000000 +5.0000000000000000e+00 +2.0000270575750827e+00 +1.9462924775365488e-03 +9.9973595519448333e-01 +1.0000114297548026e+00 +9.9998525797089399e-01 +9.9999192796709535e-01 +9.9999698659205161e-01 +8.1493566682709913e-05 +6.9145576163951567e-05 -1.9041139396152285e-05 +9.1608756898305216e-05 +5.5235775850115662e-05
 53.00000000 +5.0000000000000000e+00 +2.0000105779510249e+00 +1.9771001305327099e-03 +9.9965837849464345e-01 +9.9998802472869008e-01 +9.9998540947164272e-01 +9.9997590975997963e-01 +9.9999800883200340e-01 +1.5670493655156872e-04 +5.4240537027936662e-05 -2.1641333937382119e-05 +9.1880542434198695e-05 +1.1308402263822569e-04
 53.50000000 +5.0000000000000000e+00 +1.9999971653435926e+00 +1.9497000230591921e-03 +9.9970822202694409e-01 +9.9999884473794276e-01 +9.9998728429844808e-01 +1.0000050516937735e+00 +9.9999027402947471e-01 +8.8033355779964289e-05 +1.3122634788181417e-04 +6.7531222743644290e-05 +5.3448700871403100e-06 +1.8187420212474321e-05
 54.00000000 +5.0000000000000000e+00 +1.9999956152524097e+00 +2.0236943733934454e-03 +9.9952194970287311e-01 +9.9999186987685373e-01 +1.0000033127857022e+00 +9.9999841150187729e-01 +9.9998909125698188e-01 +4.3805612902374061e-05 +1.6663269400626107e-04 +5.0784157817626562e-05 +6.8901557076289839e-05 +1.6524085676250931e-04
 54.50000000 +5.0000000000000000e+00 +1.9999789625467101e+00 +1.9601467936639001e-03 +9.9966719703052587e-01 +9.9999265138284577e-01 +9.9999752037096401e-01 +9.9999737081134099e-01 +9.9999964875402736e-01 +1.0287016051367163e-04 -5.0963557827163259e-05 +7.3643401185402674e-05 +1.9335424079647317e-04 +2.6707405352842719e-05
 55.00000000 +5.0000000000000000e+00 +2.0000145658689013e+00 +1.9607046678239404e-03 +9.9968778434528660e-01 +1.0000000442327848e+00 +9.9999683796767480e-01 +9.9999308209192750e-01 +9.9999538623601103e-01 +4.9805152261804078e-05 +3.0518738307248320e-05 +4.2517512404240172e-05 +9.0715419910824524e-05 +1.1330829848871480e-04
 55.50000000 +5.0000000000000000e+00 +2.0000267847132318e+00 +1.9364794989144899e-03 +9.9975796637695979e-01 +9.9999451842943987e-01 +9.9999567134178891e-01 +9.9997555163098217e-01 +9.9998372850047013e-01 +1.0843224254128938e-05 +1.3561625688592038e-04 +2.7486240520714443e-05 +7.5888846820489086e-05 +4.2729154872491388e-05
 56.00000000 +5.0000000000000000e+00 +2.0000078635504046e+00 +1.9963381447430663e-03 +9.9958429604592625e-01 +9.9996442728925050e-01 +9.9997860018897911e-01 +9.9999062963181573e-01 +9.9999387675349893e-01 +8.4440176646527834e-05 +7.6973403239979015e-05 +7.9042677150424227e-05 +9.0828272198586376e-05 +1.5688556701395204e-04
 56.50000000 +5.0000000000000000e+00 +2.0000288670492647e+00 +1.8818736392080687e-03 +9.9989112960869730e-01 +9.9999688776521112e-01 +9.9997546226445011e-01 +9.9998729870846703e-01 +9.9998479936485229e-01 -2.6204148088580124e-05 +1.9788425281834957e-05 +4.2112500617896888e-05 +1.0370537402709014e-05 +1.1835497776682700e-04
 57.00000000 +5.0000000000000000e+00 +2.0000363906137215e+00 +1.9601243793644272e-03 +9.9969101429093898e-01 +9.9999778411345053e-01 +9.9998838912737176e-01 +9.9999070746148233e-01 +9.9998759894813194e-01 +1.5284001205054595e-04 +8.7410664732844064e-05 -1.3179846249861742e-04 +1.4326486536417844e-04 +9.2788971809380492e-05
 57.50000000 +5.0000000000000000e+00 +2.0000159906787509e+00 +1.8727717436606585e-03 +9.9991632269015251e-01 +9.9998819144733897e-01 +9.9999642031602864e-01 +9.9995567900127846e-01 +1.0000096920275752e+00 -4.3642401996956522e-05 -2.3983681811000400e-05 +2.4957196647537733e-05 +7.6283751171116453e-05 +1.0007966411535036e-04
 58.00000000 +5.0000000000000000e+00 +2.0000053308556134e+00 +1.9239795399997289e-03 +9.9978098182070474e-01 +1.0000108536724062e+00 +9.9998757719880826e-01 +9.9998877734881819e-01 +1.0000008911138418e+00 +3.3188378316086304e-05 +1.2339465033180266e-04 +1.3967305934430347e-05 +4.1869085091158541e-05 +1.8499408841516198e-05
 58.50000000 +5.0000000000000000e+00 +2.0000036293909704e+00 +1.9259342021842587e-03 +9.9976382148035348e-01 +9.9999722284794745e-01 +9.9999639008684460e-01 +9.9998966814471157e-01 +9.9997884716690055e-01 -1.0187704822598142e-04 +1.4900137788715709e-04 +2.5379821524757238e-05 -2.0475924974270815e-05 +2.2202204327560293e-04
 59.00000000 +5.0000000000000000e+00 +2.0000329561732166e+00 +1.9435655690877946e-03 +9.9974858551826851e-01 +1.0000142950945803e+00 +9.9997687041401517e-01 +9.9997989240445040e-01 +9.9999081163337178e-01 +1.7669711489708942e-04 +5.4457269963477453e-05 +3.2557967220430491e-05 +1.0255218627492892e-04 -7.6719608169757998e-05
 59.50000000 +5.0000000000000000e+00 +2.0000108298846406e+00 +1.8972169075786316e-03 +9.9984666701850800e-01 +9.9996871360129969e-01 +9.9998710854223150e-01 +9.9999841076780849e-01 +9.9998714837789737e-01 +1.8091018665051644e-04 +2.7404685863334372e-05 -4.5482796747593480e-06 -6.8489982562281105e-05 +7.6675078836342084e-05
 60.00000000 +5.0000000000000000e+00 +1.9999891126928138e+00 +1.9760146003502100e-03 +9.9964106301670763e-01 +1.0000032932849121e+00 +9.9998216782954941e-01 +9.9997934608665018e-01 +9.9996267072974809e-01 +1.1383752205975098e-04 +1.5920025079315889e-05 +1.0114605303062586e-05 +1.3881636806069222e-04 +1.5277051929284003e-04
 60.50000000 +5.0000000000000000e+00 +1.9999763821993510e+00 +2.1176635542466469e-03 +9.9928293527763801e-01 +9.9998310590738981e-01 +9.9998171936731040e-01 +9.9999803509670693e-01 +9.9998471213464002e-01 +1.3338093060570399e-04 +1.1741191682025890e-04 +2.0922010399802244e-04 +1.2650122401597463e-04 +1.8297803876818702e-04
 61.00000000 +5.0000000000000000e+00 +1.9999821222068095e+00 +2.0130414090677794e-03 +9.9953395616228169e-01 +9.9997806290232627e-01 +9.9999254955515982e-01 +9.9999180439934376e-01 +1.0000089048941863e+00 +7.6870438746992257e-05 +1.7086720749961791e-04 +8.9086685318629991e-05 +8.1332269576902020e-05 +7.6565487923025127e-05
 61.50000000 +5.0000000000000000e+00 +2.0000080433585685e+00 +2.0187916427388173e-03 +9.9952890947809592e-01 +9.9999357764494756e-01 +1.0000002815008164e+00 +1.0000071651681319e+00 +9.9997455343782427e-01 -3.0122226352065015e-05 +6.3290066222387731e-06 +2.0841428388454754e-04 +1.1554794359866001e-04 +1.9534376017934336e-04
 62.00000000 +5.0000000000000000e+00 +2.0000110712999692e+00 +1.9991559697430999e-03 +9.9960892107345256e-01 +9.9997550287241743e-01 +9.9998746057139820e-01 +9.9999880662870799e-01 +9.9999901271588354e-01 +2.2849458747418993e-05 +2.2732413493392514e-04 -7.9875771944886977e-05 +1.0118758398268456e-04 +1.5881073302706218e-04
 62.50000000 +5.0000000000000000e+00 +1.9999939415331585e+00 +1.8479725111517442e-03 +9.9995512063360703e-01 +9.9998748496264633e-01 +9.9999550639118184e-01 +9.9999471891216229e-01 +9.9999741519262819e-01 +1.3171348035360430e-04 +3.9419922151861727e-06 +4.2697220711158478e-05 -1.1979786297562978e-04 +1.1199085587259320e-05
 63.00000000 +5.0000000000000000e+00 +1.9999860720951674e+00 +2.0704755330789772e-03 +9.9939333596228297e-01 +9.9999669364989063e-01 +9.9999725840298737e-01 +9.9996808413077498e-01 +9.9999955284564102e-01 +6.4528361384777548e-05 +2.0423362028481142e-05 +2.4786701007010196e-04 +1.5611800886540240e-04 +1.5613825391690533e-04
 63.50000000 +5.0000000000000000e+00 +2.0000251218022949e+00 +2.1189595893952090e-03 +9.9930840008097011e-01 +9.9996333429824702e-01 +1.0000046544535566e+00 +9.9999309528798386e-01 +9.9996666602694684e-01 +2.0588910221694694e-04 +4.5094340254822607e-05 +2.8544710154976945e-05 +1.1424394356785541e-04 +3.7007775252500928e-04
 64.00000000 +5.0000000000000000e+00 +1.9999965518843328e+00 +1.9655872975987577e-03 +9.9968956028307299e-01 +9.9997609360097439e-01 +9.9998596557347519e-01 +9.9994787319578859e-01 +9.9999605689555704e-01 +1.7279217265707246e-04 +2.3004671143884712e-05 +9.3921490384397241e-06 +2.2166189031850716e-04 -2.2400442053524227e-05
 64.50000000 +5.0000000000000000e+00 +2.0000141846951838e+00 +1.9693917674858384e-03 +9.9966556596287470e-01 +1.0000002235530256e+00 +1.0000033048780204e+00 +1.0000108999885673e+00 +9.9998217142151347e-01 +1.6405556677868876e-04 +1.3406802046559216e-04 +1.0758274034702262e-04 -4.2593373390764722e-05 -2.5278749118033990e-05
 65.00000000 +5.0000000000000000e+00 +1.9999723278540742e+00 +1.9203909029952314e-03 +9.9975753018235602e-01 +9.9998762432068444e-01 +1.0000179977379398e+00 +1.0000172572327704e+00 +9.9998268809954616e-01 +7.6337980921938577e-05 +1.3910994326613768e-05 +1.9459039337330251e-04 +8.6807422852576871e-05 -1.3474437767499632e-04
 65.50000000 +5.0000000000000000e+00 +2.0000147175063900e+00 +1.8523555315871334e-03 +9.9997023048971390e-01 +1.0000009417480160e+00 +9.9998692407708512e-01 +9.9999127885120387e-01 +9.9995543337030901e-01 -1.2996654084174651e-05 -8.8513573792810911e-05 -1.1663109291622879e-05 +1.4074921556290703e-04 +6.7615593881768845e-05
 66.00000000 +5.0000000000000000e+00 +1.9999992648402523e+00 +1.8845813150754527e-03 +9.9990649422705991e-01 +9.9995283785398714e-01 +1.0000138994671681e+00 +9.9998254038072731e-01 +9.9999679537541952e-01 +1.9967543956525010e-04 +7.8091011686538285e-06 -9.1854370261454748e-05 -3.5285725336250472e-05 +6.7088255626411428e-05
 66.50000000 +5.0000000000000000e+00 +1.9999694964226071e+00 +2.0115393535565626e-03 +9.9955862882496738e-01 +9.9997081461121318e-01 +9.9999544939952367e-01 +1.0000153658903066e+00 +1.0000005363928990e+00 +1.5665391870721133e-04 +1.5921551834369198e-04 +6.7486012410010937e-05 +5.9954993399246749e-05 +1.5894437340694889e-05
 67.00000000 +5.0000000000000000e+00 +1.9999666572639099e+00 +2.0440287372834216e-03 +9.9948615154838882e-01 +9.9997754593542154e-01 +9.9998050264012772e-01 +9.9997212242387168e-01 +1.0000030823717923e+00 +3.7742035159503081e-04 -1.1104119711003585e-04 +2.4198622909438159e-04 +7.2714955361092789e-05 -4.8524925020435164e-07
 67.50000000 +5.0000000000000000e+00 +1.9999535638588304e+00 +2.1809258341452288e-03 +9.9911036056911495e-01 +1.0000032437552051e+00 +9.9995925408491237e-01 +9.9999653058600368e-01 +9.9998251254309645e-01 +7.2247698382393448e-05 +1.6317577583583516e-04 +1.9921502957045387e-04 +1.9076390795537781e-04 +3.2269604705404624e-04
 68.00000000 +5.0000000000000000e+00 +2.0000061350633178e+00 +1.9702118830311386e-03 +9.9965979573086128e-01 +9.9997658843380854e-01 +9.9997479277426937e-01 +9.9998211425180750e-01 +1.0000040896486897e+00 +5.9789425251229588e-05 +5.9567407638968954e-05 +2.1727840019503393e-04 -8.1083999141575420e-05 +1.4706793676616320e-04
 68.50000000 +5.0000000000000000e+00 +2.0000162962826802e+00 +1.9286256416034316e-03 +9.9979031643996097e-01 +9.9997752098432258e-01 +9.9999235003652309e-01 +9.9997215115617111e-01 +9.9999643141653316e-01 +1.0562340229812011e-04 +5.2282093447201344e-05 -2.9992724428394761e-06 +1.8578873232965939e-04 -6.9464992300592943e-05
 69.00000000 +5.0000000000000000e+00 +1.9999510697640441e+00 +1.9694205297687770e-03 +9.9964899216960879e-01 +9.9998470397912187e-01 +9.9997374270353290e-01 +9.9996963375987191e-01 +9.9996316999262203e-01 +3.9654845828906268e-05 +8.0416819246265930e-05 +1.4107583261465772e-04 +1.8831109975602067e-04 +1.0298788517081030e-05
 69.50000000 +5.0000000000000000e+00 +2.0000233890690566e+00 +1.9267646201981442e-03 +9.9978711636747031e-01 +9.9999617472624858e-01 +9.9995179202042062e-01 +1.0000157301152472e+00 +9.9996982296794445e-01 +2.1282670664500230e-04 +1.6203888766194328e-04 +6.9074718385619217e-05 -4.3684250894292867e-05 -1.2089225725225701e-04
 70.00000000 +5.0000000000000000e+00 +1.9999594409718102e+00 +1.9854211109221003e-03 +9.9961419553249187e-01 +9.9997988759858059e-01 +1.0000191775335872e+00 +9.9996456603361927e-01 +1.0000245176866094e+00 +1.1426897524001145e-04 -2.9469574133279169e-05 +1.0093241527118111e-05 +3.8216766805106114e-05 +2.6454620257508030e-04
 70.50000000 +5.0000000000000000e+00 +1.9999649964850834e+00 +1.8866908730157822e-03 +9.9989131853124236e-01 +1.0000029587994108e+00 +9.9996898071340312e-01 +9.9996097007272788e-01 +9.9995777206723191e-01 +2.7419535767914176e-04 +6.3699809469778480e-06 +5.4042991757037038e-05 -2.5758608495024004e-05 -9.0849909692632052e-05
 71.00000000 +5.0000000000000000e+00 +1.9999715034366632e+00 +1.9439392903254765e-03 +9.9973672756624909e-01 +1.0000197975163185e+00 +9.9997675692873567e-01 +9.9993923654766903e-01 +9.9995915386104983e-01 +1.8919109258916017e-04 +2.2543618363028581e-04 +2.3416989711411260e-04 -1.0896126838957421e-04 -1.7150832740767317e-04
 71.50000000 +5.0000000000000000e+00 +1.9999727217279997e+00 +1.9838411520050323e-03 +9.9963347004546799e-01 +9.9998770728827369e-01 +1.0000027796647177e+00 +9.9997667444011962e-01 +9.9998470106660875e-01 +8.0565591972891617e-05 +1.4207462849078292e-04 -1.2281599346104576e-04 +1.9528744878726586e-04 +1.1955581924310999e-04
 72.00000000 +5.0000000000000000e+00 +2.0000133300713285e+00 +2.0954920694291161e-03 +9.9936305144124327e-01 +1.0000249988573520e+00 +9.9997228398195248e-01 +9.9998512522223248e-01 +9.9998129375543299e-01 +2.3471536461693945e-05 +4.8073961558703750e-04 +3.0034250729162434e-04 -8.2837020868401144e-05 -4.8469900989657529e-05
 72.50000000 +5.0000000000000000e+00 +1.9999485757031652e+00 +2.1739673247878201e-03 +9.9915933943151203e-01 +9.9998053078966675e-01 +9.9997375893621321e-01 +1.0000477881243404e+00 +9.9999353039349936e-01 -1.1460857685160157e-04 +4.9972389230693557e-04 +2.2971340958005348e-04 +4.0758273912113963e-05 +1.8946532314948939e-04
 73.00000000 +5.0000000000000000e+00 +1.9999838188480836e+00 +1.8331430512751423e-03 +1.0000069073971820e+00 +1.0000091698007958e+00 +9.9996622828117832e-01 +9.9997045493339254e-01 +9.9999430837722347e-01 -1.7320376930561240e-05 -1.5406728575055414e-05 +2.0984557128512796e-05 -4.7154987082468254e-06 +6.9389254842430506e-05
 73.50000000 +5.0000000000000000e+00 +1.9999674551614162e+00 +2.2075474980094174e-03 +9.9905606618340892e-01 +9.9996373151343976e-01 +9.9998167167041596e-01 +9.9995594069575733e-01 +1.0000386441198572e+00 +1.5950756199017662e-04 +1.4471639856599122e-04 +3.8577318649451737e-04 +7.9327188832034178e-05 +2.3462147997030717e-04
 74.00000000 +5.0000000000000000e+00 +1.9999991734782230e+00 +1.9789797967652645e-03 +9.9963194510034836e-01 +9.9998953567775195e-01 +9.9999561888299549e-01 +9.9996742801985983e-01 +9.9999285484382860e-01 -2.0590579793206953e-04 +1.4786983236276044e-04 +3.0519875883981527e-04 +7.9574710369209095e-06 +1.6749721251621953e-04
 74.50000000 +5.0000000000000000e+00 +1.9999796301305117e+00 +1.9141565439306655e-03 +9.9980868796406286e-01 +9.9995393296089008e-01 +9.9998298913320993e-01 +9.9996438779556385e-01 +9.9998791015505628e-01 +2.2113606488248432e-04 +1.7158769429274727e-04 +4.8873474914641831e-05 -1.0528467299008532e-04 -3.4220572188777426e-05
 75.00000000 +5.0000000000000000e+00 +1.9999748654903520e+00 +2.1058694015106830e-03 +9.9931687056609109e-01 +9.9997423921693240e-01 +9.9997072957737920e-01 +1.0000096835836358e+00 +1.0000061372518771e+00 +3.5408710318664028e-04 +2.9193040936464882e-04 -1.0547469792307250e-04 +1.6653274470286635e-04 +1.5264243065257190e-05
