#PATCH_CHECK: SepMBpoisson v0.60 fullmb-kondo adaptive-t500 active
#discretizing the bath:
#     0 0.0000000000000000e+00 -9.1873305439137479e-02
#     1 3.1622776601683794e-03 -1.6665817606659536e-01
#     2 3.1622776601683794e-03 -1.6537331398261937e-01
#     3 3.1622776601683794e-03 -1.6408572351429951e-01
#adaptive measurement: gap=1.2848620839759906e-03 period_steps=9781 nmeas=200 nwf=200 tmax=1.0000000000000000e+02 forced_stride=1
  0.00000000 +2.0000000000000000e+00 +1.9999999999999998e+00 +1.8374661879283106e-03 +1.0000000000000000e+00 +1.0000000000000000e+00 +0.0000000000000000e+00 +0.0000000000000000e+00
  0.50000000 +2.0000000000000000e+00 +1.9999999999831102e+00 +1.8394366688341413e-03 +9.9999499742650511e-01 +9.9999999999999867e-01 +2.5267451364689324e-06 +2.4758283579002888e-06
  1.00000000 +2.0000000000000000e+00 +1.9999999994246263e+00 +1.8452261184014245e-03 +9.9998029643505459e-01 +9.9999999998799993e-01 +9.7905351422866337e-06 +9.9130431987173624e-06
  1.50000000 +2.0000000000000000e+00 +1.9999999970622115e+00 +1.8547665066047424e-03 +9.9995606108608059e-01 +9.9999999984789489e-01 +2.1945171250549800e-05 +2.1993895120696614e-05
  2.00000000 +2.0000000000000000e+00 +1.9999999950846605e+00 +1.8680417420879544e-03 +9.9992231772191664e-01 +9.9999999943572848e-01 +3.8742603600036296e-05 +3.8940238764399002e-05
  2.50000000 +2.0000000000000000e+00 +2.0000000150275992e+00 +1.8844298781329322e-03 +9.9988062788533894e-01 +9.9999999857283339e-01 +5.9958004756960821e-05 +5.9415535779874107e-05
  3.00000000 +2.0000000000000000e+00 +1.9999999882272861e+00 +1.9033254962773649e-03 +9.9983250653316369e-01 +9.9999999714936927e-01 +8.4400907688212263e-05 +8.3095410127004491e-05
  3.50000000 +2.0000000000000000e+00 +1.9999999783241784e+00 +1.9249675443914250e-03 +9.9977731660800273e-01 +9.9999999478885526e-01 +1.1237390362430009e-04 +1.1031469791684252e-04
  4.00000000 +2.0000000000000000e+00 +2.0000000601763785e+00 +1.9479919498925763e-03 +9.9971850129639683e-01 +9.9999999065763945e-01 +1.4249431756419608e-04 +1.3901372966392317e-04
  4.50000000 +2.0000000000000000e+00 +2.0000000400098985e+00 +1.9721863157659168e-03 +9.9965657745752534e-01 +9.9999998540714385e-01 +1.7353757164078321e-04 +1.6989956333580091e-04
  5.00000000 +2.0000000000000000e+00 +2.0000001910073313e+00 +1.9971249662422319e-03 +9.9959260492430635e-01 +9.9999997806834173e-01 +2.0571243787461744e-04 +2.0170456945539235e-04
  5.50000000 +2.0000000000000000e+00 +2.0000000276016272e+00 +2.0223202597708556e-03 +9.9952778796774600e-01 +9.9999996651794532e-01 +2.3782481257035568e-04 +2.3442070006791357e-04
  6.00000000 +2.0000000000000000e+00 +1.9999998671063068e+00 +2.0455356909551046e-03 +9.9946779383040341e-01 +9.9999995252853513e-01 +2.6746061303717941e-04 +2.6479302678288156e-04
  6.50000000 +2.0000000000000000e+00 +2.0000000810704779e+00 +2.0684342531382288e-03 +9.9940841937728875e-01 +9.9999993724975667e-01 +2.9751140470769035e-04 +2.9413196779734513e-04
  7.00000000 +2.0000000000000000e+00 +1.9999998695510777e+00 +2.0883171283778857e-03 +9.9935645816711938e-01 +9.9999992057056852e-01 +3.2303091935082499e-04 +3.2059034340400206e-04
  7.50000000 +2.0000000000000000e+00 +2.0000002498843092e+00 +2.1066375458872835e-03 +9.9930830917665592e-01 +9.9999989506784959e-01 +3.4737423768979402e-04 +3.4442151735622115e-04
  8.00000000 +2.0000000000000000e+00 +2.0000000576648320e+00 +2.1237776450025244e-03 +9.9926298176155159e-01 +9.9999986921418726e-01 +3.7090701922786904e-04 +3.6624200631259337e-04
  8.50000000 +2.0000000000000000e+00 +2.0000003827302923e+00 +2.1344894071579391e-03 +9.9923380320712651e-01 +9.9999983857369545e-01 +3.8447682019182919e-04 +3.8188139898386942e-04
  9.00000000 +2.0000000000000000e+00 +2.0000000221625971e+00 +2.1393990922143960e-03 +9.9921907047235581e-01 +9.9999979834740893e-01 +3.9225136909065597e-04 +3.8887981117230529e-04
  9.50000000 +2.0000000000000000e+00 +2.0000004402441611e+00 +2.1454695595036636e-03 +9.9920154807611217e-01 +9.9999976931044987e-01 +4.0038537107858481e-04 +3.9829724238566751e-04
 10.00000000 +2.0000000000000000e+00 +2.0000002025598826e+00 +2.1442136938818104e-03 +9.9920239329038829e-01 +9.9999972452218311e-01 +4.0508541428816347e-04 +3.9279677198185566e-04
 10.50000000 +2.0000000000000000e+00 +1.9999996865284140e+00 +2.1486078339278390e-03 +9.9918923912926849e-01 +9.9999969936020106e-01 +4.0886694842584472e-04 +4.0219456212383525e-04
 11.00000000 +2.0000000000000000e+00 +1.9999998869957853e+00 +2.1389843993679459e-03 +9.9921146376940984e-01 +9.9999963599418340e-01 +3.9738586218954517e-04 +3.9151437456842427e-04
 11.50000000 +2.0000000000000000e+00 +1.9999996429421001e+00 +2.1276080698974047e-03 +9.9923832234542331e-01 +9.9999961462141862e-01 +3.8389626388213289e-04 +3.7816677084803507e-04
 12.00000000 +2.0000000000000000e+00 +1.9999998046569258e+00 +2.1179074938305156e-03 +9.9926113115666504e-01 +9.9999957345388113e-01 +3.6395125001417570e-04 +3.7534413794279207e-04
 12.50000000 +2.0000000000000000e+00 +1.9999990382815021e+00 +2.1002856097641978e-03 +9.9930443885801534e-01 +9.9999954725613560e-01 +3.5265019130649385e-04 +3.4336369610326321e-04
 13.00000000 +2.0000000000000000e+00 +1.9999993591074787e+00 +2.0785019792132473e-03 +9.9935836804951150e-01 +9.9999947076870432e-01 +3.1961524857593841e-04 +3.2254593332220748e-04
 13.50000000 +2.0000000000000000e+00 +1.9999995856952195e+00 +2.0592673338916921e-03 +9.9940625891409585e-01 +9.9999940694342770e-01 +2.9800455459322273e-04 +2.9632958788576396e-04
 14.00000000 +2.0000000000000000e+00 +1.9999986499309312e+00 +2.0411570817525080e-03 +9.9945198831691606e-01 +9.9999945301943594e-01 +2.6961272549358184e-04 +2.7894593694129468e-04
 14.50000000 +2.0000000000000000e+00 +1.9999974942766903e+00 +2.0143292125310375e-03 +9.9951979261164869e-01 +9.9999934666811419e-01 +2.3684623081582585e-04 +2.4401448941312076e-04
 15.00000000 +2.0000000000000000e+00 +1.9999978734344999e+00 +2.0036552955508278e-03 +9.9954791599089610e-01 +9.9999931285181676e-01 +2.4310602021514581e-04 +2.0966513742640431e-04
 15.50000000 +2.0000000000000000e+00 +1.9999982062835313e+00 +1.9732383178236029e-03 +9.9962598799727254e-01 +9.9999925684548829e-01 +1.9105495162737181e-04 +1.8370020406597426e-04
 16.00000000 +2.0000000000000000e+00 +1.9999989750835934e+00 +1.9540442032279122e-03 +9.9967650447669876e-01 +9.9999927669577093e-01 +1.6237151033868092e-04 +1.6184731680626960e-04
 16.50000000 +2.0000000000000000e+00 +1.9999985978700410e+00 +1.9413611612392615e-03 +9.9971037933322093e-01 +9.9999917541812033e-01 +1.3784330061484849e-04 +1.5260194806888342e-04
 17.00000000 +2.0000000000000000e+00 +1.9999973092954224e+00 +1.9162452375736251e-03 +9.9977673731609429e-01 +9.9999920189972324e-01 +1.0936748635907207e-04 +1.1469329933318596e-04
 17.50000000 +2.0000000000000000e+00 +1.9999975064858160e+00 +1.9007917201799768e-03 +9.9981823299987271e-01 +9.9999918259900455e-01 +9.2674494739183798e-05 +8.9909905240053228e-05
 18.00000000 +2.0000000000000000e+00 +1.9999976200811205e+00 +1.8965869623025797e-03 +9.9983190975495539e-01 +9.9999923484968312e-01 +8.9488154445938414e-05 +7.9367239423761959e-05
 18.50000000 +2.0000000000000000e+00 +1.9999982180286719e+00 +1.8978065083882785e-03 +9.9983267734050640e-01 +9.9999915610156764e-01 +8.4657483004295603e-05 +8.3509076038478536e-05
 19.00000000 +2.0000000000000000e+00 +1.9999973452815794e+00 +1.8715244306533316e-03 +9.9990337202106150e-01 +9.9999900822467280e-01 +4.0734319890929636e-05 +5.6885432896651368e-05
 19.50000000 +2.0000000000000000e+00 +1.9999972775567687e+00 +1.8663226780436749e-03 +9.9992110286217961e-01 +9.9999893929539607e-01 +4.4023578106574610e-05 +3.5934264439838250e-05
 20.00000000 +2.0000000000000000e+00 +1.9999979009891089e+00 +1.8834965428368834e-03 +9.9988026932488150e-01 +9.9999902991803569e-01 +6.9097865021712780e-05 +5.1602893070071994e-05
 20.50000000 +2.0000000000000000e+00 +1.9999975090941853e+00 +1.8718683148237669e-03 +9.9991380204078573e-01 +9.9999896835854496e-01 +3.9386732660257792e-05 +4.7842866642297626e-05
 21.00000000 +2.0000000000000000e+00 +1.9999980114916434e+00 +1.8836157748100236e-03 +9.9988763238663481e-01 +9.9999907236766605e-01 +4.7984806098750806e-05 +6.5310439695167073e-05
 21.50000000 +2.0000000000000000e+00 +1.9999970964817269e+00 +1.8947913695339744e-03 +9.9986128992102641e-01 +9.9999901125928325e-01 +6.3428648723916291e-05 +7.6270170989231983e-05
 22.00000000 +2.0000000000000000e+00 +1.9999975392095479e+00 +1.9023098281001503e-03 +9.9984604979130820e-01 +9.9999927720326787e-01 +6.2047764633522227e-05 +9.2625241281325393e-05
 22.50000000 +2.0000000000000000e+00 +1.9999973654238687e+00 +1.9156555697362452e-03 +9.9981315315967279e-01 +9.9999899810554738e-01 +8.0150827548882011e-05 +1.0769790676117097e-04
 23.00000000 +2.0000000000000000e+00 +1.9999978843529851e+00 +1.9392374121705630e-03 +9.9975570462977348e-01 +9.9999884224028668e-01 +1.2217320536697085e-04 +1.2327992553016139e-04
 23.50000000 +2.0000000000000000e+00 +1.9999961866586664e+00 +1.9564805352992294e-03 +9.9971400487231643e-01 +9.9999874569843172e-01 +1.4356889310086280e-04 +1.4368053510804951e-04
 24.00000000 +2.0000000000000000e+00 +1.9999980447509873e+00 +1.9582411948661565e-03 +9.9971176532874140e-01 +9.9999838415904219e-01 +1.5263868873764325e-04 +1.3721182453335171e-04
 24.50000000 +2.0000000000000000e+00 +1.9999951023345195e+00 +2.0022252631035917e-03 +9.9959889625023890e-01 +9.9999877656997982e-01 +2.1613930414953689e-04 +1.8618787612675839e-04
 25.00000000 +2.0000000000000000e+00 +1.9999941358327809e+00 +1.9986672216934431e-03 +9.9960590445308350e-01 +9.9999865890522655e-01 +1.9154521740719701e-04 +2.0389142295798528e-04
 25.50000000 +2.0000000000000000e+00 +1.9999949250211748e+00 +2.0289982989500528e-03 +9.9952791024964160e-01 +9.9999858276587617e-01 +2.3878473774601027e-04 +2.3472224723621480e-04
 26.00000000 +2.0000000000000000e+00 +1.9999978817611999e+00 +2.0409052067272325e-03 +9.9949588366103559e-01 +9.9999833168921115e-01 +2.5025230541921934e-04 +2.5553234571887073e-04
 26.50000000 +2.0000000000000000e+00 +1.9999935472529569e+00 +2.0616730758850946e-03 +9.9944213207723243e-01 +9.9999868826474125e-01 +2.7574220292131196e-04 +2.8343745513342774e-04
 27.00000000 +2.0000000000000000e+00 +1.9999961847711891e+00 +2.0579394455926773e-03 +9.9944829527586310e-01 +9.9999860415753539e-01 +2.9911587487307250e-04 +2.5398469263797260e-04
 27.50000000 +2.0000000000000000e+00 +1.9999942879355486e+00 +2.0766188265060677e-03 +9.9939661731419471e-01 +9.9999814564663470e-01 +2.8838013886947958e-04 +3.1685690030740238e-04
 28.00000000 +2.0000000000000000e+00 +1.9999960568745210e+00 +2.0996774052112039e-03 +9.9933510188817831e-01 +9.9999821206634176e-01 +3.2901714945600136e-04 +3.3766889474731000e-04
 28.50000000 +2.0000000000000000e+00 +1.9999948167056625e+00 +2.0849279082294182e-03 +9.9936890837518999e-01 +9.9999796847902922e-01 +3.2112160833360138e-04 +3.1200153741873539e-04
 29.00000000 +2.0000000000000000e+00 +1.9999956831576975e+00 +2.0900853342079345e-03 +9.9934928127846767e-01 +9.9999793851915730e-01 +3.3473851890553953e-04 +3.1804168220169924e-04
 29.50000000 +2.0000000000000000e+00 +1.9999975183919736e+00 +2.0889348867783974e-03 +9.9935087149028501e-01 +9.9999834504801866e-01 +3.4271233213759575e-04 +3.0807112823159969e-04
 30.00000000 +2.0000000000000000e+00 +1.9999910784695429e+00 +2.1306260573665031e-03 +9.9924118186341759e-01 +9.9999778229067093e-01 +4.0928164132564743e-04 +3.5175420333617252e-04
 30.50000000 +2.0000000000000000e+00 +1.9999904015069998e+00 +2.0996223653966324e-03 +9.9931501457623628e-01 +9.9999805477179560e-01 +3.2648913811904800e-04 +3.6044151382382547e-04
 31.00000000 +2.0000000000000000e+00 +1.9999902489310608e+00 +2.0987251498870226e-03 +9.9931323890920243e-01 +9.9999780717175435e-01 +3.3817895684979825e-04 +3.5077496125150492e-04
 31.50000000 +2.0000000000000000e+00 +1.9999913073694220e+00 +2.1001064087632620e-03 +9.9930647904983927e-01 +9.9999783471345260e-01 +3.6870133114453289e-04 +3.2698490604762343e-04
 32.00000000 +2.0000000000000000e+00 +1.9999934939679467e+00 +2.0672544831976292e-03 +9.9938749005326533e-01 +9.9999766413507141e-01 +3.0563452528911830e-04 +3.0921128625108077e-04
 32.50000000 +2.0000000000000000e+00 +1.9999868426524170e+00 +2.1039356294794884e-03 +9.9929153237368562e-01 +9.9999625058543895e-01 +3.4801333378624858e-04 +3.6420370620151703e-04
 33.00000000 +2.0000000000000000e+00 +1.9999857633998046e+00 +2.0655681581416637e-03 +9.9938787413495989e-01 +9.9999749768172763e-01 +3.0243381306357909e-04 +3.1219437073925561e-04
 33.50000000 +2.0000000000000000e+00 +1.9999901101679209e+00 +2.0352395593915195e-03 +9.9946593651623450e-01 +9.9999708559967970e-01 +3.1829118278464653e-04 +2.1868670080868086e-04
 34.00000000 +2.0000000000000000e+00 +1.9999845960082572e+00 +2.0434974536410466e-03 +9.9944374580383699e-01 +9.9999648371631322e-01 +2.8820557212173978e-04 +2.7156490656728214e-04
 34.50000000 +2.0000000000000000e+00 +1.9999883746496090e+00 +2.0009378313569754e-03 +9.9954880118558043e-01 +9.9999694251709881e-01 +2.5228130998728625e-04 +2.0197498860366080e-04
 35.00000000 +2.0000000000000000e+00 +1.9999876841680391e+00 +2.0164438838923952e-03 +9.9950852053932293e-01 +9.9999734063453416e-01 +2.6121245791873020e-04 +2.3292636822616484e-04
 35.50000000 +2.0000000000000000e+00 +1.9999872050549854e+00 +1.9714542617095304e-03 +9.9962425044115422e-01 +9.9999730206609394e-01 +2.0693319848890442e-04 +1.7151429341619049e-04
 36.00000000 +2.0000000000000000e+00 +1.9999953888479498e+00 +1.9882014794599390e-03 +9.9958754726680421e-01 +9.9999638638062627e-01 +2.1431813011967880e-04 +2.0174822161458429e-04
 36.50000000 +2.0000000000000000e+00 +1.9999929164646792e+00 +1.9877211843938669e-03 +9.9959010513870006e-01 +9.9999652626909641e-01 +1.8356161569804019e-04 +2.2980697660641622e-04
 37.00000000 +2.0000000000000000e+00 +1.9999852008452819e+00 +1.9893574903469412e-03 +9.9958308222908487e-01 +9.9999657341605130e-01 +1.8858007849840023e-04 +2.3176427586297122e-04
 37.50000000 +2.0000000000000000e+00 +1.9999893831431408e+00 +2.0033123054189789e-03 +9.9955302196222395e-01 +9.9999648059086910e-01 +2.3019036759435783e-04 +2.2030707848310144e-04
 38.00000000 +2.0000000000000000e+00 +1.9999787688476462e+00 +1.9432260054053044e-03 +9.9970561040463968e-01 +9.9999667987807284e-01 +1.6969614652176488e-04 +1.2801357148378207e-04
 38.50000000 +2.0000000000000000e+00 +1.9999871292762399e+00 +1.9222843055992629e-03 +9.9976808155412222e-01 +9.9999639765530113e-01 +1.2313481220456313e-04 +1.1238597909317530e-04
 39.00000000 +2.0000000000000000e+00 +1.9999892221750999e+00 +1.9687032028583413e-03 +9.9965195691530384e-01 +9.9999581525798908e-01 +2.0704292173399073e-04 +1.4518490551072909e-04
 39.50000000 +2.0000000000000000e+00 +1.9999882032074909e+00 +1.9683866786751039e-03 +9.9965684350962769e-01 +9.9999434967936762e-01 +1.9585147008194416e-04 +1.5295533974654817e-04
 40.00000000 +2.0000000000000000e+00 +1.9999849762478361e+00 +1.9435692416826856e-03 +9.9971685271803068e-01 +9.9999598885930352e-01 +1.8728019972729827e-04 +9.9878222254211612e-05
 40.50000000 +2.0000000000000000e+00 +1.9999841568555405e+00 +1.9660712252683806e-03 +9.9966767372770571e-01 +9.9999499214665422e-01 +1.0890594015896921e-04 +2.2842818589019758e-04
 41.00000000 +2.0000000000000000e+00 +1.9999891018337428e+00 +1.9540029447622674e-03 +9.9970196329381344e-01 +9.9999554083223530e-01 +1.3789110506934638e-04 +1.6460476962198699e-04
 41.50000000 +2.0000000000000000e+00 +1.9999819212036898e+00 +2.0076416770195560e-03 +9.9956699360413626e-01 +9.9999434304928270e-01 +2.5048233004297093e-04 +1.8818101600096574e-04
 42.00000000 +2.0000000000000000e+00 +1.9999884230618252e+00 +1.9623539183249118e-03 +9.9968301746905641e-01 +9.9999541720896912e-01 +1.7051909970787322e-04 +1.5104622229479483e-04
 42.50000000 +2.0000000000000000e+00 +1.9999876852465619e+00 +1.9621653265160140e-03 +9.9968634674538182e-01 +9.9999559272953176e-01 +1.3497541511883946e-04 +1.8308510951877888e-04
 43.00000000 +2.0000000000000000e+00 +1.9999855576259260e+00 +1.9869405221624972e-03 +9.9962705606615709e-01 +9.9999660305403060e-01 +1.4647692847060147e-04 +2.2986395091690473e-04
 43.50000000 +2.0000000000000000e+00 +1.9999854768339334e+00 +2.0051698632320052e-03 +9.9957757031827155e-01 +9.9999643885495182e-01 +2.4634917958195210e-04 +1.7964164722830900e-04
 44.00000000 +2.0000000000000000e+00 +1.9999846792963403e+00 +1.9820898272508588e-03 +9.9964095766356997e-01 +9.9999643755282008e-01 +1.9956787584515746e-04 +1.6303690889304495e-04
 44.50000000 +2.0000000000000000e+00 +1.9999894519397503e+00 +2.0251440960381444e-03 +9.9952993082864339e-01 +9.9999600326088622e-01 +1.8112660976443866e-04 +2.9293930169347682e-04
 45.00000000 +2.0000000000000000e+00 +1.9999887004065753e+00 +2.0106403642363904e-03 +9.9957105600150598e-01 +9.9999468937837188e-01 +1.8707014750892921e-04 +2.4718447313351816e-04
 45.50000000 +2.0000000000000000e+00 +1.9999882753867377e+00 +2.0032219925172653e-03 +9.9958347735742492e-01 +9.9999625124713831e-01 +2.0398502202795721e-04 +2.1628637243792392e-04
 46.00000000 +2.0000000000000000e+00 +1.9999821363389145e+00 +2.0269395743381562e-03 +9.9952559906783256e-01 +9.9999350076581073e-01 +2.0364599861245233e-04 +2.7725416675293627e-04
 46.50000000 +2.0000000000000000e+00 +1.9999878606972545e+00 +2.0486669512068088e-03 +9.9946843924066719e-01 +9.9999532505614785e-01 +2.5375342798050293e-04 +2.8248227577221840e-04
 47.00000000 +2.0000000000000000e+00 +1.9999740589622155e+00 +1.9900628945712165e-03 +9.9960956095595777e-01 +9.9999539113077063e-01 +2.3157052629835717e-04 +1.6347738760327750e-04
 47.50000000 +2.0000000000000000e+00 +1.9999775856051114e+00 +2.0057161221569758e-03 +9.9957145721312135e-01 +9.9999719660796527e-01 +1.7208031130649059e-04 +2.5926586868144108e-04
 48.00000000 +2.0000000000000000e+00 +1.9999833226729906e+00 +2.0564978294323553e-03 +9.9944359897992863e-01 +9.9999557031115671e-01 +2.8960633542424072e-04 +2.7122437349065971e-04
 48.50000000 +2.0000000000000000e+00 +1.9999889924283685e+00 +2.0421809655853875e-03 +9.9947787900854390e-01 +9.9999295834454982e-01 +2.9737115658814951e-04 +2.3179149138205290e-04
 49.00000000 +2.0000000000000000e+00 +1.9999832893149163e+00 +2.0486037940004643e-03 +9.9945641635971083e-01 +9.9999242461392013e-01 +3.3487194078730352e-04 +2.1628708557893517e-04
 49.50000000 +2.0000000000000000e+00 +1.9999827900390705e+00 +2.0609669761882331e-03 +9.9942580239438872e-01 +9.9999294133476557e-01 +2.8362032081700209e-04 +2.9763594991661122e-04
 50.00000000 +2.0000000000000000e+00 +1.9999826194162400e+00 +2.0436414229418895e-03 +9.9946582293776332e-01 +9.9999684261396604e-01 +2.5655616683098264e-04 +2.8077828200571173e-04
 50.50000000 +2.0000000000000000e+00 +1.9999863979269472e+00 +2.0135592904571425e-03 +9.9954099329137314e-01 +9.9999232448912190e-01 +2.3460263205922117e-04 +2.3207958805270774e-04
 51.00000000 +2.0000000000000000e+00 +1.9999697489558723e+00 +2.0758839641341503e-03 +9.9937025522465850e-01 +9.9999333469712015e-01 +3.7209865740061215e-04 +2.6431142127405523e-04
 51.50000000 +2.0000000000000000e+00 +1.9999836907198520e+00 +2.0045612963158371e-03 +9.9955989995514360e-01 +9.9999355637382070e-01 +2.8971545293703387e-04 +1.5682821896872797e-04
 52.00000000 +2.0000000000000000e+00 +1.9999730881244469e+00 +1.9611584111132274e-03 +9.9966455797427412e-01 +9.9999253242386299e-01 +1.6509388209793644e-04 +1.7781571932671368e-04
 52.50000000 +2.0000000000000000e+00 +1.9999783347051157e+00 +2.0907425886065967e-03 +9.9933894440484150e-01 +9.9999139423224714e-01 +2.9866485704725800e-04 +3.7099650642428853e-04
 53.00000000 +2.0000000000000000e+00 +1.9999792609743947e+00 +2.0647769477433889e-03 +9.9940084031995513e-01 +9.9999433520460268e-01 +3.6926333958887638e-04 +2.3556113640248234e-04
 53.50000000 +2.0000000000000000e+00 +1.9999901874619785e+00 +2.0032073818132988e-03 +9.9956236761084505e-01 +9.9999196681918001e-01 +1.7586884713716991e-04 +2.6979672371169061e-04
 54.00000000 +2.0000000000000000e+00 +1.9999759386858196e+00 +2.0696580396323263e-03 +9.9938657789359631e-01 +9.9999317377038788e-01 +2.5431028358796160e-04 +3.6593805200247606e-04
 54.50000000 +2.0000000000000000e+00 +1.9999675842473792e+00 +2.0268152476349208e-03 +9.9949114422295837e-01 +9.9999140014900256e-01 +3.6691533352821556e-04 +1.5054029547152846e-04
 55.00000000 +2.0000000000000000e+00 +1.9999648055068060e+00 +2.0358362901955469e-03 +9.9946672827878102e-01 +9.9999045667713660e-01 +2.3662597851301122e-04 +3.0618906554048093e-04
 55.50000000 +2.0000000000000000e+00 +1.9999929240252421e+00 +2.0266679692235836e-03 +9.9949546076731344e-01 +9.9998641087927853e-01 +2.6117986660684748e-04 +2.5694848692021672e-04
 56.00000000 +2.0000000000000000e+00 +1.9999707979862180e+00 +2.0096821608239558e-03 +9.9953639568781594e-01 +9.9999212908547486e-01 +2.7607152138779564e-04 +1.9540370492735035e-04
 56.50000000 +2.0000000000000000e+00 +1.9999728503955889e+00 +1.9553953470998883e-03 +9.9967500201280424e-01 +9.9999047356937709e-01 +2.0460871529783843e-04 +1.2991570341042160e-04
 57.00000000 +2.0000000000000000e+00 +1.9999853915979571e+00 +2.0431457892394803e-03 +9.9945410940283130e-01 +9.9998767614476913e-01 +3.1709954761360821e-04 +2.4111490434285899e-04
 57.50000000 +2.0000000000000000e+00 +1.9999762939213848e+00 +2.0691530756485827e-03 +9.9938656063383347e-01 +9.9999374582198453e-01 +3.2941010428836525e-04 +2.9028344069438860e-04
 58.00000000 +2.0000000000000000e+00 +1.9999742133538765e+00 +1.9394912277146618e-03 +9.9971807033713811e-01 +9.9999179244097469e-01 +2.0268530914324825e-04 +8.7451911872616736e-05
 58.50000000 +2.0000000000000000e+00 +1.9999798667318378e+00 +1.9747737308152191e-03 +9.9963542547486639e-01 +9.9998978622326684e-01 +1.0303219784453669e-04 +2.7175610327394891e-04
 59.00000000 +2.0000000000000000e+00 +1.9999769739273987e+00 +2.0005148694257784e-03 +9.9957390872849816e-01 +9.9998901487478897e-01 +2.6163637123516884e-04 +1.7544002551638644e-04
 59.50000000 +2.0000000000000000e+00 +1.9999772576728676e+00 +2.0363936943202537e-03 +9.9948168568098616e-01 +9.9998952451269985e-01 +2.7385456579008993e-04 +2.5493524092571072e-04
 60.00000000 +2.0000000000000000e+00 +1.9999863971792979e+00 +2.0139501424699452e-03 +9.9954367379205222e-01 +9.9998881900441516e-01 +1.9962506038971817e-04 +2.6788214313404324e-04
 60.50000000 +2.0000000000000000e+00 +1.9999685397942697e+00 +1.9331449295608150e-03 +9.9973646987049958e-01 +9.9998646839729133e-01 +1.2328937492433163e-04 +1.5377235689297296e-04
 61.00000000 +2.0000000000000000e+00 +1.9999627925273054e+00 +2.0436039409030154e-03 +9.9945336688530884e-01 +9.9999312213506641e-01 +2.8831753128155950e-04 +2.6519344891019395e-04
 61.50000000 +2.0000000000000000e+00 +1.9999619472627306e+00 +1.9734277885963074e-03 +9.9963558614520742e-01 +9.9999223738255205e-01 +1.8412180809060131e-04 +1.8805466375025067e-04
 62.00000000 +2.0000000000000000e+00 +1.9999729481376023e+00 +2.0036911390258405e-03 +9.9957359686112712e-01 +9.9998460638076414e-01 +2.5281907158943701e-04 +1.8897768667316237e-04
 62.50000000 +2.0000000000000000e+00 +1.9999742699402616e+00 +1.9851996440465279e-03 +9.9961776490191057e-01 +9.9999147647594833e-01 +2.1202318964768608e-04 +1.7873543305240176e-04
 63.00000000 +2.0000000000000000e+00 +1.9999788667463563e+00 +1.9855961093081386e-03 +9.9961647161874700e-01 +9.9999190758267409e-01 +2.3199319148576659e-04 +1.5962760641906792e-04
 63.50000000 +2.0000000000000000e+00 +1.9999826559017959e+00 +1.9889424643206029e-03 +9.9960863356048080e-01 +9.9998989763833146e-01 +9.9604050628837620e-05 +3.0186475133939808e-04
 64.00000000 +2.0000000000000000e+00 +1.9999662619618805e+00 +2.0296183792440159e-03 +9.9949972703262902e-01 +9.9998754761397279e-01 +2.3914075618158167e-04 +2.7358459781071017e-04
 64.50000000 +2.0000000000000000e+00 +1.9999876519641826e+00 +1.9926348141445700e-03 +9.9960387202835044e-01 +9.9998731437814758e-01 +1.4553824888943786e-04 +2.6327534401861480e-04
 65.00000000 +2.0000000000000000e+00 +1.9999785999120800e+00 +2.0554581387980946e-03 +9.9943424587162899e-01 +9.9999149718360647e-01 +3.2343354555219487e-04 +2.5082339987686438e-04
 65.50000000 +2.0000000000000000e+00 +1.9999764570294061e+00 +2.0052912371184995e-03 +9.9955693672361123e-01 +9.9998960215258326e-01 +1.9992336554472875e-04 +2.5353775814112721e-04
 66.00000000 +2.0000000000000000e+00 +1.9999735877188083e+00 +2.0408316456571231e-03 +9.9947108756530223e-01 +9.9999008321491789e-01 +2.7108606379628577e-04 +2.6774315533881161e-04
 66.50000000 +2.0000000000000000e+00 +1.9999723159337135e+00 +2.0622351864473605e-03 +9.9942841026390505e-01 +9.9998893525686539e-01 +3.9292490665170061e-04 +1.8972957273013532e-04
 67.00000000 +2.0000000000000000e+00 +1.9999732597899691e+00 +2.1112521247060468e-03 +9.9929388628470694e-01 +9.9998328346141163e-01 +2.8701723811895498e-04 +4.3581301605374065e-04
 67.50000000 +2.0000000000000000e+00 +1.9999747396484315e+00 +2.0682969737304243e-03 +9.9940533248532948e-01 +9.9998401023127570e-01 +4.7288659992830549e-04 +1.3777068344191298e-04
 68.00000000 +2.0000000000000000e+00 +1.9999847855821777e+00 +2.1014844643134330e-03 +9.9932660090198266e-01 +9.9999449564038367e-01 +3.3604812713065597e-04 +3.4285532993069169e-04
 68.50000000 +2.0000000000000000e+00 +1.9999585706598595e+00 +1.9770963608105371e-03 +9.9961696610533457e-01 +9.9998200504515433e-01 +2.7415119786674408e-04 +1.2687765178847097e-04
 69.00000000 +2.0000000000000000e+00 +1.9999616947903869e+00 +1.9856793359027112e-03 +9.9961047252208890e-01 +9.9998628771638443e-01 +2.1202411308142143e-04 +1.9121564787060065e-04
 69.50000000 +2.0000000000000000e+00 +1.9999675038288918e+00 +1.9780040945129268e-03 +9.9962562706392666e-01 +9.9998749309087664e-01 +2.0694037669152058e-04 +1.7993946837486174e-04
 70.00000000 +2.0000000000000000e+00 +1.9999776440541810e+00 +2.0304591880436953e-03 +9.9948744551376145e-01 +9.9998420014821154e-01 +2.1210336082483905e-04 +3.1625097744002976e-04
 70.50000000 +2.0000000000000000e+00 +1.9999716312227982e+00 +2.0367131976831094e-03 +9.9948235991303336e-01 +9.9998871637057019e-01 +2.0144258773430377e-04 +3.2748112927469378e-04
 71.00000000 +2.0000000000000000e+00 +1.9999778606523919e+00 +2.0232653546035386e-03 +9.9951797856012581e-01 +9.9998601231953710e-01 +2.3053711068714232e-04 +2.6547200950511712e-04
 71.50000000 +2.0000000000000000e+00 +1.9999627267584745e+00 +2.0999748648773634e-03 +9.9931897583683027e-01 +9.9998464277604349e-01 +3.0089279488137695e-04 +3.9548859174457445e-04
 72.00000000 +2.0000000000000000e+00 +1.9999673691883022e+00 +2.0241419832449634e-03 +9.9950283047258759e-01 +9.9998371627160321e-01 +2.7279388610640604e-04 +2.4065937036702644e-04
 72.50000000 +2.0000000000000000e+00 +1.9999766540837327e+00 +2.0424343459439875e-03 +9.9946278096068264e-01 +9.9999007164987852e-01 +3.4008857645766459e-04 +2.0705881351019888e-04
 73.00000000 +2.0000000000000000e+00 +1.9999788746647265e+00 +2.0076014787220558e-03 +9.9956397732895075e-01 +9.9998867622403587e-01 +2.2536081488395496e-04 +2.2198563271147632e-04
 73.50000000 +2.0000000000000000e+00 +1.9999740514798954e+00 +2.0258924623463050e-03 +9.9950805294180278e-01 +9.9998574696107756e-01 +2.6091773555116538e-04 +2.4528236093132469e-04
 74.00000000 +2.0000000000000000e+00 +1.9999736037372240e+00 +2.0957697212424763e-03 +9.9932893852626736e-01 +9.9997923098232477e-01 +3.2442421874664712e-04 +3.6740627327580902e-04
 74.50000000 +2.0000000000000000e+00 +1.9999799281057336e+00 +1.9996797516740163e-03 +9.9957533406231081e-01 +9.9998343333711359e-01 +1.9804235847519468e-04 +2.4319024257517073e-04
 75.00000000 +2.0000000000000000e+00 +1.9999657680463401e+00 +2.0568585919877292e-03 +9.9941826172821624e-01 +9.9997450771573659e-01 +3.0211297728283435e-04 +3.0511757879119768e-04
 75.50000000 +2.0000000000000000e+00 +1.9999808565220603e+00 +1.9853691144181649e-03 +9.9961524106435862e-01 +9.9999105125920917e-01 +9.2087889921482345e-05 +3.0161978594148061e-04
 76.00000000 +2.0000000000000000e+00 +1.9999730114446488e+00 +2.0289272973444813e-03 +9.9949813881809646e-01 +9.9998104681293909e-01 +2.4396861155692213e-04 +2.7684575740704378e-04
 76.50000000 +2.0000000000000000e+00 +1.9999596006826608e+00 +2.0493492540307225e-03 +9.9944144918286937e-01 +9.9999353849668371e-01 +3.6284919526088618e-04 +2.0216312518229096e-04
 77.00000000 +2.0000000000000000e+00 +1.9999608968949154e+00 +2.0609522597538114e-03 +9.9942002253084705e-01 +9.9998320615597058e-01 +2.1593905785666378e-04 +3.8083225582817223e-04
 77.50000000 +2.0000000000000000e+00 +1.9999347845379329e+00 +2.0699430882771914e-03 +9.9939115916024124e-01 +9.9998069525931366e-01 +2.9587754574652328e-04 +3.3226803475487176e-04
 78.00000000 +2.0000000000000000e+00 +1.9999464616582898e+00 +2.0055623405005564e-03 +9.9954787463969930e-01 +9.9998865673685822e-01 +1.8909375498519159e-04 +2.7437486851254061e-04
 78.50000000 +2.0000000000000000e+00 +1.9999638497040526e+00 +2.0292709822752200e-03 +9.9949715474302725e-01 +9.9998769738510818e-01 +2.6810732232856332e-04 +2.4704055013912839e-04
 79.00000000 +2.0000000000000000e+00 +1.9999572325361294e+00 +1.9698007731955105e-03 +9.9964767065708426e-01 +9.9998445809620295e-01 +2.1043802522352793e-04 +1.5743322200590149e-04
 79.50000000 +2.0000000000000000e+00 +1.9999675819782212e+00 +2.0736450885234783e-03 +9.9938597726442069e-01 +9.9996711671031313e-01 +3.7233973216045587e-04 +2.7456629320282336e-04
 80.00000000 +2.0000000000000000e+00 +1.9999684709110750e+00 +2.0379840559270512e-03 +9.9947607778380620e-01 +9.9997676767478627e-01 +3.1840094474545519e-04 +2.2875359665280968e-04
 80.50000000 +2.0000000000000000e+00 +1.9999841987704521e+00 +2.0241238948810044e-03 +9.9952547508076084e-01 +9.9997124962038542e-01 +2.6331840099940519e-04 +2.3995689737054535e-04
 81.00000000 +2.0000000000000000e+00 +1.9999671313603773e+00 +2.0433880019679850e-03 +9.9946675769131710e-01 +9.9998431534184551e-01 +2.6551209461342574e-04 +2.8341487226664802e-04
 81.50000000 +2.0000000000000000e+00 +1.9999579729917596e+00 +2.0489699183780857e-03 +9.9946145437417255e-01 +9.9997993277528441e-01 +2.9591163946486457e-04 +2.6270121120459863e-04
 82.00000000 +2.0000000000000000e+00 +1.9999585104318054e+00 +2.0396052458712681e-03 +9.9948497616831278e-01 +9.9995869453283659e-01 +2.6059543984732330e-04 +2.9573385899794364e-04
 82.50000000 +2.0000000000000000e+00 +1.9999519538873438e+00 +2.0607175839635543e-03 +9.9941296157392301e-01 +9.9996752627479057e-01 +2.0273742356217582e-04 +4.1677472823860377e-04
 83.00000000 +2.0000000000000000e+00 +1.9999426873819950e+00 +2.1010279384292554e-03 +9.9931852549089006e-01 +9.9997746349328487e-01 +2.9149326495458728e-04 +4.1251775038653779e-04
 83.50000000 +2.0000000000000000e+00 +1.9999602398448268e+00 +1.9737461683100974e-03 +9.9963458127228833e-01 +9.9997787122967918e-01 +2.7777562142695375e-04 +1.0977187597027231e-04
 84.00000000 +2.0000000000000000e+00 +1.9999495879862814e+00 +2.0647992351748618e-03 +9.9939844329674987e-01 +9.9998283971537760e-01 +3.0521080185503505e-04 +3.1350618586587880e-04
 84.50000000 +2.0000000000000000e+00 +1.9999758790720719e+00 +2.0787394844427060e-03 +9.9938629166625792e-01 +9.9999388609690087e-01 +1.7518925230205272e-04 +4.4463298454166660e-04
 85.00000000 +2.0000000000000000e+00 +1.9999623652022609e+00 +1.9938265555382952e-03 +9.9959726551882144e-01 +1.0000006402401198e+00 +1.2733404678656504e-04 +2.7476019387589204e-04
 85.50000000 +2.0000000000000000e+00 +1.9999625006998749e+00 +2.0440261474758232e-03 +9.9948349292424943e-01 +9.9997905755489802e-01 +2.8943213464753862e-04 +2.4801738607261719e-04
 86.00000000 +2.0000000000000000e+00 +1.9999285264404749e+00 +1.9864439239836583e-03 +9.9958901593806848e-01 +9.9997156428000022e-01 +1.4589646249280427e-04 +2.9352331924709573e-04
 86.50000000 +2.0000000000000000e+00 +1.9999376107811992e+00 +2.0665204028796824e-03 +9.9941086608295526e-01 +9.9998457918326011e-01 +1.1789967578259296e-04 +4.8665505776365482e-04
 87.00000000 +2.0000000000000000e+00 +1.9999539772570831e+00 +2.0370853359991856e-03 +9.9947193663253064e-01 +9.9997673914639273e-01 +3.2701021857756433e-04 +2.2431400270364778e-04
 87.50000000 +2.0000000000000000e+00 +1.9999635405783776e+00 +1.8731126992363220e-03 +9.9988839375118932e-01 +9.9999949592520310e-01 +9.3435997786576509e-05 +1.8674325778417427e-05
 88.00000000 +2.0000000000000000e+00 +1.9999386756758211e+00 +2.0795202627953528e-03 +9.9936963512226917e-01 +9.9998844383626817e-01 +3.5085582516725165e-04 +2.9106521580442036e-04
 88.50000000 +2.0000000000000000e+00 +1.9999505009142431e+00 +2.0542692444724796e-03 +9.9945330853821024e-01 +9.9998008561886609e-01 +2.6563189115231476e-04 +3.0097395115187450e-04
 89.00000000 +2.0000000000000000e+00 +1.9999364257849856e+00 +1.8980750292556751e-03 +9.9982679667228325e-01 +9.9997782969317883e-01 -6.9115010229247892e-06 +2.0228513580795626e-04
 89.50000000 +2.0000000000000000e+00 +1.9999812519448485e+00 +1.8348446684214839e-03 +1.0000110620248892e+00 +9.9996703527991204e-01 +2.0328432649827476e-05 +1.5742630402770167e-06
 90.00000000 +2.0000000000000000e+00 +1.9999431443431559e+00 +2.0724840268683698e-03 +9.9938135007061490e-01 +9.9998432979823071e-01 +3.1356217837157416e-04 +3.2075795297023123e-04
 90.50000000 +2.0000000000000000e+00 +1.9999579936059586e+00 +1.9936782881200443e-03 +9.9957748838629223e-01 +9.9998284717598929e-01 +1.5614088527170358e-04 +2.8352355211152419e-04
 91.00000000 +2.0000000000000000e+00 +1.9999549109812877e+00 +1.9835331287010151e-03 +9.9962278898735568e-01 +9.9997457030346415e-01 +2.8003907725092603e-04 +1.2260163163314877e-04
 91.50000000 +2.0000000000000000e+00 +1.9999339920281098e+00 +2.0025676239541707e-03 +9.9955663118204963e-01 +9.9999334305631560e-01 +2.1126582708772749e-04 +2.3875993472977956e-04
 92.00000000 +2.0000000000000000e+00 +1.9999184713579068e+00 +1.9969791758530963e-03 +9.9958414507374993e-01 +9.9997194568657621e-01 +6.7481208082940147e-05 +3.7642803187008496e-04
 92.50000000 +2.0000000000000000e+00 +1.9999135999085926e+00 +2.0084626556200152e-03 +9.9954067343552966e-01 +9.9998333986004162e-01 +3.8625245409977212e-04 +8.9734250295025434e-05
 93.00000000 +2.0000000000000000e+00 +1.9999561758012716e+00 +1.9738832670171537e-03 +9.9964577037466951e-01 +9.9999645184773867e-01 +2.5907429960012306e-04 +9.8703477699074464e-05
 93.50000000 +2.0000000000000000e+00 +1.9999118373204881e+00 +2.1171297729434728e-03 +9.9926958787477871e-01 +9.9997622712059309e-01 +3.8002363642132000e-04 +3.7416136854493754e-04
 94.00000000 +2.0000000000000000e+00 +1.9999032103034065e+00 +2.1015971231405236e-03 +9.9929543031508128e-01 +9.9999517348429068e-01 +5.8010756735069817e-04 +1.2928863301901096e-04
 94.50000000 +2.0000000000000000e+00 +1.9999426339289272e+00 +2.0605127502852615e-03 +9.9944099937969288e-01 +9.9997202267830954e-01 +3.0865134040384211e-04 +2.7832660131863661e-04
 95.00000000 +2.0000000000000000e+00 +1.9999195439847794e+00 +1.9556163446115184e-03 +9.9967208091857018e-01 +9.9998065483398535e-01 +1.6419498927405606e-04 +1.8306925800450581e-04
 95.50000000 +2.0000000000000000e+00 +1.9999630769759711e+00 +1.9707673092919467e-03 +9.9966136501996750e-01 +9.9996099160939267e-01 +2.4239570197587948e-04 +1.3524766891039297e-04
 96.00000000 +2.0000000000000000e+00 +1.9999135099453111e+00 +2.0027402288560598e-03 +9.9954801573706697e-01 +9.9997310750133650e-01 +3.3602912439395104e-04 +1.4284763720155108e-04
 96.50000000 +2.0000000000000000e+00 +1.9999308604914001e+00 +2.1039520963005236e-03 +9.9931515067246890e-01 +9.9996283841389311e-01 +4.5010956802082761e-04 +2.7190134592273822e-04
 97.00000000 +2.0000000000000000e+00 +1.9999041154830426e+00 +2.1338256373944270e-03 +9.9923092409474623e-01 +9.9997687534126822e-01 +3.8054925602860732e-04 +4.1165130861702182e-04
 97.50000000 +2.0000000000000000e+00 +1.9999050343006006e+00 +2.0791151848920590e-03 +9.9936181537837598e-01 +9.9997803498740934e-01 +3.5513995379122349e-04 +3.0500968029357518e-04
 98.00000000 +2.0000000000000000e+00 +1.9999618131457753e+00 +1.9993511046625394e-03 +9.9958919618597897e-01 +9.9997428807619004e-01 +1.3284955507406041e-04 +3.0366618271365130e-04
 98.50000000 +2.0000000000000000e+00 +1.9999472792313921e+00 +2.0777045813132906e-03 +9.9939386322275736e-01 +9.9997071914771807e-01 +1.0208641868086214e-04 +5.3333121018057927e-04
 99.00000000 +2.0000000000000000e+00 +1.9999328378883432e+00 +2.1070424565449064e-03 +9.9931966401585415e-01 +9.9997115184317065e-01 +3.8337434749535255e-04 +3.2580979380395089e-04
 99.50000000 +2.0000000000000000e+00 +1.9999254318861612e+00 +2.0418307651023830e-03 +9.9947229910909763e-01 +9.9998147195187048e-01 +2.3380632196029599e-05 +5.2284830735534616e-04
100.00000000 +2.0000000000000000e+00 +1.9998712082662562e+00 +2.1698829991786892e-03 +9.9912702440222245e-01 +9.9997402665602331e-01 +3.2629569664720156e-04 +5.7265324527174574e-04
