#PATCH_CHECK: SepMBpoisson v0.60 fullmb-kondo adaptive-t500 active
#discretizing the bath:
#     0 0.0000000000000000e+00 -9.1873305439137479e-02
#     1 4.0824829046386306e-03 -1.6665817606659536e-01
#     2 4.0824829046386306e-03 -1.6537331398261937e-01
#     3 4.0824829046386306e-03 -1.6408572351429951e-01
#adaptive measurement: gap=1.2848620839759906e-03 period_steps=9781 nmeas=200 nwf=200 tmax=1.0000000000000000e+02 forced_stride=1
  0.00000000 +2.0000000000000000e+00 +1.9999999999999998e+00 +1.8374661879283106e-03 +1.0000000000000000e+00 +1.0000000000000000e+00 +0.0000000000000000e+00 +0.0000000000000000e+00
  0.50000000 +2.0000000000000000e+00 +1.9999999999695617e+00 +1.8408630941348712e-03 +9.9999137607768718e-01 +9.9999999999934075e-01 +4.4292790927268196e-06 +4.1946425608630383e-06
  1.00000000 +2.0000000000000000e+00 +1.9999999995450792e+00 +1.8508014919344572e-03 +9.9996613987304872e-01 +9.9999999996614575e-01 +1.7074273215867190e-05 +1.6785887930452075e-05
  1.50000000 +2.0000000000000000e+00 +1.9999999992389905e+00 +1.8672951468348166e-03 +9.9992424136088476e-01 +9.9999999970531805e-01 +3.8648436386451626e-05 +3.7110496053862350e-05
  2.00000000 +2.0000000000000000e+00 +1.9999999896038969e+00 +1.8896471906142693e-03 +9.9986742764635161e-01 +9.9999999870414780e-01 +6.7491393785925520e-05 +6.5082256984542314e-05
  2.50000000 +2.0000000000000000e+00 +1.9999999734089862e+00 +1.9173860443765221e-03 +9.9979685545199948e-01 +9.9999999664109895e-01 +1.0301085005997576e-04 +1.0013705726234121e-04
  3.00000000 +2.0000000000000000e+00 +1.9999999652216913e+00 +1.9502687610811870e-03 +9.9971312303075677e-01 +9.9999999248670723e-01 +1.4569123701954159e-04 +1.4119324678938088e-04
  3.50000000 +2.0000000000000000e+00 +1.9999999312963286e+00 +1.9861685033275966e-03 +9.9962155550624321e-01 +9.9999998552592850e-01 +1.9168666897125190e-04 +1.8677229750922714e-04
  4.00000000 +2.0000000000000000e+00 +2.0000000141126861e+00 +2.0260367225343927e-03 +9.9951975363525403e-01 +9.9999997501229843e-01 +2.4344712212433947e-04 +2.3682422906875773e-04
  4.50000000 +2.0000000000000000e+00 +1.9999998806224917e+00 +2.0662347133811061e-03 +9.9941683408762239e-01 +9.9999995969040811e-01 +2.9379053361079600e-04 +2.8941568968906877e-04
  5.00000000 +2.0000000000000000e+00 +1.9999997908833556e+00 +2.1083306400969323e-03 +9.9930883921053992e-01 +9.9999993945449794e-01 +3.4689501851407174e-04 +3.4432631633774950e-04
  5.50000000 +2.0000000000000000e+00 +1.9999997135374556e+00 +2.1495711372716167e-03 +9.9920266782882716e-01 +9.9999990994367727e-01 +4.0061456289700861e-04 +3.9680766449429699e-04
  6.00000000 +2.0000000000000000e+00 +1.9999996190006759e+00 +2.1904830316694809e-03 +9.9909703137100891e-01 +9.9999987361708365e-01 +4.5469058114238638e-04 +4.4840443238439875e-04
  6.50000000 +2.0000000000000000e+00 +1.9999993377432908e+00 +2.2292051720679798e-03 +9.9899659891587556e-01 +9.9999983179517005e-01 +5.0574072322560860e-04 +4.9782856572489625e-04
  7.00000000 +2.0000000000000000e+00 +1.9999993245107910e+00 +2.2641670984992115e-03 +9.9890534780112372e-01 +9.9999977053486910e-01 +5.4992249815324554e-04 +5.4495916713772166e-04
  7.50000000 +2.0000000000000000e+00 +1.9999995135459583e+00 +2.2958759523622556e-03 +9.9882202932203901e-01 +9.9999970720148124e-01 +5.9462466599145673e-04 +5.8363881013764516e-04
  8.00000000 +2.0000000000000000e+00 +1.9999994268056482e+00 +2.3220498695122223e-03 +9.9875248280226769e-01 +9.9999962781852947e-01 +6.3154025834683491e-04 +6.1634912121463444e-04
  8.50000000 +2.0000000000000000e+00 +1.9999993765022681e+00 +2.3410522537346493e-03 +9.9870080945160444e-01 +9.9999954612414754e-01 +6.5178268729738226e-04 +6.4786173846474542e-04
  9.00000000 +2.0000000000000000e+00 +1.9999989441995552e+00 +2.3528478922336506e-03 +9.9866720370420448e-01 +9.9999946166544729e-01 +6.7194304038365870e-04 +6.6139159112299007e-04
  9.50000000 +2.0000000000000000e+00 +1.9999994226296232e+00 +2.3623686083354255e-03 +9.9863927885887771e-01 +9.9999936162416203e-01 +6.8263801716688549e-04 +6.7872149943796133e-04
 10.00000000 +2.0000000000000000e+00 +1.9999994214325971e+00 +2.3658933953303440e-03 +9.9862651654995083e-01 +9.9999923448812722e-01 +6.8835385225146629e-04 +6.8589510852777005e-04
 10.50000000 +2.0000000000000000e+00 +1.9999995027416690e+00 +2.3591440099077873e-03 +9.9863983552718061e-01 +9.9999909699406142e-01 +6.8801358603508798e-04 +6.7305389262178872e-04
 11.00000000 +2.0000000000000000e+00 +1.9999984616759299e+00 +2.3484218271826339e-03 +9.9866329993344316e-01 +9.9999896383992770e-01 +6.6966100412864762e-04 +6.6807522285669703e-04
 11.50000000 +2.0000000000000000e+00 +1.9999984515866596e+00 +2.3339648229527463e-03 +9.9869679065459505e-01 +9.9999888270209636e-01 +6.5318671028279378e-04 +6.5113993149490163e-04
 12.00000000 +2.0000000000000000e+00 +1.9999980507143615e+00 +2.3108877046021620e-03 +9.9875235269899088e-01 +9.9999876805479060e-01 +6.2628312792177121e-04 +6.2259611820618497e-04
 12.50000000 +2.0000000000000000e+00 +1.9999988388820298e+00 +2.2822414857898029e-03 +9.9882245420590732e-01 +9.9999865849714009e-01 +5.9256199915671865e-04 +5.8632529637328568e-04
 13.00000000 +2.0000000000000000e+00 +1.9999973483125728e+00 +2.2580242148995855e-03 +9.9888212816563671e-01 +9.9999845180689062e-01 +5.6171963108369075e-04 +5.5770039497573349e-04
 13.50000000 +2.0000000000000000e+00 +1.9999974805187930e+00 +2.2209897594436616e-03 +9.9897436612489254e-01 +9.9999835511288826e-01 +5.0855232966621404e-04 +5.1872643111815632e-04
 14.00000000 +2.0000000000000000e+00 +1.9999969177076622e+00 +2.1799828797087278e-03 +9.9907793530426126e-01 +9.9999820606469692e-01 +4.6093180462204058e-04 +4.6292682594804363e-04
 14.50000000 +2.0000000000000000e+00 +1.9999962326062066e+00 +2.1572631821108836e-03 +9.9913549347096497e-01 +9.9999803234974760e-01 +4.3219753192162648e-04 +4.3427664840996471e-04
 15.00000000 +2.0000000000000000e+00 +1.9999964007442621e+00 +2.1083199439259890e-03 +9.9926096525812003e-01 +9.9999803732109160e-01 +3.8986257623674624e-04 +3.5113484418676158e-04
 15.50000000 +2.0000000000000000e+00 +1.9999958786344059e+00 +2.0643801661429104e-03 +9.9937422936104126e-01 +9.9999793450372598e-01 +3.1503922460494210e-04 +3.1279691065204591e-04
 16.00000000 +2.0000000000000000e+00 +1.9999970297115104e+00 +2.0424255488658235e-03 +9.9943258745481223e-01 +9.9999786836385984e-01 +2.9245426562194928e-04 +2.7708991610905304e-04
 16.50000000 +2.0000000000000000e+00 +1.9999959477793796e+00 +2.0103581801300457e-03 +9.9951717164495857e-01 +9.9999763252673146e-01 +2.5216712921855645e-04 +2.3302870053431348e-04
 17.00000000 +2.0000000000000000e+00 +1.9999943565811291e+00 +1.9877517053962937e-03 +9.9957929638533627e-01 +9.9999765908823723e-01 +2.0804144096586108e-04 +2.1500308543645317e-04
 17.50000000 +2.0000000000000000e+00 +1.9999961156978345e+00 +1.9549056560448923e-03 +9.9966667977994894e-01 +9.9999758228341873e-01 +1.7533572582108448e-04 +1.6040220973429249e-04
 18.00000000 +2.0000000000000000e+00 +1.9999968147710825e+00 +1.9363517134136689e-03 +9.9972041263608769e-01 +9.9999750187155323e-01 +1.5596330537157328e-04 +1.2612218840726610e-04
 18.50000000 +2.0000000000000000e+00 +1.9999976705586120e+00 +1.9252370235435024e-03 +9.9975455301547045e-01 +9.9999725599363110e-01 +1.1753242985605491e-04 +1.3065856208306412e-04
 19.00000000 +2.0000000000000000e+00 +1.9999985008024759e+00 +1.9190691959492369e-03 +9.9977509902917649e-01 +9.9999734263818296e-01 +1.1397604418830814e-04 +1.1358228895231287e-04
 19.50000000 +2.0000000000000000e+00 +1.9999976101606711e+00 +1.9163705064161390e-03 +9.9978826319910463e-01 +9.9999738166056173e-01 +1.1930205300475293e-04 +9.5053087825330382e-05
 20.00000000 +2.0000000000000000e+00 +1.9999986899906597e+00 +1.9274061186727674e-03 +9.9976752401297619e-01 +9.9999732843977329e-01 +1.2107544057124423e-04 +1.1407210805809059e-04
 20.50000000 +2.0000000000000000e+00 +1.9999973877464028e+00 +1.9157947790059647e-03 +9.9980362818332780e-01 +9.9999740997880526e-01 +9.0746856527068199e-05 +1.0821498223207410e-04
 21.00000000 +2.0000000000000000e+00 +1.9999992048060617e+00 +1.9344765047681828e-03 +9.9976034612860654e-01 +9.9999744818105951e-01 +1.2217276231985598e-04 +1.2003292849569906e-04
 21.50000000 +2.0000000000000000e+00 +1.9999997546796653e+00 +1.9497835700056992e-03 +9.9972640228680165e-01 +9.9999696124222059e-01 +1.5206467492523079e-04 +1.2457179643449458e-04
 22.00000000 +2.0000000000000000e+00 +2.0000017158181498e+00 +1.9527184782163918e-03 +9.9972655432738833e-01 +9.9999717530036691e-01 +1.3842524007230214e-04 +1.3784513258222717e-04
 22.50000000 +2.0000000000000000e+00 +2.0000034732166116e+00 +1.9805362179340790e-03 +9.9965907283914013e-01 +9.9999674532413907e-01 +1.6197576398562958e-04 +1.8220607224860624e-04
 23.00000000 +2.0000000000000000e+00 +2.0000033040206464e+00 +2.0148745429313239e-03 +9.9957645216060187e-01 +9.9999711626435850e-01 +2.3981432432599296e-04 +1.8661725070873186e-04
 23.50000000 +2.0000000000000000e+00 +2.0000005597264896e+00 +2.0352643611359742e-03 +9.9952440919698493e-01 +9.9999681642423599e-01 +2.3116598750753083e-04 +2.4760839166370030e-04
 24.00000000 +2.0000000000000000e+00 +2.0000022073316930e+00 +2.0716346683649330e-03 +9.9943474485451322e-01 +9.9999687603239273e-01 +2.6435090713408080e-04 +3.0402820635645468e-04
 24.50000000 +2.0000000000000000e+00 +2.0000028715686509e+00 +2.1112195454903817e-03 +9.9933468923294011e-01 +9.9999732278535280e-01 +3.1285001414830106e-04 +3.5513796633244885e-04
 25.00000000 +2.0000000000000000e+00 +1.9999987535546366e+00 +2.1371904143948654e-03 +9.9926506734873211e-01 +9.9999700539377723e-01 +3.7710105938876742e-04 +3.6082619688791625e-04
 25.50000000 +2.0000000000000000e+00 +1.9999987880879366e+00 +2.1715040055606343e-03 +9.9917607980289191e-01 +9.9999588917833560e-01 +4.1768464921505192e-04 +4.1034636956127938e-04
 26.00000000 +2.0000000000000000e+00 +2.0000010220376345e+00 +2.1944362424850508e-03 +9.9911729872490218e-01 +9.9999659608263824e-01 +4.3184433025853023e-04 +4.5426086093698057e-04
 26.50000000 +2.0000000000000000e+00 +1.9999980916898863e+00 +2.1977534909200774e-03 +9.9910360869009973e-01 +9.9999575531069052e-01 +4.6340841246834188e-04 +4.3722758557967480e-04
 27.00000000 +2.0000000000000000e+00 +2.0000021469756013e+00 +2.2382445895442931e-03 +9.9899575841124677e-01 +9.9999646796743102e-01 +5.0137277632275438e-04 +5.0640084385056533e-04
 27.50000000 +2.0000000000000000e+00 +1.9999995735668845e+00 +2.2202910149896424e-03 +9.9903822258854202e-01 +9.9999601038907138e-01 +4.3127473643609493e-04 +5.3449228551946974e-04
 28.00000000 +2.0000000000000000e+00 +1.9999983651155846e+00 +2.2888642439574097e-03 +9.9885686070440349e-01 +9.9999469959872289e-01 +5.3685167827466059e-04 +6.1158801747558439e-04
 28.50000000 +2.0000000000000000e+00 +1.9999924717655730e+00 +2.2773704653798427e-03 +9.9887602419205435e-01 +9.9999492518820909e-01 +5.6342596136965185e-04 +5.6562465951443170e-04
 29.00000000 +2.0000000000000000e+00 +1.9999918688134106e+00 +2.2815104719243256e-03 +9.9886233226018950e-01 +9.9999374967409382e-01 +5.6157998938255037e-04 +5.8233807593508456e-04
 29.50000000 +2.0000000000000000e+00 +1.9999894112766874e+00 +2.3135500275127262e-03 +9.9877495197978650e-01 +9.9999513903302872e-01 +6.3744940792292797e-04 +5.9245957857048182e-04
 30.00000000 +2.0000000000000000e+00 +1.9999872942224282e+00 +2.2937311773860479e-03 +9.9881686094478528e-01 +9.9999298573520334e-01 +5.8236422873635260e-04 +6.0778909180163971e-04
 30.50000000 +2.0000000000000000e+00 +1.9999920598075716e+00 +2.2885726905124415e-03 +9.9882327095947954e-01 +9.9999385776856742e-01 +6.1258001364313355e-04 +5.7029125787671716e-04
 31.00000000 +2.0000000000000000e+00 +1.9999996352598202e+00 +2.2544081420058462e-03 +9.9890364350805416e-01 +9.9999423639285789e-01 +5.2215297042319515e-04 +5.7996712747523363e-04
 31.50000000 +2.0000000000000000e+00 +1.9999802973444503e+00 +2.2999046209499644e-03 +9.9877698652862934e-01 +9.9999326487942375e-01 +6.0344267710064231e-04 +6.2630591440857757e-04
 32.00000000 +2.0000000000000000e+00 +1.9999824182305426e+00 +2.2462984677010219e-03 +9.9891231724457386e-01 +9.9999255665038311e-01 +5.7453646869978401e-04 +5.2058963590734893e-04
 32.50000000 +2.0000000000000000e+00 +1.9999834593183503e+00 +2.2115901737814543e-03 +9.9899294607184252e-01 +9.9999090056277129e-01 +4.8246386589764024e-04 +5.3368950024164678e-04
 33.00000000 +2.0000000000000000e+00 +1.9999909855747984e+00 +2.2107449016128965e-03 +9.9899717895870110e-01 +9.9999114626372643e-01 +4.6646418149118215e-04 +5.4521059608126168e-04
 33.50000000 +2.0000000000000000e+00 +1.9999815783397286e+00 +2.2022457876142705e-03 +9.9900950719096782e-01 +9.9999214214423071e-01 +5.2555375481000692e-04 +4.7279691042870095e-04
 34.00000000 +2.0000000000000000e+00 +1.9999830398533378e+00 +2.1669868648496390e-03 +9.9910514059056121e-01 +9.9999140076027582e-01 +4.4981041119021147e-04 +4.5364823849831259e-04
 34.50000000 +2.0000000000000000e+00 +1.9999734825419520e+00 +2.2016959498640438e-03 +9.9901613779786091e-01 +9.9999143573154126e-01 +4.7681636958047606e-04 +5.1561009989808276e-04
 35.00000000 +2.0000000000000000e+00 +1.9999826645764460e+00 +2.1191212977003391e-03 +9.9922737572324583e-01 +9.9999185152476655e-01 +4.1594182131889220e-04 +3.6483092966516371e-04
 35.50000000 +2.0000000000000000e+00 +1.9999851532368249e+00 +2.1269408006826299e-03 +9.9921048083267872e-01 +9.9998865771571055e-01 +4.1525290710184737e-04 +3.8560854461540368e-04
 36.00000000 +2.0000000000000000e+00 +1.9999772589969909e+00 +2.1158497330270288e-03 +9.9923419438460237e-01 +9.9999182521263807e-01 +3.8069130457959733e-04 +3.9328909815239117e-04
 36.50000000 +2.0000000000000000e+00 +1.9999742030352510e+00 +2.0733132923979685e-03 +9.9934557541980529e-01 +9.9999098368377737e-01 +3.3351085631842532e-04 +3.2993003912937138e-04
 37.00000000 +2.0000000000000000e+00 +1.9999833808034571e+00 +2.0735289513674764e-03 +9.9935142725838277e-01 +9.9999172894729782e-01 +3.4909529978303363e-04 +3.0774849397700535e-04
 37.50000000 +2.0000000000000000e+00 +1.9999684794740600e+00 +2.0591804237448108e-03 +9.9938995099305172e-01 +9.9998971254443847e-01 +3.4467915857363916e-04 +2.7565730348629236e-04
 38.00000000 +2.0000000000000000e+00 +1.9999766313704623e+00 +2.0398363499584387e-03 +9.9944395915959217e-01 +9.9998978312192299e-01 +2.9997420786422068e-04 +2.6628351009178362e-04
 38.50000000 +2.0000000000000000e+00 +1.9999646856276496e+00 +1.9783974869475207e-03 +9.9960653514699960e-01 +9.9998783795209756e-01 +1.5700204604466856e-04 +2.4862485587512449e-04
 39.00000000 +2.0000000000000000e+00 +1.9999725678155853e+00 +2.0548792708728813e-03 +9.9942286812012360e-01 +9.9999209720153337e-01 +2.6458005487880619e-04 +3.2045462438704865e-04
 39.50000000 +2.0000000000000000e+00 +1.9999732267785435e+00 +2.0871285804801411e-03 +9.9934069736112907e-01 +9.9998749742069515e-01 +4.3315757167999798e-04 +2.3864764706677089e-04
 40.00000000 +2.0000000000000000e+00 +1.9999692267086602e+00 +2.0273685675963543e-03 +9.9950464909227965e-01 +9.9998845432827477e-01 +3.2153173324106304e-04 +1.8536484519382837e-04
 40.50000000 +2.0000000000000000e+00 +1.9999715143993548e+00 +2.0502889686848220e-03 +9.9945062054843836e-01 +9.9999032702918400e-01 +2.8548980247491415e-04 +2.7356261989996722e-04
 41.00000000 +2.0000000000000000e+00 +1.9999601778597125e+00 +2.1141900043077527e-03 +9.9928738304052789e-01 +9.9998542880330843e-01 +3.8520219036178820e-04 +3.4198596538483240e-04
 41.50000000 +2.0000000000000000e+00 +1.9999750960827949e+00 +2.0917992043861075e-03 +9.9935156947350312e-01 +9.9999428056237094e-01 +2.1985085377031034e-04 +4.3429911046139890e-04
 42.00000000 +2.0000000000000000e+00 +1.9999567614936127e+00 +2.1154096175264652e-03 +9.9929108823565893e-01 +9.9999125390294052e-01 +3.3269136587982658e-04 +3.8496649505320393e-04
 42.50000000 +2.0000000000000000e+00 +1.9999779697966296e+00 +2.0343979028817883e-03 +9.9951648646619706e-01 +9.9998658617228098e-01 +2.4149103820180501e-04 +2.5543632413507555e-04
 43.00000000 +2.0000000000000000e+00 +1.9999739623764590e+00 +2.0695895596442820e-03 +9.9942627354522984e-01 +9.9998712983208238e-01 +3.4122717992822227e-04 +2.4536944262311053e-04
 43.50000000 +2.0000000000000000e+00 +1.9999664900755010e+00 +2.1645719082679774e-03 +9.9917798896182830e-01 +9.9998802487664695e-01 +4.2284110570634990e-04 +4.1114505627887102e-04
 44.00000000 +2.0000000000000000e+00 +1.9999679408960442e+00 +2.1514557304106959e-03 +9.9921323661863259e-01 +9.9998978753830825e-01 +4.2977667840920873e-04 +3.6719916464918054e-04
 44.50000000 +2.0000000000000000e+00 +1.9999649617390731e+00 +2.1341183592893951e-03 +9.9925124063030279e-01 +9.9998424437989031e-01 +3.6013913256293333e-04 +4.0437585772311747e-04
 45.00000000 +2.0000000000000000e+00 +1.9999643509653757e+00 +2.2000011577085060e-03 +9.9908702982400766e-01 +9.9998950751871174e-01 +4.5544832572460084e-04 +4.6801433109518810e-04
 45.50000000 +2.0000000000000000e+00 +1.9999688470315058e+00 +2.2030516297124642e-03 +9.9908069433642099e-01 +9.9998678050267842e-01 +5.2125418967142079e-04 +4.1127097036648149e-04
 46.00000000 +2.0000000000000000e+00 +1.9999767998123752e+00 +2.1453567608330421e-03 +9.9922228174970762e-01 +9.9998607386614446e-01 +3.9682935330618148e-04 +3.9481503160690461e-04
 46.50000000 +2.0000000000000000e+00 +1.9999779167492664e+00 +2.2480804757822131e-03 +9.9896720069308564e-01 +9.9998348493382483e-01 +5.0130350243494850e-04 +5.4801087096799318e-04
 47.00000000 +2.0000000000000000e+00 +1.9999726011511627e+00 +2.2325457360419117e-03 +9.9900488175187963e-01 +9.9998351237529426e-01 +5.3005930525629381e-04 +4.8154656700526041e-04
 47.50000000 +2.0000000000000000e+00 +1.9999453346254648e+00 +2.2884276678139001e-03 +9.9884678191683374e-01 +9.9998299103659039e-01 +5.1162860975807972e-04 +6.5859843707027866e-04
 48.00000000 +2.0000000000000000e+00 +1.9999407764275046e+00 +2.2580414427604994e-03 +9.9891354762938034e-01 +9.9998285980498525e-01 +5.6231752895375049e-04 +5.4127503656265430e-04
 48.50000000 +2.0000000000000000e+00 +1.9999633716987004e+00 +2.2414418333710044e-03 +9.9896557756121340e-01 +9.9998699398727875e-01 +4.8718374842611132e-04 +5.6024470294130651e-04
 49.00000000 +2.0000000000000000e+00 +1.9999865655991436e+00 +2.1716153465899104e-03 +9.9915739117073676e-01 +9.9998305283973488e-01 +4.6933717412159508e-04 +3.9021881459946401e-04
 49.50000000 +2.0000000000000000e+00 +1.9999549123919571e+00 +2.1678067143175105e-03 +9.9913720902421788e-01 +9.9998094057631992e-01 +4.0046958914358172e-04 +4.8138081052570206e-04
 50.00000000 +2.0000000000000000e+00 +1.9999620984770814e+00 +2.1977266328156698e-03 +9.9906884840641663e-01 +9.9998412912374046e-01 +5.9146791480934485e-04 +3.5555455506089677e-04
 50.50000000 +2.0000000000000000e+00 +1.9999609109530190e+00 +2.2804893178308993e-03 +9.9885095390863277e-01 +9.9997889883394253e-01 +6.5841887267018495e-04 +5.1172838521311903e-04
 51.00000000 +2.0000000000000000e+00 +1.9999578868564150e+00 +2.2035207968593533e-03 +9.9904474225370210e-01 +9.9998275273094794e-01 +4.0974315033289821e-04 +5.6276186439760856e-04
 51.50000000 +2.0000000000000000e+00 +1.9999577202384089e+00 +2.2332751789463381e-03 +9.9897362966778269e-01 +9.9997798774879287e-01 +5.2501013369860537e-04 +5.2337245018560519e-04
 52.00000000 +2.0000000000000000e+00 +1.9999554770604764e+00 +2.0878631700036237e-03 +9.9932771992224978e-01 +9.9997549662804186e-01 +3.3032317483866464e-04 +3.6646027546940275e-04
 52.50000000 +2.0000000000000000e+00 +1.9999350533649292e+00 +2.2607092109774704e-03 +9.9888800154593627e-01 +9.9998343038079185e-01 +6.2649605903141706e-04 +5.0207201423110555e-04
 53.00000000 +2.0000000000000000e+00 +1.9999236944384950e+00 +2.2349870746387174e-03 +9.9894455959685535e-01 +9.9998198042231223e-01 +5.9389511845452092e-04 +4.7956486226349648e-04
 53.50000000 +2.0000000000000000e+00 +1.9999393811192887e+00 +2.2194392852720032e-03 +9.9898902888576913e-01 +9.9998439194700461e-01 +4.5460981496020243e-04 +5.7196935176880405e-04
 54.00000000 +2.0000000000000000e+00 +1.9999524902272283e+00 +2.1151808254022369e-03 +9.9925350745515051e-01 +9.9998194475012636e-01 +5.2584639419363352e-04 +2.3870139991841614e-04
 54.50000000 +2.0000000000000000e+00 +1.9999430081260994e+00 +2.1218599373928342e-03 +9.9923048545578841e-01 +9.9998423068366593e-01 +4.7568344868714280e-04 +3.0960041178125877e-04
 55.00000000 +2.0000000000000000e+00 +1.9999489966451360e+00 +2.2796933299556762e-03 +9.9883956113300187e-01 +9.9996869000791566e-01 +6.7116390542897779e-04 +5.2058495346667978e-04
 55.50000000 +2.0000000000000000e+00 +1.9999604122827703e+00 +2.1780822090137083e-03 +9.9910739769468659e-01 +9.9998417867974021e-01 +4.9091900292070917e-04 +4.1750462273305324e-04
 56.00000000 +2.0000000000000000e+00 +1.9999254687843311e+00 +2.1299665339855061e-03 +9.9920825579583483e-01 +9.9997890368586773e-01 +3.1560178848058479e-04 +4.9723873035778065e-04
 56.50000000 +2.0000000000000000e+00 +1.9999422414036176e+00 +2.0848963188005343e-03 +9.9933714977836030e-01 +9.9998521645542293e-01 +3.7139237117778709e-04 +3.0624139507630127e-04
 57.00000000 +2.0000000000000000e+00 +1.9999481249050868e+00 +2.0069232704127003e-03 +9.9954183993756374e-01 +9.9997458300075048e-01 +2.7635884845983168e-04 +2.0721821383137758e-04
 57.50000000 +2.0000000000000000e+00 +1.9999396295978282e+00 +2.3429250335064394e-03 +9.9869427915937092e-01 +9.9997988604519528e-01 +5.7383193300751892e-04 +7.5200286300688513e-04
 58.00000000 +2.0000000000000000e+00 +1.9999471433192511e+00 +2.1704337799417321e-03 +9.9912658387038777e-01 +9.9997771789734335e-01 +5.8321389089212284e-04 +3.1248434183108300e-04
 58.50000000 +2.0000000000000000e+00 +1.9999293534985216e+00 +2.0885093528725117e-03 +9.9932511846702143e-01 +9.9997114513604912e-01 +2.0737811829826507e-04 +4.9635827922684978e-04
 59.00000000 +2.0000000000000000e+00 +1.9999602478101595e+00 +2.0734083210473251e-03 +9.9939257389324165e-01 +9.9996345691853394e-01 +2.9267497675197231e-04 +3.5129421132207961e-04
 59.50000000 +2.0000000000000000e+00 +1.9999629920618265e+00 +2.2665116318580062e-03 +9.9889537137460072e-01 +9.9997909732922530e-01 +5.9384316409153283e-04 +5.3168813148879869e-04
 60.00000000 +2.0000000000000000e+00 +1.9999155684832570e+00 +2.0850066371283665e-03 +9.9934088448049196e-01 +9.9998089955341796e-01 +3.4389943545692648e-04 +3.3431653068725860e-04
 60.50000000 +2.0000000000000000e+00 +1.9999248981738480e+00 +2.1248340365183889e-03 +9.9924173295949814e-01 +9.9998045712293104e-01 +3.5547508384998041e-04 +4.2233483320946406e-04
 61.00000000 +2.0000000000000000e+00 +1.9999092537614145e+00 +2.2634084302734061e-03 +9.9887373193795526e-01 +9.9997228050137421e-01 +5.4097202051760489e-04 +6.1301553952986302e-04
 61.50000000 +2.0000000000000000e+00 +1.9999294561380494e+00 +2.1698392455655633e-03 +9.9914938550703070e-01 +9.9997371999993545e-01 +4.8961300515407212e-04 +3.8728148750011884e-04
 62.00000000 +2.0000000000000000e+00 +1.9999641102733818e+00 +2.1411340462004816e-03 +9.9922327959132828e-01 +9.9996920235092535e-01 +4.1215830821567361e-04 +3.9535975004237144e-04
 62.50000000 +2.0000000000000000e+00 +1.9999470522823442e+00 +2.1456247179915382e-03 +9.9921460266041073e-01 +9.9998850349829427e-01 +4.7186962902714849e-04 +3.2502421235555961e-04
 63.00000000 +2.0000000000000000e+00 +1.9999671503339209e+00 +2.2061718623136634e-03 +9.9906710444298230e-01 +9.9995643208026053e-01 +3.8294080370019544e-04 +5.9352267272070615e-04
 63.50000000 +2.0000000000000000e+00 +1.9999383074841048e+00 +2.0210541218501866e-03 +9.9951845241738357e-01 +9.9996789930194363e-01 +1.6019584877668825e-04 +3.5345243129335490e-04
 64.00000000 +2.0000000000000000e+00 +1.9999297089194423e+00 +2.2204066814936565e-03 +9.9901889413348233e-01 +9.9997339998024137e-01 +4.4575127572725427e-04 +5.6195461069024840e-04
 64.50000000 +2.0000000000000000e+00 +1.9999444264798103e+00 +2.0881291401591037e-03 +9.9935734520612673e-01 +9.9995505414813790e-01 +2.7249291716291310e-04 +4.1510772811941357e-04
 65.00000000 +2.0000000000000000e+00 +1.9999167974734247e+00 +2.2018046880730724e-03 +9.9904573097413840e-01 +9.9997061419705080e-01 +6.5512711079023910e-04 +3.2852771831208994e-04
 65.50000000 +2.0000000000000000e+00 +1.9999312521250576e+00 +2.1531197047575060e-03 +9.9918284187156869e-01 +9.9995906109823207e-01 +3.8730897532789245e-04 +4.7078805446016200e-04
 66.00000000 +2.0000000000000000e+00 +1.9999214176289302e+00 +2.2150588922411427e-03 +9.9903080438599212e-01 +9.9997399722164537e-01 +4.8893783453891491e-04 +5.0626055825325452e-04
 66.50000000 +2.0000000000000000e+00 +1.9999234147256639e+00 +2.1278696902052282e-03 +9.9924512718858416e-01 +9.9996047999972593e-01 +3.4721104687204964e-04 +4.4718176459023769e-04
 67.00000000 +2.0000000000000000e+00 +1.9999139523439668e+00 +2.0832609705110101e-03 +9.9933960925058862e-01 +9.9995720072928074e-01 +1.0324296342374162e-04 +5.9994705707337422e-04
 67.50000000 +2.0000000000000000e+00 +1.9999331128851712e+00 +2.1313387345457254e-03 +9.9923383417130229e-01 +9.9996512281098793e-01 +4.0814098641751097e-04 +3.9290203090803648e-04
 68.00000000 +2.0000000000000000e+00 +1.9999535023658037e+00 +2.0318958930112155e-03 +9.9950729390602544e-01 +9.9997321873124068e-01 +2.8803648196919191e-04 +2.3145088073035211e-04
 68.50000000 +2.0000000000000000e+00 +1.9999011985804349e+00 +2.3720198213414640e-03 +9.9861101854766321e-01 +9.9995185106954454e-01 +8.2914455999000237e-04 +6.0798582301842957e-04
 69.00000000 +2.0000000000000000e+00 +1.9999482905481079e+00 +2.1858964880798752e-03 +9.9909799100707375e-01 +9.9994838112981166e-01 +4.7804540386740222e-04 +4.7558245909395220e-04
 69.50000000 +2.0000000000000000e+00 +1.9999404801228395e+00 +2.2245614868821977e-03 +9.9900043955015871e-01 +9.9994897532461158e-01 +5.6852018013109481e-04 +4.8206494521979754e-04
 70.00000000 +2.0000000000000000e+00 +1.9999066284296199e+00 +2.3444877258419414e-03 +9.9868289781778885e-01 +9.9999521428529137e-01 +5.9914303695862454e-04 +7.2274485964763779e-04
 70.50000000 +2.0000000000000000e+00 +1.9999342585615252e+00 +2.2330359549745625e-03 +9.9898948687989120e-01 +9.9996167476862496e-01 +4.3994533148484545e-04 +6.0889301946338609e-04
 71.00000000 +2.0000000000000000e+00 +1.9999536289963278e+00 +2.1265037697516991e-03 +9.9925531579326188e-01 +9.9994602776029140e-01 +4.1660512363426999e-04 +3.8205132343313385e-04
 71.50000000 +2.0000000000000000e+00 +1.9999040032619007e+00 +2.2812493836766707e-03 +9.9885265990716465e-01 +9.9995841959487342e-01 +5.5651234420879396e-04 +6.3240815429185457e-04
 72.00000000 +2.0000000000000000e+00 +1.9999090394200247e+00 +2.2876960625950417e-03 +9.9883021143328199e-01 +9.9994373623683330e-01 +6.6364891430758057e-04 +5.6240341607653906e-04
 72.50000000 +2.0000000000000000e+00 +1.9998957205571362e+00 +2.1319890551237093e-03 +9.9919398859267938e-01 +9.9996242881041664e-01 +4.1565684491675611e-04 +4.2792575212147269e-04
 73.00000000 +2.0000000000000000e+00 +1.9998937339344782e+00 +2.3737376782355431e-03 +9.9858864262424207e-01 +9.9993969647327663e-01 +8.7587233684186655e-04 +5.9578856576447865e-04
 73.50000000 +2.0000000000000000e+00 +1.9999064717084731e+00 +2.2876083522226512e-03 +9.9882435525620716e-01 +9.9997357203005321e-01 +7.3941476976403884e-04 +4.6265794461244187e-04
 74.00000000 +2.0000000000000000e+00 +1.9999502486444716e+00 +2.0810564492926833e-03 +9.9935784770633906e-01 +9.9992433056614050e-01 +2.1338826776925535e-04 +5.0443345971743826e-04
 74.50000000 +2.0000000000000000e+00 +1.9998829207455604e+00 +2.2117494450533846e-03 +9.9902039461191927e-01 +9.9994583815218607e-01 +5.3318467142788651e-04 +5.0058256416175200e-04
 75.00000000 +2.0000000000000000e+00 +1.9998622446047329e+00 +2.3175804308462390e-03 +9.9872149204616123e-01 +9.9994078514051432e-01 +6.0336900008657189e-04 +7.3435381327810662e-04
 75.50000000 +2.0000000000000000e+00 +1.9998977258007615e+00 +2.2563882363044372e-03 +9.9888380744825511e-01 +9.9995216771547379e-01 +6.8656915212404713e-04 +4.7745568360959298e-04
 76.00000000 +2.0000000000000000e+00 +1.9999174933987030e+00 +2.2589105072825821e-03 +9.9891862628518080e-01 +9.9994230967083875e-01 +2.9820435229741015e-04 +8.4085969151728387e-04
 76.50000000 +2.0000000000000000e+00 +1.9999397721178753e+00 +2.1030051951470082e-03 +9.9930095885092607e-01 +9.9995645456363047e-01 +2.7091853566704993e-04 +4.7166804982907556e-04
 77.00000000 +2.0000000000000000e+00 +1.9999392166497381e+00 +2.2499955319584134e-03 +9.9896043001979673e-01 +9.9996270812964139e-01 +5.7816668623973146e-04 +4.9869516499019605e-04
 77.50000000 +2.0000000000000000e+00 +1.9998899657598572e+00 +2.0805224002567757e-03 +9.9937919266244468e-01 +9.9994117389529091e-01 +4.7628139441922076e-04 +2.0335204784847308e-04
 78.00000000 +2.0000000000000000e+00 +1.9998738488718659e+00 +2.1249606709021376e-03 +9.9923565472729681e-01 +9.9993900281505754e-01 +5.3917662808922542e-04 +2.8616583020422509e-04
 78.50000000 +2.0000000000000000e+00 +1.9999232440560617e+00 +2.2839922767924751e-03 +9.9885392001735773e-01 +9.9994177253913796e-01 +5.3663456697714028e-04 +6.6767287598117921e-04
 79.00000000 +2.0000000000000000e+00 +1.9998981978174866e+00 +2.2814796101319141e-03 +9.9885140232783920e-01 +9.9994387864781564e-01 +7.0123586152378138e-04 +5.0348316218510225e-04
 79.50000000 +2.0000000000000000e+00 +1.9999314221640350e+00 +2.0284164006421673e-03 +9.9949234317966174e-01 +9.9992962933041651e-01 +5.1567315460185629e-04 +6.2354335448119199e-05
 80.00000000 +2.0000000000000000e+00 +1.9998567661046265e+00 +2.1705844783365428e-03 +9.9910940604020038e-01 +9.9996494972979522e-01 +7.1543330540403520e-04 +2.1021092448423800e-04
 80.50000000 +2.0000000000000000e+00 +1.9999020389735553e+00 +2.0431153168725558e-03 +9.9943788461274341e-01 +9.9995712475130238e-01 +2.0427606025761290e-04 +4.0071457573310804e-04
 81.00000000 +2.0000000000000000e+00 +1.9999010035832581e+00 +2.2287740932974321e-03 +9.9898085136260817e-01 +9.9994209809276902e-01 +6.3818157118909844e-04 +4.3886897346552837e-04
 81.50000000 +2.0000000000000000e+00 +1.9998844574434387e+00 +2.2953264806569547e-03 +9.9881762269387597e-01 +9.9991985597531263e-01 +7.2565278866821876e-04 +5.3686854165880540e-04
 82.00000000 +2.0000000000000000e+00 +1.9998974175209878e+00 +2.3393043208387761e-03 +9.9871997994661454e-01 +9.9993187325695909e-01 +3.9702759730318938e-04 +9.5111919909915247e-04
 82.50000000 +2.0000000000000000e+00 +1.9998870171274095e+00 +2.2502607928922228e-03 +9.9893231532216309e-01 +9.9997074831999511e-01 +5.7944882985185616e-04 +5.1748752799534456e-04
 83.00000000 +2.0000000000000000e+00 +1.9998585647637175e+00 +2.2641159415937350e-03 +9.9885904297933525e-01 +9.9989599670333418e-01 +8.1454518237875355e-04 +4.3041513481956932e-04
 83.50000000 +2.0000000000000000e+00 +1.9999215579591940e+00 +2.0033883267156299e-03 +9.9956544293918481e-01 +9.9997434193029033e-01 +3.3976038846943431e-05 +4.2623909157672545e-04
 84.00000000 +2.0000000000000000e+00 +1.9998695038530969e+00 +2.1824516383179135e-03 +9.9911085452114656e-01 +9.9993046361452365e-01 +6.7023343586930376e-04 +2.8844842859886643e-04
 84.50000000 +2.0000000000000000e+00 +1.9998866025598085e+00 +2.2203748517530446e-03 +9.9901253492714537e-01 +9.9990555008382553e-01 +7.9795958042323898e-04 +2.8395540864362660e-04
 85.00000000 +2.0000000000000000e+00 +1.9998829804889819e+00 +2.1836794712552033e-03 +9.9910828367802140e-01 +9.9993999934790700e-01 +4.2583293782651942e-04 +5.2588403639886483e-04
 85.50000000 +2.0000000000000000e+00 +1.9998943333274000e+00 +2.1178297092070263e-03 +9.9927186825211367e-01 +9.9994449121764672e-01 +2.6231902805940241e-04 +5.2132150218173732e-04
 86.00000000 +2.0000000000000000e+00 +1.9998494831760678e+00 +2.1687418781630376e-03 +9.9913403218147945e-01 +9.9995327045753002e-01 +3.7279737130143460e-04 +5.3989999022790709e-04
 86.50000000 +2.0000000000000000e+00 +1.9999153371807397e+00 +2.3352998927525371e-03 +9.9872434125075871e-01 +9.9995745275591152e-01 +5.6633365587001284e-04 +7.5187233744513022e-04
 87.00000000 +2.0000000000000000e+00 +1.9998858104188584e+00 +2.2403841228612526e-03 +9.9892623985457962e-01 +9.9989370427852609e-01 +8.3513863387426051e-04 +3.4491723288783280e-04
 87.50000000 +2.0000000000000000e+00 +1.9999194741914148e+00 +2.2988875381246307e-03 +9.9882223929229963e-01 +9.9991403134946266e-01 +5.6650344562031744e-04 +6.9722591261173531e-04
 88.00000000 +2.0000000000000000e+00 +1.9998989291299214e+00 +2.4414074271156519e-03 +9.9849477325226665e-01 +9.9992860935715577e-01 +7.2460964921063390e-04 +8.5200774203215437e-04
 88.50000000 +2.0000000000000000e+00 +1.9998501974902769e+00 +2.1225441975190025e-03 +9.9921501673303614e-01 +9.9995374250311153e-01 +3.2772533855066137e-04 +5.0351542592931044e-04
 89.00000000 +2.0000000000000000e+00 +1.9999170558728967e+00 +2.0686209887516905e-03 +9.9940545377190459e-01 +9.9996137524908024e-01 +4.0713529270800512e-04 +2.2603568643495350e-04
 89.50000000 +2.0000000000000000e+00 +1.9998679144733313e+00 +2.4005784436817662e-03 +9.9854568752137085e-01 +9.9998126968543599e-01 +7.0637148698206081e-04 +7.6667130607834650e-04
 90.00000000 +2.0000000000000000e+00 +1.9998869671524098e+00 +2.1040072658175019e-03 +9.9927611420792017e-01 +9.9987398387816373e-01 +5.2401218808168924e-04 +3.2588972596610071e-04
 90.50000000 +2.0000000000000000e+00 +1.9998830977221247e+00 +2.4509905955885105e-03 +9.9841879254609112e-01 +9.9992399124852993e-01 +1.1639606409877515e-03 +4.9325556498691289e-04
 91.00000000 +2.0000000000000000e+00 +1.9998783466893071e+00 +2.3775403194556174e-03 +9.9859680452810484e-01 +9.9993947895017954e-01 +4.6702702051616067e-04 +9.9668950182213597e-04
 91.50000000 +2.0000000000000000e+00 +1.9998569564347790e+00 +2.1568347247978522e-03 +9.9913514441915074e-01 +9.9989645909241898e-01 +6.0785196832854719e-04 +3.6054452009060017e-04
 92.00000000 +2.0000000000000000e+00 +1.9999148113669076e+00 +2.3290587890225627e-03 +9.9877090966979465e-01 +9.9988171929831704e-01 +8.8467923678323904e-04 +4.6269179515068726e-04
 92.50000000 +2.0000000000000000e+00 +1.9998389560198673e+00 +2.0307796600030161e-03 +9.9944587624090286e-01 +9.9990680716050984e-01 +2.0598945566594696e-04 +4.4132714291881636e-04
 93.00000000 +2.0000000000000000e+00 +1.9998363614084032e+00 +2.3902090821621069e-03 +9.9857675624369180e-01 +9.9989579719874488e-01 +4.3821513052281146e-04 +1.0892314270836226e-03
 93.50000000 +2.0000000000000000e+00 +1.9998239668461641e+00 +2.6894074648306388e-03 +9.9783537323837512e-01 +9.9994863728400274e-01 +8.5230081333433245e-04 +1.3636886644156317e-03
 94.00000000 +2.0000000000000000e+00 +1.9998912309964092e+00 +2.2477929456500732e-03 +9.9897928830113447e-01 +9.9992926219910017e-01 +6.0548030856793101e-04 +4.8596919136189920e-04
 94.50000000 +2.0000000000000000e+00 +1.9999763793261933e+00 +2.2151450686565448e-03 +9.9908819651035397e-01 +9.9998720235168459e-01 +6.5669232665907192e-04 +2.6790881070634084e-04
 95.00000000 +2.0000000000000000e+00 +1.9998868270107735e+00 +2.1158335924427165e-03 +9.9927661465308704e-01 +9.9990478494647772e-01 +8.0083258461878493e-04 +1.7767815857905205e-05
 95.50000000 +2.0000000000000000e+00 +1.9998988464845138e+00 +2.0762948087414013e-03 +9.9935460514225116e-01 +9.9986650099069829e-01 +4.0147389281282482e-04 +3.7741997423332724e-04
 96.00000000 +2.0000000000000000e+00 +1.9998639601501504e+00 +2.0024905150058704e-03 +9.9955361593709591e-01 +9.9990110963353307e-01 +9.3166975619874028e-05 +4.5210745375239724e-04
 96.50000000 +2.0000000000000000e+00 +1.9997916936225133e+00 +2.2740643986991324e-03 +9.9883225555494670e-01 +9.9991637264607391e-01 +4.5724773461368079e-04 +7.9412406480255807e-04
 97.00000000 +2.0000000000000000e+00 +1.9998558386709746e+00 +2.5487437904730030e-03 +9.9819446355179109e-01 +9.9994808921099221e-01 +1.0932928495105093e-03 +7.6415438769858934e-04
 97.50000000 +2.0000000000000000e+00 +1.9998523966883621e+00 +2.1917657798314035e-03 +9.9908735198870557e-01 +9.9994190873371958e-01 +4.4237682104112942e-04 +5.2836245706649250e-04
 98.00000000 +2.0000000000000000e+00 +1.9997993344516647e+00 +2.3298186147597852e-03 +9.9870690512606475e-01 +9.9994561641741286e-01 +4.4420140852402258e-04 +9.0327704799867379e-04
 98.50000000 +2.0000000000000000e+00 +1.9997870047101955e+00 +2.4276884058494451e-03 +9.9845425421653722e-01 +9.9988029500210507e-01 +6.1367140559975353e-04 +1.0517793756135317e-03
 99.00000000 +2.0000000000000000e+00 +1.9997570494790919e+00 +2.2915417581440625e-03 +9.9878598908521576e-01 +9.9987730149081200e-01 +4.3193391845394090e-04 +9.0477550552063091e-04
 99.50000000 +2.0000000000000000e+00 +1.9998568415294553e+00 +2.3079734964388831e-03 +9.9882603482700294e-01 +9.9999051952708473e-01 +7.1727693918530590e-04 +4.6616870724396742e-04
100.00000000 +2.0000000000000000e+00 +1.9997699244014577e+00 +2.4531315383208704e-03 +9.9841103496267913e-01 +9.9992937077971278e-01 +8.4661722994527845e-04 +8.1297702770762547e-04
