#PATCH_CHECK: SepMBpoisson v0.61 exact-bernoulli stratified-backward active
#discretizing the bath:
#     0 0.0000000000000000e+00 -6.3189999999999946e-01
#     1 5.7735026918962571e-03 -2.0212127196610244e-01
#     2 5.7735026918962571e-03 -1.9343270591889275e-01
#     3 5.7735026918962571e-03 -1.8459708975840838e-01
#     4 5.7735026918962571e-03 -1.7561683129621780e-01
#     5 5.7735026918962571e-03 -1.6649422379326520e-01
#     6 5.7735026918962571e-03 -1.5723145476521522e-01
#     7 5.7735026918962571e-03 -1.4783061386829827e-01
#     8 5.7735026918962571e-03 -1.3829369998555327e-01
#     9 5.7735026918962571e-03 -1.2862262761479240e-01
#sampling: jump_strength=1.4433756729740645e-02 jump_probability=1.4228387643833112e-02 log_scale=1.4330581680401275e-02 back_replicas=4 stratify_forward=0
#adaptive measurement: gap=9.1226075029526010e-03 period_steps=1378 nmeas=150 nwf=150 tmax=7.5000000000000000e+01 forced_stride=0
  0.00000000 +5.0000000000000000e+00 +1.9999999999999998e+00 +1.8374661879283106e-03 +1.0000000000000000e+00 +1.0000000000000000e+00 +1.0000000000000000e+00 +1.0000000000000000e+00 +1.0000000000000000e+00 +0.0000000000000000e+00 +0.0000000000000000e+00 +0.0000000000000000e+00 +0.0000000000000000e+00 +0.0000000000000000e+00
  0.50000000 +5.0000000000000000e+00 +1.9999999998566693e+00 +1.8540095065249923e-03 +9.9995800052243677e-01 +9.9999999999922839e-01 +9.9999999999922839e-01 +9.9999999999922839e-01 +9.9999999999922839e-01 +8.5281693390311333e-06 +8.4695967474169074e-06 +8.6423858926788729e-06 +8.1415902343772465e-06 +8.2177346034757407e-06
  1.00000000 +5.0000000000000000e+00 +2.0000000039198591e+00 +1.9003127612263321e-03 +9.9984038191258229e-01 +9.9999999960482411e-01 +9.9999999962197694e-01 +9.9999999963055330e-01 +9.9999999971631803e-01 +3.2205644365657533e-05 +3.2154520411329560e-05 +3.2372480590701595e-05 +3.1114255477202233e-05 +3.1772609607649476e-05
  1.50000000 +5.0000000000000000e+00 +2.0000000145176666e+00 +1.9684069538442590e-03 +9.9966720030895295e-01 +9.9999999723055555e-01 +9.9999999707613241e-01 +9.9999999698573816e-01 +9.9999999716301224e-01 +6.6820031904976342e-05 +6.7400430321837691e-05 +6.7069311330172001e-05 +6.5054382833534802e-05 +6.6467117584745352e-05
  2.00000000 +5.0000000000000000e+00 +1.9999999532719737e+00 +2.0433427784427227e-03 +9.9947620889491373e-01 +9.9999998940627366e-01 +9.9999998921864808e-01 +9.9999998839119952e-01 +9.9999998827063630e-01 +1.0540434803991260e-04 +1.0611343678175350e-04 +1.0509157175624002e-04 +1.0271390018838579e-04 +1.0451254795091022e-04
  2.50000000 +5.0000000000000000e+00 +1.9999999252280161e+00 +2.1126388845840774e-03 +9.9929893918642698e-01 +9.9999997180485301e-01 +9.9999997288272768e-01 +9.9999997008593033e-01 +9.9999997161007392e-01 +1.4223658396219269e-04 +1.4263866210489752e-04 +1.3981943413191351e-04 +1.3715318968367973e-04 +1.3932649295820228e-04
  3.00000000 +5.0000000000000000e+00 +1.9999999235852568e+00 +2.1614825886620372e-03 +9.9917295691967178e-01 +9.9999994123056990e-01 +9.9999994279184234e-01 +9.9999994143733473e-01 +9.9999994056535890e-01 +1.7079326898610463e-04 +1.6937279455403104e-04 +1.6387252681863415e-04 +1.6140649218999463e-04 +1.6183199599842412e-04
  3.50000000 +5.0000000000000000e+00 +1.9999999124542416e+00 +2.1821659597286171e-03 +9.9911803938437227e-01 +9.9999990174424391e-01 +9.9999990099880331e-01 +9.9999990020184226e-01 +9.9999989894465613e-01 +1.8327842464217720e-04 +1.8067355946888315e-04 +1.7484652963893136e-04 +1.7104325241608828e-04 +1.7251696143871309e-04
  4.00000000 +5.0000000000000000e+00 +1.9999999289150543e+00 +2.1697121578665079e-03 +9.9914719049078282e-01 +9.9999984796927910e-01 +9.9999985125864443e-01 +9.9999984522402108e-01 +9.9999984996068392e-01 +1.8111909420865396e-04 +1.7485375242652095e-04 +1.6927804503414341e-04 +1.6494706597378736e-04 +1.6321712410400185e-04
  4.50000000 +5.0000000000000000e+00 +1.9999999814511515e+00 +2.1284876503856846e-03 +9.9924984625407609e-01 +9.9999978730031014e-01 +9.9999978292510905e-01 +9.9999979325342392e-01 +9.9999979260856564e-01 +1.6053571342382409e-04 +1.5749757908022394e-04 +1.4850090157458330e-04 +1.4497981619546559e-04 +1.3948359931443679e-04
  5.00000000 +5.0000000000000000e+00 +1.9999998261361442e+00 +2.0644507636434850e-03 +9.9941140910376158e-01 +9.9999973016358656e-01 +9.9999973101893880e-01 +9.9999973850782942e-01 +9.9999973001725051e-01 +1.3060613335579845e-04 +1.2621620307960653e-04 +1.1559712581711241e-04 +1.1283408350279772e-04 +1.0440760511586388e-04
  5.50000000 +5.0000000000000000e+00 +1.9999996285600750e+00 +1.9902508561335935e-03 +9.9960019987123994e-01 +9.9999968174216003e-01 +9.9999967446336646e-01 +9.9999968131954486e-01 +9.9999966739326618e-01 +9.3713805570103153e-05 +8.4250907056406413e-05 +7.8255229368140233e-05 +7.4768476846668393e-05 +7.0106811937055535e-05
  6.00000000 +5.0000000000000000e+00 +1.9999995766457024e+00 +1.9187106837701799e-03 +9.9978399131969398e-01 +9.9999962178397139e-01 +9.9999963590729735e-01 +9.9999962946576970e-01 +9.9999962877733628e-01 +5.0631889092265492e-05 +5.1361191982638247e-05 +4.3586474111547526e-05 +3.8693127942151072e-05 +3.3220065850197220e-05
  6.50000000 +5.0000000000000000e+00 +1.9999997693526896e+00 +1.8689600375564599e-03 +9.9991373423532548e-01 +9.9999962108918783e-01 +9.9999960362861828e-01 +9.9999960573521063e-01 +9.9999962164117451e-01 +2.7030601200955928e-05 +1.2796050405921982e-05 +2.0540361356947305e-05 +1.7189662894898896e-05 +1.0256974181268323e-05
  7.00000000 +5.0000000000000000e+00 +2.0000002572643307e+00 +1.8474319804204647e-03 +9.9997314416288519e-01 +9.9999961276849192e-01 +9.9999958342514250e-01 +9.9999960719413239e-01 +9.9999959422502027e-01 +4.5830921827327394e-06 +4.9849839315885727e-06 +7.3652612871622588e-06 +6.7453034193942797e-06 +4.7796523581932264e-06
  7.50000000 +5.0000000000000000e+00 +2.0000002211692371e+00 +1.8553489067426948e-03 +9.9995778989166495e-01 +9.9999960505495122e-01 +9.9999960593323711e-01 +9.9999963559778049e-01 +9.9999962758531624e-01 +7.7555788105194327e-06 -9.0582290884204060e-07 +1.1505950800905365e-05 +1.0720217987084401e-05 +1.4660032662768115e-05
  8.00000000 +5.0000000000000000e+00 +2.0000003450298660e+00 +1.8868535684647193e-03 +9.9988200332657118e-01 +9.9999960499967799e-01 +9.9999962858958447e-01 +9.9999956126953649e-01 +9.9999961557900496e-01 +1.9450067054187251e-05 +2.4176011410234025e-05 +2.0222179421867450e-05 +2.9077062067456599e-05 +2.6660905578137027e-05
  8.50000000 +5.0000000000000000e+00 +2.0000004190099472e+00 +1.9485973770271877e-03 +9.9972763560355793e-01 +9.9999959544447592e-01 +9.9999958238181796e-01 +9.9999959301065489e-01 +9.9999954242423572e-01 +4.5594833165907127e-05 +5.2455385273874922e-05 +5.1029756702767851e-05 +5.6412856773465950e-05 +6.8558290897738938e-05
  9.00000000 +5.0000000000000000e+00 +1.9999995360501488e+00 +2.0212542884634585e-03 +9.9954340482226489e-01 +9.9999951783201868e-01 +9.9999961713931096e-01 +9.9999953863951430e-01 +9.9999948956887819e-01 +7.2015601836565251e-05 +9.0813695468927537e-05 +9.1048460633467079e-05 +9.6004471982021118e-05 +1.0854980775427130e-04
  9.50000000 +5.0000000000000000e+00 +2.0000005456337164e+00 +2.0905505812453175e-03 +9.9936513272036098e-01 +9.9999948673406991e-01 +9.9999956323535644e-01 +9.9999941381842650e-01 +9.9999938686804524e-01 +1.1271965480859340e-04 +1.3256991914148574e-04 +1.3285546322488066e-04 +1.2429890867481043e-04 +1.3457262262834421e-04
 10.00000000 +5.0000000000000000e+00 +1.9999997269653094e+00 +2.1417083744644677e-03 +9.9923036107568997e-01 +9.9999938446533809e-01 +9.9999945396477596e-01 +9.9999934294113346e-01 +9.9999937899178404e-01 +1.5002567602107877e-04 +1.5278545032131180e-04 +1.6559498873271289e-04 +1.4910909851286637e-04 +1.5456337876533258e-04
 10.50000000 +5.0000000000000000e+00 +1.9999999010148548e+00 +2.1559010352411459e-03 +9.9918756330333880e-01 +9.9999938427762747e-01 +9.9999921556774984e-01 +9.9999951014630484e-01 +9.9999912386638423e-01 +1.5741086509573992e-04 +1.7447078844105412e-04 +1.5732926861429069e-04 +1.6182500557594407e-04 +1.6416685949813305e-04
 11.00000000 +5.0000000000000000e+00 +2.0000009427367345e+00 +2.1672217292737915e-03 +9.9915235958460391e-01 +9.9999906913908676e-01 +9.9999907098132157e-01 +9.9999917318570231e-01 +9.9999901076317566e-01 +1.7585541936585637e-04 +1.7786131104176786e-04 +1.7187888441175372e-04 +1.6833453078738862e-04 +1.5738620321836000e-04
 11.50000000 +5.0000000000000000e+00 +2.0000003539653375e+00 +2.1301978847751164e-03 +9.9924056241835202e-01 +9.9999905048995674e-01 +9.9999901835339411e-01 +9.9999898760279027e-01 +9.9999885686004919e-01 +1.6178537579520294e-04 +1.4996236776410583e-04 +1.6548702678692565e-04 +1.4206732135791292e-04 +1.4422215561683181e-04
 12.00000000 +5.0000000000000000e+00 +2.0000015018661612e+00 +2.0641141965336749e-03 +9.9940423480355867e-01 +9.9999859712021955e-01 +9.9999886617053413e-01 +9.9999875249435299e-01 +9.9999871496215009e-01 +1.3280556431723617e-04 +1.2962917207618601e-04 +1.1972022914406626e-04 +1.1285967026851446e-04 +1.0581978345865534e-04
 12.50000000 +5.0000000000000000e+00 +2.0000008655076575e+00 +2.0095062214965337e-03 +9.9954170837566325e-01 +9.9999862719952259e-01 +9.9999871160559206e-01 +9.9999842772971803e-01 +9.9999862561088504e-01 +1.0187908568304626e-04 +1.1366372829780051e-04 +8.6558940919222142e-05 +8.8697529539019955e-05 +7.3100186371062912e-05
 13.00000000 +5.0000000000000000e+00 +2.0000017371928047e+00 +1.9464815479139071e-03 +9.9970427958068908e-01 +9.9999844685158157e-01 +9.9999843869544147e-01 +9.9999854970893465e-01 +9.9999855531044235e-01 +8.2323769358681002e-05 +6.7488396940432714e-05 +5.8546669102940519e-05 +4.2962761651532351e-05 +5.0408299364902072e-05
 13.50000000 +5.0000000000000000e+00 +2.0000004228584172e+00 +1.8883861955954363e-03 +9.9985725759032384e-01 +9.9999854678265687e-01 +9.9999855430987405e-01 +9.9999859585325834e-01 +9.9999861162485626e-01 +4.5313171562499827e-05 +2.0504709228006807e-05 +3.1883940573982740e-05 +2.2746470031894712e-05 +2.7985546765558567e-05
 14.00000000 +5.0000000000000000e+00 +1.9999998728360944e+00 +1.8742387926792023e-03 +9.9990072054132162e-01 +9.9999836458416469e-01 +9.9999850985971428e-01 +9.9999868178022799e-01 +9.9999830641635279e-01 +4.5584238453415700e-05 +1.7086224794080965e-05 +2.1058260906967750e-05 +1.1333755962583156e-05 +1.0354337833084594e-05
 14.50000000 +5.0000000000000000e+00 +2.0000011587032254e+00 +1.8732376711975687e-03 +9.9991099535085515e-01 +9.9999820931062200e-01 +9.9999834130503207e-01 +9.9999848252569945e-01 +9.9999829600272017e-01 +2.4231151824637117e-05 +3.7788108372101045e-05 -1.5277314817271507e-07 +2.5843809990503008e-05 +7.9652133410124154e-06
 15.00000000 +5.0000000000000000e+00 +2.0000019237666216e+00 +1.8939724600730880e-03 +9.9986664160422967e-01 +9.9999837604943265e-01 +9.9999841341386886e-01 +9.9999819340830454e-01 +9.9999863185543936e-01 +5.6557792782181132e-06 +3.5716227326604543e-05 +4.0815909578302740e-05 +1.7445817177756594e-05 +4.0109984896141231e-05
 15.50000000 +5.0000000000000000e+00 +2.0000006301402014e+00 +1.9591397574760913e-03 +9.9970700333511497e-01 +9.9999830803749379e-01 +9.9999827144985964e-01 +9.9999849229680038e-01 +9.9999842832921815e-01 +5.3983228716320603e-05 +6.4852522917034443e-05 +4.4039552843678920e-05 +5.3973698232200336e-05 +8.2647572626465176e-05
 16.00000000 +5.0000000000000000e+00 +1.9999982776969214e+00 +2.0041939395187198e-03 +9.9959424403951436e-01 +9.9999841083908503e-01 +9.9999812536260591e-01 +9.9999855534924320e-01 +9.9999838146706266e-01 +4.9278741596616938e-05 +1.0782988228417692e-04 +8.5980408337451932e-05 +6.2724870525364377e-05 +1.0646903700946258e-04
 16.50000000 +5.0000000000000000e+00 +1.9999989792974309e+00 +2.0610590002482958e-03 +9.9944893842527982e-01 +9.9999794578566870e-01 +9.9999804030615447e-01 +9.9999849998125867e-01 +9.9999876433961299e-01 +7.9174379250198179e-05 +1.0961345808048116e-04 +1.0927493443528965e-04 +1.3609261909717401e-04 +1.2365579555967578e-04
 17.00000000 +5.0000000000000000e+00 +1.9999966655694765e+00 +2.1195641805321565e-03 +9.9929402240052145e-01 +9.9999826511683987e-01 +9.9999843321455439e-01 +9.9999830340143891e-01 +9.9999788814255708e-01 +1.3132388168655683e-04 +1.6601622354843812e-04 +1.2067694042194939e-04 +1.5763000421087985e-04 +1.3744071423734696e-04
 17.50000000 +5.0000000000000000e+00 +1.9999965407589313e+00 +2.1259705904335428e-03 +9.9926962033211253e-01 +9.9999785886185411e-01 +9.9999843253134058e-01 +9.9999764510042832e-01 +9.9999812281512424e-01 +1.5598537796884457e-04 +1.1962696458804011e-04 +1.3900038121899760e-04 +1.6494500484397570e-04 +1.5876266020779087e-04
 18.00000000 +5.0000000000000000e+00 +1.9999949480392267e+00 +2.1570551118396670e-03 +9.9918082330922142e-01 +9.9999810127431121e-01 +9.9999756185397404e-01 +9.9999745743896096e-01 +9.9999764084546416e-01 +1.8146594771406116e-04 +1.6794641452358932e-04 +1.3496609046741625e-04 +1.6506942210011360e-04 +1.7896743186321420e-04
 18.50000000 +5.0000000000000000e+00 +1.9999950212487847e+00 +2.1320973560073992e-03 +9.9923520122395748e-01 +9.9999756387567074e-01 +9.9999681495158177e-01 +9.9999798489033920e-01 +9.9999731411168424e-01 +1.5753172733450510e-04 +1.7687853325549884e-04 +1.5547264005622672e-04 +1.3466701837173443e-04 +1.5057102874701749e-04
 19.00000000 +5.0000000000000000e+00 +1.9999945975431226e+00 +2.0686018726761009e-03 +9.9938786971623927e-01 +9.9999702244370503e-01 +9.9999795108845169e-01 +9.9999718809735505e-01 +9.9999685276249684e-01 +1.4682247869493101e-04 +1.2810775790219884e-04 +1.1467928781221649e-04 +1.2154098772468753e-04 +1.1196535714287055e-04
 19.50000000 +5.0000000000000000e+00 +1.9999978281107322e+00 +2.0182399788177463e-03 +9.9951428026252354e-01 +9.9999640562177816e-01 +9.9999789351523627e-01 +9.9999811108306158e-01 +9.9999665608743626e-01 +1.3601034823520651e-04 +1.2909943958240837e-04 +5.5034230591863104e-05 +1.0118831190274027e-04 +7.5321065904616108e-05
 20.00000000 +5.0000000000000000e+00 +1.9999956076924659e+00 +1.9958961354848395e-03 +9.9957310855879444e-01 +9.9999727364085167e-01 +9.9999662116444443e-01 +9.9999732561225607e-01 +9.9999715017330026e-01 +1.2143470228919907e-04 +1.0540971323613810e-04 +8.0051151378422719e-05 +5.4584353823535491e-05 +7.7040902711426884e-05
 20.50000000 +5.0000000000000000e+00 +1.9999971356872386e+00 +1.9413055254464543e-03 +9.9971865193660370e-01 +9.9999675493049378e-01 +9.9999616460309948e-01 +9.9999765746145386e-01 +9.9999544633088766e-01 +8.7837825392632056e-05 +5.5311148588856076e-05 +4.5680920887030337e-05 +6.9335932396390740e-05 +3.7158898851881468e-05
 21.00000000 +5.0000000000000000e+00 +1.9999964711510618e+00 +1.8982248542039979e-03 +9.9983665649117293e-01 +9.9999679631029004e-01 +9.9999620548575774e-01 +9.9999556951325952e-01 +9.9999673909183351e-01 +5.7371003478284423e-05 +2.9288253198395652e-05 +3.9907993979838436e-05 +3.9971614765232170e-05 +1.1494262865362065e-05
 21.50000000 +5.0000000000000000e+00 +1.9999921706013655e+00 +1.8986949137007876e-03 +9.9984319096926022e-01 +9.9999531107210815e-01 +9.9999714410375373e-01 +9.9999685175431030e-01 +9.9999628067926971e-01 +4.9641355634567904e-05 +2.4210398253837992e-05 +4.6920067008938577e-05 +3.7613457844468325e-05 +1.2836161019424723e-05
 22.00000000 +5.0000000000000000e+00 +1.9999943823705724e+00 +1.9264863746046499e-03 +9.9978649411142850e-01 +9.9999706383080189e-01 +9.9999596057130724e-01 +9.9999796481123315e-01 +9.9999627454927831e-01 +1.7628816749407037e-05 +3.0037563548405533e-05 +5.6374854244541890e-05 +2.6206163835042442e-05 +9.5994738260967376e-05
 22.50000000 +5.0000000000000000e+00 +1.9999935419399655e+00 +1.9503657251747943e-03 +9.9973082673459601e-01 +9.9999671558950731e-01 +9.9999611745527273e-01 +9.9999705453081511e-01 +9.9999545655587474e-01 +5.1398431411530501e-05 +4.3884966998798732e-05 +5.8047004041523994e-05 +6.4639787658270871e-05 +6.5858945009826406e-05
 23.00000000 +5.0000000000000000e+00 +1.9999949256073037e+00 +1.9489871637435763e-03 +9.9973937171042249e-01 +9.9999626863010738e-01 +9.9999773175903928e-01 +9.9999605879332454e-01 +9.9999643884339673e-01 +6.1722538262270465e-05 +4.1161842637717836e-05 +6.0203551151592497e-05 +6.3032896256568543e-05 +4.8009466140540190e-05
 23.50000000 +5.0000000000000000e+00 +1.9999961228788139e+00 +2.0232728562607489e-03 +9.9954854310343078e-01 +9.9999587155466407e-01 +9.9999670560864629e-01 +9.9999639887656444e-01 +9.9999574793035861e-01 +9.9391584361926630e-05 +6.4062193673533954e-05 +1.1510966541597434e-04 +9.8095727293507444e-05 +9.0073749061525578e-05
 24.00000000 +5.0000000000000000e+00 +1.9999911369471643e+00 +2.0677483001240492e-03 +9.9942786818956952e-01 +9.9999707494092693e-01 +9.9999695872701111e-01 +9.9999567566186109e-01 +9.9999545960770864e-01 +8.7003270652551471e-05 +1.4093291579199139e-04 +1.0321354147345794e-04 +1.3806831379236666e-04 +1.1774485324265963e-04
 24.50000000 +5.0000000000000000e+00 +1.9999945714061587e+00 +2.0728556719713559e-03 +9.9940847204200489e-01 +9.9999698166575468e-01 +9.9999490892043918e-01 +9.9999726871111549e-01 +9.9999494047994641e-01 +6.9853858699714833e-05 +1.3619667277257373e-04 +1.2549878744577925e-04 +1.0851268105665186e-04 +1.6736617424569322e-04
 25.00000000 +5.0000000000000000e+00 +1.9999900956180361e+00 +2.0885274321575933e-03 +9.9936001364821958e-01 +9.9999693828030833e-01 +9.9999642158066071e-01 +9.9999530708048689e-01 +9.9999588299170206e-01 +1.3835542756133386e-04 +1.3625625234501545e-04 +1.3739663775724716e-04 +1.4955072099818688e-04 +9.3877359455553277e-05
 25.50000000 +5.0000000000000000e+00 +1.9999898556671669e+00 +2.0947477753983494e-03 +9.9933211231376873e-01 +9.9999313887861851e-01 +9.9999609103386233e-01 +9.9999684780687914e-01 +9.9999637149992848e-01 +9.1861408268028644e-05 +1.2688053475995914e-04 +1.7406522454068948e-04 +1.4102497608038596e-04 +1.5160632739811148e-04
 26.00000000 +5.0000000000000000e+00 +1.9999855177806647e+00 +2.0911097681625608e-03 +9.9933394046997381e-01 +9.9999446815239379e-01 +9.9999487928778286e-01 +9.9999535172731835e-01 +9.9999723555206066e-01 +1.2784533597520284e-04 +1.4973823999000420e-04 +1.3332332226894577e-04 +1.2425503525523269e-04 +1.4896287595751251e-04
 26.50000000 +5.0000000000000000e+00 +1.9999895463445270e+00 +2.0275668243827706e-03 +9.9949173846327921e-01 +9.9999710580149026e-01 +9.9999674902284696e-01 +9.9999549016018319e-01 +9.9999344363189557e-01 +1.4401374504155063e-04 +1.3611937983817255e-04 +4.9934368786592369e-05 +9.4836592393634673e-05 +1.0056884523623741e-04
 27.00000000 +5.0000000000000000e+00 +2.0000004452214339e+00 +1.9927852598686825e-03 +9.9958125219399763e-01 +9.9999656273444260e-01 +9.9999422053726628e-01 +9.9999511874304969e-01 +9.9999483318081517e-01 +9.2753785049329971e-05 +1.2984407797515853e-04 +1.0186669077857050e-04 +4.7807534577246034e-05 +6.5740498734991000e-05
 27.50000000 +5.0000000000000000e+00 +1.9999983576734370e+00 +1.9229804239217932e-03 +9.9976463884476297e-01 +9.9999304395408573e-01 +9.9999317071687721e-01 +9.9999611870358396e-01 +9.9999172663222569e-01 +5.7742409361557195e-05 +9.6037708560419243e-05 +8.9925484422214572e-05 +1.0562654101022600e-05 +7.0329154226426510e-06
 28.00000000 +5.0000000000000000e+00 +1.9999953079007340e+00 +1.9372055988876966e-03 +9.9973462345422925e-01 +9.9999511002723007e-01 +9.9999218361161801e-01 +9.9999630985047294e-01 +9.9999445026942135e-01 +1.1921668974265118e-04 +7.4297071526693053e-05 +2.5845468687788220e-05 +4.1221484462186621e-06 +6.3841406107164025e-05
 28.50000000 +5.0000000000000000e+00 +1.9999856085883942e+00 +1.9333455406148165e-03 +9.9974537873165847e-01 +9.9999511435911481e-01 +9.9999332192557155e-01 +9.9999361564369027e-01 +9.9999292082797753e-01 +7.2370031370995442e-05 +3.8326141364007840e-05 +3.9497583944439669e-05 +9.9244815696877069e-05 +3.0209954167304865e-05
 29.00000000 +5.0000000000000000e+00 +1.9999931175277770e+00 +1.9533899764584911e-03 +9.9971101011447472e-01 +9.9999683596825828e-01 +9.9998899389063967e-01 +9.9999305417856976e-01 +9.9999274620261724e-01 +6.1164069771099352e-05 +6.8559190830399475e-05 +4.1761483468408336e-05 +2.5062824678530507e-05 +1.2081207857746355e-04
 29.50000000 +5.0000000000000000e+00 +2.0000025418114431e+00 +1.9650335487031451e-03 +9.9968846031741332e-01 +9.9999881701971327e-01 +9.9998948432159562e-01 +9.9999674839836916e-01 +9.9999410015127932e-01 +8.0220403082781699e-05 +8.8364159876484877e-05 +8.5779331591462252e-06 +7.9152893619707519e-05 +7.6074415690683282e-05
 30.00000000 +5.0000000000000000e+00 +1.9999989938945726e+00 +1.9378622496756856e-03 +9.9976336078359840e-01 +9.9999450299706738e-01 +9.9999545107039467e-01 +9.9999328272240251e-01 +9.9999123207407059e-01 +3.3618559287072447e-05 +8.0103696917167911e-05 +4.7464912391798410e-05 +1.1539873967133905e-05 +8.9443299425919745e-05
 30.50000000 +5.0000000000000000e+00 +1.9999884898896718e+00 +2.0684233353998882e-03 +9.9942957023095635e-01 +9.9999513800130224e-01 +9.9999765135645591e-01 +9.9999548602138832e-01 +9.9999226467967062e-01 +7.4606343819964087e-05 +1.5808311463061831e-04 +1.2694192770707044e-04 +9.3575043976258803e-05 +1.3668328843054859e-04
 31.00000000 +5.0000000000000000e+00 +1.9999893146845735e+00 +2.0005303050247888e-03 +9.9959845169147254e-01 +9.9999291490940168e-01 +9.9999547033740732e-01 +9.9999613981541657e-01 +9.9999643280865635e-01 +3.7706124022889738e-05 +5.0473002920587210e-05 +8.6471783631344269e-05 +1.3642762055301349e-04 +1.0951189125713838e-04
 31.50000000 +5.0000000000000000e+00 +1.9999925639667842e+00 +2.1187432968080870e-03 +9.9929554771514173e-01 +9.9999409820654106e-01 +9.9999093114434190e-01 +9.9999364876992836e-01 +9.9999769418048856e-01 +1.7451584758746623e-04 +1.7983564457750507e-04 +1.4165129790809467e-04 +1.4521294766705895e-04 +8.6864261664927045e-05
 32.00000000 +5.0000000000000000e+00 +1.9999920584375368e+00 +2.0467712904783529e-03 +9.9946662993952551e-01 +9.9999890149678039e-01 +9.9999424745130661e-01 +9.9999058872206159e-01 +9.9999293733949279e-01 +1.1488750136508764e-04 +9.1550082752396667e-05 +8.5419909616538629e-05 +1.4124054763032035e-04 +1.2359701171731402e-04
 32.50000000 +5.0000000000000000e+00 +1.9999979547776279e+00 +2.0544037852344532e-03 +9.9943721534472973e-01 +9.9999191631928741e-01 +9.9999617244027528e-01 +9.9999165400847945e-01 +9.9999091211951541e-01 +6.5648321758541122e-05 +1.8506540203476945e-04 +1.2920483115572636e-04 +1.2803028459315975e-04 +8.4180907519223870e-05
 33.00000000 +5.0000000000000000e+00 +2.0000105222253377e+00 +2.0511973804187146e-03 +9.9944332976964545e-01 +9.9999790855076243e-01 +9.9999188054742572e-01 +9.9999332480356251e-01 +9.9998891183035010e-01 +1.8628791982327643e-04 +1.1106680096182520e-04 +7.9528060777851788e-05 +1.4104126206748062e-04 +6.6720453668676354e-05
 33.50000000 +5.0000000000000000e+00 +1.9999837893966550e+00 +2.0015693629416987e-03 +9.9955935144784425e-01 +9.9999466020347383e-01 +9.9999325823046270e-01 +9.9999465818662081e-01 +9.9999675360923601e-01 +1.1220277007648677e-04 +8.6864341010824925e-05 +7.6676028618388552e-05 +4.9245847692380090e-05 +1.3632933964123606e-04
 34.00000000 +5.0000000000000000e+00 +2.0000063162618873e+00 +2.0434579553973635e-03 +9.9945695205705698e-01 +9.9998709318103252e-01 +9.9999568813736806e-01 +9.9999664960565982e-01 +9.9998965033033893e-01 +1.0346746939043229e-04 +1.5202225683553751e-04 +1.0661462472155092e-04 +9.4785006024500744e-05 +1.1707733466748615e-04
 34.50000000 +5.0000000000000000e+00 +2.0000004749624489e+00 +2.0238749201975984e-03 +9.9950849796662977e-01 +9.9999575897363180e-01 +9.9998162766680820e-01 +9.9999169258228715e-01 +9.9999417292593185e-01 +2.0376487872646510e-04 +1.2358510267147026e-04 +2.7326182118861403e-05 +8.3339032200868216e-05 +9.0234668447543889e-05
 35.00000000 +5.0000000000000000e+00 +2.0000162455599608e+00 +1.9545362373271074e-03 +9.9969283740885106e-01 +9.9999173071488201e-01 +9.9998748903134860e-01 +9.9998511993998807e-01 +9.9998855478953674e-01 +9.7298497497029740e-05 +5.9191527683044595e-05 +5.9030822870705510e-05 +8.9003652368973432e-05 +4.9743615189643552e-05
 35.50000000 +5.0000000000000000e+00 +1.9999937360520903e+00 +1.8882735725243985e-03 +9.9985212083844377e-01 +9.9999549420967648e-01 +9.9999335981250626e-01 +9.9999329318352936e-01 +9.9999142129966412e-01 +1.2367081181297962e-04 -1.4183343106941716e-05 +1.4827016390574018e-05 -1.7214794776352703e-05 +6.7210954490033346e-05
 36.00000000 +5.0000000000000000e+00 +1.9999968942212982e+00 +1.9245492445425531e-03 +9.9978038438547856e-01 +9.9999624806683596e-01 +9.9999427754022352e-01 +9.9999268657216567e-01 +9.9999119317645679e-01 +5.5116224626876284e-06 +1.6207482816231881e-04 -2.0102485187151857e-05 +6.0785459806463305e-05 +3.6940834036503302e-05
 36.50000000 +5.0000000000000000e+00 +1.9999943217680580e+00 +2.0708474432516578e-03 +9.9940844159025444e-01 +9.9998646593815299e-01 +9.9998158177593899e-01 +9.9999472141823464e-01 +9.9999387289145336e-01 +9.6020894347652203e-05 +1.0401116665997273e-04 +1.5407147549995317e-04 +1.1689367180828520e-04 +1.6391918322948250e-04
 37.00000000 +5.0000000000000000e+00 +2.0000129812985930e+00 +2.0521152834403799e-03 +9.9946689264687716e-01 +9.9999058664489959e-01 +9.9998800588545000e-01 +9.9998983252250206e-01 +9.9998621234390750e-01 +1.1169538612095480e-04 +1.2528724898572252e-04 +1.7327803789929722e-04 +1.0294543080796199e-04 +6.5263849161700200e-05
 37.50000000 +5.0000000000000000e+00 +1.9999893284899142e+00 +2.0203412128612852e-03 +9.9954590505514573e-01 +9.9998130441312760e-01 +9.9999917954236772e-01 +9.9998933413593460e-01 +9.9999976738766949e-01 +3.7913172122806718e-05 +5.0297483593792374e-05 +4.4617047147775196e-05 +1.7223690671840143e-04 +1.7944487151171993e-04
 38.00000000 +5.0000000000000000e+00 +1.9999964478640964e+00 +2.0331206428754849e-03 +9.9951763908272340e-01 +9.9998999106170938e-01 +9.9998568620602790e-01 +9.9999525533298628e-01 +9.9999145579911730e-01 +4.0939335279400410e-05 +1.9455246330781680e-04 +1.0002698412627522e-04 -2.4675766720667184e-05 +2.0912951099448616e-04
 38.50000000 +5.0000000000000000e+00 +1.9999902836716639e+00 +2.0478579409275118e-03 +9.9946651681478982e-01 +9.9999964770528127e-01 +9.9999798056602196e-01 +9.9998479118529660e-01 +1.0000035273172216e+00 +1.3492724805425337e-04 +6.7623422123744460e-05 +1.2963949050272399e-04 +9.4006192360630348e-05 +1.2134005657178166e-04
 39.00000000 +5.0000000000000000e+00 +1.9999854302393767e+00 +2.0442606239460008e-03 +9.9947233127252211e-01 +9.9999538138964250e-01 +9.9999597366291004e-01 +9.9998689211167158e-01 +9.9998299228992937e-01 +1.4623987990742060e-04 +8.9720957892273952e-05 +4.4640300157316522e-05 +1.5411239255876162e-04 +1.3171572843723113e-04
 39.50000000 +5.0000000000000000e+00 +1.9999998307821687e+00 +2.0834691325818571e-03 +9.9936752110681437e-01 +1.0000007611116206e+00 +9.9999691476540054e-01 +9.9999779807732536e-01 +9.9997813755339615e-01 +1.2396656357858396e-04 +6.2191268352276084e-05 +8.0976711134606082e-05 +1.8492713180404507e-04 +2.0680570580060986e-04
 40.00000000 +5.0000000000000000e+00 +1.9999978430760676e+00 +1.9145430213859953e-03 +9.9979210295727283e-01 +9.9999904780422755e-01 +9.9999646841476042e-01 +9.9999416575392697e-01 +9.9998487166155392e-01 +4.3044369070593426e-05 +1.8511300301568277e-04 -4.1831839678864166e-05 -3.5638734975100285e-05 +8.2656610050159954e-05
 40.50000000 +5.0000000000000000e+00 +1.9999824790839076e+00 +1.9100128170780870e-03 +9.9979194263140381e-01 +9.9999958704382541e-01 +9.9999452159762248e-01 +9.9998780144117427e-01 +9.9998922097486054e-01 +2.6463121603786079e-05 +7.5142205898302700e-05 +2.9562959507902056e-05 +2.0104128340015057e-05 +8.5653902609031613e-05
 41.00000000 +5.0000000000000000e+00 +1.9999961848595826e+00 +2.0192306542778952e-03 +9.9951952633296914e-01 +9.9999858463954627e-01 +9.9998837484422121e-01 +9.9999756136880080e-01 +9.9998853334418591e-01 +8.4496130011720450e-05 +1.9063504663676325e-04 +1.8081594158933962e-04 -4.8729337572835835e-05 +1.0020167611166643e-04
 41.50000000 +5.0000000000000000e+00 +1.9999963802560425e+00 +2.1086420887281056e-03 +9.9928215581619217e-01 +9.9999120191237856e-01 +9.9998104880745264e-01 +1.0000005269257066e+00 +9.9997831021748251e-01 +2.5249524386090390e-04 +2.0728584370949496e-04 +1.6802964971886672e-04 +1.2340434013399302e-04 +1.5541235887036062e-05
 42.00000000 +5.0000000000000000e+00 +1.9999956530037919e+00 +1.8995950880494757e-03 +9.9981331134449247e-01 +9.9998128568239453e-01 +9.9999615222577121e-01 +9.9998257277263125e-01 +9.9998597889629892e-01 +6.2299390765563849e-05 +1.3367310058400710e-05 +1.1524470546673606e-04 -6.9040525208864250e-05 +1.1882820107817692e-04
 42.50000000 +5.0000000000000000e+00 +1.9999999781613931e+00 +2.0097579454627546e-03 +9.9954106157780864e-01 +9.9999266582364010e-01 +9.9999050665614508e-01 +9.9999706102374419e-01 +9.9997719184941880e-01 +1.4407659146555612e-04 +1.4877721615970600e-04 +1.5376191056264883e-04 -5.6454364048711009e-05 +1.1135170182149325e-04
 43.00000000 +5.0000000000000000e+00 +1.9999958325473510e+00 +1.8336324077315432e-03 +9.9999124867325695e-01 +9.9998850051411781e-01 +9.9998499568815657e-01 +9.9998454529176584e-01 +9.9998634341780157e-01 -4.5707121042257172e-05 -1.5179202722714996e-05 +3.7529459977140638e-05 +1.2292183009967336e-04 -3.5198540394645574e-05
 43.50000000 +5.0000000000000000e+00 +1.9999908564253179e+00 +2.0023676841983162e-03 +9.9957152440559605e-01 +9.9998636133222796e-01 +1.0000006897019005e+00 +9.9998291730800704e-01 +9.9997534184499481e-01 +9.8636848285325049e-05 +9.7988844447664136e-05 +1.7974907311504520e-04 +5.7567387716974338e-06 +1.0103389912993891e-04
 44.00000000 +5.0000000000000000e+00 +2.0000258814181242e+00 +1.9295631524000713e-03 +9.9977905653518084e-01 +9.9998145814096795e-01 +9.9999497689613248e-01 +9.9999803413852584e-01 +9.9999166570020181e-01 +1.9169648871037915e-04 +1.5165862011262644e-04 -4.0452177809437541e-05 -1.7410678202845230e-05 -3.0683660133586030e-05
 44.50000000 +5.0000000000000000e+00 +1.9999905396831708e+00 +2.0717302232450305e-03 +9.9941102319807529e-01 +1.0000009829994732e+00 +1.0000002489750395e+00 +9.9998175554096080e-01 +9.9998201866832259e-01 +2.2678507984463196e-04 +1.5645142183604024e-04 +1.0407390434726522e-04 +1.4380000120124375e-04 -7.1397935406515976e-06
 45.00000000 +5.0000000000000000e+00 +2.0000114440537131e+00 +2.0646425702018504e-03 +9.9943893730656697e-01 +9.9998169803802994e-01 +9.9998217492252894e-01 +9.9999001635951090e-01 +9.9999567604188011e-01 +3.1344782643644049e-05 +5.4396459351890522e-05 +2.4495497722530645e-04 +1.1960291091144909e-04 +1.6119819056525572e-04
 45.50000000 +5.0000000000000000e+00 +1.9999815559841900e+00 +2.2099266047293422e-03 +9.9904549512428187e-01 +1.0000024582345992e+00 +9.9999029695470310e-01 +9.9998424822278331e-01 +9.9999778891482116e-01 +8.2927633294875986e-05 +1.6661749771341040e-04 +1.5769037994148983e-04 +1.4798003593526285e-04 +4.2449699439770216e-04
 46.00000000 +5.0000000000000000e+00 +1.9999966203178217e+00 +2.0165648071235301e-03 +9.9953634167144245e-01 +9.9998043192194874e-01 +1.0000019791128560e+00 +9.9999926051287469e-01 +9.9997816821655749e-01 +1.4587372775347375e-04 +2.0291761729295738e-05 +4.8709971707042796e-05 +2.0146934952378911e-05 +2.6879616232489741e-04
 46.50000000 +5.0000000000000000e+00 +2.0000250808290803e+00 +2.0066856839715658e-03 +9.9957121556152750e-01 +9.9999809522084959e-01 +9.9999200673302269e-01 +9.9997665588021334e-01 +9.9997546355027189e-01 +1.7141941069681398e-04 +2.0199583356505093e-06 +1.1118591827385253e-04 +1.7252740310689138e-04 +2.9410359892495848e-05
 47.00000000 +5.0000000000000000e+00 +2.0000008274664691e+00 +1.9826042244112684e-03 +9.9960787498553338e-01 +9.9997978788748954e-01 +9.9999610655757443e-01 +1.0000023766569992e+00 +9.9999756698985909e-01 +2.6373280561267645e-05 +1.9446121566211197e-04 +1.1498453152907796e-06 +3.8735045608154122e-05 +1.5556753885335572e-04
 47.50000000 +5.0000000000000000e+00 +2.0000220942063640e+00 +2.0309229811772580e-03 +9.9949651907741166e-01 +9.9999582656528552e-01 +9.9997147001201614e-01 +9.9998714205001171e-01 +9.9999516656535137e-01 +8.9161754382008869e-05 +1.4887011670117545e-04 +1.6962164912385092e-04 +9.8261799262989411e-05 +4.7960421549263292e-05
 48.00000000 +5.0000000000000000e+00 +2.0000366128129787e+00 +2.1229600296724465e-03 +9.9928926261259043e-01 +9.9997365004446037e-01 +9.9997047215571599e-01 +9.9999059308126470e-01 +9.9996661152864652e-01 +8.6010092639803324e-05 +2.0157300802162330e-04 +2.7916190661933353e-04 +1.6899864110452405e-04 +7.3666923432978815e-05
 48.50000000 +5.0000000000000000e+00 +2.0000222869392212e+00 +1.9182726652486619e-03 +9.9977700967729122e-01 +9.9997629530262677e-01 +9.9997465124256490e-01 +9.9999183253014756e-01 +9.9998174819013719e-01 +1.9597382935884270e-04 -1.0820644691536072e-04 +7.4614458193781216e-05 +1.0030033952661671e-04 +3.5780877780885636e-05
 49.00000000 +5.0000000000000000e+00 +2.0000288018938552e+00 +1.9532053066533372e-03 +9.9968316335998586e-01 +9.9998558649006930e-01 +9.9997588233552070e-01 +1.0000037749938520e+00 +1.0000165508013772e+00 +1.8195659992118474e-04 +1.9677831596792541e-05 -5.4797321408341101e-05 +1.5983466366230537e-04 +2.8370244643049960e-05
 49.50000000 +5.0000000000000000e+00 +2.0000089056978099e+00 +2.0014319493031397e-03 +9.9957704819556548e-01 +1.0000104808854848e+00 +1.0000275669852670e+00 +9.9998385703162151e-01 +1.0000011735308678e+00 -6.0079804908232377e-05 +2.7598043108577959e-04 +1.2709154354997548e-04 +3.3730599938902441e-05 +2.3150602822138144e-05
 50.00000000 +5.0000000000000000e+00 +2.0000056076252304e+00 +1.9245722656932771e-03 +9.9977703363442816e-01 +1.0000049012224312e+00 +9.9999712750086323e-01 +1.0000030840899881e+00 +1.0000001852321700e+00 +1.9944177429614962e-04 +1.9003457968079161e-05 +8.1066431433949221e-05 -5.3748429723699957e-05 -2.8094917665069404e-05
 50.50000000 +5.0000000000000000e+00 +1.9999695622398441e+00 +2.0238554186825250e-03 +9.9952430637946443e-01 +1.0000007176502876e+00 +9.9997588850460417e-01 +1.0000057100966728e+00 +1.0000057645302216e+00 +1.4211732603426044e-05 +1.0200207598880722e-04 +9.5917428903660021e-05 +1.6314982593926261e-04 +1.1233177078100066e-04
 51.00000000 +5.0000000000000000e+00 +1.9999606573873798e+00 +1.9472411107971789e-03 +9.9971280201735602e-01 +9.9998782490012006e-01 +9.9997816742933499e-01 +9.9996806259624371e-01 +9.9996718055190426e-01 +2.3763025647493082e-04 -1.9825248182528735e-05 -1.1624769583717583e-04 +1.5254768931373668e-04 +1.3185750551283960e-04
 51.50000000 +5.0000000000000000e+00 +1.9999401183845937e+00 +2.1363985390501585e-03 +9.9922753598630099e-01 +1.0000081094919993e+00 +9.9997053213093490e-01 +9.9997074701817423e-01 +9.9997248998111110e-01 +2.7288711173135776e-04 +2.3574530333535533e-04 +3.5862048339352198e-05 +1.9431951738247316e-04 +1.1177140602729150e-04
 52.00000000 +5.0000000000000000e+00 +2.0000131615079799e+00 +2.0644833637964060e-03 +9.9942644416747617e-01 +9.9999334015618879e-01 +9.9999560601705917e-01 +9.9996453694476573e-01 +9.9996883320949992e-01 +1.9690660110270743e-04 +2.0812888198437664e-04 +1.4372354879949332e-04 -3.6626901152370957e-05 +1.3910736871763788e-04
 52.50000000 +5.0000000000000000e+00 +2.0000228885419831e+00 +2.0641282793976349e-03 +9.9946304316319545e-01 +9.9997828168726610e-01 +9.9998030064580457e-01 +9.9995896195751277e-01 +9.9996159962112741e-01 +4.1248994762511313e-04 +1.5693744903851144e-05 +2.4895892062631013e-04 +3.8596691661005692e-05 -5.7926381064868984e-05
 53.00000000 +5.0000000000000000e+00 +2.0000339829651255e+00 +2.0554025673431391e-03 +9.9944384849543955e-01 +9.9997293400100995e-01 +9.9996676382968352e-01 +9.9998772414232684e-01 +9.9998145323317844e-01 +1.8903164461861273e-04 +2.4108752184735175e-04 -1.3142497835742572e-04 +3.6905555899334397e-05 +3.1167655330907281e-04
 53.50000000 +5.0000000000000000e+00 +2.0000395026156341e+00 +2.2017582281100637e-03 +9.9910542046025175e-01 +9.9999798471115497e-01 +9.9996632758081694e-01 +1.0000076263771176e+00 +9.9996864748136371e-01 +3.8611970559104331e-04 +3.7763127651599642e-04 +1.4027196261687564e-04 +1.4340678186581789e-04 -9.3436337900621225e-05
 54.00000000 +5.0000000000000000e+00 +2.0000071627535023e+00 +1.9366841827520604e-03 +9.9975972148594250e-01 +9.9999062924576343e-01 +1.0000115063746575e+00 +9.9998857920571016e-01 +9.9998480030245118e-01 +1.8635821424640723e-04 -1.5943366821961972e-05 +5.3552861564501272e-05 -1.3811634609778363e-04 +1.7891202975099592e-04
 54.50000000 +5.0000000000000000e+00 +1.9999646813984637e+00 +1.9784968718368863e-03 +9.9962466314921061e-01 +1.0000080799694975e+00 +9.9995157282878810e-01 +1.0000017954194567e+00 +9.9996811705132849e-01 +2.2783627102833368e-04 +1.1120237207650722e-04 -4.8002300866124514e-05 +3.0386593330445790e-05 +1.2434864983110785e-04
 55.00000000 +5.0000000000000000e+00 +1.9999817388420422e+00 +2.1507425051060796e-03 +9.9919407689656814e-01 +1.0000006415542728e+00 +9.9997413079789343e-01 +9.9999856711883284e-01 +9.9997694279999494e-01 +3.2286358979573461e-04 +1.7969864357212799e-04 +1.2780158268119131e-04 +1.3668275208472328e-04 +8.8594261950146618e-05
 55.50000000 +5.0000000000000000e+00 +1.9999959396596654e+00 +1.8582072223884730e-03 +9.9992785596124933e-01 +9.9997724578616398e-01 +9.9997801353407678e-01 +9.9999908036209650e-01 +1.0000149412659929e+00 +2.7482321230961454e-04 -3.5267688644291229e-05 -5.7280675631955534e-05 +5.1267383936346058e-06 -8.4538499705961678e-05
 56.00000000 +5.0000000000000000e+00 +1.9999857283854940e+00 +2.1378826409657013e-03 +9.9923863743124575e-01 +9.9997673788788477e-01 +9.9998450402758510e-01 +9.9997077110140165e-01 +9.9996074866877926e-01 +1.9815729805967719e-04 +1.0306150172371622e-04 +3.8774181697886051e-05 +3.8935205409471908e-04 +1.3925584364021844e-04
 56.50000000 +5.0000000000000000e+00 +1.9999659882846061e+00 +1.9351527162729243e-03 +9.9970683222774903e-01 +9.9994716056264255e-01 +1.0000062575229554e+00 +9.9996468998015808e-01 +1.0000315430208604e+00 +1.1525205280545402e-04 +5.9231950699041283e-05 -1.4123908003771994e-05 +1.4171869511824390e-04 +4.1437896773982252e-05
 57.00000000 +5.0000000000000000e+00 +1.9999821263636155e+00 +1.9807848917603632e-03 +9.9966364055011081e-01 +1.0000051452331922e+00 +9.9998086583456991e-01 +9.9999069138252128e-01 +9.9996393064222466e-01 -6.7951576117122149e-05 +2.6414746061729865e-04 +7.2196309126925295e-05 +5.3798217061934239e-05 +7.3535944989762189e-05
 57.50000000 +5.0000000000000000e+00 +1.9999611366210801e+00 +2.1286559771867401e-03 +9.9924498936545270e-01 +9.9997300165133129e-01 +9.9998628212749252e-01 +9.9995934622795457e-01 +9.9995641796970747e-01 +1.4831377736565729e-04 +1.6227295393831149e-04 -2.9476762208054163e-05 +1.8649051352774063e-04 +4.1236217749746789e-04
 58.00000000 +5.0000000000000000e+00 +2.0000327256428077e+00 +1.8870481484845440e-03 +9.9987287751299858e-01 +9.9995185690560751e-01 +1.0000339520992294e+00 +1.0000173331124058e+00 +9.9998845547199544e-01 +2.2235460586857729e-05 +2.5115741106420873e-05 +1.9738862326854943e-04 -2.3327105286293420e-04 +1.2405612502707912e-04
 58.50000000 +5.0000000000000000e+00 +2.0000144938365483e+00 +1.9503172820372009e-03 +9.9972231744777840e-01 +9.9998925279598672e-01 +9.9999573940408482e-01 +9.9994915275671359e-01 +9.9997991658899543e-01 +9.1568079890670598e-06 +1.4568104043958334e-04 +8.3016929329461509e-05 +1.4458578488220168e-04 -1.8819553867117267e-05
 59.00000000 +5.0000000000000000e+00 +1.9999808037307385e+00 +2.0334060936603058e-03 +9.9948400131314263e-01 +9.9997761763858162e-01 +9.9995376559434113e-01 +9.9992861243244380e-01 +1.0000225962565275e+00 +1.5314623673925315e-04 +1.9478022132621259e-04 +3.5945718848760427e-05 +6.7575503117069520e-05 +1.8195909156188715e-04
 59.50000000 +5.0000000000000000e+00 +2.0000358261602402e+00 +1.9235948140116871e-03 +9.9979979572033040e-01 +9.9999456275963250e-01 +1.0000156396210413e+00 +9.9996726677904568e-01 +1.0000040780613419e+00 -1.1603158621478878e-04 +2.8683881965341863e-04 +1.4984731228039901e-04 -1.7586098400711174e-05 -8.4411388263973112e-05
 60.00000000 +5.0000000000000000e+00 +2.0000677656883421e+00 +2.1169497593566005e-03 +9.9932635557153415e-01 +9.9998619721734039e-01 +1.0000093245873674e+00 +9.9995077078900196e-01 +1.0000037255344851e+00 +2.6770544890513428e-04 +1.2382805276990502e-04 +1.0353070218161511e-04 -3.8600781062127752e-05 +2.6716287622596905e-04
 60.50000000 +5.0000000000000000e+00 +2.0000115503121263e+00 +1.6713895392628207e-03 +1.0004290345096463e+00 +1.0000308970630998e+00 +1.0000206708038069e+00 +9.9996185596528120e-01 +9.9997924038231278e-01 -1.2939024976499989e-04 -1.1942757874218859e-04 -4.8413101668620699e-05 -7.2978374742063076e-06 -1.1716995774901812e-04
 61.00000000 +5.0000000000000000e+00 +2.0000059688098051e+00 +1.9979102162788649e-03 +9.9957948391259721e-01 +1.0000095701813869e+00 +9.9998141631374249e-01 +9.9996019098977573e-01 +9.9995350966034657e-01 -1.9105639728243179e-05 -8.9725536533588363e-05 +3.9998263286375528e-04 +4.1624230908292569e-04 -1.9156482586809220e-04
 61.50000000 +5.0000000000000000e+00 +1.9999934643679707e+00 +1.8756343645931499e-03 +9.9989137392370442e-01 +9.9997110934280864e-01 +9.9997020652940116e-01 +1.0000600218609044e+00 +9.9999691240567901e-01 +2.7002491116953647e-04 +2.2475339206056670e-06 -1.6270538171113641e-04 +1.1539920978184229e-04 -1.1459033645058797e-04
 62.00000000 +5.0000000000000000e+00 +2.0000003842436374e+00 +2.2105121059933781e-03 +9.9908121430636920e-01 +1.0000274515378553e+00 +9.9993947421540741e-01 +9.9991429557266964e-01 +1.0000159358248739e+00 -1.1722337601367453e-04 +5.2418301209770869e-04 +1.1668873448996085e-04 +4.2634949697346067e-04 +7.1630675047006442e-05
 62.50000000 +5.0000000000000000e+00 +1.9999648963656429e+00 +1.7953438322984923e-03 +1.0001330969450655e+00 +1.0000353447173078e+00 +1.0000024755383323e+00 +9.9992067679123864e-01 +9.9992161434847393e-01 -4.1095738660477096e-05 -1.2628917866830424e-04 +1.0460809547917663e-05 -8.6541921356661847e-06 +1.5236995935152207e-04
 63.00000000 +5.0000000000000000e+00 +2.0000615184384620e+00 +2.0118234070095492e-03 +9.9961286934230376e-01 +9.9994295026321900e-01 +9.9997141186968941e-01 +9.9995383630633095e-01 +1.0000135375538777e+00 +7.5831594622168520e-05 +1.8396157012481458e-05 +3.7792943717496175e-04 +1.1654688611596286e-04 -8.3309411869764583e-05
 63.50000000 +5.0000000000000000e+00 +1.9998840663093489e+00 +1.9563522537125195e-03 +9.9965758141683814e-01 +1.0000521423293220e+00 +1.0000032924898563e+00 +9.9998000986537405e-01 +9.9999454458529247e-01 +1.4207793764109953e-04 -4.7984551252615136e-05 -3.1684874762212436e-04 +2.1611788569365502e-04 +3.1906679166333939e-04
 64.00000000 +5.0000000000000000e+00 +1.9998733180804871e+00 +2.2348045603019263e-03 +9.9895227727796732e-01 +1.0000049414276866e+00 +9.9997810110842289e-01 +1.0000007697686673e+00 +9.9997350980888999e-01 +1.2051634250145096e-04 +2.5547145826767859e-04 -2.5014177432758312e-04 +5.8265762827684525e-04 +3.8189695530928096e-04
 64.50000000 +5.0000000000000000e+00 +1.9999377400291232e+00 +2.1408183303284743e-03 +9.9921328145399357e-01 +9.9999391429101803e-01 +1.0000340353878887e+00 +1.0000310168940230e+00 +9.9996660250981895e-01 -7.9690846133620530e-05 +3.3161923559274275e-04 +1.7162682997422406e-04 -4.1863342921776725e-05 +3.7945758687868252e-04
 65.00000000 +5.0000000000000000e+00 +1.9999021410196907e+00 +1.8249900142330816e-03 +1.0000209137253808e+00 +9.9999377002733603e-01 +1.0000370651554673e+00 +1.0000422097188841e+00 +1.0000061798637823e+00 -1.7132058320357165e-04 +1.5444125902808444e-04 +1.0605003426420876e-04 -4.9031704181058305e-05 -1.4027749876562988e-04
 65.50000000 +5.0000000000000000e+00 +1.9999893155284960e+00 +2.0521411914533540e-03 +9.9944267110610852e-01 +9.9994154022568682e-01 +9.9997359180066792e-01 +1.0000057878508832e+00 +9.9993352977983196e-01 +2.8085988746844308e-04 +2.4720892925243987e-04 -3.0305780595153248e-04 +2.6799944463967658e-04 +2.0986878130717929e-04
 66.00000000 +5.0000000000000000e+00 +1.9998947031974030e+00 +2.0857515609556767e-03 +9.9938791318185083e-01 +9.9991988846486624e-01 +9.9996745981188884e-01 +1.0000138456789420e+00 +1.0000929047086489e+00 +3.4261399543892050e-04 -1.4517524808841122e-04 +2.0887323323458544e-04 +4.7335464020958348e-04 -2.6167846676472680e-04
 66.50000000 +5.0000000000000000e+00 +1.9998955096501918e+00 +2.1438036103256200e-03 +9.9922651190543832e-01 +9.9994679352439497e-01 +1.0000006106898427e+00 +9.9996725623137728e-01 +1.0000159482548294e+00 +5.0500942035691622e-04 +3.8603858570110318e-04 +5.9079418620303105e-06 -2.6750349900534385e-05 -2.7326201788046225e-05
 67.00000000 +5.0000000000000000e+00 +1.9998982647481442e+00 +2.0198213341690030e-03 +9.9951178520029993e-01 +9.9998490720153188e-01 +1.0000016857894218e+00 +1.0000122109158782e+00 +1.0000392916754302e+00 +4.4564092557518721e-04 -2.8210297676695384e-04 -1.8554754677741529e-05 +2.4686283028164322e-04 +5.8273193163883207e-05
 67.50000000 +5.0000000000000000e+00 +1.9998475711955361e+00 +1.4168460400669038e-03 +1.0010561504950304e+00 +1.0000038105343643e+00 +1.0000144928706711e+00 +9.9998116784524060e-01 +1.0000418375291873e+00 -4.6986135424213808e-04 -5.5542084930861990e-04 -5.9286523041414689e-04 +3.6074272302598207e-04 +1.5994543497241533e-04
 68.00000000 +5.0000000000000000e+00 +1.9998998063802915e+00 +2.4771966683564848e-03 +9.9838128053142594e-01 +9.9997169782006212e-01 +1.0000321094880662e+00 +9.9995839198874481e-01 +9.9996316244796180e-01 +2.6021340055663715e-04 +3.4501098910784183e-04 +2.0192934493011854e-04 +3.1675614758022496e-04 +5.6944784261093767e-04
 68.50000000 +5.0000000000000000e+00 +1.9999071910072526e+00 +2.5073883793510984e-03 +9.9829267482253814e-01 +9.9999507143015043e-01 +9.9999879151170301e-01 +9.9989739827894419e-01 +9.9989860778043538e-01 +5.9082091899875647e-04 +5.3931179145512995e-04 +2.8024317206562093e-04 +1.9541194886057541e-04 +3.1166834561687006e-04
 69.00000000 +5.0000000000000000e+00 +1.9998871039113779e+00 +1.9535919063054233e-03 +9.9967476551317713e-01 +9.9996727251816797e-01 +1.0000180801958056e+00 +1.0000022246051923e+00 +1.0000422100524331e+00 -3.6830167949617712e-04 +7.2649219127972266e-05 +3.5514723272357922e-04 +8.3673733071044253e-05 +1.5227860992989508e-04
 69.50000000 +5.0000000000000000e+00 +1.9999616489227396e+00 +1.8953228884213194e-03 +9.9986895466581005e-01 +9.9997801179641699e-01 +9.9993036023167936e-01 +1.0000361889195306e+00 +1.0000837809230161e+00 +2.2384605599876115e-05 -2.2306305780370037e-04 +6.5110054349744382e-05 -3.6711940062843332e-04 +6.0539126110150646e-04
 70.00000000 +5.0000000000000000e+00 +1.9998132178370362e+00 +2.1700878695501734e-03 +9.9911008842445437e-01 +9.9995032934119465e-01 +1.0000791327151839e+00 +9.9991301971396773e-01 +9.9993670568688919e-01 +7.5213798790818977e-04 +7.0778156390359232e-05 +2.0215389497544849e-04 -1.4332879193134873e-04 +1.2898287287614474e-04
 70.50000000 +5.0000000000000000e+00 +1.9998666456675609e+00 +2.0453539708585196e-03 +9.9939253271632700e-01 +1.0000482039298788e+00 +9.9990645798551570e-01 +9.9996982188122452e-01 +9.9991396104475272e-01 +2.9220923833774920e-04 +1.5520742105090099e-04 -7.8023061062568733e-05 +2.2296524229448262e-04 +1.7666360196354550e-04
 71.00000000 +5.0000000000000000e+00 +1.9999677981090853e+00 +1.9241963464102566e-03 +9.9974855310907640e-01 +9.9995284090406444e-01 +1.0000411765403825e+00 +9.9990442067829921e-01 +9.9995161395405086e-01 -1.2364578388856848e-04 +2.8462849771613853e-04 +2.6854155771387488e-04 -2.7405538886064433e-05 -7.2391761069708281e-07
 71.50000000 +5.0000000000000000e+00 +1.9999040483506163e+00 +2.0380365646186912e-03 +9.9946595608583499e-01 +9.9990600454081302e-01 +9.9998088321896084e-01 +1.0000402054058020e+00 +1.0000200688017948e+00 +2.2342693930565446e-04 +3.9333974437975210e-04 +1.8297787764290943e-04 +5.7164209387832760e-05 -2.7002682334691471e-04
 72.00000000 +5.0000000000000000e+00 +1.9998588221057825e+00 +2.3927633817550980e-03 +9.9854270646093024e-01 +1.0001049769757702e+00 +9.9997671072248218e-01 +1.0000348423202658e+00 +9.9992276826521997e-01 +7.1873504986434667e-04 +4.6836201457460422e-04 +4.1129671677741630e-04 +1.7585714911514723e-04 -3.5625567469047649e-04
 72.50000000 +5.0000000000000000e+00 +1.9998457072877269e+00 +2.3172776735729162e-03 +9.9876333443935583e-01 +1.0000963591387075e+00 +1.0000364427902206e+00 +9.9997417102893604e-01 +9.9997965120281873e-01 +8.1879579917324509e-05 +2.8991377206060586e-04 +2.5924342910109860e-04 +3.6111898827693718e-04 +1.5788563184311727e-04
 73.00000000 +5.0000000000000000e+00 +1.9998759979889420e+00 +2.3218553669360755e-03 +9.9876459934826289e-01 +9.9992719901168436e-01 +1.0000393631661528e+00 +9.9994444674452787e-01 +9.9992768998123183e-01 +1.5509050379671095e-04 +3.7145103677011253e-04 +8.0948463492257596e-04 +1.4583838008931849e-04 -8.5162808193748249e-05
 73.50000000 +5.0000000000000000e+00 +1.9998264591923132e+00 +1.7543046164818325e-03 +1.0002294630643167e+00 +1.0000191823276328e+00 +1.0000305893348742e+00 +9.9999977647546767e-01 +9.9989583016551276e-01 +1.1950188514577648e-04 +1.4721228762762040e-04 -1.4963971325430780e-04 -2.0588430998311473e-04 -8.6031518923144760e-05
 74.00000000 +5.0000000000000000e+00 +1.9998340685770855e+00 +2.2731833802240634e-03 +9.9885139482315211e-01 +9.9997460214463807e-01 +9.9998685612550231e-01 +9.9992892064742456e-01 +1.0001090828370927e+00 -3.8158761048283764e-04 +8.6550101772807223e-04 +2.8411531280464448e-04 +1.2716859140920144e-04 +2.5394610938077826e-04
 74.50000000 +5.0000000000000000e+00 +1.9998173673175614e+00 +2.1470459089542988e-03 +9.9915077193223156e-01 +9.9998876721051932e-01 +1.0000051127425653e+00 +9.9987202962382393e-01 +9.9993924382750787e-01 +4.0858947370239605e-04 -3.2375347173293502e-04 +2.8152713086508629e-04 +3.5256145345821800e-05 +6.4245538476215085e-04
 75.00000000 +5.0000000000000000e+00 +1.9998341284544376e+00 +2.0369313711742633e-03 +9.9943001841061396e-01 +1.0000055480674757e+00 +9.9997107219675352e-01 +1.0000800503843796e+00 +9.9998716499819329e-01 -1.3313996133580127e-04 +4.5532174196162562e-04 -1.3034083041189601e-04 -2.7606541527897560e-05 +3.6191153304523460e-04
