#PATCH_CHECK: SepMBpoisson v0.61 exact-bernoulli stratified-backward active
#discretizing the bath:
#     0 0.0000000000000000e+00 -6.3189999999999946e-01
#     1 8.8191710368819686e-03 -1.7455928033436119e-01
#     2 8.8191710368819686e-03 -1.7229302915984551e-01
#     3 8.8191710368819686e-03 -1.7001797349920397e-01
#     4 8.8191710368819686e-03 -1.6773414729494232e-01
#     5 8.8191710368819686e-03 -1.6544158410000598e-01
#     6 8.8191710368819686e-03 -1.6314031708517523e-01
#     7 8.8191710368819686e-03 -1.6083037904626560e-01
#     8 8.8191710368819686e-03 -1.5851180241113905e-01
#     9 8.8191710368819686e-03 -1.5618461924653376e-01
#sampling: jump_strength=2.2047927592204926e-02 jump_probability=2.1572303017282770e-02 log_scale=2.1808386564718844e-02 back_replicas=4 stratify_forward=0
#adaptive measurement: gap=2.2925631949363423e-03 period_steps=5482 nmeas=150 nwf=150 tmax=7.5000000000000000e+01 forced_stride=0
  0.00000000 +5.0000000000000000e+00 +1.9999999999999998e+00 +1.8374661879283106e-03 +1.0000000000000000e+00 +1.0000000000000000e+00 +1.0000000000000000e+00 +1.0000000000000000e+00 +1.0000000000000000e+00 +0.0000000000000000e+00 +0.0000000000000000e+00 +0.0000000000000000e+00 +0.0000000000000000e+00 +0.0000000000000000e+00
  0.50000000 +5.0000000000000000e+00 +1.9999999996765487e+00 +1.8759838887909765e-03 +9.9990221289528092e-01 +1.0000000000034537e+00 +1.0000000000034537e+00 +1.0000000000034537e+00 +1.0000000000034537e+00 +1.9578153554348586e-05 +1.9564632730070718e-05 +1.9488014725829484e-05 +1.9884625571313532e-05 +1.9271681537383633e-05
  1.00000000 +5.0000000000000000e+00 +1.9999999924572385e+00 +1.9836875999712645e-03 +9.9962862932081376e-01 +9.9999999812168450e-01 +9.9999999840599818e-01 +9.9999999791860317e-01 +9.9999999795921957e-01 +7.4627224713256211e-05 +7.3702159463057539e-05 +7.5692851339200843e-05 +7.3977141985480285e-05 +7.3378947842196265e-05
  1.50000000 +5.0000000000000000e+00 +2.0000000212429714e+00 +2.1398656913951784e-03 +9.9923143974100737e-01 +9.9999998385654276e-01 +9.9999998414194924e-01 +9.9999998222976161e-01 +9.9999998177941574e-01 +1.5434217668479119e-04 +1.5145824466002381e-04 +1.5713362147947363e-04 +1.5249186486064766e-04 +1.5320232068863565e-04
  2.00000000 +5.0000000000000000e+00 +1.9999999679374816e+00 +2.3165601000984582e-03 +9.9878113618325703e-01 +9.9999993981261548e-01 +9.9999993787073282e-01 +9.9999993520278929e-01 +9.9999993632443251e-01 +2.4540101624103203e-04 +2.3945314297788806e-04 +2.4874409183774505e-04 +2.4191697474641678e-04 +2.4359937945478725e-04
  2.50000000 +5.0000000000000000e+00 +1.9999998023500674e+00 +2.4789828204985183e-03 +9.9836566205147337e-01 +9.9999984049678925e-01 +9.9999984584565671e-01 +9.9999983385086344e-01 +9.9999983583123542e-01 +3.3023710125590925e-04 +3.2142776737521984e-04 +3.3146544209045460e-04 +3.2558951361509261e-04 +3.2626203484989935e-04
  3.00000000 +5.0000000000000000e+00 +1.9999994330376951e+00 +2.6000739101234471e-03 +9.9805367890195673e-01 +9.9999967425576153e-01 +9.9999967550837687e-01 +9.9999967738857931e-01 +9.9999967604783413e-01 +3.9458150816991405e-04 +3.8328103792285455e-04 +3.9301398470271010e-04 +3.8901899305831677e-04 +3.8772240180262704e-04
  3.50000000 +5.0000000000000000e+00 +1.9999993734513182e+00 +2.6579755801196055e-03 +9.9790103684853892e-01 +9.9999944739454727e-01 +9.9999944507907002e-01 +9.9999945506194787e-01 +9.9999944715788136e-01 +4.2506904670419447e-04 +4.1304027314419323e-04 +4.2357624054464193e-04 +4.1877382721343430e-04 +4.2070910386981684e-04
  4.00000000 +5.0000000000000000e+00 +1.9999992589517146e+00 +2.6352582385715919e-03 +9.9795282493721116e-01 +9.9999915461146682e-01 +9.9999914773769016e-01 +9.9999917866851118e-01 +9.9999916096877528e-01 +4.1768046617780288e-04 +4.0559802985030210e-04 +4.1312233192661090e-04 +4.0802640632834453e-04 +4.0610582859900411e-04
  4.50000000 +5.0000000000000000e+00 +1.9999990248558062e+00 +2.5410007301015810e-03 +9.9818711987018172e-01 +9.9999882581199651e-01 +9.9999880930794816e-01 +9.9999882253914529e-01 +9.9999883007536949e-01 +3.7156493058689466e-04 +3.5805472258989277e-04 +3.6872449095150971e-04 +3.5674528869278593e-04 +3.6250294004363490e-04
  5.00000000 +5.0000000000000000e+00 +1.9999988616563167e+00 +2.4021917990184418e-03 +9.9853673556892386e-01 +9.9999846703828343e-01 +9.9999851650769511e-01 +9.9999848016691328e-01 +9.9999849973230237e-01 +3.0880242964058234e-04 +2.8910718859423911e-04 +2.9728265912200091e-04 +2.8407530690402656e-04 +2.9003344325147305e-04
  5.50000000 +5.0000000000000000e+00 +1.9999984261845025e+00 +2.2316815511476793e-03 +9.9897006573877312e-01 +9.9999818078113856e-01 +9.9999825460565328e-01 +9.9999818019227171e-01 +9.9999817759239296e-01 +2.2271896593843829e-04 +1.9987934859933920e-04 +2.0939921093351399e-04 +2.0240824853334435e-04 +2.0273532260900833e-04
  6.00000000 +5.0000000000000000e+00 +1.9999984500508243e+00 +2.0655289432850010e-03 +9.9939622819023610e-01 +9.9999797491436215e-01 +9.9999799227286879e-01 +9.9999805924802487e-01 +9.9999799703383752e-01 +1.2557930524587107e-04 +1.3019658711840599e-04 +1.2196357245638150e-04 +1.2091824313824533e-04 +1.1309067467016102e-04
  6.50000000 +5.0000000000000000e+00 +1.9999977251211869e+00 +1.9279579416894980e-03 +9.9975354722892318e-01 +9.9999785843115740e-01 +9.9999781763552154e-01 +9.9999783349080296e-01 +9.9999781004335542e-01 +5.7115716851034395e-05 +5.0759309599595303e-05 +5.0153896315476015e-05 +5.4837540184484319e-05 +4.2266738245108767e-05
  7.00000000 +5.0000000000000000e+00 +1.9999980357080347e+00 +1.8665400801219831e-03 +9.9991991465077945e-01 +9.9999779264740285e-01 +9.9999774353406157e-01 +9.9999770712956604e-01 +9.9999785190089840e-01 +2.0226568131913557e-05 +1.3848661134156483e-05 +1.5436013511937343e-05 +2.3787721082901534e-05 +1.5691203383282569e-05
  7.50000000 +5.0000000000000000e+00 +1.9999982223621540e+00 +1.8667030825540098e-03 +9.9993109766147670e-01 +9.9999777294758041e-01 +9.9999787865678191e-01 +9.9999783515166529e-01 +9.9999780586518938e-01 +3.8794647690155450e-07 +1.5120279857900748e-05 +1.9143294191602634e-05 +2.1170080275186454e-05 +2.1788097901465277e-05
  8.00000000 +5.0000000000000000e+00 +1.9999969860117199e+00 +1.9487021108293312e-03 +9.9973332076260002e-01 +9.9999788526394262e-01 +9.9999786757998621e-01 +9.9999785579241873e-01 +9.9999755380301003e-01 +6.3438584391933280e-05 +4.2233079399056666e-05 +5.3271898017100154e-05 +5.3892735501015830e-05 +6.2680500077367580e-05
  8.50000000 +5.0000000000000000e+00 +1.9999974538796084e+00 +2.0648829967404910e-03 +9.9944536986432186e-01 +9.9999781266170162e-01 +9.9999799422231916e-01 +9.9999741504591522e-01 +9.9999767797302064e-01 +1.0266877528245207e-04 +1.0182238764451256e-04 +1.3659629097523827e-04 +1.1473470590056771e-04 +1.0790806401925436e-04
  9.00000000 +5.0000000000000000e+00 +1.9999986629878377e+00 +2.2263661198595303e-03 +9.9903742268160234e-01 +9.9999737546810474e-01 +9.9999756245863192e-01 +9.9999741590228042e-01 +9.9999786247724920e-01 +1.8142674797684642e-04 +1.8286945540474899e-04 +2.0030778301633769e-04 +2.1176007707823176e-04 +1.9599693895486133e-04
  9.50000000 +5.0000000000000000e+00 +1.9999975637704581e+00 +2.4005357128248118e-03 +9.9859151786059186e-01 +9.9999706820512535e-01 +9.9999695085868634e-01 +9.9999737701283486e-01 +9.9999719283457034e-01 +3.0191148863646124e-04 +2.7120296347949504e-04 +2.9024831390319831e-04 +2.6787188646875407e-04 +2.8865856654327796e-04
 10.00000000 +5.0000000000000000e+00 +1.9999965012025542e+00 +2.5249319894515977e-03 +9.9826501702088721e-01 +9.9999651620620811e-01 +9.9999666097798323e-01 +9.9999627511822009e-01 +9.9999671102275156e-01 +3.6291641676178309e-04 +3.1595130713178937e-04 +3.5466066211577602e-04 +3.6625951290555572e-04 +3.4903174746932008e-04
 10.50000000 +5.0000000000000000e+00 +1.9999959133337992e+00 +2.6206213367656328e-03 +9.9800787566882709e-01 +9.9999565865935169e-01 +9.9999598848213878e-01 +9.9999636783381884e-01 +9.9999618641501276e-01 +3.8858474873362228e-04 +4.0752658526928986e-04 +3.9497114100093026e-04 +3.9548570203059988e-04 +4.2135476627908264e-04
 11.00000000 +5.0000000000000000e+00 +1.9999964010177469e+00 +2.6136001013173284e-03 +9.9800988376478794e-01 +9.9999478910639095e-01 +9.9999527215218031e-01 +9.9999480164374710e-01 +9.9999511005889186e-01 +4.0167174991256118e-04 +4.2070204835649406e-04 +3.9635361806471112e-04 +4.0836320990164524e-04 +3.8305263742018005e-04
 11.50000000 +5.0000000000000000e+00 +1.9999943971312786e+00 +2.5598255613206982e-03 +9.9812976568368450e-01 +9.9999423500513940e-01 +9.9999479405683522e-01 +9.9999489096693206e-01 +9.9999447062324576e-01 +3.9104932100962901e-04 +3.5883727517647013e-04 +3.9066458286348576e-04 +3.8406338395746540e-04 +3.6722913369644785e-04
 12.00000000 +5.0000000000000000e+00 +1.9999957055513571e+00 +2.4792111236380779e-03 +9.9832389219546824e-01 +9.9999419499582309e-01 +9.9999261434505626e-01 +9.9999337870652660e-01 +9.9999373526061985e-01 +3.7900982189084420e-04 +3.2031533068341647e-04 +3.2011050651119103e-04 +3.4354332047593493e-04 +3.3920554584091514e-04
 12.50000000 +5.0000000000000000e+00 +1.9999948693819929e+00 +2.3129604552212251e-03 +9.9874205879266587e-01 +9.9999188971613673e-01 +9.9999281537335771e-01 +9.9999305216035417e-01 +9.9999258402563840e-01 +2.6660832471329374e-04 +2.4735480391453816e-04 +2.8639870008801061e-04 +2.4027646623293110e-04 +2.4696161618688897e-04
 13.00000000 +5.0000000000000000e+00 +1.9999957990532040e+00 +2.1409454379643623e-03 +9.9917912666909736e-01 +9.9999218351217467e-01 +9.9999181407901139e-01 +9.9999163168387217e-01 +9.9999188312928655e-01 +2.0328286681679651e-04 +1.5267949836294422e-04 +1.9240519872995481e-04 +1.4664016043077480e-04 +1.5835318727134513e-04
 13.50000000 +5.0000000000000000e+00 +1.9999933259175398e+00 +2.0185690063347340e-03 +9.9950017636378374e-01 +9.9999171787659735e-01 +9.9999076341784043e-01 +9.9999159415960404e-01 +9.9999184043205380e-01 +9.0206841473738640e-05 +1.2907306334454540e-04 +9.7038291112337864e-05 +1.1650063848642320e-04 +1.0108889700393572e-04
 14.00000000 +5.0000000000000000e+00 +1.9999927596594855e+00 +1.9029913591810958e-03 +9.9981057092803260e-01 +9.9999105528925480e-01 +9.9999080086298919e-01 +9.9999133627721493e-01 +9.9999212822090000e-01 +4.2044968659750731e-05 +6.0665312221703267e-05 +5.0622989419672126e-05 +2.9865161717695844e-05 +4.0909991856112139e-05
 14.50000000 +5.0000000000000000e+00 +1.9999925748826757e+00 +1.8965753964683271e-03 +9.9984839334933451e-01 +9.9999060619330427e-01 +9.9999169939915389e-01 +9.9999051946909534e-01 +9.9999147876612626e-01 +4.4985411631649431e-05 +2.7530266296997048e-06 +4.6411629492288428e-05 +4.8332694371323593e-05 +4.4820073860363526e-05
 15.00000000 +5.0000000000000000e+00 +1.9999899134473709e+00 +1.9126792843521759e-03 +9.9982418406586460e-01 +9.9999055355585464e-01 +9.9999107209628191e-01 +9.9999008196824601e-01 +9.9999001389145981e-01 +7.6368797512414125e-05 +3.6807765087518000e-05 +3.3914621625124863e-05 +2.8417172203076433e-05 +3.8586072190032224e-05
 15.50000000 +5.0000000000000000e+00 +1.9999922260354808e+00 +2.0311379630831923e-03 +9.9954312040881954e-01 +9.9998950001568332e-01 +9.9999151018256027e-01 +9.9999002057089204e-01 +9.9999108727240549e-01 +6.6125067901400873e-05 +7.7607382791087731e-05 +1.3310217010717868e-04 +1.1266400145394053e-04 +1.0526290981448567e-04
 16.00000000 +5.0000000000000000e+00 +1.9999896666842267e+00 +2.1052714111484384e-03 +9.9936134213393368e-01 +9.9998956926193983e-01 +9.9999058955511666e-01 +9.9998935303745373e-01 +9.9998995753078423e-01 +1.1528823450750444e-04 +1.5881845891801971e-04 +1.2731851604838845e-04 +1.7889215053837541e-04 +9.8871102466263863e-05
 16.50000000 +5.0000000000000000e+00 +1.9999913285054725e+00 +2.2815093787902207e-03 +9.9891651970653483e-01 +9.9999217896106807e-01 +9.9998888129813601e-01 +9.9999069884535707e-01 +9.9998682016822937e-01 +2.4502257394900476e-04 +2.1103777247429017e-04 +2.0756389497339728e-04 +2.3606481046790771e-04 +2.2521196177851169e-04
 17.00000000 +5.0000000000000000e+00 +1.9999953285549859e+00 +2.4101061074989125e-03 +9.9857860620060412e-01 +9.9999019342942153e-01 +9.9999118244160345e-01 +9.9999006248819955e-01 +9.9998714698428171e-01 +3.4075900243554763e-04 +2.6788500183560392e-04 +2.5306920666524186e-04 +2.9326462630934158e-04 +3.0783063505185050e-04
 17.50000000 +5.0000000000000000e+00 +1.9999924451826530e+00 +2.5316176912448750e-03 +9.9825521266530670e-01 +9.9998976164428532e-01 +9.9998661403754929e-01 +9.9998941790656048e-01 +9.9998942484147657e-01 +3.0900367362286828e-04 +3.0818549462867487e-04 +3.9841420571373477e-04 +3.8774647637273744e-04 +3.8621906132336130e-04
 18.00000000 +5.0000000000000000e+00 +1.9999900712961969e+00 +2.5688495415165623e-03 +9.9813662485426835e-01 +9.9998555306017012e-01 +9.9998659735182605e-01 +9.9998747759703599e-01 +9.9998651585003384e-01 +3.6812640314082777e-04 +3.9338324781697974e-04 +3.4996694156421993e-04 +4.0298639637810735e-04 +4.0276829985380494e-04
 18.50000000 +5.0000000000000000e+00 +1.9999865556060761e+00 +2.5888854596152512e-03 +9.9806187489751219e-01 +9.9998362194921342e-01 +9.9998482405726297e-01 +9.9998602765131628e-01 +9.9998764483177216e-01 +4.5420785061130186e-04 +4.1558970141318226e-04 +4.3068385824776014e-04 +3.5517089960625454e-04 +3.4035430787945252e-04
 19.00000000 +5.0000000000000000e+00 +1.9999816011054183e+00 +2.4816572454511542e-03 +9.9830906692377519e-01 +9.9998012275785109e-01 +9.9998654931124331e-01 +9.9998603909847006e-01 +9.9998503076389234e-01 +4.0627610964434613e-04 +3.1710986479251612e-04 +3.7349689849536238e-04 +3.3592402224279293e-04 +3.2038425456750645e-04
 19.50000000 +5.0000000000000000e+00 +1.9999818344939304e+00 +2.3544498758896596e-03 +9.9862012340713635e-01 +9.9998446707103439e-01 +9.9998420343264349e-01 +9.9998471218412788e-01 +9.9998372612366992e-01 +3.5723002041503868e-04 +2.6694154891512530e-04 +2.9018896569658767e-04 +3.0402191341472002e-04 +2.2438533635657306e-04
 20.00000000 +5.0000000000000000e+00 +1.9999894747251061e+00 +2.1908070866935268e-03 +9.9903849093628294e-01 +9.9998056772119981e-01 +9.9998259101751164e-01 +9.9998096011889082e-01 +9.9998154597267319e-01 +1.9191269376034751e-04 +2.5997489430317015e-04 +2.2791893326208124e-04 +1.4822821506531265e-04 +2.0780949707102414e-04
 20.50000000 +5.0000000000000000e+00 +1.9999860230460775e+00 +2.0893034243112908e-03 +9.9930677853487804e-01 +9.9997846597688334e-01 +9.9998311196478962e-01 +9.9997869164671216e-01 +9.9997706514495588e-01 +1.7202867192365437e-04 +1.3017131793364574e-04 +1.6430107426743942e-04 +1.5606959903956144e-04 +1.5331606766932316e-04
 21.00000000 +5.0000000000000000e+00 +1.9999779189547817e+00 +2.0391258202437485e-03 +9.9944386921470574e-01 +9.9998076691524884e-01 +9.9998126422300282e-01 +9.9998105428237249e-01 +9.9997943043223603e-01 +1.3179064338878684e-04 +2.2108459505135720e-04 +1.2183020488364839e-04 +9.7369858634896442e-05 +6.1539635902258945e-05
 21.50000000 +5.0000000000000000e+00 +1.9999790774320012e+00 +1.9874291682251710e-03 +9.9960229295152914e-01 +9.9998342631660753e-01 +9.9998058788786259e-01 +9.9998200001071735e-01 +9.9997655833242127e-01 +1.2013160569260389e-04 +2.1002621728831216e-05 +6.6279159541742102e-05 +1.1901284022452455e-04 +1.4870827162306977e-04
 22.00000000 +5.0000000000000000e+00 +1.9999789611375034e+00 +1.8848972816361954e-03 +9.9988218900781167e-01 +9.9997622615713599e-01 +9.9997494643379914e-01 +9.9997413386692324e-01 +9.9998177258335175e-01 +2.1199805932061411e-05 +1.0329063446776798e-04 +4.8449606092956534e-05 -2.8335200459848806e-06 +4.0625429338495520e-05
 22.50000000 +5.0000000000000000e+00 +1.9999868631788054e+00 +1.9871986001828070e-03 +9.9964728426240745e-01 +9.9997298500945853e-01 +9.9997544107488168e-01 +9.9998388509100378e-01 +9.9997891201352118e-01 +8.4513878088705827e-05 +1.1575105185822214e-04 +5.8012485915004495e-05 +5.0300181418134871e-05 +1.3291496377450054e-04
 23.00000000 +5.0000000000000000e+00 +1.9999833646600922e+00 +2.0789515149776316e-03 +9.9943100735894641e-01 +9.9997755968751378e-01 +9.9998605037774790e-01 +9.9997879458967209e-01 +9.9998181793084340e-01 +9.7710024710357063e-05 +8.8224919967145758e-05 +1.4667482801202853e-04 +2.3878121352867169e-04 +7.3379058440625145e-05
 23.50000000 +5.0000000000000000e+00 +1.9999746114076880e+00 +2.3202162823168864e-03 +9.9882505540297017e-01 +9.9996973351551177e-01 +9.9997717001609809e-01 +9.9998031277418942e-01 +9.9996975780676389e-01 +1.9674478710604416e-04 +2.9091484811632514e-04 +1.0400290208672400e-04 +2.8953367657779159e-04 +3.9677425411503654e-04
 24.00000000 +5.0000000000000000e+00 +1.9999817711953976e+00 +2.2812478188542012e-03 +9.9892048767782837e-01 +9.9997445251059369e-01 +9.9997696666200575e-01 +9.9997779755538729e-01 +9.9997564887883716e-01 +2.4919318601614686e-04 +2.4079829295972464e-04 +2.4748436309277451e-04 +2.4665297143209783e-04 +1.9051790445981639e-04
 24.50000000 +5.0000000000000000e+00 +1.9999755943748989e+00 +2.3363412367086865e-03 +9.9876705776547570e-01 +9.9997433143402692e-01 +9.9997519796173384e-01 +9.9998000869024328e-01 +9.9997220551357269e-01 +2.5718702847974160e-04 +2.6923882078355759e-04 +2.1413839191392181e-04 +3.8386743705478866e-04 +2.0676695363983639e-04
 25.00000000 +5.0000000000000000e+00 +1.9999768963551812e+00 +2.4937389422900209e-03 +9.9834866549261725e-01 +9.9998252749477667e-01 +9.9997528903738253e-01 +9.9997670156446206e-01 +9.9998002232807648e-01 +4.5529895131606372e-04 +4.1035062671375118e-04 +3.5775587449302500e-04 +2.5466870390266369e-04 +2.5871992621171613e-04
 25.50000000 +5.0000000000000000e+00 +1.9999756959173185e+00 +2.4652814508919572e-03 +9.9838183435050731e-01 +9.9996845953282287e-01 +9.9998019595172183e-01 +9.9997629612307493e-01 +9.9998142918638977e-01 +3.6610853988101573e-04 +3.0268346535632914e-04 +3.1750696405084621e-04 +3.6012544178901145e-04 +3.6536043527391653e-04
 26.00000000 +5.0000000000000000e+00 +1.9999940047737990e+00 +2.4578427732466334e-03 +9.9838031419275919e-01 +9.9997256209416985e-01 +9.9996930044881904e-01 +9.9996140530229138e-01 +9.9996948803519814e-01 +3.9876136055106462e-04 +2.9153739837095832e-04 +4.2361845634253235e-04 +4.0316062773597665e-04 +2.2985209164573525e-04
 26.50000000 +5.0000000000000000e+00 +1.9999887976062520e+00 +2.2986994784387565e-03 +9.9877850702864246e-01 +9.9995618005208253e-01 +9.9997965456028115e-01 +9.9998904079420348e-01 +9.9997565933255650e-01 +3.4787180882908393e-04 +2.8480805930339396e-04 +1.7621404717625078e-04 +2.1075646828062328e-04 +3.0130785208009740e-04
 27.00000000 +5.0000000000000000e+00 +1.9999824165471778e+00 +2.2389939396785332e-03 +9.9890866340951945e-01 +9.9996965637477286e-01 +9.9995936188754309e-01 +9.9996759967245819e-01 +9.9995621154691772e-01 +3.6906761929602456e-04 +1.7092426082523525e-04 +1.3840747005410117e-04 +2.9666249363460037e-04 +2.6344525966873742e-04
 27.50000000 +5.0000000000000000e+00 +1.9999794038182781e+00 +2.1915712533127660e-03 +9.9903310998206230e-01 +9.9996609692660687e-01 +9.9996030822287540e-01 +9.9997056858522937e-01 +9.9996594522688664e-01 +2.2784564818913980e-04 +2.6566599742213707e-04 +2.1028888209445639e-04 +1.8660353588555230e-04 +2.1356698770342444e-04
 28.00000000 +5.0000000000000000e+00 +1.9999633707805409e+00 +2.1021674084312977e-03 +9.9927433790012243e-01 +9.9994735262857171e-01 +9.9997301873124811e-01 +9.9995940985669374e-01 +9.9994814153836953e-01 +2.3685136387979899e-04 +2.5602582852536014e-04 +1.6048833302512210e-04 +1.1023000645492838e-04 +1.3414381503555338e-04
 28.50000000 +5.0000000000000000e+00 +1.9999599351728152e+00 +2.0024723897539730e-03 +9.9954564988166561e-01 +9.9998485170525997e-01 +9.9996494860122942e-01 +9.9997298419907055e-01 +9.9995987902261740e-01 +4.6812330076734152e-05 +2.6866538928751256e-04 +2.2804630297491475e-04 +2.5802309732426398e-05 +2.3602532206540371e-06
 29.00000000 +5.0000000000000000e+00 +1.9999671756845656e+00 +2.1461606514638332e-03 +9.9921868212210463e-01 +9.9995178238065374e-01 +9.9996139250264504e-01 +9.9995755458824254e-01 +9.9997120604875389e-01 -5.6288893371121567e-06 +2.3422592294279631e-04 +3.4694831204188644e-04 +1.9970878755019218e-04 +1.6412821715709199e-04
 29.50000000 +5.0000000000000000e+00 +1.9999558948544498e+00 +2.0447355699120995e-03 +9.9948172091528664e-01 +9.9995778466962382e-01 +9.9997674509743262e-01 +9.9997840567250218e-01 +9.9996252069477509e-01 +1.0394186382392148e-04 +1.3993911389686518e-05 +9.0908740121691843e-05 +2.6002292201844824e-04 +1.7395550621101822e-04
 30.00000000 +5.0000000000000000e+00 +1.9999505802647441e+00 +2.0295383250351338e-03 +9.9954684925201565e-01 +9.9995718214021334e-01 +9.9996365625733930e-01 +9.9996949849188510e-01 +9.9995900280695116e-01 +9.9407382225438182e-05 +8.8244882466897947e-06 +2.2918763507851457e-04 +1.3505973790312530e-04 +1.3133180588190970e-04
 30.50000000 +5.0000000000000000e+00 +1.9999408875833724e+00 +2.2771652610333879e-03 +9.9893318847410340e-01 +9.9994571606972504e-01 +9.9994496473604366e-01 +9.9996344385549019e-01 +9.9995386744390857e-01 +3.0784559910911502e-04 +2.4001521170705309e-04 +2.4736766564054048e-04 +2.0873437891990635e-04 +2.5485656470345557e-04
 31.00000000 +5.0000000000000000e+00 +1.9999428260523566e+00 +2.2739746082812620e-03 +9.9893837924516704e-01 +9.9997222125758722e-01 +9.9994178170246584e-01 +9.9995526384682010e-01 +9.9996378634431049e-01 +2.1683785378862603e-04 +1.9670298140134576e-04 +4.8397547648023953e-05 +4.3443256294207431e-04 +3.3219666205671635e-04
 31.50000000 +5.0000000000000000e+00 +1.9999380370072906e+00 +2.3627579022263380e-03 +9.9870491258505223e-01 +9.9996567843544415e-01 +9.9995579561237791e-01 +9.9995550889945750e-01 +9.9995661252093282e-01 +1.2794594304102152e-04 +3.9327964994628821e-04 +2.4132444467987762e-04 +4.3539914645774664e-04 +2.6354276301290022e-04
 32.00000000 +5.0000000000000000e+00 +1.9999294558687308e+00 +2.4367205379504818e-03 +9.9848745779735304e-01 +9.9994964788798046e-01 +9.9995644297915121e-01 +9.9996931117339249e-01 +9.9996654472966651e-01 +3.2439343782553025e-04 +3.6355107352998878e-04 +2.9946585113733857e-04 +2.8662576154482415e-04 +3.9655931025764639e-04
 32.50000000 +5.0000000000000000e+00 +1.9999344292513730e+00 +2.5104372187862546e-03 +9.9828423676722011e-01 +9.9998479605079549e-01 +9.9995210053533845e-01 +9.9997490155047097e-01 +9.9994935242513960e-01 +2.0771522835692839e-04 +5.2382548410017705e-04 +5.2141375557201932e-04 +2.0892773614181886e-04 +3.9273046312718411e-04
 33.00000000 +5.0000000000000000e+00 +1.9999522830282761e+00 +2.5573469381493827e-03 +9.9814817687898116e-01 +9.9994557807107287e-01 +9.9994755991053108e-01 +9.9995150109385811e-01 +9.9995491424172933e-01 +3.6031242197237068e-04 +3.2247444331723487e-04 +3.9548058994108044e-04 +6.7600500674353848e-04 +2.9799734206633889e-04
 33.50000000 +5.0000000000000000e+00 +1.9999627192164096e+00 +2.3624613061895066e-03 +9.9862081679158632e-01 +9.9997335833020451e-01 +9.9994924515178130e-01 +9.9995637685804573e-01 +9.9997216068929962e-01 +3.0168954309032022e-04 +4.2267556077836956e-04 +3.3133369143108384e-04 +3.2653927829638917e-04 +1.4580411420107712e-04
 34.00000000 +5.0000000000000000e+00 +1.9999778736616880e+00 +2.2395185792742430e-03 +9.9893099739390545e-01 +9.9992176909452579e-01 +9.9993648428132331e-01 +9.9994357883979068e-01 +9.9990030179206058e-01 +8.9884181062241069e-05 +2.3892588341401311e-04 +2.5227321894425521e-04 +3.1648019116327608e-04 +4.6930512290796223e-04
 34.50000000 +5.0000000000000000e+00 +1.9999390617952995e+00 +2.2642764166199499e-03 +9.9884941406439731e-01 +9.9992741661853668e-01 +9.9994830061228779e-01 +9.9991869657085164e-01 +9.9995358237051490e-01 +1.9330892214852730e-04 +4.5319190005894884e-04 +3.5542969410825269e-04 -1.7890124009835305e-05 +4.1854936932659664e-04
 35.00000000 +5.0000000000000000e+00 +1.9999613942497312e+00 +2.2310826502218400e-03 +9.9892477296604076e-01 +9.9994515586097121e-01 +9.9994726858079164e-01 +9.9997549289344512e-01 +9.9993970081684580e-01 +3.3034299786559524e-04 +2.6426666856337608e-04 +1.5713704261102461e-04 +3.1612404232214734e-04 +1.9973812434525973e-04
 35.50000000 +5.0000000000000000e+00 +2.0000031305683019e+00 +2.0399314681232845e-03 +9.9946224884018742e-01 +9.9998462551500744e-01 +9.9996184225777318e-01 +9.9994987388564538e-01 +9.9998070926942995e-01 +7.4940410612519908e-05 +2.1054572817610294e-04 +1.1775541764514206e-04 +1.2047252290593935e-04 +1.3698615412111373e-04
 36.00000000 +5.0000000000000000e+00 +2.0000375797858703e+00 +2.2971527859363128e-03 +9.9883308581699382e-01 +9.9996574168266905e-01 +9.9998670551918001e-01 +9.9997728308196643e-01 +9.9996754181851533e-01 +3.9602390336477389e-04 +3.6032451463632198e-04 +2.5912698547007266e-04 -1.2722939522264415e-05 +2.6688962351881972e-04
 36.50000000 +5.0000000000000000e+00 +1.9999745980596877e+00 +1.9971135423885291e-03 +9.9958225440787729e-01 +9.9995274819420921e-01 +9.9994305204284362e-01 +9.9989964683956556e-01 +9.9995084442628945e-01 +1.0211250913965878e-04 +3.6142950287386248e-04 +1.3077953438529323e-04 -1.4057174691302533e-04 +2.1770428434083285e-04
 37.00000000 +5.0000000000000000e+00 +2.0000352411451581e+00 +2.2110786476645522e-03 +9.9910081553305541e-01 +9.9994169011506473e-01 +9.9993960701982421e-01 +9.9993788257933858e-01 +9.9993859414308861e-01 -3.6145712800844147e-05 +4.1908064621638732e-04 +5.6203102165096786e-04 +7.5751458465335412e-05 +1.2069319855370713e-04
 37.50000000 +5.0000000000000000e+00 +2.0000256895378410e+00 +2.0489876450282625e-03 +9.9954653473876898e-01 +9.9993497130807285e-01 +9.9994758472949685e-01 +9.9993664209955091e-01 +9.9995561761106888e-01 +1.0841787512551233e-04 +2.4176657075455370e-04 +2.3847988033630390e-04 -1.4512307467746289e-05 +1.0449749289936481e-04
 38.00000000 +5.0000000000000000e+00 +1.9999940849080904e+00 +2.0974896219257328e-03 +9.9938781873761373e-01 +9.9994140127913655e-01 +9.9994813807719540e-01 +9.9991382959738162e-01 +9.9996851422595689e-01 +2.4448418626148182e-04 +2.5956784558615523e-04 +3.0911536361029123e-04 +1.7806193794457623e-04 -1.5093125036250046e-04
 38.50000000 +5.0000000000000000e+00 +1.9999905985135111e+00 +2.2901461829294362e-03 +9.9887175466513789e-01 +9.9992290618067858e-01 +9.9996440046151147e-01 +9.9997204499095882e-01 +9.9996396406517318e-01 +1.0370989792635358e-04 +3.5710309841546415e-04 +3.0702802748731612e-04 +2.8295919475913341e-04 +2.5412941686837144e-04
 39.00000000 +5.0000000000000000e+00 +2.0000384619415921e+00 +2.4792813264372894e-03 +9.9842291753817480e-01 +9.9993192191607960e-01 +9.9996320264574590e-01 +9.9993924189842398e-01 +9.9991491732913507e-01 +4.3515180175282856e-04 +6.6209798030689756e-04 +1.9216442309154534e-04 +6.2844211551933886e-05 +4.7554025925977071e-04
 39.50000000 +5.0000000000000000e+00 +1.9999912202490646e+00 +2.2582642373389630e-03 +9.9890123890042659e-01 +9.9990400238733990e-01 +9.9995521059878301e-01 +9.9998023174996464e-01 +9.9993246566720617e-01 +3.4890538961089671e-04 +3.7435905669861775e-04 +2.7318962530017304e-04 +1.8684371322885023e-04 +1.4355291572050956e-04
 40.00000000 +5.0000000000000000e+00 +1.9999179706396859e+00 +2.2068637221623081e-03 +9.9898005168217807e-01 +9.9991430746753718e-01 +9.9995646471558164e-01 +9.9995667081243667e-01 +9.9995001976751419e-01 +6.8723663492080449e-05 -3.4267979654711503e-04 +7.6153351127057048e-04 +5.6413890799487823e-04 +1.9076926816951307e-04
 40.50000000 +5.0000000000000000e+00 +1.9999369036971466e+00 +2.4873212282017282e-03 +9.9828725397318030e-01 +9.9999491017427944e-01 +9.9993032592904918e-01 +9.9986434883172526e-01 +9.9993597476931417e-01 +6.8355895558609172e-04 +2.4014628822528359e-04 -1.1143645320786378e-04 +8.1598517779249554e-04 +3.5893235168979844e-04
 41.00000000 +5.0000000000000000e+00 +1.9999817358317264e+00 +2.2259769665315078e-03 +9.9895028789953177e-01 +9.9987313566575997e-01 +9.9996430842659045e-01 +9.9995389994467332e-01 +9.9998128309283951e-01 +5.2075596546110434e-05 +2.5704324635158284e-04 +1.5331444689122966e-04 +3.2905308080177043e-04 +4.8559859897394467e-04
 41.50000000 +5.0000000000000000e+00 +1.9999931295660911e+00 +2.1906199911348031e-03 +9.9905802776605601e-01 +9.9999028756840280e-01 +9.9988929473103305e-01 +9.9991989042375184e-01 +9.9993296794918429e-01 +7.8560599009999731e-05 -1.7776525909836134e-04 +5.6663582463958439e-04 +5.5527785796346174e-04 +1.8682253911500487e-04
 42.00000000 +5.0000000000000000e+00 +2.0000364431837867e+00 +2.5488703336760841e-03 +9.9817301882970411e-01 +1.0000024151046454e+00 +9.9987020285631034e-01 +9.9987096068443460e-01 +9.9991843543106051e-01 +5.1656681786373517e-04 +2.2066646570492870e-04 +5.0649193956835213e-04 +5.5881828490365285e-04 +3.6242358786327798e-04
 42.50000000 +5.0000000000000000e+00 +1.9999931932674182e+00 +2.6023054913851726e-03 +9.9803895903915496e-01 +9.9997205313237836e-01 +9.9995690814814586e-01 +9.9991901551108497e-01 +9.9989101441229844e-01 +6.0378407379812181e-04 -3.0142188771690415e-05 +5.5922677498090824e-04 +6.2987711496831074e-04 +4.5930398079794448e-04
 43.00000000 +5.0000000000000000e+00 +2.0000239339476855e+00 +2.1041928703013075e-03 +9.9930660108192948e-01 +9.9996411721052636e-01 +9.9987735927044652e-01 +9.9988867820026572e-01 +9.9992763005467478e-01 -3.2217755196490156e-04 +4.2926568465144341e-04 +4.3020168501588262e-04 -6.0306721983327115e-05 +5.5863108318000962e-04
 43.50000000 +5.0000000000000000e+00 +2.0000282430758767e+00 +1.7709193628159096e-03 +1.0001242301913009e+00 +9.9995564694090744e-01 +1.0000149016423936e+00 +9.9986124895647266e-01 +1.0000088924006403e+00 +2.5264297958137508e-04 -7.3317902919386112e-05 -4.1790300366744505e-04 +1.6290021252826991e-04 +1.1075758423697364e-04
 44.00000000 +5.0000000000000000e+00 +2.0000939210094240e+00 +2.4300972347505918e-03 +9.9855386489270614e-01 +9.9996547540516956e-01 +9.9992048433880987e-01 +9.9995595622933164e-01 +9.9997235849227373e-01 +2.2530534815297173e-04 +2.6477238535470266e-04 +6.4280116465733575e-04 -4.8902308353110027e-05 +5.4788405416072669e-04
 44.50000000 +5.0000000000000000e+00 +2.0000796510079808e+00 +2.2507386551832843e-03 +9.9899346250472087e-01 +9.9987972834294536e-01 +9.9992600441355284e-01 +9.9998589768968649e-01 +9.9997905041950363e-01 +4.9168305320907997e-04 -1.2272660884359788e-04 +1.8995255851684512e-04 +3.3536071866296864e-04 +3.4158690697002280e-04
 45.00000000 +5.0000000000000000e+00 +2.0000921365276874e+00 +2.0435084813209738e-03 +9.9956285376795728e-01 +9.9985769622594389e-01 +9.9995267888353345e-01 +9.9994029355674519e-01 +9.9989432078027995e-01 +5.5002278394776331e-04 -3.5758746877816726e-05 -1.9086574903428631e-04 +4.6228581977359595e-04 +6.4726776583455547e-06
 45.50000000 +5.0000000000000000e+00 +2.0000217467274548e+00 +2.5949209113883126e-03 +9.9813898183600325e-01 +9.9985655392190731e-01 +9.9999621920120718e-01 +9.9990403475397249e-01 +9.9989073805847062e-01 +8.3869980860815368e-04 +5.3218508377036295e-04 +2.7131385010061449e-04 +4.0129717193572239e-04 +1.6997631462257361e-04
 46.00000000 +5.0000000000000000e+00 +1.9999750573894928e+00 +1.9569704530047714e-03 +9.9970271507581021e-01 +9.9993903057107791e-01 +9.9990954082227579e-01 +9.9982639989729449e-01 +9.9982901928064294e-01 +5.8072686570292866e-04 +5.8445384450343922e-05 -2.1905886481112536e-04 +5.4762069593437433e-04 -1.7443972943010112e-04
 46.50000000 +5.0000000000000000e+00 +2.0000659061654189e+00 +2.9886632253378021e-03 +9.9714858825911223e-01 +9.9981315891998401e-01 +9.9993618504238191e-01 +9.9988890893640592e-01 +1.0000216012757115e+00 +3.9373926937983457e-04 +6.5309740174252428e-04 +7.8903231432251892e-04 +9.1640647699669088e-04 +4.3928210680267330e-04
 47.00000000 +5.0000000000000000e+00 +2.0000032651640862e+00 +2.4605966970527244e-03 +9.9843359638535811e-01 +9.9988698465119064e-01 +9.9994080273713548e-01 +9.9997686604253733e-01 +9.9985300760442164e-01 +7.1867627308828388e-04 +9.7765062483906443e-04 -5.5022105762789631e-04 +4.9964222386253529e-04 +2.6299451596369458e-04
 47.50000000 +5.0000000000000000e+00 +2.0000414795340977e+00 +2.4995175885717045e-03 +9.9835860482989014e-01 +9.9990114535968211e-01 +9.9981511018309532e-01 +1.0000019976190788e+00 +9.9988738452115755e-01 +2.4215495657680040e-04 +6.8667851303514283e-04 +2.5189036948388099e-04 +1.7433973366592738e-04 +6.8069391350218547e-04
 48.00000000 +5.0000000000000000e+00 +1.9999977905870510e+00 +1.9640683329671328e-03 +9.9968816705532448e-01 +9.9992527750832183e-01 +9.9980718517963829e-01 +1.0000308609861750e+00 +9.9994983593688824e-01 -6.1986612645709160e-04 +3.1393290852279622e-04 +7.3096568083122270e-05 +7.1890730189984797e-04 +1.1260268064121031e-04
 48.50000000 +5.0000000000000000e+00 +2.0000376320446258e+00 +1.9322269195157478e-03 +9.9970488751947650e-01 +1.0000557070568601e+00 +9.9985895696639937e-01 +9.9991052930327351e-01 +9.9990226326041054e-01 +1.2935645225905766e-04 -1.9374844143708623e-04 -6.8032743782336209e-04 +2.7491281454997206e-04 +1.0374625048383908e-03
 49.00000000 +5.0000000000000000e+00 +2.0000571110026484e+00 +2.9416989895218720e-03 +9.9723499309866048e-01 +9.9985901539394473e-01 +9.9992513072829137e-01 +9.9984483799193202e-01 +1.0000043940202901e+00 +1.2124336388398018e-03 +4.9016783772900890e-04 +3.7253718663349928e-04 +1.8723123039636192e-04 +8.6925887458037115e-04
 49.50000000 +5.0000000000000000e+00 +1.9999522251786188e+00 +1.9743198062275287e-03 +9.9957093315801981e-01 +9.9990581664299749e-01 +1.0000453313425033e+00 +9.9984503182787232e-01 +9.9989526387294958e-01 +3.4857550731172323e-04 +1.3291967791590305e-04 -1.6390573128386370e-04 +8.4781707538886979e-04 -4.2778337389879934e-04
 50.00000000 +5.0000000000000000e+00 +2.0000385800817519e+00 +1.6046085323849057e-03 +1.0005731436387297e+00 +9.9997572362136389e-01 +9.9979976831708217e-01 +9.9981935402086419e-01 +9.9985183615442930e-01 -6.6794418952023237e-04 -8.9041726582393728e-05 +7.3816301983174910e-04 -5.1458074068931234e-04 +5.1357788505856103e-04
 50.50000000 +5.0000000000000000e+00 +1.9999479136918723e+00 +2.2730551327577054e-03 +9.9883463022394869e-01 +9.9998744455369759e-01 +9.9987052371049467e-01 +9.9997263718435858e-01 +9.9960232367191493e-01 +9.2520622412699228e-04 -6.1322177313170514e-05 +5.4980367784991896e-04 +6.4388795588052349e-04 -3.2513502586686502e-04
 51.00000000 +5.0000000000000000e+00 +1.9998093268796269e+00 +1.1015207873080470e-03 +1.0017495156634708e+00 +9.9990832712731748e-01 +1.0000051502312890e+00 +9.9978978884067171e-01 +9.9993617433490678e-01 +1.3701665306216433e-05 -2.7947456717277407e-04 -7.7166044143152661e-04 -5.1988077964357042e-04 +1.6835792533749754e-04
 51.50000000 +5.0000000000000000e+00 +1.9999145260134472e+00 +2.8948375858643314e-03 +9.9732016766837017e-01 +1.0001158326188138e+00 +9.9988139041879431e-01 +9.9970900901325888e-01 +9.9985244018449160e-01 +6.9524329281809346e-04 +4.4824376140940376e-04 +6.8383792397512814e-04 +6.8321361806242828e-04 +6.1062150015040665e-04
 52.00000000 +5.0000000000000000e+00 +1.9999958393833428e+00 +2.2980943952867041e-03 +9.9879558485973940e-01 +9.9972468844157270e-01 +9.9989940831511370e-01 +1.0000328267556609e+00 +1.0000853536713958e+00 +2.7800494742154745e-04 +6.9200663425605263e-04 +5.3984428350858124e-04 +2.4608718366063372e-04 -2.9380509355053538e-04
 52.50000000 +5.0000000000000000e+00 +2.0000572881303231e+00 +2.5681520697152750e-03 +9.9822744718972733e-01 +1.0000692026082585e+00 +9.9975945683496359e-01 +1.0001074070618061e+00 +9.9993055555749666e-01 +1.0240042403226893e-03 +1.7047368985700025e-05 +8.6938543632746924e-04 -5.4435230257181993e-04 +5.3984600416930658e-04
 53.00000000 +5.0000000000000000e+00 +1.9998391161903040e+00 +2.6240589554134774e-03 +9.9790972727555038e-01 +9.9999554260985524e-01 +1.0000855578873893e+00 +9.9995353712601787e-01 +9.9992397760764418e-01 +2.9209934458984259e-04 +3.4290450432485146e-04 -2.6354375542781094e-04 +6.4040482625267177e-04 +1.1197925741222401e-03
 53.50000000 +5.0000000000000000e+00 +2.0001118966480078e+00 +2.2472395851418051e-03 +9.9897779153880362e-01 +9.9979550218050683e-01 +1.0000530697638392e+00 +9.9984171878638328e-01 +9.9990800743973662e-01 +3.2558617114967101e-05 +2.8114128922338726e-04 +1.2382673678772186e-03 -3.5536025376225756e-04 +2.2730327134167359e-04
 54.00000000 +5.0000000000000000e+00 +2.0000523734554139e+00 +2.5124984139048940e-03 +9.9833069219286652e-01 +9.9986841463154641e-01 +9.9993499115117590e-01 +9.9991571910737786e-01 +1.0000192629356486e+00 +1.2726169922318141e-03 +5.1595967213667116e-04 -6.6369128516424421e-04 +2.3071616346629465e-04 +5.7531843715384319e-04
 54.50000000 +5.0000000000000000e+00 +2.0001501040289473e+00 +2.7210863517867522e-03 +9.9784307123770455e-01 +9.9980769701500372e-01 +9.9973329803245281e-01 +1.0001094748578230e+00 +9.9967358772342119e-01 +7.4512399684087286e-04 +6.9271774486990786e-04 +7.5903707133650328e-04 -1.7607843779032342e-04 +8.1207075701471428e-04
 55.00000000 +5.0000000000000000e+00 +2.0000672274800237e+00 +2.2589975091901380e-03 +9.9891459356709522e-01 +1.0002974788359227e+00 +9.9991972235743454e-01 +9.9992675746103510e-01 +1.0002324713554269e+00 +5.4431219098905078e-04 -3.2526140677434996e-04 +3.7939969243032466e-04 -8.9967118425600217e-04 +1.0101971303588073e-03
 55.50000000 +5.0000000000000000e+00 +2.0001963183908642e+00 +1.8188906220499763e-03 +1.0000571907870055e+00 +1.0000802038280661e+00 +1.0001553517524002e+00 +1.0000369941972380e+00 +9.9995720981592695e-01 -2.2041537584093892e-04 -2.5090607630101370e-04 +3.9030411176452473e-04 -2.8755733429698216e-04 +8.1624294646470908e-05
 56.00000000 +5.0000000000000000e+00 +1.9999871185171703e+00 +1.5342570499372772e-03 +1.0006705148329855e+00 +1.0000907834976529e+00 +9.9966800487706020e-01 +9.9967150299148633e-01 +9.9987188745375699e-01 +4.6100587500583754e-05 -1.8745037979215622e-04 +6.8335669636716682e-04 +7.0130260552446315e-04 -1.2160031624899557e-03
 56.50000000 +5.0000000000000000e+00 +1.9997792935981133e+00 +2.8175649439417419e-03 +9.9733463578468506e-01 +9.9967860003892772e-01 +9.9962490749202881e-01 +9.9986707068776204e-01 +9.9965695670534294e-01 +1.3980068371859541e-03 +5.5061381819405746e-04 +1.1410849371849628e-03 +8.4447448373098149e-04 -9.6350784323962396e-05
 57.00000000 +5.0000000000000000e+00 +1.9998668135973166e+00 +2.8457160885992207e-03 +9.9730681032344948e-01 +9.9978544736223129e-01 +9.9975878174115884e-01 +9.9981023886199394e-01 +9.9984743998564973e-01 +1.5120583219921421e-03 +1.2211551021560304e-03 +7.7997188762214274e-04 -8.6391630415543082e-04 +8.4201271813853242e-04
 57.50000000 +5.0000000000000000e+00 +1.9998853871825881e+00 +2.5324910448585305e-03 +9.9811044338067945e-01 +1.0000922491663253e+00 +9.9975810386707564e-01 +9.9987527104731311e-01 +9.9998579056952341e-01 +7.2545263771939123e-05 -1.2407503260680108e-03 +7.6403652048531083e-04 +1.7020432018701888e-03 +8.8026730816111306e-04
 58.00000000 +5.0000000000000000e+00 +2.0000363248050679e+00 +2.0784797225204248e-03 +9.9945387961167564e-01 +9.9985586737306642e-01 +9.9999367442261833e-01 +9.9986676282453113e-01 +1.0000099892266170e+00 -5.6860186550362879e-04 +4.3556275196548203e-04 +3.1949893157248119e-04 +9.3791354087487653e-04 -3.0454681779692349e-04
 58.50000000 +5.0000000000000000e+00 +1.9999638174138323e+00 +2.2043729905845059e-03 +9.9908178120085744e-01 +9.9996974266354199e-01 +9.9974631087603516e-01 +9.9986933264179045e-01 +9.9959985046470923e-01 +6.5248181057030218e-04 +2.7725547196621092e-04 +5.8616468401712942e-04 +2.0039558495392329e-04 +1.6684600675577171e-05
 59.00000000 +5.0000000000000000e+00 +1.9999727022059151e+00 +1.7777154832145294e-03 +1.0001290201803363e+00 +1.0003799788469527e+00 +9.9980051160633432e-01 +9.9973804463382165e-01 +1.0000331576161758e+00 -4.1472539316208509e-04 -1.4179328786462794e-04 +1.4839072666421463e-03 -6.2761250145140421e-04 -3.8048896701983721e-04
 59.50000000 +5.0000000000000000e+00 +2.0000505411485667e+00 +2.0489296295577689e-03 +9.9952114296899786e-01 +9.9985193657205096e-01 +9.9987729291724714e-01 +9.9959569928506686e-01 +1.0000785306409126e+00 +2.4128654034220336e-04 +8.0519029569273615e-04 -4.5267931507202771e-04 -4.0917513274275616e-05 +5.2251760824757287e-04
 60.00000000 +5.0000000000000000e+00 +1.9997993420656421e+00 +3.6513463867046824e-03 +9.9527735517962779e-01 +9.9987266849354961e-01 +1.0000238258664855e+00 +9.9989307341534672e-01 +9.9980682585942282e-01 +1.9367627353095076e-03 -2.4409312850886918e-04 +1.5970546547194881e-03 +1.0150921972042438e-03 +8.2143472745118741e-04
 60.50000000 +5.0000000000000000e+00 +2.0002456643157047e+00 +1.2721359802791421e-03 +1.0015184395205667e+00 +9.9956857035626090e-01 +9.9932569612702982e-01 +9.9983398257535627e-01 +9.9967307917904957e-01 -6.4748538854182463e-04 -9.0647448972705491e-04 -2.7030320415149698e-05 +1.5559199841933783e-03 +1.0530245652334795e-04
 61.00000000 +5.0000000000000000e+00 +1.9999239721668416e+00 +1.8939039155997403e-03 +9.9969247572643183e-01 +9.9969695960731475e-01 +9.9952456393482614e-01 +9.9980137828812654e-01 +9.9956408402579611e-01 +1.4750121501311544e-03 +3.9450026770041939e-04 -1.8070496643822790e-04 -1.4922032574148295e-04 +1.8095129212344384e-04
 61.50000000 +5.0000000000000000e+00 +2.0001749632606085e+00 +1.4046451191120719e-03 +1.0010344300631797e+00 +9.9989902126107322e-01 +9.9985683059951969e-01 +1.0002139429214356e+00 +9.9985957458588737e-01 -5.0366851489508683e-04 -1.0606623497840726e-03 -6.8419111102967526e-04 +2.7647192334289655e-03 -1.3799966882627919e-03
 62.00000000 +5.0000000000000000e+00 +2.0003217863872553e+00 +3.2006677945964498e-03 +9.9658961124419709e-01 +1.0001718430167676e+00 +9.9987644476045967e-01 +9.9977801535157851e-01 +1.0000391401036863e+00 +1.3892316998426377e-03 +7.6810191160887843e-04 +4.8662255164405821e-04 +7.1527097097252423e-04 +1.8571838946564848e-04
 62.50000000 +5.0000000000000000e+00 +2.0000651963716147e+00 +1.9406351095345919e-03 +9.9963366691162159e-01 +9.9978639423316340e-01 +9.9903532143145857e-01 +1.0001466768482414e+00 +9.9970191112205908e-01 +3.1012865837169730e-05 -1.0002823706276192e-03 +4.1018014047252880e-04 +1.2355086048889501e-03 +1.0196102129054259e-03
 63.00000000 +5.0000000000000000e+00 +2.0001391151570544e+00 +1.9836136652258227e-03 +9.9954270955231417e-01 +9.9961399222531644e-01 +1.0001915654261893e+00 +9.9973389509929433e-01 +9.9943773517961332e-01 -6.0971490911743143e-04 +2.3784279989863227e-03 +2.2415545626976399e-05 -4.6395499654488365e-04 +1.5292887814958371e-04
 63.50000000 +5.0000000000000000e+00 +2.0000920187712277e+00 +2.8697243621828511e-03 +9.9741202317463484e-01 +9.9955796351191739e-01 +1.0002333981892073e+00 +9.9995168051170180e-01 +9.9955483105186482e-01 +9.7725026442179591e-04 -3.6226744348716859e-04 +2.3643783635042074e-04 -4.0649295704905470e-04 +2.8451758605330425e-03
 64.00000000 +5.0000000000000000e+00 +1.9997209802191553e+00 +3.4067646065970196e-03 +9.9581118855771378e-01 +9.9998521302485921e-01 +9.9965313578694504e-01 +9.9949721124318902e-01 +9.9945334705379796e-01 +1.3544295611883209e-03 +5.9395126076540819e-04 +1.5267426796495315e-03 -1.9792807998358786e-04 +2.3227089125974301e-03
 64.50000000 +5.0000000000000000e+00 +2.0000474267873010e+00 +3.0109812947824921e-03 +9.9702298088464592e-01 +9.9965463066642135e-01 +1.0001587266871581e+00 +9.9953670173787024e-01 +9.9988020240273678e-01 +1.1757683463291995e-03 +1.3502192912010955e-03 -2.6678626151890075e-04 +1.5681783014350090e-03 -8.0622056063733884e-05
 65.00000000 +5.0000000000000000e+00 +1.9999299066114762e+00 +2.0535173919653859e-03 +9.9950125463171757e-01 +9.9924028146159849e-01 +1.0004097409852584e+00 +1.0002341409537205e+00 +9.9978596875933401e-01 -1.3912497748817493e-05 -8.1961001604933593e-04 -4.3655712883411903e-05 +1.7282728164259761e-04 +1.5329641532929800e-03
 65.50000000 +5.0000000000000000e+00 +2.0002502891977154e+00 +1.9451636311613237e-03 +9.9987150804874170e-01 +9.9966214237637074e-01 +9.9940431966472298e-01 +9.9973214479480854e-01 +1.0001401172125475e+00 +9.5475957195894398e-04 -3.7359645058723725e-04 +6.0068660214833102e-05 +3.7096671936179119e-04 +1.7756940202367255e-04
 66.00000000 +5.0000000000000000e+00 +1.9995044812412026e+00 +1.9654402852357245e-03 +9.9941204020129160e-01 +1.0000719064517918e+00 +1.0000931699626874e+00 +9.9956003297344542e-01 +1.0004086123215274e+00 -3.3715842147024439e-04 +4.3874468502838452e-04 -1.2378480991236113e-04 -2.2758375775297704e-04 +7.0402039335964680e-04
 66.50000000 +5.0000000000000000e+00 +1.9999862084796887e+00 +3.1544007492555247e-03 +9.9685862953632332e-01 +9.9960282992525407e-01 +9.9939571711548292e-01 +1.0007083650499513e+00 +9.9950342432386252e-01 +1.9836612427202196e-03 +3.8813994476607550e-04 +8.1502475293692691e-04 +9.0318783568237664e-05 +6.5388932558927012e-04
 67.00000000 +5.0000000000000000e+00 +1.9995631194168930e+00 +3.3018996370359163e-03 +9.9644455330297343e-01 +1.0005556010713232e+00 +9.9984856703365577e-01 +9.9945181051320808e-01 +9.9970422523469193e-01 -6.0577546656731703e-04 +2.2341551580821976e-04 +1.1612054045978206e-04 +2.4964555042966538e-03 +1.7650267498594543e-03
 67.50000000 +5.0000000000000000e+00 +1.9998373775157610e+00 +1.0625492070958998e-03 +1.0018265795689576e+00 +9.9966353820483611e-01 +1.0004282378312279e+00 +1.0002401928780291e+00 +1.0001081903296423e+00 +1.5474769852149709e-03 +7.7106196558283420e-05 -2.0028830162212440e-03 -1.1270279352380000e-03 -7.6141104322550123e-04
 68.00000000 +5.0000000000000000e+00 +1.9999458415794709e+00 +3.1255283831131248e-03 +9.9678498332190935e-01 +1.0003552261631912e+00 +9.9983778570997872e-01 +9.9993409328844463e-01 +9.9901648223947526e-01 +1.7882268715234382e-03 +1.0632306306578854e-03 +1.4078827106106364e-03 -1.1976291886720350e-04 -6.8148017144620995e-05
 68.50000000 +5.0000000000000000e+00 +1.9994944351230812e+00 +1.4635811892567321e-03 +1.0006017622160057e+00 +9.9998253767389855e-01 +1.0004469616101881e+00 +9.9958938789841212e-01 +1.0008392807780515e+00 -1.0804133130230666e-03 -7.5667506126317764e-04 -1.6028709481764446e-03 +3.2799190001692874e-04 +1.6520372457881646e-03
 69.00000000 +5.0000000000000000e+00 +1.9997047738302898e+00 +1.8940168521377741e-03 +9.9969556899196188e-01 +1.0001468988608899e+00 +1.0004274582738686e+00 +9.9972512924469958e-01 +9.9949173041515227e-01 -4.6953991156032965e-04 +2.7647226964018497e-03 -5.8903865171915982e-04 -1.4711717649109589e-03 +2.7824184522392799e-04
 69.50000000 +5.0000000000000000e+00 +1.9994362036884676e+00 +2.6834606817898667e-03 +9.9788091522544065e-01 +1.0005178017484797e+00 +9.9999376418611619e-01 +9.9947785936239086e-01 +9.9972731020895478e-01 +2.6089479613106165e-03 +4.3555930695232285e-04 -1.1125017727587035e-03 +7.3710176281712600e-05 +3.9663359649116258e-04
 70.00000000 +5.0000000000000000e+00 +2.0002928187128912e+00 +1.2909407028450963e-03 +1.0016655984610061e+00 +9.9957479171525443e-01 +9.9971898496740474e-01 +1.0002188897817232e+00 +9.9906106474915124e-01 -1.8500081668505129e-04 +4.9012443736668138e-04 +1.6621953906847033e-03 -1.2911295553351175e-03 -9.1551913021983237e-04
 70.50000000 +5.0000000000000000e+00 +2.0001267852522329e+00 +3.4916747679321972e-03 +9.9555164313646105e-01 +9.9979637843677871e-01 +9.9993348627682566e-01 +9.9961344293358401e-01 +9.9935522112468544e-01 -2.0159626471621342e-05 +9.8110563523644777e-04 -5.1150266812457969e-04 +2.5505644253904143e-03 +2.7498203256222714e-03
 71.00000000 +5.0000000000000000e+00 +1.9999654868880667e+00 +2.2016416270987135e-03 +9.9906055041408037e-01 +9.9954260109043613e-01 +9.9968142323904285e-01 +1.0000517711001320e+00 +9.9965634843300533e-01 +2.1253067801468099e-04 +4.8101307442935382e-04 +1.5570705724827247e-03 +8.5299068126615306e-04 -1.0962992829781615e-03
 71.50000000 +5.0000000000000000e+00 +1.9996776395555134e+00 +2.2544933179009939e-03 +9.9838784214667253e-01 +9.9944516100613945e-01 +1.0003336516467332e+00 +1.0005242409877908e+00 +9.9900071486167052e-01 -3.1109303795838245e-04 +8.8085241156111169e-04 +1.2995449658648146e-04 +2.2639398627205929e-03 -6.5526438184448780e-04
 72.00000000 +5.0000000000000000e+00 +2.0008731197440182e+00 +2.9745818464454563e-03 +9.9716495148130757e-01 +1.0008860460359206e+00 +9.9953392669774621e-01 +1.0002086570168971e+00 +1.0008028010654946e+00 +2.5915644956561968e-03 -3.6651606655343761e-03 +3.0223258993489822e-03 +1.1618087957164557e-03 -1.7069208228527783e-03
 72.50000000 +5.0000000000000000e+00 +1.9998950025612765e+00 +1.2219349647774101e-03 +1.0015019841549415e+00 +9.9977791816372064e-01 +1.0003012359462222e+00 +1.0003633887859975e+00 +1.0001885341339640e+00 -3.1638166264621385e-03 +8.5291957971295662e-04 +1.1751565415547673e-03 +7.0386102066458361e-04 -1.7011817005208475e-03
 73.00000000 +5.0000000000000000e+00 +2.0003048649574011e+00 +5.3020616032735408e-03 +9.9117201534935362e-01 +9.9967875232049763e-01 +9.9936560874689806e-01 +9.9929822460745898e-01 +1.0003822773441835e+00 -2.0064966827686268e-04 +5.7009439172844942e-04 +3.3008927204297663e-03 +2.8183932903295544e-03 +3.6143908971730011e-03
 73.50000000 +5.0000000000000000e+00 +2.0009085045215822e+00 -9.4640815181383023e-05 +1.0049614619044147e+00 +9.9904008538298794e-01 +1.0002227903011873e+00 +1.0009584035982708e+00 +1.0004338918214641e+00 -2.2660208538251977e-03 -1.3561371040242260e-04 +5.5267551110405413e-04 +2.9427284917127772e-04 -4.0619468041746239e-03
 74.00000000 +5.0000000000000000e+00 +2.0007532894660733e+00 +6.6396084948207887e-04 +1.0030618802859341e+00 +1.0003634552278913e+00 +9.9988514919228355e-01 +9.9910284377907677e-01 +9.9885488951478962e-01 -2.2934663860185965e-03 +1.4049234665966612e-03 +2.5151607612491711e-03 +9.1855480552737064e-04 -3.8133906474562950e-03
 74.50000000 +5.0000000000000000e+00 +1.9999969650577891e+00 +5.4669485819063392e-04 +1.0033075322416072e+00 +1.0002635583054731e+00 +9.9944036163322048e-01 +9.9938255962266132e-01 +9.9907799055376856e-01 -3.0245736460703999e-04 -1.8448132971641297e-03 -2.7463523587028167e-03 +2.6908428423505423e-03 +7.3077782128320654e-04
 75.00000000 +5.0000000000000000e+00 +1.9998293214472496e+00 +2.8090098493659555e-03 +9.9716700631931232e-01 +1.0007923037377484e+00 +1.0003645241206869e+00 +1.0000436758504412e+00 +9.9947029857414782e-01 +2.8820838439559638e-03 -1.8242015216784560e-03 +5.3584915410662655e-03 -4.5455504135387421e-03 +2.9136794786317126e-04
