#PATCH_CHECK: SepMBpoisson v0.61 exact-bernoulli stratified-backward active
#discretizing the bath:
#     0 0.0000000000000000e+00 -6.3189999999999946e-01
#     1 5.0552502960343670e-03 -2.7561991631741245e-01
#     2 5.0552502960343670e-03 -2.5306107598991895e-01
#     3 5.0552502960343670e-03 -2.2890897275141478e-01
#     4 5.0552502960343670e-03 -2.0326252372014117e-01
#     5 5.0552502960343670e-03 -1.7620421537377490e-01
#     6 5.0552502960343670e-03 -1.4780420725879517e-01
#     7 5.0552502960343670e-03 -1.1812312887388349e-01
#     8 5.0552502960343670e-03 -8.7214060873365695e-02
#     9 5.0552502960343670e-03 -5.5123983263482501e-02
#sampling: jump_strength=1.2638125740085920e-02 jump_probability=1.2480396914593113e-02 log_scale=1.2558931178164597e-02 back_replicas=4 stratify_forward=0
#adaptive measurement: gap=2.7058308346366272e-02 period_steps=465 nmeas=91 nwf=200 tmax=1.0000000000000000e+02 forced_stride=0
  0.00000000 +5.0000000000000000e+00 +1.9999999999999998e+00 +1.8374661879283106e-03 +1.0000000000000000e+00 +1.0000000000000000e+00 +1.0000000000000000e+00 +1.0000000000000000e+00 +1.0000000000000000e+00 +0.0000000000000000e+00 +0.0000000000000000e+00 +0.0000000000000000e+00 +0.0000000000000000e+00 +0.0000000000000000e+00
  0.50000000 +5.0000000000000000e+00 +1.9999999998490492e+00 +1.8499853081898002e-03 +9.9996821696549099e-01 +9.9999999997818489e-01 +9.9999999997818489e-01 +9.9999999997818489e-01 +9.9999999997818489e-01 +6.3282579633197347e-06 +6.3068235927852600e-06 +6.3656881327605327e-06 +6.3979996465513085e-06 +6.3842432594918696e-06
  1.00000000 +5.0000000000000000e+00 +1.9999999995813103e+00 +1.8850905169801896e-03 +9.9987904190066734e-01 +9.9999999978833032e-01 +9.9999999982681520e-01 +9.9999999981698906e-01 +9.9999999981125753e-01 +2.4228254680794949e-05 +2.4150852120803881e-05 +2.4234089456975280e-05 +2.4229272824168308e-05 +2.4116491176786300e-05
  1.50000000 +5.0000000000000000e+00 +2.0000000072661348e+00 +1.9356098753223971e-03 +9.9975054944068797e-01 +9.9999999819771579e-01 +9.9999999822625107e-01 +9.9999999822419561e-01 +9.9999999811996965e-01 +5.0663390405269879e-05 +5.0339508223638081e-05 +4.9916852293198867e-05 +4.9632915535260656e-05 +4.8905005984288193e-05
  2.00000000 +5.0000000000000000e+00 +1.9999999907095845e+00 +1.9911327442878280e-03 +9.9960900997713220e-01 +9.9999999333123724e-01 +9.9999999321013311e-01 +9.9999999353198754e-01 +9.9999999333079959e-01 +8.0853770380945607e-05 +7.9473118133549034e-05 +7.8348424291270442e-05 +7.7257216373030613e-05 +7.5084152045139731e-05
  2.50000000 +5.0000000000000000e+00 +1.9999999963062320e+00 +2.0404642105399614e-03 +9.9948274064776621e-01 +9.9999998282873082e-01 +9.9999998266869095e-01 +9.9999998313352156e-01 +9.9999998346679231e-01 +1.0964641971489919e-04 +1.0642066251535065e-04 +1.0358311397645885e-04 +1.0087396074311459e-04 +9.6803257808891072e-05
  3.00000000 +5.0000000000000000e+00 +1.9999999430561128e+00 +2.0735726111299848e-03 +9.9939721407715154e-01 +9.9999996538720981e-01 +9.9999996508647204e-01 +9.9999996555712911e-01 +9.9999996642612332e-01 +1.3143216550587353e-04 +1.2640144065975201e-04 +1.2103017287585932e-04 +1.1565489378712542e-04 +1.0840463065066872e-04
  3.50000000 +5.0000000000000000e+00 +1.9999999393437538e+00 +2.0837354484378530e-03 +9.9936966326165400e-01 +9.9999993948603738e-01 +9.9999993967525558e-01 +9.9999994074180110e-01 +9.9999994156019578e-01 +1.4247131858374714e-04 +1.3503651095333021e-04 +1.2638054540095895e-04 +1.1836316413719829e-04 +1.0832353470221959e-04
  4.00000000 +5.0000000000000000e+00 +1.9999999566298354e+00 +2.0690456746626285e-03 +9.9940524391241259e-01 +9.9999990703650410e-01 +9.9999990885386925e-01 +9.9999990988952236e-01 +9.9999991216948569e-01 +1.4114148913551753e-04 +1.3073970690906310e-04 +1.1929036957502048e-04 +1.0814301614737587e-04 +9.5803656127839171e-05
  4.50000000 +5.0000000000000000e+00 +1.9999999624325981e+00 +2.0332560651332389e-03 +9.9949484096180841e-01 +9.9999987002507573e-01 +9.9999987230984666e-01 +9.9999987188052253e-01 +9.9999987624216924e-01 +1.2811484380220975e-04 +1.1531234179146636e-04 +1.0145120949394297e-04 +8.7241183092056667e-05 +7.3549109152125147e-05
  5.00000000 +5.0000000000000000e+00 +1.9999999524771399e+00 +1.9834562169390962e-03 +9.9962084142205854e-01 +9.9999983094153411e-01 +9.9999983697509931e-01 +9.9999983455228059e-01 +9.9999984147777321e-01 +1.0519597339963639e-04 +8.9786863480271033e-05 +7.4674617595958814e-05 +6.1451219585930770e-05 +4.8705966021610207e-05
  5.50000000 +5.0000000000000000e+00 +1.9999997772748079e+00 +1.9299454399211767e-03 +9.9975735146811828e-01 +9.9999979597279098e-01 +9.9999980488213824e-01 +9.9999980096382846e-01 +9.9999981433679408e-01 +7.6109347103718502e-05 +6.1793950580671926e-05 +4.7504882715961013e-05 +3.4207070056084638e-05 +2.3817372002237980e-05
  6.00000000 +5.0000000000000000e+00 +1.9999998121291742e+00 +1.8846756267091580e-03 +9.9987417846943616e-01 +9.9999976419582914e-01 +9.9999977514426974e-01 +9.9999977685987851e-01 +9.9999979242265846e-01 +4.7025150219440773e-05 +3.4775468593296447e-05 +2.3925865103572307e-05 +1.4070420630254297e-05 +6.9161792154397732e-06
  6.50000000 +5.0000000000000000e+00 +1.9999996974522678e+00 +1.8549418959075805e-03 +9.9995244594226751e-01 +9.9999974831106253e-01 +9.9999976647832345e-01 +9.9999976041156369e-01 +9.9999977154227182e-01 +2.3104707318501788e-05 +1.4936941590785916e-05 +7.2386826517237859e-06 +2.5497728293430930e-06 +6.7740058335860449e-07
  7.00000000 +5.0000000000000000e+00 +1.9999997056403904e+00 +1.8467403369368004e-03 +9.9997657419753228e-01 +9.9999973795990982e-01 +9.9999975006913899e-01 +9.9999975104536787e-01 +9.9999977304858079e-01 +8.0661278468775195e-06 +2.7425000494628134e-06 +1.2852068566433055e-06 +3.1805136585889129e-06 +9.1392949740430942e-06
  7.50000000 +5.0000000000000000e+00 +1.9999998338535341e+00 +1.8636038634170431e-03 +9.9993695819380402e-01 +9.9999973858907831e-01 +9.9999976686984371e-01 +9.9999976899594067e-01 +9.9999977931522499e-01 +4.3007273240372057e-06 +6.9383648728117811e-06 +9.8947127743456668e-06 +1.6753606417936818e-05 +2.6100480337274107e-05
  8.00000000 +5.0000000000000000e+00 +1.9999998090629538e+00 +1.8978895459255034e-03 +9.9985228215916044e-01 +9.9999974120245105e-01 +9.9999976050710804e-01 +9.9999976240673971e-01 +9.9999978209345808e-01 +1.2502817806109911e-05 +2.1001558889705973e-05 +3.0194110234126893e-05 +3.7012287309662183e-05 +4.7961002839770991e-05
  8.50000000 +5.0000000000000000e+00 +1.9999994776242360e+00 +1.9452553475514428e-03 +9.9973289859920800e-01 +9.9999974953019310e-01 +9.9999975740863900e-01 +9.9999976011029967e-01 +9.9999975427710142e-01 +3.1197863177026288e-05 +4.2407350933002847e-05 +5.4387810194795286e-05 +6.5130206437616020e-05 +7.4956837194187760e-05
  9.00000000 +5.0000000000000000e+00 +1.9999995377169384e+00 +1.9955288584140138e-03 +9.9960443302146873e-01 +9.9999973475601878e-01 +9.9999975368073768e-01 +9.9999974892030929e-01 +9.9999973985512403e-01 +5.7897425373125468e-05 +7.1148198666444559e-05 +8.2117032413749595e-05 +8.7647092081667754e-05 +9.7780017526261328e-05
  9.50000000 +5.0000000000000000e+00 +1.9999995433345352e+00 +2.0304814003617652e-03 +9.9951306883808644e-01 +9.9999974000862102e-01 +9.9999974291906624e-01 +9.9999971099331475e-01 +9.9999969644249531e-01 +8.2852939354065600e-05 +9.6201430473068456e-05 +1.0239863304906458e-04 +1.0470106588456047e-04 +1.0188677175230650e-04
 10.00000000 +5.0000000000000000e+00 +1.9999994163411701e+00 +2.0554304008340808e-03 +9.9944592763890572e-01 +9.9999971114795361e-01 +9.9999970226118062e-01 +9.9999968160963260e-01 +9.9999968147807972e-01 +1.0874833734905036e-04 +1.1663384748282017e-04 +1.1510170245000845e-04 +1.1092421419983392e-04 +1.0388785694958012e-04
 10.50000000 +5.0000000000000000e+00 +1.9999994290568763e+00 +2.0647303388036634e-03 +9.9941772072433155e-01 +9.9999964567517685e-01 +9.9999964513079354e-01 +9.9999962086977889e-01 +9.9999959874083921e-01 +1.2888203757903814e-04 +1.3141031013421067e-04 +1.1997871221167158e-04 +1.1001395791888459e-04 +9.3483928089589514e-05
 11.00000000 +5.0000000000000000e+00 +1.9999991473773848e+00 +2.0466216420279948e-03 +9.9945949920578758e-01 +9.9999957403171236e-01 +9.9999957313810961e-01 +9.9999953869102498e-01 +9.9999950758301903e-01 +1.3595248528725675e-04 +1.2699694691384707e-04 +1.1221152236613966e-04 +9.3734823099150816e-05 +7.3411815337698621e-05
 11.50000000 +5.0000000000000000e+00 +1.9999989998963148e+00 +2.0131225816890971e-03 +9.9954148062178994e-01 +9.9999952909614609e-01 +9.9999946324335165e-01 +9.9999949207212047e-01 +9.9999943257659130e-01 +1.3345561458598658e-04 +1.1429717507964270e-04 +9.6429104796019418e-05 +6.6340534178610530e-05 +5.0080159871154558e-05
 12.00000000 +5.0000000000000000e+00 +1.9999989629833603e+00 +1.9752484321870689e-03 +9.9963656517970467e-01 +9.9999942483760695e-01 +9.9999939886664646e-01 +9.9999937425163155e-01 +9.9999933168767630e-01 +1.2209160421440616e-04 +9.6699935361374662e-05 +7.4514532250914958e-05 +4.4389373772550066e-05 +2.8209649696305260e-05
 12.50000000 +5.0000000000000000e+00 +1.9999987121367073e+00 +1.9301822611370010e-03 +9.9975195637147274e-01 +9.9999935859995182e-01 +9.9999936101070874e-01 +9.9999932751021203e-01 +9.9999929335462756e-01 +9.8154464294519873e-05 +6.8081754195374583e-05 +4.5923647632335063e-05 +2.5669893604417568e-05 +1.2873290368150121e-05
 13.00000000 +5.0000000000000000e+00 +1.9999983209644456e+00 +1.8980700816256088e-03 +9.9983637487110832e-01 +9.9999938447021863e-01 +9.9999932975745354e-01 +9.9999922949626197e-01 +9.9999927186951854e-01 +7.4202073938824985e-05 +3.9576477872923411e-05 +3.1127442533829597e-05 +1.1687462567499836e-05 +9.8162194304061935e-06
 13.50000000 +5.0000000000000000e+00 +1.9999986877668832e+00 +1.8749549625448941e-03 +9.9989987374721290e-01 +9.9999932187592888e-01 +9.9999926578347065e-01 +9.9999924387860861e-01 +9.9999913172885702e-01 +4.9639042153113367e-05 +2.5728907121023193e-05 +1.1525845901465650e-05 +5.2569893361317984e-06 +1.1012087850429026e-05
 14.00000000 +5.0000000000000000e+00 +1.9999981661650998e+00 +1.8717899204798182e-03 +9.9991299602643713e-01 +9.9999930769403211e-01 +9.9999919947935523e-01 +9.9999911602233948e-01 +9.9999919331657228e-01 +2.2912311047408479e-05 +1.3756241035519886e-05 +1.2811374023593182e-05 +9.1804030716378887e-06 +3.1527267627506214e-05
 14.50000000 +5.0000000000000000e+00 +1.9999984317252926e+00 +1.8857248292613344e-03 +9.9988249708043919e-01 +9.9999934706490112e-01 +9.9999927289618362e-01 +9.9999918417550371e-01 +9.9999916093704611e-01 +1.1441290711346254e-05 +1.3958335664806505e-05 +1.5865867010519492e-05 +3.2199872449067988e-05 +4.7072437902011858e-05
 15.00000000 +5.0000000000000000e+00 +1.9999991428750388e+00 +1.9182993102017597e-03 +9.9980344480447436e-01 +9.9999921061122066e-01 +9.9999928700937135e-01 +9.9999919633072754e-01 +9.9999911266055774e-01 +1.5352851615686246e-05 +1.8988319825343433e-05 +3.8756575958275247e-05 +5.3427595778271351e-05 +7.3223227112664639e-05
 15.50000000 +5.0000000000000000e+00 +1.9999984560564836e+00 +1.9561954539055047e-03 +9.9970824830391158e-01 +9.9999924030622001e-01 +9.9999919629007628e-01 +9.9999915441730347e-01 +9.9999921379510293e-01 +2.5443849602841764e-05 +4.0839448031890952e-05 +5.6709780397553480e-05 +7.9658708478173428e-05 +9.2295133691614890e-05
 16.00000000 +5.0000000000000000e+00 +1.9999992564091476e+00 +1.9875033188570491e-03 +9.9962789662746354e-01 +9.9999929053506120e-01 +9.9999920725247404e-01 +9.9999916138546618e-01 +9.9999926515195059e-01 +4.7783745852045991e-05 +5.4817784615933464e-05 +7.9781916649188561e-05 +9.1639176825318434e-05 +1.0115636174753594e-04
 16.50000000 +5.0000000000000000e+00 +1.9999988273629004e+00 +2.0129611381463986e-03 +9.9955981419248896e-01 +9.9999943600193808e-01 +9.9999921370997258e-01 +9.9999925222683916e-01 +9.9999909643992058e-01 +6.1743055708728573e-05 +7.4111501962959001e-05 +9.7615549288002459e-05 +1.0952097883412092e-04 +1.0019627043786920e-04
 17.00000000 +5.0000000000000000e+00 +1.9999986966201508e+00 +2.0338086201027476e-03 +9.9950190004998307e-01 +9.9999938598470228e-01 +9.9999921704532124e-01 +9.9999916607441863e-01 +9.9999913320382450e-01 +8.0543051286269845e-05 +1.0408825224807457e-04 +1.1702503035055598e-04 +1.0863766479692766e-04 +9.0903837154435705e-05
 17.50000000 +5.0000000000000000e+00 +1.9999983328306852e+00 +2.0337561892954355e-03 +9.9949647487848137e-01 +9.9999932382408641e-01 +9.9999917759377988e-01 +9.9999905272459078e-01 +9.9999891076322367e-01 +1.0268609614095660e-04 +1.1512475686091879e-04 +1.1452772854396095e-04 +1.0173056619518681e-04 +7.2991059862157067e-05
 18.00000000 +5.0000000000000000e+00 +1.9999986221419503e+00 +2.0188605567498094e-03 +9.9952920239748355e-01 +9.9999931980207235e-01 +9.9999908219342926e-01 +9.9999890997916463e-01 +9.9999890152312598e-01 +1.1802477659078081e-04 +1.2603553335707309e-04 +1.0735029353958547e-04 +7.6465395060020918e-05 +4.6708101376803437e-05
 18.50000000 +5.0000000000000000e+00 +1.9999986390419049e+00 +1.9999648287150470e-03 +9.9957402168424458e-01 +9.9999924515220284e-01 +9.9999910758003407e-01 +9.9999879601973329e-01 +9.9999886840028906e-01 +1.3053236218878118e-04 +1.1914960455224561e-04 +9.4583537424750453e-05 +5.4799574230561953e-05 +3.0896214543662489e-05
 19.00000000 +5.0000000000000000e+00 +1.9999983825037337e+00 +1.9643290763318093e-03 +9.9966315575487419e-01 +9.9999924410283803e-01 +9.9999894998677841e-01 +9.9999897912621549e-01 +9.9999861236648535e-01 +1.1842817702873585e-04 +9.7329495711120145e-05 +6.2102758317169416e-05 +3.8933834436593689e-05 +2.4264433332542761e-05
 19.50000000 +5.0000000000000000e+00 +1.9999982562456255e+00 +1.9356689288025446e-03 +9.9973729050367255e-01 +9.9999924387574013e-01 +9.9999908465794940e-01 +9.9999896099997343e-01 +9.9999858457736346e-01 +1.0872034045165770e-04 +7.4769031723267746e-05 +4.9617712838037604e-05 +2.0842151008756523e-05 +1.2885960417208779e-05
 20.00000000 +5.0000000000000000e+00 +1.9999985693564251e+00 +1.9185382828903067e-03 +9.9978420456142725e-01 +9.9999938099808539e-01 +9.9999888095734013e-01 +9.9999852538442879e-01 +9.9999843061257987e-01 +8.1929886835225692e-05 +5.5793106001933962e-05 +3.4241614789288095e-05 +3.0751184590894515e-05 +1.7861785347290953e-05
 20.50000000 +5.0000000000000000e+00 +1.9999986993210697e+00 +1.9004478195944108e-03 +9.9983503245079863e-01 +9.9999917251591919e-01 +9.9999879946449255e-01 +9.9999878299053035e-01 +9.9999843877333450e-01 +5.9944332795835791e-05 +3.5746761843721131e-05 +2.6623799482704291e-05 +1.4696609771565585e-05 +3.2762261958285171e-05
 21.00000000 +5.0000000000000000e+00 +1.9999982850779094e+00 +1.9103608174103951e-03 +9.9981488998097945e-01 +9.9999914866511164e-01 +9.9999896331525717e-01 +9.9999870108131661e-01 +9.9999857523418123e-01 +5.2000774315815503e-05 +2.8012720132084483e-05 +9.0981359834770286e-06 +4.2675287433805815e-05 +5.7934856936440778e-05
 21.50000000 +5.0000000000000000e+00 +1.9999984771800301e+00 +1.9179186339315555e-03 +9.9980035234284492e-01 +9.9999895607731926e-01 +9.9999919917575997e-01 +9.9999848574985428e-01 +9.9999839161615400e-01 +3.3361874816706632e-05 +2.4158908631639091e-05 +2.1805940654750163e-05 +5.0350330779531997e-05 +7.4937899361850514e-05
 22.00000000 +5.0000000000000000e+00 +1.9999982796405775e+00 +1.9311058489955503e-03 +9.9976888485132842e-01 +9.9999889727424429e-01 +9.9999883104915244e-01 +9.9999845595164039e-01 +9.9999832158763446e-01 +1.2279061110834284e-05 +3.0643843349802697e-05 +4.3684024213507329e-05 +7.4036662101635271e-05 +7.5965696904052067e-05
 22.50000000 +5.0000000000000000e+00 +1.9999999997137430e+00 +1.9538972208081925e-03 +9.9971308203607812e-01 +9.9999925013545965e-01 +9.9999894900145314e-01 +9.9999826439483330e-01 +9.9999877024663053e-01 +2.0292134071256421e-05 +3.7987164855007453e-05 +5.2554019630033281e-05 +9.5765086731978155e-05 +8.5085798376953648e-05
 23.00000000 +5.0000000000000000e+00 +1.9999983395920078e+00 +1.9792912554205382e-03 +9.9964704252573344e-01 +9.9999934901783305e-01 +9.9999921212295484e-01 +9.9999857195986497e-01 +9.9999820981274490e-01 +2.6580439405394828e-05 +5.5598015243091408e-05 +9.0685059593379320e-05 +9.5400126149666954e-05 +8.9350876568349065e-05
 23.50000000 +5.0000000000000000e+00 +2.0000009445920885e+00 +1.9899531224136283e-03 +9.9961775497331307e-01 +9.9999933174053990e-01 +9.9999896406319078e-01 +9.9999878402323950e-01 +9.9999865155429180e-01 +5.4612509556206987e-05 +6.2437171596762433e-05 +9.4328959722157738e-05 +9.3909398541029929e-05 +8.1225475732032173e-05
 24.00000000 +5.0000000000000000e+00 +2.0000007843322094e+00 +2.0032683157102781e-03 +9.9957882458826697e-01 +9.9999968402222850e-01 +9.9999895304612363e-01 +9.9999854788408915e-01 +9.9999850147097569e-01 +7.5223676886008637e-05 +9.4924562279514739e-05 +9.2382894415127083e-05 +9.2647239913788308e-05 +7.0310466212306522e-05
 24.50000000 +5.0000000000000000e+00 +2.0000014338849144e+00 +1.9936649958594830e-03 +9.9959956207019107e-01 +9.9999932249627854e-01 +9.9999925732657924e-01 +9.9999869721915235e-01 +9.9999834179613500e-01 +9.1027809315755588e-05 +9.8367312010676331e-05 +1.0239731732421760e-04 +7.0753308173831348e-05 +4.2273247788192396e-05
 25.00000000 +5.0000000000000000e+00 +1.9999999851054555e+00 +2.0153292232973474e-03 +9.9954051281094769e-01 +9.9999935151293029e-01 +9.9999919714361074e-01 +9.9999864484023204e-01 +9.9999839569700211e-01 +1.1058792245430632e-04 +1.1984529781871063e-04 +1.1648022290802184e-04 +8.9542983749859437e-05 +2.7441571101297597e-05
 25.50000000 +5.0000000000000000e+00 +1.9999999735655316e+00 +1.9749125628675565e-03 +9.9964040655464526e-01 +9.9999906347900325e-01 +9.9999895403500971e-01 +9.9999835256424452e-01 +9.9999786240893451e-01 +1.2381884814953927e-04 +1.0307099978741208e-04 +7.3139270242117657e-05 +4.4709210325705462e-05 +2.0622552320197113e-05
 26.00000000 +5.0000000000000000e+00 +1.9999998334023235e+00 +1.9622010583200487e-03 +9.9967138532515254e-01 +9.9999955183940958e-01 +9.9999883624095343e-01 +9.9999788442966187e-01 +9.9999795021824178e-01 +1.1268428468106628e-04 +1.0645468361411522e-04 +6.3262252572809000e-05 +3.4071343871850563e-05 +1.7919381052133910e-05
 26.50000000 +5.0000000000000000e+00 +1.9999994349451171e+00 +1.9356307261214152e-03 +9.9973987802293340e-01 +9.9999967371512000e-01 +9.9999905820583601e-01 +9.9999848152312598e-01 +9.9999755502033394e-01 +1.0104178134220906e-04 +8.3479966810330529e-05 +4.8646358709803717e-05 +1.1019914649778509e-05 +2.1165473365421782e-05
 27.00000000 +5.0000000000000000e+00 +1.9999979989629970e+00 +1.9358916578522073e-03 +9.9974058464099347e-01 +9.9999936005200751e-01 +9.9999851508127857e-01 +9.9999829788186645e-01 +9.9999847912682960e-01 +9.6793166030725904e-05 +7.1982036218785542e-05 +4.4310183799726877e-05 +1.8774985583515622e-05 +3.2902857229162476e-05
 27.50000000 +5.0000000000000000e+00 +1.9999978801817526e+00 +1.9272372940584053e-03 +9.9976663452719694e-01 +9.9999992815943717e-01 +9.9999851407475249e-01 +9.9999833116780723e-01 +9.9999797322248951e-01 +8.8652545468154956e-05 +4.8214364657694905e-05 +2.8064111416327777e-05 +2.6213817238090380e-05 +4.7474076820148380e-05
 28.00000000 +5.0000000000000000e+00 +1.9999961802088155e+00 +1.9300276225354574e-03 +9.9976199948912203e-01 +9.9999913929604201e-01 +9.9999919492404943e-01 +9.9999841726654370e-01 +9.9999756029520159e-01 +8.1609668389405818e-05 +3.5757507266251339e-05 +4.6828942832253167e-05 +3.0661865662457654e-05 +4.8830701249033286e-05
 28.50000000 +5.0000000000000000e+00 +1.9999985964916644e+00 +1.9431870211799732e-03 +9.9973285185347260e-01 +9.9999933264957430e-01 +9.9999893057893774e-01 +9.9999892572353843e-01 +9.9999859458508034e-01 +5.6989656708420959e-05 +3.4958141737024406e-05 +4.1320660334233187e-05 +5.1755418829821162e-05 +8.6340787188267048e-05
 29.00000000 +5.0000000000000000e+00 +1.9999979018745113e+00 +1.9365876821431116e-03 +9.9975185657943599e-01 +9.9999867406238130e-01 +9.9999853294130359e-01 +9.9999858598800406e-01 +9.9999788374949405e-01 +4.3769327441749286e-05 +1.6891486547803885e-05 +5.7448178366635633e-05 +5.1198062171722069e-05 +8.5159693243313682e-05
 29.50000000 +5.0000000000000000e+00 +1.9999993959897380e+00 +1.9506111628882501e-03 +9.9971845628716349e-01 +9.9999855243248226e-01 +9.9999902652562012e-01 +9.9999793803735271e-01 +9.9999829356414882e-01 +3.0419493565271923e-05 +1.7374871062701830e-05 +6.0774927575568632e-05 +9.6564062625639367e-05 +8.2599729753858633e-05
 30.00000000 +5.0000000000000000e+00 +1.9999989336849655e+00 +1.9680740087382924e-03 +9.9967202380476550e-01 +9.9999900556520405e-01 +9.9999891833209031e-01 +9.9999793370315659e-01 +9.9999779328890892e-01 +4.1717196692717622e-05 +3.7955757359591991e-05 +8.2727958677036379e-05 +9.2536522340967757e-05 +7.9387862591106268e-05
 30.50000000 +5.0000000000000000e+00 +1.9999984714793029e+00 +1.9855331108695816e-03 +9.9962560127665279e-01 +9.9999945860078243e-01 +9.9999881016175529e-01 +9.9999792936988940e-01 +9.9999729312091878e-01 +5.3012477796661272e-05 +5.8532231486172714e-05 +1.0467628344513099e-04 +8.8509845488191533e-05 +7.6176683994663870e-05
 31.00000000 +5.0000000000000000e+00 +1.9999980093727177e+00 +2.0029884704858671e-03 +9.9957918869962503e-01 +9.9999991153924805e-01 +9.9999870201460739e-01 +9.9999792503755092e-01 +9.9999679306014411e-01 +6.4305337655876554e-05 +7.9104294861126340e-05 +1.2661990339311950e-04 +8.4484031789684125e-05 +7.2966193743130892e-05
 31.50000000 +5.0000000000000000e+00 +1.9999988140100149e+00 +1.9821930128047708e-03 +9.9963055456794359e-01 +9.9999922836829191e-01 +9.9999885685097001e-01 +9.9999822211552170e-01 +9.9999691301262983e-01 +7.5970755480648044e-05 +7.4844243293435694e-05 +1.1150528782694411e-04 +6.3198163736589026e-05 +5.0706720569483908e-05
 32.00000000 +5.0000000000000000e+00 +1.9999996186542670e+00 +1.9613973753899176e-03 +9.9968192088021390e-01 +9.9999854519143117e-01 +9.9999901168867122e-01 +9.9999851919606009e-01 +9.9999703296615250e-01 +8.7636274128849217e-05 +7.0584154906402959e-05 +9.6390541626152623e-05 +4.1912111711153390e-05 +2.8447055008692168e-05
 32.50000000 +5.0000000000000000e+00 +2.0000004233054733e+00 +1.9406015582389780e-03 +9.9973328763644176e-01 +9.9999786200866547e-01 +9.9999916652771037e-01 +9.9999881627916587e-01 +9.9999715292071178e-01 +9.9301893601787147e-05 +6.6324029699550772e-05 +8.1275664789051387e-05 +2.0625875710992138e-05 +6.1871970582614739e-06
 33.00000000 +5.0000000000000000e+00 +1.9999999175898167e+00 +1.9394367487014673e-03 +9.9973547839309962e-01 +9.9999828320930917e-01 +9.9999877358718281e-01 +9.9999901126847568e-01 +9.9999714567868858e-01 +9.4533278251656224e-05 +6.4870795604154275e-05 +6.8566846032224401e-05 +2.3294495635418979e-05 +2.0042488217959094e-05
 33.50000000 +5.0000000000000000e+00 +1.9999994119113587e+00 +1.9382720248439810e-03 +9.9973766898861172e-01 +9.9999870437897054e-01 +9.9999838067555846e-01 +9.9999920624344285e-01 +9.9999713843719840e-01 +8.9765013667095794e-05 +6.3417668404460028e-05 +5.5858962099394394e-05 +2.5962919263872763e-05 +3.3896760222461468e-05
 34.00000000 +5.0000000000000000e+00 +1.9999989062700954e+00 +1.9371073866570668e-03 +9.9973985942299581e-01 +9.9999912551765313e-01 +9.9999798779283489e-01 +9.9999940120406861e-01 +9.9999713119624056e-01 +8.4997099809405355e-05 +6.1964648088674040e-05 +4.3152012887420761e-05 +2.8631146618011149e-05 +4.7750013184213624e-05
 34.50000000 +5.0000000000000000e+00 +1.9999987715737628e+00 +1.9373162427989894e-03 +9.9974089401877364e-01 +9.9999925919019184e-01 +9.9999820621291102e-01 +9.9999868275244730e-01 +9.9999684676674716e-01 +7.0061938475244272e-05 +5.9046812735486682e-05 +4.7709553542911391e-05 +3.5282207297314627e-05 +5.4010592714457369e-05
 35.00000000 +5.0000000000000000e+00 +1.9999986368874911e+00 +1.9375250833395790e-03 +9.9974192853726807e-01 +9.9999939285274497e-01 +9.9999842461667110e-01 +9.9999796435449340e-01 +9.9999656235850010e-01 +5.5127892781780608e-05 +5.6129195341502804e-05 +5.2266753754953050e-05 +4.1932771149445702e-05 +6.0270704586056021e-05
 35.50000000 +5.0000000000000000e+00 +1.9999985022112805e+00 +1.9377339082805854e-03 +9.9974296297848819e-01 +9.9999952650531465e-01 +9.9999864300411756e-01 +9.9999724601020135e-01 +9.9999627797149748e-01 +4.0194962604013286e-05 +5.3211795882301364e-05 +5.6823613561690476e-05 +4.8582838230071010e-05 +6.6530348851408062e-05
 36.00000000 +5.0000000000000000e+00 +1.9999968715506222e+00 +1.9474313634496529e-03 +9.9971918922258618e-01 +9.9999890941168779e-01 +9.9999853623974000e-01 +9.9999712701394516e-01 +9.9999648333672142e-01 +3.7641354513318225e-05 +6.1273516301609451e-05 +6.2589329129059246e-05 +5.4559758429744643e-05 +7.3690834704906276e-05
 36.50000000 +5.0000000000000000e+00 +1.9999952410153270e+00 +1.9571280730958100e-03 +9.9969541729436773e-01 +9.9999829236550219e-01 +9.9999842948357043e-01 +9.9999700802683755e-01 +9.9999668868615721e-01 +3.5087942739419893e-05 +6.9334616950352687e-05 +6.8354601438586261e-05 +6.0536219134544269e-05 +8.0850770073131944e-05
 37.00000000 +5.0000000000000000e+00 +1.9999936106053788e+00 +1.9668240373050257e-03 +9.9967164719362211e-01 +9.9999767536675188e-01 +9.9999832273560740e-01 +9.9999688904887685e-01 +9.9999689401980651e-01 +3.2534727259680426e-05 +7.7395097899998560e-05 +7.4119430541384784e-05 +6.6512220397455538e-05 +8.8010155019563070e-05
 37.50000000 +5.0000000000000000e+00 +1.9999943782616409e+00 +1.9632835361142139e-03 +9.9968012036011289e-01 +9.9999831884570167e-01 +9.9999914403795098e-01 +9.9999706942728839e-01 +9.9999694560624908e-01 +4.0553697984797804e-05 +7.3645377155449237e-05 +7.7025289986503101e-05 +7.1555922945319266e-05 +6.5621434911976510e-05
 38.00000000 +5.0000000000000000e+00 +1.9999951458279577e+00 +1.9597434497619069e-03 +9.9968859253380760e-01 +9.9999896224925533e-01 +9.9999996524406298e-01 +9.9999724978456517e-01 +9.9999699718664725e-01 +4.8571729131692041e-05 +6.9896095763539456e-05 +7.9930808953728699e-05 +7.6599034525434083e-05 +4.3235338077946913e-05
 38.50000000 +5.0000000000000000e+00 +1.9999959133043439e+00 +1.9562037781751976e-03 +9.9969706371488076e-01 +9.9999960557742595e-01 +1.0000007863539602e+00 +9.9999743012071074e-01 +9.9999704876100204e-01 +5.6588820865488220e-05 +6.6147253647055686e-05 +8.2835987502898479e-05 +8.1641555241658938e-05 +2.0851864056450068e-05
 39.00000000 +5.0000000000000000e+00 +1.9999984135196605e+00 +1.9649819957075708e-03 +9.9967467279982491e-01 +9.9999937086844726e-01 +1.0000002778871235e+00 +9.9999808177190741e-01 +9.9999701531145746e-01 +7.5830718562997296e-05 +6.3655250486774416e-05 +7.6015465503471053e-05 +7.6910781795669564e-05 +3.8169124100583515e-05
 39.50000000 +5.0000000000000000e+00 +2.0000009135295316e+00 +1.9737594919236857e-03 +9.9965228372465609e-01 +9.9999913617875458e-01 +9.9999976946206826e-01 +9.9999873336955691e-01 +9.9999698186466168e-01 +9.5071035131580884e-05 +6.1163452097266847e-05 +6.9195503954202442e-05 +7.2180397082790263e-05 +5.5484961165487146e-05
 40.00000000 +5.0000000000000000e+00 +2.0000034133339821e+00 +1.9825362669124453e-03 +9.9962989648914813e-01 +9.9999890150834581e-01 +9.9999926107878889e-01 +9.9999938491366624e-01 +9.9999694842061371e-01 +1.1430977076611576e-04 +5.8671858453294650e-05 +6.2376102786016217e-05 +6.7450401055109004e-05 +7.2799375426545488e-05
 40.50000000 +5.0000000000000000e+00 +2.0000019168907923e+00 +1.9809133476793549e-03 +9.9963206106579805e-01 +9.9999965776761957e-01 +9.9999977113445959e-01 +9.9999894646715437e-01 +9.9999757578524318e-01 +1.1552158770521332e-04 +6.3117300386726031e-05 +6.6609586296686058e-05 +6.0589500236566226e-05 +6.6149738475633705e-05
 41.00000000 +5.0000000000000000e+00 +2.0000004204065447e+00 +1.9792903839180587e-03 +9.9963422570183780e-01 +1.0000004140476428e+00 +1.0000002812041249e+00 +9.9999850800861267e-01 +9.9999820316708565e-01 +1.1673343789305948e-04 +6.7562864290214445e-05 +7.0843185961887449e-05 +5.3728411174767409e-05 +5.9499919077934798e-05
 41.50000000 +5.0000000000000000e+00 +1.9999989238812372e+00 +1.9776673756267244e-03 +9.9963639039726970e-01 +1.0000011703484164e+00 +1.0000007912877853e+00 +9.9999806953804105e-01 +9.9999883056614203e-01 +1.1794532133102262e-04 +7.2008550168779721e-05 +7.5076901786400840e-05 +4.6867133861965150e-05 +5.2849917225939937e-05
 42.00000000 +5.0000000000000000e+00 +1.9999992870264749e+00 +1.9720581411641069e-03 +9.9965157152447115e-01 +1.0000006690531658e+00 +1.0000006046478020e+00 +9.9999920969877598e-01 +9.9999815016180116e-01 +1.0924876830926873e-04 +5.7819572344986214e-05 +6.9699545346787976e-05 +5.3499521997739186e-05 +5.9527478774070358e-05
 42.50000000 +5.0000000000000000e+00 +1.9999996501789243e+00 +1.9664487952898643e-03 +9.9966675295320218e-01 +1.0000001677479577e+00 +1.0000004180041115e+00 +1.0000003498821561e+00 +9.9999746974394566e-01 +1.0055204255501350e-04 +4.3630312697161480e-05 +6.4322082101153687e-05 +6.0132041867200001e-05 +6.6205172953130002e-05
 43.00000000 +5.0000000000000000e+00 +2.0000000133385876e+00 +1.9608393380006780e-03 +9.9968193468347322e-01 +9.9999966643279303e-01 +1.0000002313567142e+00 +1.0000014900881837e+00 +9.9999678931257574e-01 +9.1855144063110746e-05 +2.9440771216909046e-05 +5.8944512046315888e-05 +6.6764693474272472e-05 +7.2882999767070480e-05
 43.50000000 +5.0000000000000000e+00 +2.0000029392010541e+00 +1.9629157019951751e-03 +9.9967742450694275e-01 +1.0000004759463152e+00 +9.9999965676540070e-01 +1.0000001472130760e+00 +9.9999608263739603e-01 +8.2491756453175212e-05 +4.2740050196227675e-05 +6.4742566614805922e-05 +6.1252192034355203e-05 +7.4986370322437825e-05
 44.00000000 +5.0000000000000000e+00 +2.0000058643606478e+00 +1.9649915671895910e-03 +9.9967291541388148e-01 +1.0000012852653699e+00 +9.9999908231211965e-01 +9.9999880466056401e-01 +9.9999537613197931e-01 +7.3130618188010777e-05 +5.6036134320769619e-05 +7.0539228330167419e-05 +5.5741014849804275e-05 +7.7089235590001494e-05
 44.50000000 +5.0000000000000000e+00 +2.0000087888176217e+00 +1.9670669337636436e-03 +9.9966840740389906e-01 +1.0000020943900270e+00 +9.9999850799682177e-01 +9.9999746243053156e-01 +9.9999466979626428e-01 +6.3771728457182497e-05 +6.9329024741635390e-05 +7.6334497694242878e-05 +5.0231161443492818e-05 +7.9191595751815780e-05
 45.00000000 +5.0000000000000000e+00 +2.0000078526775815e+00 +1.9595642139539743e-03 +9.9968929289692632e-01 +1.0000014022500505e+00 +9.9999843427210344e-01 +9.9999705196429023e-01 +9.9999506409032601e-01 +5.9871236030856050e-05 +7.0472123753424811e-05 +6.8182504106186148e-05 +4.7843837636581966e-05 +7.2384836879502075e-05
 45.50000000 +5.0000000000000000e+00 +2.0000069166125241e+00 +1.9520620951006078e-03 +9.9971017671705753e-01 +1.0000007101655135e+00 +9.9999836055328983e-01 +9.9999664153092649e-01 +9.9999545835280490e-01 +5.5971056027966321e-05 +7.1615131204743696e-05 +6.0031163480262037e-05 +4.5456705050631647e-05 +6.5578623218091867e-05
 46.00000000 +5.0000000000000000e+00 +2.0000059806224417e+00 +1.9445605771313439e-03 +9.9973105886449409e-01 +1.0000000181364093e+00 +9.9999828684038117e-01 +9.9999623113043656e-01 +9.9999585258370582e-01 +5.2071188410977876e-05 +7.2758047106592441e-05 +5.1880475738021796e-05 +4.3069763662668018e-05 +5.8772954702081976e-05
 46.50000000 +5.0000000000000000e+00 +2.0000029652405260e+00 +1.9575501248232075e-03 +9.9969605222137214e-01 +9.9999971848355884e-01 +9.9999876150185307e-01 +9.9999721985953549e-01 +9.9999597916141159e-01 +7.4457722992739918e-05 +6.7434959159438145e-05 +5.0747236667548407e-05 +4.7863290243872528e-05 +7.1765545292181771e-05
 47.00000000 +5.0000000000000000e+00 +1.9999999495055822e+00 +1.9705411932760034e-03 +9.9966104147982149e-01 +9.9999941879562637e-01 +9.9999923621889630e-01 +9.9999820870439060e-01 +9.9999610575393627e-01 +9.6846878494646305e-05 +6.2111248007813331e-05 +4.9613864922270104e-05 +5.2657378030757767e-05 +8.4759656999463859e-05
 47.50000000 +5.0000000000000000e+00 +1.9999969334175485e+00 +1.9835337827568142e-03 +9.9962602663912248e-01 +9.9999911907260564e-01 +9.9999971099152063e-01 +9.9999919766502232e-01 +9.9999623236128277e-01 +1.1923865537699323e-04 +5.6786913542268405e-05 +4.8480360478886043e-05 +5.7452027121884862e-05 +9.7755290091072801e-05
 48.00000000 +5.0000000000000000e+00 +1.9999983760331363e+00 +1.9771438762992964e-03 +9.9964339361642007e-01 +9.9999917007551919e-01 +1.0000001464970760e+00 +9.9999787893933889e-01 +9.9999717596916815e-01 +1.1064220798907274e-04 +4.5589464402337861e-05 +6.4678658007654284e-05 +6.2280619291436905e-05 +7.9043920814649799e-05
 48.50000000 +5.0000000000000000e+00 +1.9999998182107910e+00 +1.9707559096202405e-03 +9.9966075532163923e-01 +9.9999922106295003e-01 +1.0000005818704256e+00 +9.9999656061398001e-01 +9.9999811929060367e-01 +1.0204837021736501e-04 +3.4395414462506889e-05 +8.0872038233036360e-05 +6.7107745649376113e-05 +6.0338231732663288e-05
 49.00000000 +5.0000000000000000e+00 +2.0000012599507109e+00 +1.9643698818364945e-03 +9.9967811175718013e-01 +9.9999927203490480e-01 +1.0000010171116289e+00 +9.9999524268876328e-01 +9.9999906232571900e-01 +9.3457140873751856e-05 +2.3204762175171954e-05 +9.7060503393804813e-05 +7.1933406863063941e-05 +4.1638220259008078e-05
 49.50000000 +5.0000000000000000e+00 +1.9999995754024102e+00 +1.9593631810242251e-03 +9.9968982501901793e-01 +9.9999879905813660e-01 +1.0000013245343147e+00 +9.9999681640445703e-01 +9.9999736130925498e-01 +8.3949511552305228e-05 +4.0584108607341107e-05 +7.7844528353273481e-05 +7.9602894714017163e-05 +3.3892596368614580e-05
 50.00000000 +5.0000000000000000e+00 +1.9999978910446834e+00 +1.9543570466187448e-03 +9.9970153695573749e-01 +9.9999832613487649e-01 +1.0000016319222222e+00 +9.9999838994211698e-01 +9.9999566048522670e-01 +7.4442957826544265e-05 +5.7961488918471080e-05 +5.8630727211108469e-05 +8.7271514917761545e-05 +2.6147848738680711e-05
 50.50000000 +5.0000000000000000e+00 +1.9999962068774961e+00 +1.9493514785239429e-03 +9.9971324756756363e-01 +9.9999785326511492e-01 +1.0000019392753570e+00 +9.9999996330177277e-01 +9.9999395985360129e-01 +6.4937479513956460e-05 +7.5336903442183123e-05 +3.9419099598431726e-05 +9.4939267621523812e-05 +1.8403977220518190e-05
 51.00000000 +5.0000000000000000e+00 +1.9999923826312369e+00 +1.9468017636696878e-03 +9.9971916355311352e-01 +9.9999933126633755e-01 +1.0000006832165504e+00 +9.9999771530015547e-01 +9.9999600870677008e-01 +5.4621549889590152e-05 +8.7057314548802305e-05 +4.6534821790257533e-05 +8.0255084726187922e-05 +1.8629187015929094e-05
 51.50000000 +5.0000000000000000e+00 +1.9999885580066201e+00 +1.9442517965554611e-03 +9.9972508012397043e-01 +1.0000008094137887e+00 +9.9999942703347411e-01 +9.9999546707612907e-01 +9.9999805776264528e-01 +4.4304599642815370e-05 +9.8778885232371694e-05 +5.3651247987033555e-05 +6.5569449028568677e-05 +1.8854419092818472e-05
 52.00000000 +5.0000000000000000e+00 +1.9999847330035898e+00 +1.9417015771438244e-03 +9.9973099728022163e-01 +1.0000022877074899e+00 +9.9999817072610908e-01 +9.9999321862965995e-01 +1.0000001070212572e+00 +3.3986628622159328e-05 +1.1050161566498657e-04 +6.0768378293242690e-05 +5.0882360313052552e-05 +1.9079673454493159e-05
 52.50000000 +5.0000000000000000e+00 +1.9999878008097769e+00 +1.9502978516947624e-03 +9.9971143465902224e-01 +1.0000004288378637e+00 +9.9999681007990759e-01 +9.9999313273445223e-01 +9.9999970632450463e-01 +4.0118186357856113e-05 +9.0049985151658985e-05 +8.1151060912705174e-05 +5.8970587107687695e-05 +2.8197557393185096e-05
 53.00000000 +5.0000000000000000e+00 +1.9999908690286063e+00 +1.9588952825075855e-03 +9.9969186940650689e-01 +9.9999856971820600e-01 +9.9999544925068928e-01 +9.9999304682769063e-01 +9.9999930557385575e-01 +4.6250568832975073e-05 +6.9595603744242331e-05 +1.0153648515226005e-04 +6.7059901828063828e-05 +3.7316667754044963e-05
 53.50000000 +5.0000000000000000e+00 +1.9999939376601612e+00 +1.9674938698155974e-03 +9.9967230152214492e-01 +9.9999671034846604e-01 +9.9999408823841696e-01 +9.9999296090937329e-01 +9.9999890476929898e-01 +5.2383776213927616e-05 +4.9138470887676178e-05 +1.2192465156509648e-04 +7.5150304693696662e-05 +4.6437004784533537e-05
 54.00000000 +5.0000000000000000e+00 +1.9999882186484896e+00 +1.9736148168061716e-03 +9.9965368500394480e-01 +9.9999710823351196e-01 +9.9999489404738218e-01 +9.9999394074439851e-01 +9.9999612432671314e-01 +7.2891574450588623e-05 +6.6607676015337006e-05 +1.1646210031747538e-04 +7.2170224386338037e-05 +3.6116060758567642e-05
 54.50000000 +5.0000000000000000e+00 +1.9999825002117240e+00 +1.9797351484857973e-03 +9.9963507035717836e-01 +9.9999750607855997e-01 +9.9999569977534275e-01 +9.9999492048092509e-01 +9.9999334416363239e-01 +9.3397311131612933e-05 +8.4075125043299361e-05 +1.1100009819527403e-04 +6.9190443652891937e-05 +2.5796154250139569e-05
 55.00000000 +5.0000000000000000e+00 +1.9999767823497776e+00 +1.9858548649472527e-03 +9.9961645758156370e-01 +9.9999790388361676e-01 +9.9999650542231167e-01 +9.9999590011896811e-01 +9.9999056428001465e-01 +1.1390098656784314e-04 +1.0154081823634902e-04 +1.0553864511569500e-04 +6.6210962448188466e-05 +1.5477285102811809e-05
 55.50000000 +5.0000000000000000e+00 +1.9999786849344601e+00 +1.9821350236930951e-03 +9.9962498285981283e-01 +9.9999961091126111e-01 +9.9999842480744505e-01 +9.9999664265580945e-01 +9.9999125632198782e-01 +9.1940575605110292e-05 +1.0141532079129295e-04 +9.8631363134730522e-05 +5.3065551081596122e-05 +4.4029628232893206e-05
 56.00000000 +5.0000000000000000e+00 +1.9999805869509579e+00 +1.9784162933259267e-03 +9.9963350559208741e-01 +1.0000013174291214e+00 +1.0000003436193765e+00 +9.9999738497090063e-01 +9.9999194815729042e-01 +6.9986722861712684e-05 +1.0128986082457785e-04 +9.1726143932569147e-05 +3.9924065438030563e-05 +7.2573444540361849e-05
 56.50000000 +5.0000000000000000e+00 +1.9999824883995256e+00 +1.9746986733481936e-03 +9.9964202577952821e-01 +1.0000030234374266e+00 +1.0000022618583631e+00 +9.9999812706434144e-01 +9.9999263978601594e-01 +4.8039425400285939e-05 +1.0116443831941760e-04 +8.4822986585311773e-05 +2.6786503759197596e-05 +1.0110873784430094e-04
 57.00000000 +5.0000000000000000e+00 +1.9999836780748768e+00 +1.9864773474297767e-03 +9.9961274272482259e-01 +1.0000024849123947e+00 +9.9999964804812314e-01 +1.0000011412268948e+00 +9.9999280597822593e-01 +5.1666305862997415e-05 +9.5567906865247964e-05 +7.9612920378796691e-05 +5.0708511674616071e-05 +1.1362147610937328e-04
 57.50000000 +5.0000000000000000e+00 +1.9999848677260628e+00 +1.9982557822577807e-03 +9.9958346026492706e-01 +1.0000019463983016e+00 +9.9999703429097631e-01 +1.0000041553282233e+00 +9.9999297216706029e-01 +5.5293112654926919e-05 +8.9971489090272605e-05 +7.4402960001424733e-05 +7.4630033675748722e-05 +1.2613396021023422e-04
 58.00000000 +5.0000000000000000e+00 +1.9999860573530837e+00 +2.0100339778394961e-03 +9.9955417839982363e-01 +1.0000014078951469e+00 +9.9999442058692023e-01 +1.0000071693683283e+00 +9.9999313835251880e-01 +5.8919845778319040e-05 +8.4375184991027845e-05 +6.9193105449971468e-05 +9.8551069777400531e-05 +1.3864619015462764e-04
 58.50000000 +5.0000000000000000e+00 +1.9999816678381093e+00 +1.9859482393977928e-03 +9.9961401291555219e-01 +9.9999956366065845e-01 +9.9999615067591874e-01 +1.0000077935611813e+00 +9.9999040535788142e-01 +7.8277558455896608e-05 +6.7237779382159092e-05 +8.0195523492094332e-05 +6.5969152512049327e-05 +1.0039381814613683e-04
 59.00000000 +5.0000000000000000e+00 +1.9999772774762170e+00 +1.9618578538260220e-03 +9.9967385897582095e-01 +9.9999771907034152e-01 +9.9999788109872245e-01 +1.0000084178744666e+00 +9.9998767183593684e-01 +9.7639006032814498e-05 +5.0097067262548597e-05 +9.1200064353404137e-05 +3.3380948854120203e-05 +6.2134065681010434e-05
 59.50000000 +5.0000000000000000e+00 +1.9999728862671615e+00 +1.9377628197791213e-03 +9.9973371658397148e-01 +9.9999587412409319e-01 +9.9999961185542852e-01 +1.0000090423082193e+00 +9.9998493778653275e-01 +1.1700418959010069e-04 +3.2953047675161088e-05 +1.0220672864832896e-04 +7.8645698408194687e-07 +2.3866930623051709e-05
 60.00000000 +5.0000000000000000e+00 +1.9999732557828129e+00 +1.9522281486831980e-03 +9.9969849093313146e-01 +9.9999675538067312e-01 +1.0000003049661781e+00 +1.0000065868173298e+00 +9.9998653023930140e-01 +1.2079519733329983e-04 +5.5721807510643317e-05 +9.6432458493522731e-05 +4.3364054354924785e-06 +3.4045804788348495e-05
 60.50000000 +5.0000000000000000e+00 +1.9999736252867322e+00 +1.9666930182957757e-03 +9.9966326640074787e-01 +9.9999763660927188e-01 +1.0000009980549209e+00 +1.0000041314044050e+00 +9.9998812264150772e-01 +1.2458608470746746e-04 +7.8489844410759428e-05 +9.0658371678702449e-05 +7.8862411717923963e-06 +4.4224355762212172e-05
 61.00000000 +5.0000000000000000e+00 +1.9999739947789190e+00 +1.9811574286387281e-03 +9.9962804298676788e-01 +9.9999851780989124e-01 +1.0000016911216576e+00 +1.0000016760694415e+00 +9.9998971499315426e-01 +1.2837685171833625e-04 +1.0125715840994000e-04 +8.4884468195136370e-05 +1.1435964198349875e-05 +5.4402583560035078e-05
 61.50000000 +5.0000000000000000e+00 +1.9999743642593741e+00 +1.9956213797339270e-03 +9.9959282069113753e-01 +9.9999939898253210e-01 +1.0000023841663888e+00 +9.9999922081243486e-01 +9.9999130729424290e-01 +1.3216749837163846e-04 +1.2402374954261327e-04 +7.9110748034093265e-05 +1.4985574520532735e-05 +6.4580488197208525e-05
 62.00000000 +5.0000000000000000e+00 +1.9999747337280991e+00 +2.0100848716032458e-03 +9.9955759951380430e-01 +1.0000002801271963e+00 +1.0000030771891166e+00 +9.9999676563338247e-01 +9.9999289954477710e-01 +1.3595802467310618e-04 +1.4678961784320559e-04 +7.3337211186842542e-05 +1.8535072143708492e-05 +7.4758069689122940e-05
 62.50000000 +5.0000000000000000e+00 +1.9999751031850936e+00 +2.0245479042685539e-03 +9.9952237945471434e-01 +1.0000011612438848e+00 +1.0000037701898414e+00 +9.9999431053227983e-01 +9.9999449174475841e-01 +1.3974843062847104e-04 +1.6955476334614086e-04 +6.7563857644654056e-05 +2.2084457073244285e-05 +8.4935328051167678e-05
 63.00000000 +5.0000000000000000e+00 +1.9999754726303580e+00 +2.0390104777517192e-03 +9.9948716051381470e-01 +1.0000020423325988e+00 +1.0000044631685641e+00 +9.9999185550912317e-01 +9.9999608389418926e-01 +1.4353871624346414e-04 +1.9231918608584084e-04 +6.1790687398798272e-05 +2.5633729314506919e-05 +9.5112263298731173e-05
 63.50000000 +5.0000000000000000e+00 +1.9999738638249474e+00 +2.0230528337757034e-03 +9.9952636499819736e-01 +1.0000025703370778e+00 +1.0000049151582600e+00 +9.9999349465205822e-01 +9.9999696212007572e-01 +1.2636610518877481e-04 +1.7586103856504477e-04 +6.7271589629092296e-05 +2.7316915186276203e-05 +7.8877088279507399e-05
 64.00000000 +5.0000000000000000e+00 +1.9999722551098278e+00 +2.0070960853940281e-03 +9.9956556728229840e-01 +1.0000030983119237e+00 +1.0000053671225884e+00 +9.9999513370299942e-01 +9.9999784029667327e-01 +1.0919445791628796e-04 +1.5940381472845811e-04 +7.2752184253512835e-05 +2.9000006592237017e-05 +6.2642824430558667e-05
 64.50000000 +5.0000000000000000e+00 +1.9999706464849918e+00 +1.9911402325312987e-03 +9.9960476736630255e-01 +1.0000036262571383e+00 +1.0000058190615517e+00 +9.9999677266195441e-01 +9.9999871842398591e-01 +9.2023774344870081e-05 +1.4294751449832295e-04 +7.8232471297954919e-05 +3.0683003540341730e-05 +4.6409471675180436e-05
 65.00000000 +5.0000000000000000e+00 +1.9999690379504322e+00 +1.9751852751121305e-03 +9.9964396525039534e-01 +1.0000041541727249e+00 +1.0000062709751527e+00 +9.9999841152893088e-01 +9.9999959650201842e-01 +7.4854054393396713e-05 +1.2649213779689000e-04 +8.3712450788310679e-05 +3.2365906038541826e-05 +3.0177029936676774e-05
 65.50000000 +5.0000000000000000e+00 +1.9999674295061414e+00 +1.9592312130611478e-03 +9.9968316093476195e-01 +1.0000046820586856e+00 +1.0000067228633924e+00 +1.0000000503039368e+00 +1.0000004745307742e+00 +5.7685297980752460e-05 +1.1003768454641866e-04 +8.9192122750469290e-05 +3.4048714094787862e-05 +1.3945499138360306e-05
 66.00000000 +5.0000000000000000e+00 +1.9999658211521110e+00 +1.9432780463029822e-03 +9.9972235441958768e-01 +1.0000052099150232e+00 +1.0000071747262740e+00 +1.0000016889869794e+00 +1.0000013525102578e+00 +4.0517505025831137e-05 +9.3584154669177142e-05 +9.4671487210317096e-05 +3.5731427717029546e-05 -2.2851207964476755e-06
 66.50000000 +5.0000000000000000e+00 +1.9999642128883344e+00 +1.9273257747622738e-03 +9.9976154570505726e-01 +1.0000057377417397e+00 +1.0000076265637989e+00 +1.0000033275780669e+00 +1.0000022304404732e+00 +2.3350675447535548e-05 +7.7131548087442270e-05 +1.0015054419373746e-04 +3.7414046913215660e-05 -1.8514829944417328e-05
 67.00000000 +5.0000000000000000e+00 +1.9999639835853482e+00 +1.9421880973913240e-03 +9.9972336520926786e-01 +1.0000049349889772e+00 +1.0000088572235541e+00 +1.0000042581215796e+00 +1.0000024559944627e+00 +3.5656590229242406e-05 +7.7444277352489797e-05 +9.3306372362531303e-05 +4.5346443050223390e-05 +4.3747896545753022e-06
 67.50000000 +5.0000000000000000e+00 +1.9999637543487807e+00 +1.9570461150837898e-03 +9.9968519577262593e-01 +1.0000041324687357e+00 +1.0000100875268434e+00 +1.0000051883955567e+00 +1.0000026814831198e+00 +4.7958940549049530e-05 +7.7756916034141463e-05 +8.6464182975553035e-05 +5.3276541534085806e-05 +2.7257779175397580e-05
 68.00000000 +5.0000000000000000e+00 +1.9999635251786030e+00 +1.9718998297098152e-03 +9.9964703739032690e-01 +1.0000033301809137e+00 +1.0000113174738214e+00 +1.0000061184001148e+00 +1.0000029069064724e+00 +6.0257727955425549e-05 +7.8069464171748375e-05 +7.9623975171591921e-05 +6.1204343362946249e-05 +5.0134141498278966e-05
 68.50000000 +5.0000000000000000e+00 +1.9999632960747860e+00 +1.9867492431384615e-03 +9.9960889005756892e-01 +1.0000025281254106e+00 +1.0000125470646433e+00 +1.0000070481353707e+00 +1.0000031322645491e+00 +7.2552953995942321e-05 +7.8381921804638867e-05 +7.2785748089936029e-05 +6.9129849534369956e-05 +7.3003879501780858e-05
 69.00000000 +5.0000000000000000e+00 +1.9999630670373016e+00 +2.0015943572377092e-03 +9.9957075376955384e-01 +1.0000017263021255e+00 +1.0000137762994634e+00 +1.0000079776014419e+00 +1.0000033575573779e+00 +8.4844620217275598e-05 +7.8694288972118453e-05 +6.5949500870371859e-05 +7.7053061045344570e-05 +9.5866996062797841e-05
 69.50000000 +5.0000000000000000e+00 +1.9999628380661199e+00 +2.0164351738744548e-03 +9.9953262852148506e-01 +1.0000009247109576e+00 +1.0000150051784364e+00 +1.0000089067984450e+00 +1.0000035827849876e+00 +9.7132728165205614e-05 +7.9006565713469974e-05 +5.9115232653183867e-05 +8.4973978892280441e-05 +1.1872349405655875e-04
 70.00000000 +5.0000000000000000e+00 +1.9999626091612133e+00 +2.0312716949145164e-03 +9.9949451430857006e-01 +1.0000001233518063e+00 +1.0000162337017169e+00 +1.0000098357264970e+00 +1.0000038079474065e+00 +1.0941727938461780e-04 +7.9318752067953475e-05 +5.2282942579154260e-05 +9.2892604071011207e-05 +1.4157337635662813e-04
 70.50000000 +5.0000000000000000e+00 +1.9999686403592332e+00 +2.0133166650317738e-03 +9.9954221633292872e-01 +9.9999917952337225e-01 +1.0000110881836650e+00 +1.0000082904055485e+00 +1.0000008659767117e+00 +9.0967609251093679e-05 +9.2210427782863792e-05 +5.7484093270857055e-05 +7.9764703926287517e-05 +1.1793273311946723e-04
 71.00000000 +5.0000000000000000e+00 +1.9999746726851282e+00 +1.9953582774337015e-03 +9.9958992727789686e-01 +9.9999823551843559e-01 +1.0000059417033653e+00 +1.0000067447956140e+00 +9.9999792345584748e-01 +7.2514488901077002e-05 +1.0510451433069659e-04 +6.2686216613873745e-05 +6.6634348773031722e-05 +9.4287668917779552e-05
 71.50000000 +5.0000000000000000e+00 +1.9999807061392161e+00 +1.9773965311783376e-03 +9.9963764714597747e-01 +9.9999729133694693e-01 +1.0000007942605480e+00 +1.0000051988966123e+00 +9.9999498038466017e-01 +5.4057917366655649e-05 +1.1800101238777892e-04 +6.7889312881068683e-05 +5.3501537922524031e-05 +7.0638182511322540e-05
 72.00000000 +5.0000000000000000e+00 +1.9999867407218130e+00 +1.9594314253233687e-03 +9.9968537593967455e-01 +9.9999634697885698e-01 +9.9999564585494327e-01 +1.0000036527084633e+00 +9.9999203676299542e-01 +3.5597893679555365e-05 +1.3089992263069081e-04 +7.3093382345408318e-05 +4.0366270685786915e-05 +4.6984272659389691e-05
 72.50000000 +5.0000000000000000e+00 +1.9999927764332344e+00 +1.9414629589261257e-03 +9.9973311366149153e-01 +9.9999540244411544e-01 +9.9999049648628036e-01 +1.0000021062310849e+00 +9.9998909259069813e-01 +1.7134416871139573e-05 +1.4380124573626528e-04 +7.8298425279961124e-05 +2.7228546373585055e-05 +2.3325938120810226e-05
 73.00000000 +5.0000000000000000e+00 +1.9999988132737996e+00 +1.9234911310435912e-03 +9.9978086031393509e-01 +9.9999445773267404e-01 +9.9998534615429013e-01 +1.0000005594643966e+00 +9.9998614786761453e-01 -1.3325140275905974e-06 +1.5670498238158889e-04 +8.3504441957897869e-05 +1.4088364296425359e-05 -3.3682234605090229e-07
 73.50000000 +5.0000000000000000e+00 +2.0000048512438227e+00 +1.9055159407323895e-03 +9.9982861589950989e-01 +9.9999351284448157e-01 +9.9998019485870082e-01 +9.9999901240831646e-01 +9.9998320259358919e-01 -1.9802899985996709e-05 +1.6961113324400108e-04 +8.8711432652491441e-05 +9.4572376455662031e-07 -2.4004009983293451e-05
 74.00000000 +5.0000000000000000e+00 +2.0000012092004456e+00 +1.9139123118801587e-03 +9.9980668993416244e-01 +9.9999391257037473e-01 +9.9998152975389787e-01 +1.0000008779424789e+00 +9.9998576253071669e-01 -2.1834054724827197e-05 +1.3486417270181346e-04 +7.5214637220039188e-05 +2.8902449851929777e-05 +1.4080050240320939e-05
 74.50000000 +5.0000000000000000e+00 +1.9999975674130179e+00 +1.9223080929599103e-03 +9.9978476550969586e-01 +9.9999431226817592e-01 +9.9998286455528262e-01 +1.0000027433455378e+00 +9.9998832228794010e-01 -2.3865066721105206e-05 +1.0011965405621955e-04 +6.1718790295838517e-05 +5.6857211236976744e-05 +5.2161434047480904e-05
 75.00000000 +5.0000000000000000e+00 +1.9999939258815140e+00 +1.9307032840338450e-03 +9.9976284262594839e-01 +9.9999471193788925e-01 +9.9998419926286564e-01 +1.0000046086175074e+00 +9.9999088186527918e-01 -2.5895935989877417e-05 +6.5377577049816331e-05 +4.8223891779906175e-05 +8.4810008126799021e-05 +9.0240141720310539e-05
 75.50000000 +5.0000000000000000e+00 +1.9999902846059066e+00 +1.9390978851641536e-03 +9.9974092128275727e-01 +9.9999511157951704e-01 +9.9998553387665690e-01 +1.0000064737584018e+00 +9.9999344126275280e-01 -2.7926662546188356e-05 +3.0637941425236939e-05 +3.4729941572272860e-05 +1.1276084072846896e-04 +1.2831617354089423e-04
 76.00000000 +5.0000000000000000e+00 +1.9999866435861682e+00 +1.9474918964130176e-03 +9.9971900147996040e-01 +9.9999551119306229e-01 +9.9998686839666573e-01 +1.0000083387682339e+00 +9.9999600048037984e-01 -2.9957246405080447e-05 -4.0992530748494230e-06 +2.1236939572983352e-05 +1.4070970924902988e-04 +1.6638952979127676e-04
 76.50000000 +5.0000000000000000e+00 +1.9999830028222718e+00 +1.9558853178426113e-03 +9.9969708321739481e-01 +9.9999591077852801e-01 +9.9998820282290202e-01 +1.0000102036470178e+00 +9.9999855951817873e-01 -3.1987687581593994e-05 -3.8834006707737231e-05 +7.7448856820964810e-06 +1.6865661389549585e-04 +2.0446021075346327e-04
 77.00000000 +5.0000000000000000e+00 +1.9999793623141913e+00 +1.9642781495150994e-03 +9.9967516649489874e-01 +9.9999631033591718e-01 +9.9998953715537642e-01 +1.0000120683947675e+00 +1.0000011183761692e+00 -3.4017986090767204e-05 -7.3566319730684969e-05 -5.7462202003148876e-06 +1.9660155487485209e-04 +2.4252821670941931e-04
 77.50000000 +5.0000000000000000e+00 +1.9999798202872507e+00 +1.9530731057596608e-03 +9.9970319303075883e-01 +9.9999451822372232e-01 +9.9999029721654709e-01 +1.0000119474486457e+00 +9.9999543836586358e-01 -2.2626136423912589e-05 -4.9233734147109839e-05 -3.3492164967813779e-06 +1.6412433088388987e-04 +2.1569047385205597e-04
 78.00000000 +5.0000000000000000e+00 +1.9999802783176950e+00 +1.9418666579834908e-03 +9.9973122307841578e-01 +9.9999272588697130e-01 +9.9999105737295535e-01 +1.0000118264873690e+00 +9.9998975764383813e-01 -1.1232859329066601e-05 -2.4898099628130870e-05 -9.5191244253381400e-07 +1.3164303741343468e-04 +1.8884936815665490e-04
 78.50000000 +5.0000000000000000e+00 +1.9999807364055360e+00 +1.9306588059226821e-03 +9.9975925663852971e-01 +9.9999093332562194e-01 +9.9999181762461931e-01 +1.0000117055109345e+00 +9.9998407620995933e-01 +1.6184546207814756e-07 -5.5941560065302846e-07 +1.4456920188834147e-06 +9.9157673698564220e-05 +1.6200489899111816e-04
 79.00000000 +5.0000000000000000e+00 +1.9999811945507828e+00 +1.9194495493132600e-03 +9.9978729371176078e-01 +9.9998914053963173e-01 +9.9999257797155650e-01 +1.0000115845193396e+00 +9.9997839406409272e-01 +1.1557978217896298e-05 +2.3782318508562363e-05 +3.8435969439400646e-06 +6.6668238974164519e-05 +1.3515706572318938e-04
 79.50000000 +5.0000000000000000e+00 +1.9999816527534473e+00 +1.9082388878911853e-03 +9.9981533429876956e-01 +9.9998734752895824e-01 +9.9999333841378490e-01 +1.0000114635125812e+00 +9.9997271120610487e-01 +2.2955539206829763e-05 +4.8127103272897716e-05 +6.2418023891200544e-06 +3.4174732474929833e-05 +1.0830586772045362e-04
 80.00000000 +5.0000000000000000e+00 +1.9999821110135412e+00 +1.8970268213923524e-03 +9.9984337840021653e-01 +9.9998555429355995e-01 +9.9999409895132285e-01 +1.0000113424906565e+00 +9.9996702763586209e-01 +3.4354528697387746e-05 +7.2474939265879075e-05 +8.6403084109214506e-06 +1.6771534353626010e-06 +8.1451304350337660e-05
 80.50000000 +5.0000000000000000e+00 +1.9999825693310731e+00 +1.8858133495525875e-03 +9.9987142601676249e-01 +9.9998376083339424e-01 +9.9999485958418777e-01 +1.0000112214535626e+00 +9.9996134335322973e-01 +4.5754946958146760e-05 +9.6825827061176349e-05 +1.1039115065856493e-05 -3.0824498910226712e-05 +5.4593374980109372e-05
 81.00000000 +5.0000000000000000e+00 +1.9999764271965661e+00 +1.9176393007739778e-03 +9.9979046961066642e-01 +9.9998777531810645e-01 +9.9999609127617384e-01 +1.0000060515543809e+00 +9.9996501056409948e-01 +5.7477403575516002e-05 +1.0625601319808316e-04 +1.8136821031878417e-05 -1.6205238274292846e-05 +8.8936682531755984e-05
 81.50000000 +5.0000000000000000e+00 +1.9999702863946904e+00 +1.9494583468588819e-03 +9.9970953076932501e-01 +9.9999178893181362e-01 +9.9999732270092490e-01 +1.0000008827768891e+00 +9.9996867697931047e-01 +6.9197316823094596e-05 +1.1568415330903109e-04 +2.5232987039892716e-05 -1.5891495149610273e-06 +1.2327253876719905e-04
 82.00000000 +5.0000000000000000e+00 +1.9999641469250136e+00 +1.9812704900543220e-03 +9.9962860948702281e-01 +9.9999580167479907e-01 +9.9999855385852809e-01 +9.9999571512072272e-01 +9.9997234259912171e-01 +8.0914687528528350e-05 +1.2511024805982379e-04 +3.2327613591021875e-05 +1.3023768399938908e-05 +1.5760094611119447e-04
 82.50000000 +5.0000000000000000e+00 +1.9999580087871005e+00 +2.0130757326063437e-03 +9.9954770575804608e-01 +9.9999981354734579e-01 +9.9999978474907014e-01 +9.9999054858551650e-01 +9.9997600742379156e-01 +9.2629516519104001e-05 +1.3453429811597598e-04 +3.9420701186170994e-05 +2.7633516502129333e-05 +1.9192190698744598e-04
 83.00000000 +5.0000000000000000e+00 +1.9999518719805198e+00 +2.0448740767600219e-03 +9.9946681957668460e-01 +1.0000038245497380e+00 +1.0000010153726386e+00 +9.9998538317090613e-01 +9.9997967145358002e-01 +1.0434180462174951e-04 +1.4395630414271385e-04 +4.6512250326027896e-05 +4.2240095822885104e-05 +2.2623542381860635e-04
 83.50000000 +5.0000000000000000e+00 +1.9999457365048370e+00 +2.0766655247594534e-03 +9.9938595093722948e-01 +1.0000078346822576e+00 +1.0000022457293198e+00 +9.9998021887652699e-01 +9.9998333468874445e-01 +1.1605155266303406e-04 +1.5337626680497491e-04 +5.3602261511063183e-05 +5.6843507393033707e-05 +2.6054149902627705e-04
 84.00000000 +5.0000000000000000e+00 +1.9999396023596197e+00 +2.1084500788477651e-03 +9.9930509983397531e-01 +1.0000118439451884e+00 +1.0000034758192005e+00 +9.9997505570201428e-01 +9.9998699712954364e-01 +1.2775876146916841e-04 +1.6279418676740830e-04 +6.0690735241530463e-05 +7.1443752242955630e-05 +2.9484013503100975e-04
 84.50000000 +5.0000000000000000e+00 +1.9999340046622891e+00 +2.0881530183775748e-03 +9.9935308440389503e-01 +1.0000100502810123e+00 +1.0000069576966719e+00 +9.9997841648614294e-01 +9.9999197959377939e-01 +1.2853419032130925e-04 +1.6541326104607370e-04 +4.9744007789868370e-05 +8.2731590305450698e-05 +2.3308848975088506e-04
 85.00000000 +5.0000000000000000e+00 +1.9999284063746523e+00 +2.0678538174755757e-03 +9.9940107403403977e-01 +1.0000082564276849e+00 +1.0000104399413254e+00 +9.9998177762468354e-01 +9.9999696258344217e-01 +1.2930970094650207e-04 +1.6803261151990067e-04 +3.8796125948205850e-05 +9.4020618729854675e-05 +1.7133033243489060e-04
 85.50000000 +5.0000000000000000e+00 +1.9999228074966147e+00 +2.0475524758031697e-03 +9.9944906872521044e-01 +1.0000064623851763e+00 +1.0000139225532194e+00 +9.9998513911769271e-01 +1.0000019460986149e+00 +1.3008529335768265e-04 +1.7065223823258094e-04 +2.7847089533928519e-05 +1.0531083770447239e-04 +1.0956566205287945e-04
 86.00000000 +5.0000000000000000e+00 +1.9999172080280843e+00 +2.0272489930216885e-03 +9.9949706847820752e-01 +1.0000046681534562e+00 +1.0000174055324120e+00 +9.9998850096522673e-01 +1.0000069301393815e+00 +1.3086096756778951e-04 +1.7327214122781533e-04 +1.6896898364383500e-05 +1.1660224741764840e-04 +4.7794477574487372e-05
 86.50000000 +5.0000000000000000e+00 +1.9999116079689667e+00 +2.0069433687923905e-03 +9.9954507329383191e-01 +1.0000028737324953e+00 +1.0000208888789610e+00 +9.9999186316734079e-01 +1.0000119147058237e+00 +1.3163672358976384e-04 +1.7589232054931393e-04 +5.9455522568793421e-06 +1.2789484805776689e-04 -1.3983222030867377e-05
 87.00000000 +5.0000000000000000e+00 +1.9999060073191690e+00 +1.9866356027764642e-03 +9.9959308317288464e-01 +1.0000010791222633e+00 +1.0000243725929248e+00 +9.9999522572409183e-01 +1.0000168997980261e+00 +1.3241256143654967e-04 +1.7851277624079609e-04 -5.0069489713138945e-06 +1.3918863981325199e-04 -7.5767437793983650e-05
 87.50000000 +5.0000000000000000e+00 +1.9999004060785970e+00 +1.9663256946350263e-03 +9.9964109811616675e-01 +9.9999928432273000e-01 +1.0000278566743612e+00 +9.9999858863553537e-01 +1.0000218854160712e+00 +1.3318848112109366e-04 +1.8113350834599026e-04 -1.5960605502964740e-05 +1.5048362287256736e-04 -1.3755817074587808e-04
 88.00000000 +5.0000000000000000e+00 +1.9999106925711103e+00 +1.9698257182328158e-03 +9.9963862633464029e-01 +9.9999779900545016e-01 +1.0000250224502016e+00 +1.0000022305855907e+00 +1.0000214965072118e+00 +1.4564496429246397e-04 +1.5755293327772492e-04 +8.3865411085656093e-06 +1.6507660686060634e-04 -1.6183592814906941e-04
 88.50000000 +5.0000000000000000e+00 +1.9999209737790848e+00 +1.9733239437434639e-03 +9.9963615582295673e-01 +9.9999631445123105e-01 +1.0000221896820842e+00 +1.0000058706646464e+00 +1.0000211077981489e+00 +1.5809504812348732e-04 +1.3398447239316332e-04 +3.2721179721208802e-05 +1.7966209391151369e-04 -1.8610121320108850e-04
 89.00000000 +5.0000000000000000e+00 +1.9999312497065920e+00 +1.9768203725522254e-03 +9.9963368658013685e-01 +9.9999483065948436e-01 +1.0000193583688872e+00 +1.0000095088741434e+00 +1.0000207192887283e+00 +1.7053873754425180e-04 +1.1042811635946934e-04 +5.7043319971198289e-05 +1.9424008980097228e-04 -2.1035403551070549e-04
 89.50000000 +5.0000000000000000e+00 +1.9999415203576982e+00 +1.9803150060429360e-03 +9.9963121860520388e-01 +9.9999334762962311e-01 +1.0000165285094902e+00 +1.0000131452155223e+00 +1.0000203309787965e+00 +1.8297603747978276e-04 +8.6883855853391305e-05 +8.1352971484871691e-05 +2.0881060029873387e-04 -2.3459440467682314e-04
 90.00000000 +5.0000000000000000e+00 +1.9999517857364673e+00 +1.9838078455980080e-03 +9.9962875189718126e-01 +9.9999186536106044e-01 +1.0000137001027731e+00 +1.0000167796902206e+00 +1.0000199428681993e+00 +1.9540695285004899e-04 +6.3351681561249479e-05 +1.0565014387868343e-04 +2.2337363116862644e-04 -2.5882233028848891e-04
 90.50000000 +5.0000000000000000e+00 +1.9999620458469582e+00 +1.9872988925984368e-03 +9.9962628645509466e-01 +9.9999038385321082e-01 +1.0000108731476187e+00 +1.0000204122996765e+00 +1.0000195549567843e+00 +2.0783148856996951e-04 +3.9831584178923916e-05 +1.2993484675921749e-04 +2.3792918816856204e-04 -2.8303782192490821e-04
 91.00000000 +5.0000000000000000e+00 +1.9999723006932242e+00 +1.9907881484237987e-03 +9.9962382227796853e-01 +9.9998890310548827e-01 +1.0000080476429090e+00 +1.0000240430453247e+00 +1.0000191672443974e+00 +2.2024964954941967e-04 +1.6323554411841983e-05 +1.5420708972319993e-04 +2.5247727705054394e-04 -3.0724088915545648e-04
 91.50000000 +5.0000000000000000e+00 +1.9999593857274016e+00 +1.9753119198785136e-03 +9.9965547868698146e-01 +9.9999280759219822e-01 +1.0000149044680786e+00 +1.0000223174371505e+00 +1.0000121391746917e+00 +1.6327063233863320e-04 +2.3309057127979728e-05 +1.3375675304708781e-04 +2.6634915676006997e-04 -2.8433296042327865e-04
 92.00000000 +5.0000000000000000e+00 +1.9999464733359793e+00 +1.9598387762816815e-03 +9.9968712878577548e-01 +9.9999671130060874e-01 +1.0000217599264458e+00 +1.0000205921729499e+00 +1.0000051125059237e+00 +1.0630297301975956e-04 +3.0293167391444716e-05 +1.1331049283148548e-04 +2.8021827132344070e-04 -2.6142959803483967e-04
 92.50000000 +5.0000000000000000e+00 +1.9999335635181876e+00 +1.9443687167109900e-03 +9.9971877257623709e-01 +1.0000006142309528e+00 +1.0000286140184187e+00 +1.0000188672526198e+00 +9.9999808723767447e-01 +4.9346668197105264e-05 +3.7275885618541519e-05 +9.2868307857644805e-05 +2.9408462156735803e-04 -2.3853080062492997e-04
 93.00000000 +5.0000000000000000e+00 +1.9999206562732563e+00 +1.9289017402444922e-03 +9.9975041006025200e-01 +1.0000045163834621e+00 +1.0000354667444060e+00 +1.0000171426760576e+00 +9.9999106336952570e-01 -7.5982855236697090e-06 +4.4257212225408789e-05 +7.2430196907303284e-05 +3.0794820831819402e-04 -2.1563656682888391e-04
 93.50000000 +5.0000000000000000e+00 +1.9999077516004176e+00 +1.9134378459606095e-03 +9.9978204123970560e-01 +1.0000084177583701e+00 +1.0000423181048157e+00 +1.0000154184431604e+00 +9.9998404090105830e-01 -6.4531891535552573e-05 +5.1237147628019338e-05 +5.1996158762684038e-05 +3.2180903240199157e-04 -1.9274689528257991e-04
 94.00000000 +5.0000000000000000e+00 +1.9998948494989019e+00 +1.8979770329381306e-03 +9.9981366611648215e-01 +1.0000123183559089e+00 +1.0000491681000565e+00 +1.0000136945538258e+00 +9.9997701983185461e-01 -1.2145415323017836e-04 +5.8215692242180188e-05 +3.1566192206495507e-05 +3.3566709464446435e-04 -1.6986178462244006e-04
 94.50000000 +5.0000000000000000e+00 +1.9998819499679412e+00 +1.8825193002562119e-03 +9.9984528469246525e-01 +1.0000162181763106e+00 +1.0000560167305359e+00 +1.0000119710079509e+00 +9.9997000016149618e-01 -1.7836507399783080e-04 +6.5192846483532691e-05 +1.1140296021931094e-05 +3.4952239587099718e-04 -1.4698123348542963e-04
 95.00000000 +5.0000000000000000e+00 +1.9998857933804646e+00 +1.9004003343832366e-03 +9.9979403909956810e-01 +1.0000145357641164e+00 +1.0000383366020213e+00 +1.0000098638760415e+00 +9.9998651474984179e-01 -1.4163831199839470e-04 +6.4988379373459834e-05 +1.0545714982932161e-05 +3.3022937690086699e-04 -1.0741525049340686e-04
 95.50000000 +5.0000000000000000e+00 +1.9998896357187630e+00 +1.9182763708007605e-03 +9.9974280782970060e-01 +1.0000128538221522e+00 +1.0000206614150633e+00 +1.0000077573330710e+00 +1.0000030247223963e+00 -1.0492181504772943e-04 +6.4783969411492126e-05 +9.9513001280189256e-06 +3.1094175028687941e-04 -6.7860326106144371e-05
 96.00000000 +5.0000000000000000e+00 +1.9998934769832866e+00 +1.9361474116037641e-03 +9.9969159087685944e-01 +1.0000111723502221e+00 +1.0000029911675912e+00 +1.0000056513787923e+00 +1.0000195300810952e+00 -6.8215578842848595e-05 +6.4579616573673810e-05 +9.3570513875289980e-06 +2.9165951376862285e-04 -2.8316455688006631e-05
 96.50000000 +5.0000000000000000e+00 +1.9998973171744847e+00 +1.9540134588860564e-03 +9.9964038823504298e-01 +1.0000094913481279e+00 +9.9998532585753364e-01 +1.0000035460129586e+00 +1.0000360308278717e+00 -3.1519599083170571e-05 +6.4375320836062395e-05 +8.7629686918389131e-06 +2.7238266508694894e-04 +1.1216365394051354e-05
 97.00000000 +5.0000000000000000e+00 +1.9999011562928082e+00 +1.9718745147402775e-03 +9.9958919989825457e-01 +1.0000078108156734e+00 +9.9996766548282245e-01 +1.0000014412353235e+00 +1.0000525269646585e+00 +5.1661285294832992e-06 +6.4171082174728874e-05 +8.1690519713641130e-06 +2.5311120198397169e-04 +5.0738141770485801e-05
 97.50000000 +5.0000000000000000e+00 +1.9999049943387059e+00 +1.9897305812578976e-03 +9.9953802586050000e-01 +1.0000061307526613e+00 +9.9995001004138906e-01 +9.9999933704564026e-01 +1.0000690184933876e+00 +4.1841608290890275e-05 +6.3966900565757591e-05 +7.5753011565589177e-06 +2.3384512220306659e-04 +9.0248878069165928e-05
 98.00000000 +5.0000000000000000e+00 +1.9999088313126274e+00 +2.0075816605292190e-03 +9.9948686611578863e-01 +1.0000044511588955e+00 +9.9993235953116699e-01 +9.9999723344366287e-01 +1.0000855054159894e+00 +7.8506844494428106e-05 +6.3762775985246211e-05 +6.9817161779164915e-06 +2.1458442348886960e-04 +1.2974857891537582e-04
 98.50000000 +5.0000000000000000e+00 +1.9999055849646656e+00 +2.0010514693094227e-03 +9.9951231803242169e-01 +1.0000143196358562e+00 +9.9994074481072426e-01 +9.9998814789747348e-01 +1.0000604707482510e+00 +8.9421512253089633e-05 +1.0445423088171597e-04 +2.5557899103442220e-05 +1.3839299731019381e-04 +1.2617223942414308e-04
 99.00000000 +5.0000000000000000e+00 +1.9999023365506865e+00 +1.9945171221919596e-03 +9.9953778614698230e-01 +1.0000241943932431e+00 +9.9994913542678165e-01 +9.9997905656912578e-01 +1.0000354201481285e+00 +1.0034312624666984e-04 +1.4517158234335318e-04 +4.4145904150661985e-05 +6.2153081928115062e-05 +1.2259362390446823e-04
 99.50000000 +5.0000000000000000e+00 +1.9998990860687171e+00 +1.9879786152082663e-03 +9.9956327047493776e-01 +1.0000340754370529e+00 +9.9995753138443455e-01 +9.9996995945309830e-01 +1.0000103536004072e+00 +1.1127169310828927e-04 +1.8591485509938753e-04 +6.2745742608793492e-05 -1.4135368960829597e-05 +1.1901273018291899e-04
100.00000000 +5.0000000000000000e+00 +1.9998958335167820e+00 +1.9814359443847255e-03 +9.9958877103177546e-01 +1.0000439627732904e+00 +9.9996593268878553e-01 +9.9996085654386224e-01 +9.9998527108985380e-01 +1.2220721947951664e-04 +2.2668407391054462e-04 +8.1357425781432844e-05 -9.0472401719076878e-05 +1.1542955608329495e-04
