#PATCH_CHECK: SepMBpoisson v0.61 exact-bernoulli stratified-backward active
#discretizing the bath:
#     0 0.0000000000000000e+00 -6.3189999999999946e-01
#     1 5.7735026918962571e-03 -2.0212127196610244e-01
#     2 5.7735026918962571e-03 -1.9343270591889275e-01
#     3 5.7735026918962571e-03 -1.8459708975840838e-01
#     4 5.7735026918962571e-03 -1.7561683129621780e-01
#     5 5.7735026918962571e-03 -1.6649422379326520e-01
#     6 5.7735026918962571e-03 -1.5723145476521522e-01
#     7 5.7735026918962571e-03 -1.4783061386829827e-01
#     8 5.7735026918962571e-03 -1.3829369998555327e-01
#     9 5.7735026918962571e-03 -1.2862262761479240e-01
#sampling: jump_strength=1.4433756729740645e-02 jump_probability=1.4228387643833112e-02 log_scale=1.4330581680401275e-02 back_replicas=4 stratify_forward=0
#adaptive measurement: gap=9.1226075029526010e-03 period_steps=1378 nmeas=150 nwf=150 tmax=7.5000000000000000e+01 forced_stride=0
  0.00000000 +5.0000000000000000e+00 +1.9999999999999998e+00 +1.8374661879283106e-03 +1.0000000000000000e+00 +1.0000000000000000e+00 +1.0000000000000000e+00 +1.0000000000000000e+00 +1.0000000000000000e+00 +0.0000000000000000e+00 +0.0000000000000000e+00 +0.0000000000000000e+00 +0.0000000000000000e+00 +0.0000000000000000e+00
  0.50000000 +5.0000000000000000e+00 +1.9999999998586730e+00 +1.8537731536437804e-03 +9.9995860056511343e-01 +9.9999999999921696e-01 +9.9999999999921696e-01 +9.9999999999921696e-01 +9.9999999999921696e-01 +8.1282148060685174e-06 +8.4620103708710452e-06 +8.2219118067148397e-06 +8.2599762132274086e-06 +8.3273209324419547e-06
  1.00000000 +5.0000000000000000e+00 +1.9999999992589581e+00 +1.8996272013654381e-03 +9.9984212312404597e-01 +9.9999999967354247e-01 +9.9999999965639519e-01 +9.9999999963067399e-01 +9.9999999969068976e-01 +3.1557664000237399e-05 +3.1724027403759813e-05 +3.1448985986560838e-05 +3.1511100186604445e-05 +3.1636443791281400e-05
  1.50000000 +5.0000000000000000e+00 +1.9999999951705263e+00 +1.9665016219807376e-03 +9.9967204412999111e-01 +9.9999999706360487e-01 +9.9999999661247330e-01 +9.9999999663381001e-01 +9.9999999723221888e-01 +6.5830860704010381e-05 +6.5980274419351678e-05 +6.5831622907236073e-05 +6.5335548133823592e-05 +6.4990060163419940e-05
  2.00000000 +5.0000000000000000e+00 +1.9999999477800692e+00 +2.0410385946453414e-03 +9.9948207520974608e-01 +9.9999998897867592e-01 +9.9999998793834832e-01 +9.9999998826316838e-01 +9.9999998993296613e-01 +1.0462827951504916e-04 +1.0457877137385098e-04 +1.0450450556820656e-04 +1.0211114870383192e-04 +1.0214695840566697e-04
  2.50000000 +5.0000000000000000e+00 +1.9999999463765494e+00 +2.1093004740645200e-03 +9.9930742695397567e-01 +9.9999997021846043e-01 +9.9999996991622653e-01 +9.9999997087461723e-01 +9.9999997293866094e-01 +1.4102184486649894e-04 +1.4019726764183748e-04 +1.3906226577132367e-04 +1.3590305339452959e-04 +1.3650459918250173e-04
  3.00000000 +5.0000000000000000e+00 +2.0000001933779088e+00 +2.1582659481688576e-03 +9.9918117066433920e-01 +9.9999994091034550e-01 +9.9999994073206000e-01 +9.9999994398104008e-01 +9.9999994323910557e-01 +1.6863648257212034e-04 +1.6629019575692503e-04 +1.6451748364490988e-04 +1.6015733224661628e-04 +1.5945900208227734e-04
  3.50000000 +5.0000000000000000e+00 +2.0000001024961165e+00 +2.1797907850102660e-03 +9.9912412301252163e-01 +9.9999989919204313e-01 +9.9999989915042187e-01 +9.9999989944933587e-01 +9.9999989985861149e-01 +1.8237352813520397e-04 +1.7946386029154258e-04 +1.7574676311313205e-04 +1.6998497308270432e-04 +1.6871021398559297e-04
  4.00000000 +5.0000000000000000e+00 +2.0000000589399534e+00 +2.1666267392890142e-03 +9.9915508889939808e-01 +9.9999983877684395e-01 +9.9999984598894398e-01 +9.9999985310696726e-01 +9.9999984813268661e-01 +1.7974122334810179e-04 +1.7339303094083264e-04 +1.6885391466630499e-04 +1.6566072037579023e-04 +1.5787619107562019e-04
  4.50000000 +5.0000000000000000e+00 +1.9999999174485532e+00 +2.1264593983324567e-03 +9.9925508174333921e-01 +9.9999977631239512e-01 +9.9999979457124899e-01 +9.9999980309267167e-01 +9.9999978730480554e-01 +1.6093266850679674e-04 +1.5566838742322184e-04 +1.4866207610170988e-04 +1.4354003659013348e-04 +1.3695375800644541e-04
  5.00000000 +5.0000000000000000e+00 +1.9999998493375371e+00 +2.0642581072917630e-03 +9.9941195579503994e-01 +9.9999972281457139e-01 +9.9999972091693068e-01 +9.9999974002859227e-01 +9.9999972748715749e-01 +1.3055321722794233e-04 +1.2619347057688540e-04 +1.1880043781246932e-04 +1.0810232256476452e-04 +1.0548347177486019e-04
  5.50000000 +5.0000000000000000e+00 +2.0000003212737649e+00 +1.9913339878181451e-03 +9.9959751576217637e-01 +9.9999963945223591e-01 +9.9999965550506442e-01 +9.9999967166544379e-01 +9.9999966213761238e-01 +9.2048695113204081e-05 +8.3384948039912213e-05 +7.9498838562352820e-05 +7.8056988721061051e-05 +7.0866027416874864e-05
  6.00000000 +5.0000000000000000e+00 +1.9999999290369286e+00 +1.9200505084078893e-03 +9.9978053814295653e-01 +9.9999961325709397e-01 +9.9999964023663801e-01 +9.9999964494025761e-01 +9.9999964401122898e-01 +5.2395616770782087e-05 +5.2060415854710679e-05 +4.1538675423390822e-05 +4.1290854148303911e-05 +3.3633852751190348e-05
  6.50000000 +5.0000000000000000e+00 +1.9999999281533691e+00 +1.8703453802006941e-03 +9.9991019089246236e-01 +9.9999959332533106e-01 +9.9999958130250999e-01 +9.9999960295680057e-01 +9.9999960882128947e-01 +2.7278009813046628e-05 +1.9402097026371056e-05 +1.8177912305813009e-05 +1.4721539595500635e-05 +1.1843122501432678e-05
  7.00000000 +5.0000000000000000e+00 +2.0000003470007339e+00 +1.8442433612928270e-03 +9.9998113674254718e-01 +9.9999955303030119e-01 +9.9999959126194349e-01 +9.9999963038424444e-01 +9.9999959568187591e-01 +7.8290444867372335e-06 -2.0182709226341778e-06 +5.5382949575966917e-06 +5.3313188051375967e-06 +3.8125806447566607e-06
  7.50000000 +5.0000000000000000e+00 +1.9999998909170595e+00 +1.8452075712807527e-03 +9.9998331705409405e-01 +9.9999955104776950e-01 +9.9999956479221808e-01 +9.9999959655356718e-01 +9.9999959829652108e-01 +1.5172526868540933e-07 +1.4011154949930793e-06 +7.2517320716078312e-06 +2.1464327601807930e-06 +7.4212706393209648e-06
  8.00000000 +5.0000000000000000e+00 +1.9999998773019243e+00 +1.8909661372099663e-03 +9.9987141118416756e-01 +9.9999951953872124e-01 +9.9999957632617287e-01 +9.9999960706875157e-01 +9.9999960130056909e-01 +1.5796506832844251e-05 +2.3114237036820073e-05 +2.8595460737084884e-05 +3.0243517942491628e-05 +3.2534848824811604e-05
  8.50000000 +5.0000000000000000e+00 +2.0000001832228338e+00 +1.9525282033364443e-03 +9.9971754649531064e-01 +9.9999952968953076e-01 +9.9999961262727088e-01 +9.9999961193623232e-01 +9.9999952428315542e-01 +5.3231154557296255e-05 +5.1156035325565860e-05 +5.7719926887030270e-05 +5.4574463361494068e-05 +6.7493375992567117e-05
  9.00000000 +5.0000000000000000e+00 +1.9999997051116229e+00 +2.0210088811338169e-03 +9.9954380859144443e-01 +9.9999944887026093e-01 +9.9999964318876811e-01 +9.9999950868021270e-01 +9.9999950196727139e-01 +8.6022702434947310e-05 +9.6919134423290395e-05 +9.2608254122193617e-05 +8.7530964510816291e-05 +9.5007686190042674e-05
  9.50000000 +5.0000000000000000e+00 +1.9999996943170324e+00 +2.0802186326632170e-03 +9.9939114129341533e-01 +9.9999941720732677e-01 +9.9999951555421396e-01 +9.9999951116820041e-01 +9.9999953624645899e-01 +1.1621002350027683e-04 +1.2751704876746268e-04 +1.2878422714457730e-04 +1.1740638393888845e-04 +1.2096079178609301e-04
 10.00000000 +5.0000000000000000e+00 +2.0000005549593127e+00 +2.1358093335418428e-03 +9.9924524961991423e-01 +9.9999932188825003e-01 +9.9999940694390443e-01 +9.9999939610574029e-01 +9.9999938368128705e-01 +1.5128334455371918e-04 +1.5712577866454927e-04 +1.5211339718655735e-04 +1.5486647285357198e-04 +1.4185279880201836e-04
 10.50000000 +5.0000000000000000e+00 +2.0000006867365148e+00 +2.1624048045999879e-03 +9.9917153627193622e-01 +9.9999928571855745e-01 +9.9999929232154583e-01 +9.9999926375501624e-01 +9.9999927261120980e-01 +1.7649623170820991e-04 +1.7553684891207438e-04 +1.5369573159535886e-04 +1.7507067219910407e-04 +1.5054978592640996e-04
 11.00000000 +5.0000000000000000e+00 +2.0000004540545397e+00 +2.1488019196515148e-03 +9.9919888837630955e-01 +9.9999917019193307e-01 +9.9999920545176391e-01 +9.9999910553778903e-01 +9.9999908525922054e-01 +1.7500019419430151e-04 +1.6581873424391128e-04 +1.5684953268247384e-04 +1.5169732415243147e-04 +1.5517940057462642e-04
 11.50000000 +5.0000000000000000e+00 +2.0000013976838020e+00 +2.1337375804183901e-03 +9.9923161809151184e-01 +9.9999889918994778e-01 +9.9999888965846995e-01 +9.9999916573998682e-01 +9.9999907930195675e-01 +1.8032488689461563e-04 +1.6054502129189821e-04 +1.5366134033038635e-04 +1.3889279829592329e-04 +1.3892394304203002e-04
 12.00000000 +5.0000000000000000e+00 +2.0000003974374301e+00 +2.0673556192233882e-03 +9.9939566948522285e-01 +9.9999867774873707e-01 +9.9999877704274676e-01 +9.9999889083081162e-01 +9.9999868289187444e-01 +1.4375182331968946e-04 +1.3332798220777020e-04 +1.1256323683736408e-04 +1.1464963542713859e-04 +1.0500929272971221e-04
 12.50000000 +5.0000000000000000e+00 +2.0000011300561837e+00 +2.0076804871191471e-03 +9.9954633380174407e-01 +9.9999857460045249e-01 +9.9999895148378692e-01 +9.9999866182757036e-01 +9.9999880497387927e-01 +1.1480644441114425e-04 +1.0927651418126995e-04 +9.3118486895623631e-05 +8.0533966123535919e-05 +6.0937893070303144e-05
 13.00000000 +5.0000000000000000e+00 +2.0000011353953497e+00 +1.9449425152676526e-03 +9.9970734392137361e-01 +9.9999837843234352e-01 +9.9999857619605603e-01 +9.9999864568612684e-01 +9.9999852466751848e-01 +7.9921799259103558e-05 +5.3286422937324666e-05 +5.7815197107991016e-05 +6.4276529298045544e-05 +4.3231191465399125e-05
 13.50000000 +5.0000000000000000e+00 +2.0000025877582854e+00 +1.8983404409406276e-03 +9.9983188616992891e-01 +9.9999846088408906e-01 +9.9999834240759145e-01 +9.9999847822610599e-01 +9.9999856905043583e-01 +6.6438758310417013e-05 +3.6889154897053150e-05 +2.9151795219020830e-05 +2.2965006146080374e-05 +1.8818546456696467e-05
 14.00000000 +5.0000000000000000e+00 +2.0000011819624612e+00 +1.8830073024065266e-03 +9.9987889684199782e-01 +9.9999842790281257e-01 +9.9999876754106287e-01 +9.9999867231177897e-01 +9.9999852313987425e-01 +2.4810442925061975e-05 +2.7876868018465274e-05 +2.5492642184594394e-05 +2.4492448995668541e-05 +2.4039859873860826e-05
 14.50000000 +5.0000000000000000e+00 +1.9999992535907545e+00 +1.8744609931936893e-03 +9.9990808853987823e-01 +9.9999815428997840e-01 +9.9999835209780730e-01 +9.9999841155378610e-01 +9.9999866812324223e-01 +3.2843536047327800e-05 +6.7566827370594926e-06 +2.0601947626226429e-05 +3.4557988383301169e-05 +3.5652460511778397e-06
 15.00000000 +5.0000000000000000e+00 +2.0000014315207668e+00 +1.8845145210330773e-03 +9.9989087531313336e-01 +9.9999807713318833e-01 +9.9999869494887561e-01 +9.9999865787570019e-01 +9.9999867656501773e-01 +1.3777863775455937e-05 +2.2781198234739626e-05 +2.4590776908269499e-05 +1.2297749800189943e-05 +4.1570624926536358e-05
 15.50000000 +5.0000000000000000e+00 +2.0000002795485803e+00 +1.9410585786282964e-03 +9.9975253447236168e-01 +9.9999829871436063e-01 +9.9999874719670212e-01 +9.9999860787201189e-01 +9.9999870320418138e-01 +4.2110581974908398e-05 +3.6100702772088072e-05 +5.2436512965120492e-05 +7.4515207094478855e-05 +4.7945559669075335e-05
 16.00000000 +5.0000000000000000e+00 +2.0000025670240102e+00 +1.9820378978017356e-03 +9.9965075329538411e-01 +9.9999809655132221e-01 +9.9999814604734039e-01 +9.9999819661512301e-01 +9.9999846292358496e-01 +4.2883157198431751e-05 +6.0817071218833135e-05 +6.6001526806513459e-05 +9.1462734120829434e-05 +9.5180075129964878e-05
 16.50000000 +5.0000000000000000e+00 +2.0000001606796340e+00 +2.0499725234728529e-03 +9.9947512236046054e-01 +9.9999802884280464e-01 +9.9999810536235478e-01 +9.9999807911272320e-01 +9.9999785815256159e-01 +6.7838139143758903e-05 +1.0056617914041722e-04 +1.0832005936350190e-04 +1.1965242364371965e-04 +1.3642939228340899e-04
 17.00000000 +5.0000000000000000e+00 +1.9999986241187808e+00 +2.1052417164817865e-03 +9.9932925188642285e-01 +9.9999841777242582e-01 +9.9999751116369262e-01 +9.9999815887173504e-01 +9.9999813472256849e-01 +1.2408992088415490e-04 +1.3818943291139495e-04 +1.6027728880907568e-04 +1.3920361579857851e-04 +1.1676536474414262e-04
 17.50000000 +5.0000000000000000e+00 +1.9999977337756261e+00 +2.1193559292557746e-03 +9.9928586081001214e-01 +9.9999788075351703e-01 +9.9999797090468523e-01 +9.9999862124790673e-01 +9.9999835036066820e-01 +1.1210617047101965e-04 +1.4882630317669020e-04 +1.4416885575890809e-04 +1.5007821700826197e-04 +1.6613640642471980e-04
 18.00000000 +5.0000000000000000e+00 +1.9999983206939946e+00 +2.1268194603576568e-03 +9.9925726152227523e-01 +9.9999798331755219e-01 +9.9999784254829416e-01 +9.9999729923248559e-01 +9.9999776876573498e-01 +1.5002349052725439e-04 +1.5641949829592599e-04 +1.6375083459124818e-04 +1.5132748669185295e-04 +1.3032333225140820e-04
 18.50000000 +5.0000000000000000e+00 +1.9999989506159122e+00 +2.1312318487082347e-03 +9.9923630775327077e-01 +9.9999714214154511e-01 +9.9999850948069691e-01 +9.9999797021584569e-01 +9.9999711428819271e-01 +1.6195643727134364e-04 +1.9130426535318243e-04 +1.6595186204288313e-04 +1.3770126684475886e-04 +1.1604229002346967e-04
 19.00000000 +5.0000000000000000e+00 +2.0000015951403434e+00 +2.0407869137786497e-03 +9.9946018802034031e-01 +9.9999705940062389e-01 +9.9999739303720270e-01 +9.9999765077655323e-01 +9.9999766543705237e-01 +1.3765837467656064e-04 +1.1343707671285908e-04 +9.7116799213561416e-05 +8.7277404856967055e-05 +1.1455365017062990e-04
 19.50000000 +5.0000000000000000e+00 +1.9999986264190022e+00 +2.0044745787698298e-03 +9.9954711375551641e-01 +9.9999641464474931e-01 +9.9999616625282495e-01 +9.9999710965197519e-01 +9.9999730654837304e-01 +1.0759530522620373e-04 +1.0096883769987064e-04 +9.4541059587329552e-05 +7.6537689976594755e-05 +8.6246220297160275e-05
 20.00000000 +5.0000000000000000e+00 +1.9999997525259703e+00 +1.9782514413807387e-03 +9.9961731060155434e-01 +9.9999734050810185e-01 +9.9999712261085827e-01 +9.9999696332385712e-01 +9.9999686170635904e-01 +9.9559832841894489e-05 +8.6631589172812281e-05 +7.8263589383638417e-05 +6.6914712860476950e-05 +6.3031498045695451e-05
 20.50000000 +5.0000000000000000e+00 +1.9999972859277260e+00 +1.9176101682309337e-03 +9.9977550362452738e-01 +9.9999721460434021e-01 +9.9999671545918301e-01 +9.9999571417531941e-01 +9.9999671116405042e-01 +5.2594339701869544e-05 +5.2931923858071233e-05 +3.1327941220783130e-05 +6.0780279931184201e-05 +4.0506476553574849e-05
 21.00000000 +5.0000000000000000e+00 +2.0000020625076078e+00 +1.9159886284380230e-03 +9.9979009958321430e-01 +9.9999657975399137e-01 +9.9999624837803425e-01 +9.9999748968598212e-01 +9.9999712655440698e-01 +3.4367538504151554e-05 +7.2163655568170204e-05 +4.4384565272035344e-05 +2.9454175925360528e-05 +4.2086129685376861e-05
 21.50000000 +5.0000000000000000e+00 +2.0000006503953092e+00 +1.8855747404816713e-03 +9.9987466078229970e-01 +9.9999775315867179e-01 +9.9999723436269439e-01 +9.9999639295233134e-01 +9.9999597936253137e-01 +4.9245065880495224e-06 +5.2631434774444235e-05 +2.6815411139506961e-05 +2.9877498022818340e-05 +2.3730549523151519e-05
 22.00000000 +5.0000000000000000e+00 +1.9999966445036110e+00 +1.9631997786055434e-03 +9.9968835667113076e-01 +9.9999517163686058e-01 +9.9999581804572935e-01 +9.9999629612626273e-01 +9.9999540796819353e-01 +4.2828257293361859e-05 +4.6393171564631501e-05 +8.2819775038152506e-05 +3.4208533529754856e-05 +1.2269982513948312e-04
 22.50000000 +5.0000000000000000e+00 +1.9999982541262247e+00 +1.9310590247749945e-03 +9.9977890593104413e-01 +9.9999529001196530e-01 +9.9999680818544978e-01 +9.9999797431887505e-01 +9.9999634778896185e-01 +3.7522021066947865e-06 +4.2039951420167973e-05 +6.3249645688072376e-05 +7.2613456040020177e-05 +5.3018509761040968e-05
 23.00000000 +5.0000000000000000e+00 +2.0000042508678391e+00 +1.9803150917032004e-03 +9.9965893702516240e-01 +9.9999657344881232e-01 +9.9999816781283124e-01 +9.9999763226462579e-01 +9.9999548232063540e-01 +3.7693725245758820e-05 +6.6681675467213420e-05 +1.0580995555092868e-04 +6.8900292143655005e-05 +7.4121510231518213e-05
 23.50000000 +5.0000000000000000e+00 +2.0000045516390577e+00 +2.0032186868505645e-03 +9.9960064191488884e-01 +9.9999696068792576e-01 +9.9999700626462851e-01 +9.9999667278725723e-01 +9.9999610861750432e-01 +3.7836485834259123e-05 +7.9688880249476133e-05 +1.1479231320546003e-04 +4.6269398949301295e-05 +1.3402264312632411e-04
 24.00000000 +5.0000000000000000e+00 +2.0000011757029594e+00 +2.0984208690712335e-03 +9.9935050225213551e-01 +9.9999505599919336e-01 +9.9999720571310369e-01 +9.9999602393345732e-01 +9.9999537289976881e-01 +1.6986423688761807e-04 +1.5249086525671073e-04 +1.2049778008327385e-04 +1.2629480905952372e-04 +9.6691533117445385e-05
 24.50000000 +5.0000000000000000e+00 +1.9999956017392466e+00 +2.1249256461904537e-03 +9.9927627074278580e-01 +9.9999535761445313e-01 +9.9999666709219748e-01 +9.9999554064405283e-01 +9.9999616435019434e-01 +1.3530833234558695e-04 +1.6122630062697952e-04 +1.3689574868341252e-04 +1.4625178634317207e-04 +1.6031738184550735e-04
 25.00000000 +5.0000000000000000e+00 +1.9999989352177117e+00 +2.1064592585704712e-03 +9.9931303643682046e-01 +9.9999525793610444e-01 +9.9999943345902853e-01 +9.9999589713377512e-01 +9.9999366733628547e-01 +1.1548137279666240e-04 +1.9089321821393174e-04 +1.2144158897644408e-04 +1.0841913585724152e-04 +1.6647236165208683e-04
 25.50000000 +5.0000000000000000e+00 +1.9999949620546809e+00 +2.0940946697100035e-03 +9.9933198872945572e-01 +9.9999557773806613e-01 +9.9999640193477846e-01 +9.9999414316054624e-01 +9.9999515031183761e-01 +1.2720795209134590e-04 +1.6848567276384478e-04 +1.3408412032854880e-04 +1.3424779036208735e-04 +1.2271259393660088e-04
 26.00000000 +5.0000000000000000e+00 +1.9999914336939451e+00 +2.0864412738842600e-03 +9.9934470022027366e-01 +9.9999815272646164e-01 +9.9999421702276248e-01 +9.9999475709744357e-01 +9.9999452280866352e-01 +1.4596540482649404e-04 +1.4993144911556604e-04 +1.1650991491199152e-04 +1.2796257921824500e-04 +1.3328077538173050e-04
 26.50000000 +5.0000000000000000e+00 +1.9999922431172017e+00 +1.9996965260264269e-03 +9.9956322971134570e-01 +9.9999304253105981e-01 +9.9999771641133017e-01 +9.9999392487203331e-01 +9.9999250736596501e-01 +1.2757399934302404e-04 +1.0977222147340093e-04 +1.3788006806582471e-04 +4.2966279336749927e-05 +4.1386551092982954e-05
 27.00000000 +5.0000000000000000e+00 +1.9999952369064762e+00 +2.0366715873318527e-03 +9.9947055027559906e-01 +9.9999674068244948e-01 +9.9999621501905100e-01 +9.9999680812781222e-01 +9.9999577674832441e-01 +1.7011649109144309e-04 +1.5472884793597510e-04 +1.1311746042492408e-04 +4.8394740884196249e-05 +5.7551583121361668e-05
 27.50000000 +5.0000000000000000e+00 +1.9999963347546033e+00 +1.9396486415635100e-03 +9.9972033966220109e-01 +9.9999435381944812e-01 +9.9999635420309774e-01 +9.9999444177863694e-01 +9.9999559363412427e-01 +5.6476450528241666e-05 +5.3563797339899972e-05 +7.9556104584254230e-05 +4.3487139256589698e-05 +6.5833434158324097e-05
 28.00000000 +5.0000000000000000e+00 +1.9999968341779124e+00 +1.8943469976424180e-03 +9.9984215859767800e-01 +9.9999578742817097e-01 +9.9999759619801420e-01 +9.9999544769447279e-01 +9.9999535609270973e-01 +8.2818630934619063e-05 +3.1944554377124072e-05 -5.9044106764095836e-06 +4.5044854421713371e-05 +1.9750357388165702e-05
 28.50000000 +5.0000000000000000e+00 +1.9999841488467009e+00 +1.8934803197407488e-03 +9.9984695945304680e-01 +9.9999411003431249e-01 +9.9999699718652291e-01 +9.9999147204730687e-01 +9.9999488155598293e-01 +9.4579319596065816e-05 -1.2560901192347391e-05 +2.7323476790585003e-05 +1.2411975994423271e-05 +5.3825866187754532e-05
 29.00000000 +5.0000000000000000e+00 +1.9999896474225007e+00 +1.9199266131274104e-03 +9.9979571621663876e-01 +9.9999326782746056e-01 +9.9999375397420998e-01 +9.9999465936754961e-01 +9.9999486827954931e-01 +2.3973772066678614e-05 +5.3537922929150909e-05 +1.8586796272639433e-05 +6.3681271442851597e-05 +6.7954573752876027e-05
 29.50000000 +5.0000000000000000e+00 +1.9999916588725344e+00 +1.9532405722766061e-03 +9.9972116732078453e-01 +9.9999194935125046e-01 +9.9999362097764499e-01 +9.9999448940498481e-01 +9.9999545593777517e-01 -1.2326157344976917e-05 +2.7175261352198438e-05 +8.2483251880967597e-05 +9.0144627443825056e-05 +1.1584003810868967e-04
 30.00000000 +5.0000000000000000e+00 +1.9999889696270663e+00 +1.9645397798523736e-03 +9.9969408275033056e-01 +9.9999598237031317e-01 +9.9999312906096605e-01 +9.9999916924268495e-01 +9.9999518287695888e-01 +4.9717221408636602e-05 +1.0699510027548772e-04 +9.8300863726387129e-05 +3.5526470259631513e-05 +3.1914032470590954e-05
 30.50000000 +5.0000000000000000e+00 +1.9999869083829664e+00 +1.9926938507171714e-03 +9.9962099467701337e-01 +9.9999294252703963e-01 +9.9999745018832631e-01 +9.9999305273219574e-01 +9.9999302656418076e-01 +1.0181759322638386e-04 +7.7121273346305330e-05 +9.2571394376204550e-05 +7.5191271479996312e-05 +5.5831787216395689e-05
 31.00000000 +5.0000000000000000e+00 +1.9999771988340169e+00 +2.0644318840940474e-03 +9.9943891632418635e-01 +9.9999461334066442e-01 +9.9999371806465820e-01 +9.9999447601427782e-01 +9.9999335833065106e-01 +9.7108981817665017e-05 +1.5944144483482923e-04 +1.2099927937608972e-04 +4.9173847135280976e-05 +1.5819435715375640e-04
 31.50000000 +5.0000000000000000e+00 +1.9999774171303275e+00 +2.0746856238105542e-03 +9.9940586101313800e-01 +9.9999132967785620e-01 +9.9999560099434071e-01 +9.9999665897443624e-01 +9.9999393795611191e-01 +1.0813456796320921e-04 +1.6479882680054059e-04 +9.3266428434883136e-05 +1.3327397856306261e-04 +1.1713759815005669e-04
 32.00000000 +5.0000000000000000e+00 +1.9999772600846868e+00 +2.0691497925267709e-03 +9.9940989217495846e-01 +9.9999428704228444e-01 +9.9999261256671590e-01 +9.9999213045332203e-01 +9.9999578584197624e-01 +1.2454443811401279e-04 +1.2022720130976730e-04 +5.5307350497648995e-05 +1.5093060275787177e-04 +1.6428233041426393e-04
 32.50000000 +5.0000000000000000e+00 +1.9999704308168436e+00 +2.0689474860409989e-03 +9.9939826972164203e-01 +9.9999425073377712e-01 +9.9999164496371851e-01 +9.9998879377723127e-01 +9.9999385045099398e-01 +1.1620854675771951e-04 +1.2413868422598391e-04 +1.3185759406558148e-04 +1.4900609607289227e-04 +1.1197941094458739e-04
 33.00000000 +5.0000000000000000e+00 +1.9999829610650777e+00 +2.0693905231588859e-03 +9.9939705187614047e-01 +9.9999862680122875e-01 +9.9999430300345149e-01 +9.9999495229395563e-01 +9.9998776968103398e-01 +9.7913901488441292e-05 +2.0261150288236601e-04 +1.6783647227808113e-04 +5.7097146184502545e-05 +1.0183732031006911e-04
 33.50000000 +5.0000000000000000e+00 +1.9999831781827635e+00 +2.0375057802795725e-03 +9.9947529401732527e-01 +9.9999707840480712e-01 +9.9999101393826872e-01 +9.9999221222387902e-01 +9.9999008947713697e-01 +4.2534636599503455e-05 +1.0587399325626640e-04 +1.0588026125799833e-04 +1.6894714165223957e-04 +1.3107591053074976e-04
 34.00000000 +5.0000000000000000e+00 +1.9999782780242004e+00 +1.9530934812776383e-03 +9.9968373517618536e-01 +9.9999106179801056e-01 +9.9999671276029212e-01 +9.9999519437674256e-01 +9.9999308140054155e-01 +1.2997706627844360e-04 +8.0116575767736633e-05 -5.8098490039430321e-06 +4.5506325255724393e-05 +9.0424373004742369e-05
 34.50000000 +5.0000000000000000e+00 +1.9999814327973124e+00 +2.0019673877094725e-03 +9.9956525755091286e-01 +9.9999700424940619e-01 +9.9998479201410206e-01 +9.9998803631881139e-01 +9.9999086738422216e-01 +1.3152754976209375e-04 +1.6905753694501164e-04 +5.2707029319141281e-05 +7.0720331977724079e-05 +5.0030014001220404e-05
 35.00000000 +5.0000000000000000e+00 +1.9999809086390288e+00 +1.9750473481082442e-03 +9.9963652123854907e-01 +9.9998467809401137e-01 +9.9998807377999166e-01 +9.9999154017719949e-01 +9.9999124680262119e-01 +1.6311697420887426e-05 +5.9935300007697770e-05 +1.0937299586893251e-04 +1.2703757336937572e-04 +9.5282341242618432e-05
 35.50000000 +5.0000000000000000e+00 +1.9999895442320663e+00 +1.8791668521062220e-03 +9.9988825200640319e-01 +9.9999315178834225e-01 +9.9999187460163941e-01 +9.9999094785155307e-01 +9.9998904944105393e-01 +7.9687196428260062e-05 +3.0902033848007937e-05 -2.2563908256575371e-05 +5.5850034856389214e-05 +2.8489428586166503e-06
 36.00000000 +5.0000000000000000e+00 +1.9999854998923705e+00 +2.0399749412366073e-03 +9.9948367134054306e-01 +9.9998907165314110e-01 +9.9999556944481505e-01 +9.9999731797429858e-01 +9.9999062201358646e-01 +1.6989612630254552e-04 +1.3721095601199331e-04 +1.2226213048365488e-04 +1.7102196510588397e-05 +9.7276164691808715e-05
 36.50000000 +5.0000000000000000e+00 +1.9999605969996379e+00 +1.9646404817463352e-03 +9.9967147336473017e-01 +9.9999426431157423e-01 +9.9998609798556726e-01 +9.9999516575493852e-01 +9.9998940741223685e-01 +6.3667012197986462e-05 +2.4009240806300761e-04 +9.7220582442414402e-05 -3.3201464982302495e-05 -4.1873611483237801e-06
 37.00000000 +5.0000000000000000e+00 +1.9999731883643688e+00 +1.9126754307465369e-03 +9.9981568986384672e-01 +9.9999354603117907e-01 +9.9999534510762045e-01 +9.9999395501675759e-01 +9.9999762432507056e-01 +7.2090080090024599e-07 +7.9511651795283130e-05 +1.0348711362236436e-04 -7.2546430067525869e-05 +9.2666415848948467e-05
 37.50000000 +5.0000000000000000e+00 +1.9999916104706084e+00 +2.0103482198496224e-03 +9.9957544268470599e-01 +9.9998838323672268e-01 +9.9999315689753721e-01 +1.0000014168357116e+00 +9.9998907553937488e-01 +7.7657021460086589e-05 +3.8188891075197401e-05 +8.4282613677586846e-05 +1.5043940798570345e-04 +1.0195688712376542e-04
 38.00000000 +5.0000000000000000e+00 +1.9999947489758518e+00 +2.1454230034159902e-03 +9.9923146482974623e-01 +9.9998947669149219e-01 +9.9998801088791145e-01 +9.9999421052362625e-01 +9.9998808971272579e-01 +1.2144675211305111e-04 +2.1925546355238359e-04 +1.5471941651960111e-04 +9.5198057199009003e-05 +2.1812767471495554e-04
 38.50000000 +5.0000000000000000e+00 +1.9999864562907979e+00 +2.0544281214234655e-03 +9.9945003374826891e-01 +9.9999850023314807e-01 +9.9999372324196634e-01 +9.9998947573580832e-01 +9.9998495660343723e-01 +1.7451357515515096e-04 +1.0820543918177249e-04 +9.3321738700681689e-05 +1.7615769326453478e-04 +3.1111989228456515e-05
 39.00000000 +5.0000000000000000e+00 +1.9999909548667956e+00 +1.9874449900189853e-03 +9.9962035082126699e-01 +1.0000105807393593e+00 +9.9999344794951328e-01 +9.9999506222993184e-01 +9.9999699056500979e-01 +5.4644451651305328e-06 +3.7535361688552480e-05 +2.2790835230559111e-04 +3.5890199123395714e-05 +7.6769322197624236e-05
 39.50000000 +5.0000000000000000e+00 +2.0000074550055027e+00 +2.0243032807456740e-03 +9.9953166047443009e-01 +1.0000025911730159e+00 +9.9998492867820177e-01 +9.9999372247014751e-01 +9.9999376120447891e-01 +1.0874157058436382e-04 +5.1220093152795543e-05 +1.8884142341720419e-04 +4.1220158692586546e-05 +1.0331274916824899e-04
 40.00000000 +5.0000000000000000e+00 +1.9999888033489646e+00 +2.1311604990211105e-03 +9.9923923008851301e-01 +9.9999540473246595e-01 +9.9998728093073030e-01 +9.9999375067859164e-01 +9.9998832463842779e-01 +1.3679651142502991e-04 +9.2384675111476571e-05 +1.6294507628660611e-04 +1.7940987510235202e-04 +2.2447279259841542e-04
 40.50000000 +5.0000000000000000e+00 +1.9999972485397219e+00 +2.1121990749599709e-03 +9.9928642121702516e-01 +9.9998948057057868e-01 +9.9997269558611257e-01 +9.9998178459464537e-01 +9.9999994512762247e-01 +1.2698721578485538e-04 +1.9696143623050888e-04 +9.2414831237742266e-05 +8.6675505283814633e-05 +2.6663392230502159e-04
 41.00000000 +5.0000000000000000e+00 +1.9999847650841134e+00 +2.0028160444514709e-03 +9.9955455944912885e-01 +9.9999722471865737e-01 +9.9998419968145369e-01 +9.9998850885771184e-01 +9.9998190405705101e-01 +3.8785285553102948e-05 +1.8958546791743297e-04 +1.8364662386421312e-04 +1.0229670473092062e-04 -2.0710859552378147e-05
 41.50000000 +5.0000000000000000e+00 +1.9999948660036952e+00 +1.9550272787338674e-03 +9.9968958656018470e-01 +9.9998344873723144e-01 +1.0000084459149603e+00 +9.9998419955933304e-01 +9.9999842816287665e-01 +2.4215052580020461e-05 +4.8328989501703179e-05 +1.2911379318739238e-04 -7.4056605610313045e-07 +1.3497378866593094e-04
 42.00000000 +5.0000000000000000e+00 +1.9999821106991231e+00 +1.9564808676389499e-03 +9.9968316343694308e-01 +9.9998478527318335e-01 +1.0000026451035460e+00 +9.9998041426642614e-01 +9.9999456082228844e-01 +1.8261750096109467e-04 +1.2812510362756067e-04 +8.0893876352442640e-05 +3.4186363428018380e-05 -7.1391742905875253e-05
 42.50000000 +5.0000000000000000e+00 +1.9999906463217907e+00 +2.0665863761279214e-03 +9.9941526970159633e-01 +9.9999333230753318e-01 +9.9999796185547363e-01 +9.9999366679999491e-01 +9.9999843264943411e-01 +1.9390654336242532e-04 +1.4417056405633236e-05 +1.5576813417585950e-04 +2.2533809443310441e-04 +1.1906844330093869e-05
 43.00000000 +5.0000000000000000e+00 +2.0000001296338041e+00 +2.0297548960036028e-03 +9.9951693025706378e-01 +9.9999939438019936e-01 +9.9998912140104079e-01 +9.9998621518203168e-01 +9.9998530633081650e-01 +1.0808325372802256e-04 +1.5455320321775343e-04 -7.4274640490875127e-05 +1.3954413831702170e-04 +1.9512650506721529e-04
 43.50000000 +5.0000000000000000e+00 +1.9999742249150769e+00 +1.9629335996621073e-03 +9.9967145420855674e-01 +9.9998944533037859e-01 +9.9999640551906666e-01 +9.9999284044422865e-01 +9.9998994194856294e-01 -3.7719964941927545e-06 +6.1037033099714144e-06 +2.5514989039185501e-04 -6.8018186212063062e-06 +1.0923276718237081e-04
 44.00000000 +5.0000000000000000e+00 +2.0000082019424239e+00 +1.9392859549645339e-03 +9.9976226697976578e-01 +1.0000012590612353e+00 +9.9998810256013171e-01 +9.9996281408876031e-01 +9.9998405607027763e-01 +1.3363758547594565e-04 -2.8518315789847834e-05 -4.0971033231445581e-05 +9.2298142303914735e-05 +1.4505486479932887e-04
 44.50000000 +5.0000000000000000e+00 +1.9999862563085227e+00 +2.0302177378282399e-03 +9.9952361449023508e-01 +9.9999012830300715e-01 +1.0000013975037236e+00 +9.9999831453845778e-01 +9.9997080428016338e-01 +7.0872479904176831e-05 +2.6894583206205084e-05 +1.6924065037661118e-04 +1.0921524113705733e-04 +1.3951792536553357e-04
 45.00000000 +5.0000000000000000e+00 +1.9999673566511267e+00 +2.0247907986182777e-03 +9.9952098976528969e-01 +9.9999421415585454e-01 +9.9998849101798237e-01 +9.9997486932031876e-01 +9.9997647371454090e-01 -6.1793977301079337e-06 -2.1587280769347112e-05 +1.2785949299951815e-05 +2.3688523536715677e-04 +3.2305750900087592e-04
 45.50000000 +5.0000000000000000e+00 +1.9999848345282245e+00 +1.9577972960569704e-03 +9.9970855638451550e-01 +9.9999898926168940e-01 +1.0000015060220762e+00 +9.9999080443219823e-01 +9.9999100733772173e-01 +1.8968044345685444e-05 +1.0884593494039842e-04 +1.2448269112493723e-04 +1.9011486059256783e-05 +3.7828397897540712e-05
 46.00000000 +5.0000000000000000e+00 +1.9999642972211611e+00 +1.9706495435313806e-03 +9.9966069863852913e-01 +9.9997415214636565e-01 +1.0000083351001994e+00 +1.0000040162776380e+00 +9.9998811084295725e-01 +5.5952034173335293e-05 -1.6595538797095494e-05 +1.5814114889024032e-04 +4.1637669451844296e-05 +1.2555167467037854e-04
 46.50000000 +5.0000000000000000e+00 +1.9999266364943462e+00 +2.0887426939925312e-03 +9.9933698116973180e-01 +9.9998906700504386e-01 +9.9998388812172878e-01 +9.9997440607389931e-01 +9.9999589148737444e-01 +2.7526237191391581e-04 +6.0900527474474611e-05 +1.2395549230882758e-04 +1.3800343488623910e-05 +2.4584740334858380e-04
 47.00000000 +5.0000000000000000e+00 +1.9999765420212616e+00 +2.0524974290050155e-03 +9.9945664293513559e-01 +9.9999535935443118e-01 +9.9997887234334104e-01 +9.9998910359265136e-01 +9.9997128817164260e-01 +1.3528176814807830e-04 +9.6026235461372586e-05 +8.1432734784759407e-05 +6.8647844868613948e-05 +2.2734502294814631e-04
 47.50000000 +5.0000000000000000e+00 +1.9999770263170191e+00 +2.1078362433708891e-03 +9.9931229721621040e-01 +9.9998733097125858e-01 +1.0000021357178686e+00 +9.9996875280808029e-01 +9.9999499973719452e-01 +4.9102421093596317e-05 +1.3619554017650043e-04 +8.9602843469338916e-05 +2.8065905271262945e-04 +1.7892370306119530e-04
 48.00000000 +5.0000000000000000e+00 +1.9999766924624478e+00 +1.9783776125338456e-03 +9.9963199583342366e-01 +9.9997277441898336e-01 +9.9997562248810923e-01 +9.9998413410011633e-01 +9.9997698837102367e-01 +2.5864996757130179e-04 +8.3217556690946744e-05 +4.0864354410729585e-05 +7.5562828968994312e-05 +1.9007522735062563e-07
 48.50000000 +5.0000000000000000e+00 +1.9999746852259108e+00 +1.9872201984288498e-03 +9.9961038677541558e-01 +9.9999485509446695e-01 +9.9998831781639208e-01 +9.9999191477513616e-01 +9.9997621136348003e-01 +7.7592383403459519e-05 +1.9770853547236409e-04 +1.6222364743718741e-04 +7.0483127669074202e-05 -6.9693518071293817e-05
 49.00000000 +5.0000000000000000e+00 +1.9999871704704628e+00 +2.0899871322697531e-03 +9.9936228550311890e-01 +1.0000064784611606e+00 +9.9996536807979308e-01 +9.9997043336469593e-01 +9.9998407884786311e-01 +3.6332137527510407e-05 +2.3478788945633156e-04 +2.8276905704627535e-04 +8.8734140849183846e-05 +6.8732517796226542e-05
 49.50000000 +5.0000000000000000e+00 +1.9999719310026922e+00 +1.9408142359309292e-03 +9.9972828889516208e-01 +9.9999990397636429e-01 +1.0000033313249599e+00 +9.9999274909213065e-01 +9.9998868058011137e-01 +1.1759319850548964e-04 +9.6166872585740372e-05 -1.6818264833577738e-04 +1.4022420095680577e-04 +1.0124450888794408e-04
 50.00000000 +5.0000000000000000e+00 +1.9999805470427918e+00 +1.9798419630923372e-03 +9.9964539408757458e-01 +9.9998510219067971e-01 +9.9997398698717777e-01 +9.9997937912114920e-01 +9.9996824612671598e-01 +1.4448984564536323e-04 -7.1004575755813983e-05 +2.0746099976735516e-04 +1.2702541078011252e-04 +3.9919802434731680e-05
 50.50000000 +5.0000000000000000e+00 +2.0000345381418034e+00 +1.8522192727800529e-03 +9.9998596768759407e-01 +9.9997093870163734e-01 +9.9998601355152450e-01 +9.9996633892766007e-01 +9.9998932400788199e-01 +1.6982489984436249e-04 +9.4018285267816781e-05 -9.7476621945677996e-05 +2.7272375775594095e-05 -9.2221819746180059e-05
 51.00000000 +5.0000000000000000e+00 +2.0000047404525452e+00 +1.8504277490895228e-03 +9.9996682386670899e-01 +9.9998159424364907e-01 +9.9998853049791769e-01 +9.9998453347493121e-01 +1.0000118372154612e+00 +1.9468177486600341e-05 -8.2659914525836322e-05 +8.4304526565610747e-05 +1.9974767849959124e-04 -1.5417976453599574e-04
 51.50000000 +5.0000000000000000e+00 +1.9999902741154458e+00 +1.9200753060494922e-03 +9.9981536612064070e-01 +9.9997549693927290e-01 +1.0000041880024300e+00 +9.9998992761138983e-01 +9.9999047875731084e-01 -3.1613420449778879e-05 +1.3447392722552113e-04 +7.8990266307913792e-05 +4.4951545283524426e-05 -2.2597540093055247e-06
 52.00000000 +5.0000000000000000e+00 +1.9999450775305174e+00 +2.0566260124042918e-03 +9.9943170087053779e-01 +1.0000166944752515e+00 +9.9998819106833026e-01 +1.0000054990778344e+00 +9.9998440219891560e-01 +3.2828290893760941e-05 +2.4455178402937438e-04 +3.8164240794729760e-04 -1.0719166624724963e-04 +2.1681487012826834e-05
 52.50000000 +5.0000000000000000e+00 +1.9999750184672298e+00 +2.3357544626105915e-03 +9.9871329830063693e-01 +1.0000057567317042e+00 +9.9999647515455548e-01 +9.9997857986863481e-01 +1.0000164931478097e+00 +2.5509570644527039e-04 +1.6880757230341582e-04 +3.7273228173186074e-04 +3.5362216231974201e-04 +1.3913907256047758e-04
 53.00000000 +5.0000000000000000e+00 +2.0000052729714839e+00 +2.3941165349365941e-03 +9.9859628950174384e-01 +1.0000022881706603e+00 +9.9997113933077242e-01 +9.9999902067716451e-01 +1.0000169588249259e+00 +3.7791781383858400e-04 +1.3181526585257747e-04 +3.8210403024667439e-04 +1.3075816598476150e-04 +3.9170821768694247e-04
 53.50000000 +5.0000000000000000e+00 +2.0000150223121622e+00 +1.8687887456765484e-03 +9.9992914899906071e-01 +9.9997206778500081e-01 +9.9999988327616529e-01 +9.9996104623858295e-01 +9.9998210657328968e-01 +1.5971924016178185e-04 -4.2542425041716342e-05 +1.3249974520282436e-05 -2.1123133450054298e-05 +4.6443471288471440e-05
 54.00000000 +5.0000000000000000e+00 +2.0000373211331581e+00 +2.1116584624535991e-03 +9.9932854067154553e-01 +9.9996993437617687e-01 +9.9998236497748383e-01 +9.9994631874502116e-01 +9.9996697726985184e-01 +2.4368805849387409e-04 +3.5784163956409257e-04 -1.1604472981475289e-04 +1.1711315182205135e-04 +2.0326584708018624e-04
 54.50000000 +5.0000000000000000e+00 +1.9999664257937473e+00 +2.0180163673212841e-03 +9.9950002027064222e-01 +9.9998579741550953e-01 +9.9998124404534128e-01 +9.9996793734225342e-01 +9.9999220655959475e-01 +8.7908121154809749e-05 +2.5758114332476194e-04 -9.9917122345186837e-05 +8.6288485964529818e-05 +2.4093374212815304e-04
 55.00000000 +5.0000000000000000e+00 +2.0000191493810084e+00 +2.0213124518644789e-03 +9.9951662616894987e-01 +9.9999649655136602e-01 +1.0000053649852871e+00 +9.9998973717955453e-01 +9.9991988241348340e-01 +1.1918105812841215e-04 -5.3758457397050820e-05 +1.2626433320913916e-04 +3.0722386304107672e-04 +7.2981902048586771e-05
 55.50000000 +5.0000000000000000e+00 +1.9999800927800879e+00 +2.0593950896717695e-03 +9.9941411002861402e-01 +9.9999765561664855e-01 +9.9998342233548387e-01 +9.9997825980731825e-01 +9.9997651106650476e-01 +1.8328111717453357e-05 +1.3324344469457485e-04 +2.7188816178022520e-04 +1.9795143676535495e-04 +2.8629986752353207e-05
 56.00000000 +5.0000000000000000e+00 +1.9999628317541132e+00 +2.0151169352682378e-03 +9.9952782413980368e-01 +9.9997853999562003e-01 +9.9997349377641565e-01 +9.9999390147113210e-01 +1.0000054166608880e+00 +1.1935070738040337e-04 +2.4424014175325920e-04 +2.2561216472739869e-04 +1.5848589303029659e-04 -2.2686495460361088e-04
 56.50000000 +5.0000000000000000e+00 +2.0000448373548751e+00 +1.9893723161420575e-03 +9.9961019215461733e-01 +1.0000066436595108e+00 +9.9995454255231186e-01 +1.0000003326975424e+00 +9.9997301013130890e-01 +1.1389178719753300e-04 +3.1393745527997954e-04 -8.5713089969126358e-05 -3.4917595137268552e-05 +1.4808024906198933e-04
 57.00000000 +5.0000000000000000e+00 +2.0000069329847836e+00 +1.9231396730826536e-03 +9.9977992661852755e-01 +1.0000226488849584e+00 +1.0000111326607974e+00 +9.9999238003858426e-01 +9.9999659078810221e-01 -1.8968726512039893e-04 +2.7391032707576755e-04 -9.8721751021764383e-05 +1.9690316093481231e-04 +1.4916535470284210e-05
 57.50000000 +5.0000000000000000e+00 +1.9999987002419024e+00 +2.0582027370222920e-03 +9.9942128510746109e-01 +1.0000043116501043e+00 +9.9998439188713117e-01 +9.9998893946299194e-01 +9.9997211655867824e-01 -1.2308797014520828e-04 -1.0763719125323959e-04 +1.1542617468865931e-04 +4.1622532074870960e-04 +3.2802900160164880e-04
 58.00000000 +5.0000000000000000e+00 +2.0000025249450868e+00 +2.2696523091038472e-03 +9.9890303346725084e-01 +9.9999138367208218e-01 +1.0000144410932277e+00 +1.0000203351678973e+00 +1.0000255454252276e+00 +4.0293382184358246e-04 +2.5524524610133297e-04 +3.5773530284048583e-05 -1.4689846510559592e-05 +3.6599842192617545e-04
 58.50000000 +5.0000000000000000e+00 +2.0000324997248544e+00 +2.1799466678434302e-03 +9.9916231323584825e-01 +9.9998697749687426e-01 +9.9999264070479088e-01 +9.9996714456025426e-01 +9.9995177837083593e-01 +6.7625560775560079e-05 +1.6169761767730769e-04 +3.0845588128541835e-04 +3.7045991647561893e-04 +3.0906657463406165e-05
 59.00000000 +5.0000000000000000e+00 +1.9999798352779787e+00 +2.0480202676191931e-03 +9.9946780848899164e-01 +1.0000181677574540e+00 +1.0000000529504089e+00 +9.9997048877708616e-01 +9.9999208992407895e-01 +7.0541911379248004e-05 -1.1895424274345469e-04 +3.7030936289475641e-05 +4.6184655708481244e-04 +1.0092694663043904e-04
 59.50000000 +5.0000000000000000e+00 +2.0000441865671452e+00 +2.1983598354343870e-03 +9.9912082969214944e-01 +9.9992947973530844e-01 +9.9996086901570003e-01 +1.0000648497989801e+00 +9.9997464446880646e-01 +2.8674808146060917e-04 +2.7949238374852569e-04 +1.2375658759439912e-04 -1.2290667983413207e-04 +3.8223691651587832e-04
 60.00000000 +5.0000000000000000e+00 +1.9999683600259031e+00 +1.8569535723527921e-03 +9.9994434285902456e-01 +9.9999540257318953e-01 +9.9995799282974718e-01 +1.0000010566880970e+00 +9.9998243783280827e-01 -3.2459706001452030e-04 +5.2443966639164556e-04 -2.1814673217059947e-04 +4.9494320765205004e-05 +8.7577020843792762e-05
 60.50000000 +5.0000000000000000e+00 +2.0000605098642739e+00 +1.7946240448109435e-03 +1.0001374508040453e+00 +1.0000332997726071e+00 +9.9993327764692708e-01 +9.9999682255605171e-01 +9.9997862751613353e-01 -1.4591694529557823e-04 -3.2315107953797477e-05 -2.1545858054593440e-04 +3.2187448746566130e-04 -7.6621506994038688e-06
 61.00000000 +5.0000000000000000e+00 +2.0000181620940620e+00 +1.9991143433306571e-03 +9.9956989455074252e-01 +9.9997580429742183e-01 +9.9998939844172341e-01 +9.9993142651388101e-01 +9.9998112692142138e-01 -2.5942615065340229e-04 +3.7409560967107097e-05 +1.1270983638725078e-04 +4.4846746874393118e-04 +2.1318855705798484e-04
 61.50000000 +5.0000000000000000e+00 +1.9999955717504063e+00 +1.8151424515283226e-03 +1.0000468989027886e+00 +1.0000450469695015e+00 +9.9993029176811254e-01 +9.9996084068414981e-01 +9.9998041927289572e-01 +8.4420395337998877e-05 -1.8517142143755431e-05 -3.0180537509974785e-04 -9.7928253613059185e-05 +3.7033277712343544e-04
 62.00000000 +5.0000000000000000e+00 +1.9999915241924664e+00 +1.8730078736990453e-03 +9.9991527510821954e-01 +9.9996491452442948e-01 +1.0000517653957226e+00 +9.9997175149126394e-01 +9.9998958739654009e-01 +3.6056655740897595e-04 -3.7634074283966496e-05 -1.9006400986997191e-04 +1.0580495346348458e-05 -3.6742884924604136e-05
 62.50000000 +5.0000000000000000e+00 +1.9999763914500115e+00 +2.1835817660245606e-03 +9.9911562330293346e-01 +9.9998447653641698e-01 +1.0000283606814919e+00 +9.9999337119140008e-01 +9.9996654600995982e-01 -4.4790588383400544e-05 +1.0212023025610181e-04 +4.0662786403774642e-04 +9.2561047415804407e-05 +3.5510372444701513e-04
 63.00000000 +5.0000000000000000e+00 +1.9999932167286720e+00 +2.0177494992699592e-03 +9.9950485455058680e-01 +9.9996606997932902e-01 +1.0000105005237743e+00 +1.0000082296003843e+00 +9.9993699781924839e-01 +1.9530833532090987e-04 +1.1996831287194106e-04 +5.0917386530564487e-05 +2.1222028749185741e-04 -5.0667969894462249e-06
 63.50000000 +5.0000000000000000e+00 +1.9999560248243700e+00 +1.9665901589335502e-03 +9.9965968570455255e-01 +1.0000288013175094e+00 +9.9993282197387867e-01 +9.9990445143313955e-01 +9.9994124678998886e-01 +3.3799463180481429e-04 +2.0077953932469287e-04 -1.6440418188423857e-05 -9.9324329688396320e-05 +1.0998336056976939e-04
 64.00000000 +5.0000000000000000e+00 +1.9999786799388330e+00 +2.0301357639439456e-03 +9.9948974806520796e-01 +1.0000408104510816e+00 +9.9998673650628767e-01 +1.0000453267018934e+00 +9.9993480705075977e-01 -6.6152615886488699e-05 +5.8322573188465158e-05 -1.4812227676315253e-04 +4.5925486191831448e-04 +1.9926868406471173e-04
 64.50000000 +5.0000000000000000e+00 +2.0000286817925010e+00 +2.1877572713091030e-03 +9.9914918875726577e-01 +9.9997528167867478e-01 +9.9998744624393587e-01 +9.9998516537474491e-01 +9.9998261640682451e-01 +3.9056464607003431e-04 +2.4350514210053629e-04 -6.9119169241776667e-05 +3.6262898921871344e-04 -7.2780696527839843e-06
 65.00000000 +5.0000000000000000e+00 +2.0000107319909115e+00 +1.7462666502323144e-03 +1.0001854639701813e+00 +9.9999822994733567e-01 +1.0000005581146154e+00 +9.9993539907715634e-01 +9.9995235155061235e-01 -1.5404331551872636e-04 -9.1844577462149411e-06 +2.6582811711935351e-04 -1.6337166695756778e-04 -1.1231338707431026e-05
 65.50000000 +5.0000000000000000e+00 +1.9999475485179599e+00 +2.2807986394644182e-03 +9.9883471782669409e-01 +9.9994866641001023e-01 +1.0000210046751319e+00 +1.0000426651964898e+00 +9.9998518098067768e-01 +4.5573441151465076e-04 +3.2960270217776772e-04 -1.0942870123998410e-05 -7.3895212993038012e-05 +4.6726588016562942e-04
 66.00000000 +5.0000000000000000e+00 +1.9999769644660217e+00 +1.9559746362490414e-03 +9.9970518817169751e-01 +9.9994930087082079e-01 +9.9999975567053001e-01 +9.9998667629762084e-01 +9.9997866161991844e-01 +4.5241338469862146e-04 +1.0028888556002800e-04 -1.9071639493421262e-04 -1.0193730415163913e-04 +1.2036879836243494e-04
 66.50000000 +5.0000000000000000e+00 +2.0000269021362258e+00 +1.9085003648211102e-03 +9.9981237887397834e-01 +9.9991751418128305e-01 +9.9999995925768359e-01 +9.9999258260027057e-01 +9.9995823583351906e-01 -9.9535638248353394e-05 +1.3743016011132360e-04 +1.1637421914557093e-04 -1.0250098901007938e-04 +2.6756150328113517e-04
 67.00000000 +5.0000000000000000e+00 +2.0000266782471638e+00 +1.9624065342791993e-03 +9.9969165102190138e-01 +9.9998663887402284e-01 +9.9999042019491935e-01 +9.9998935698684788e-01 +9.9999710435366684e-01 +2.8258604242031637e-04 +1.9749367252891797e-04 -2.0730426199747280e-04 -1.0698227884299448e-04 +1.7903539465125449e-04
 67.50000000 +5.0000000000000000e+00 +2.0000240813461421e+00 +2.0119677097733234e-03 +9.9956883200912960e-01 +9.9999761066711601e-01 +1.0000363729855304e+00 +1.0000083697613906e+00 +9.9993001975060136e-01 +4.4681098138345417e-04 -3.4790209949788099e-04 +3.5832390515937662e-04 -1.4538288655833930e-04 +1.4694492431321330e-04
 68.00000000 +5.0000000000000000e+00 +2.0000399197955891e+00 +1.8233511304566034e-03 +1.0000293624703953e+00 +9.9999859333808883e-01 +9.9999750307044999e-01 +9.9997787609612210e-01 +9.9987894867671623e-01 -1.0009019877220754e-04 +5.7925539392422897e-05 -2.6095953527979283e-04 +1.1200324080728426e-04 +3.0883730320756806e-04
 68.50000000 +5.0000000000000000e+00 +1.9999215179041052e+00 +2.3022648514407868e-03 +9.9877200020511092e-01 +1.0000211626191717e+00 +9.9990078714595099e-01 +9.9994229476915431e-01 +9.9987958169605406e-01 +6.9278055926586782e-04 +1.6963189676992991e-04 +5.0092840923517100e-05 +5.9815485770130070e-05 +5.1185278255665894e-04
 69.00000000 +5.0000000000000000e+00 +2.0000032978868383e+00 +2.3335136533860290e-03 +9.9874380695967624e-01 +9.9997814014912600e-01 +9.9995989109454042e-01 +9.9993004026333954e-01 +9.9994831881651247e-01 +3.8907931361046514e-04 +3.8032141972184846e-04 +4.9093837438869616e-04 -1.2502973604119766e-04 +3.0449334521597075e-04
 69.50000000 +5.0000000000000000e+00 +2.0000186279175285e+00 +1.6397027539157812e-03 +1.0004986225175334e+00 +9.9992028355190521e-01 +1.0000673679786372e+00 +9.9998940444129314e-01 +1.0000112707125821e+00 -2.2471311158014402e-05 -1.4817945651726959e-04 +3.6182115001502435e-05 -4.9609696746699553e-04 +1.4361641730137426e-04
 70.00000000 +5.0000000000000000e+00 +1.9999194136952156e+00 +1.8782570305337796e-03 +9.9982372478149573e-01 +9.9998442655715269e-01 +1.0000270570078351e+00 +9.9998683716882875e-01 +9.9995929373823123e-01 -7.4077598345762344e-05 -1.6024344151517646e-04 +2.6644565719920649e-04 +2.6345779061212957e-04 -7.6921659585477495e-05
 70.50000000 +5.0000000000000000e+00 +1.9999748213379467e+00 +2.3085151602243422e-03 +9.9884654855734412e-01 +9.9994678897295919e-01 +9.9996498560043123e-01 +1.0000012351933394e+00 +1.0000256542854298e+00 +2.0140377843029229e-04 +6.3822962793744296e-04 +5.4884783175751876e-05 -4.8580898320896597e-04 +8.0607818448119725e-04
 71.00000000 +5.0000000000000000e+00 +1.9999139458020689e+00 +1.8727974346446706e-03 +9.9982717463439286e-01 +9.9997975516431348e-01 +1.0000353509774533e+00 +1.0000137853946505e+00 +1.0000340884630363e+00 +1.7108169351357386e-04 +5.6613356537358998e-04 -4.4386440717420975e-04 -1.4069606280270525e-04 -4.2809421877790118e-05
 71.50000000 +5.0000000000000000e+00 +1.9999341859807855e+00 +2.0547259089074717e-03 +9.9945083903054077e-01 +1.0000615702457878e+00 +1.0000002285151575e+00 +9.9995611586015254e-01 +1.0000021052358763e+00 +2.5513552037115451e-04 -3.8916051751126935e-04 +1.2174769391391217e-04 +3.2156227066084823e-04 +2.1985614561087499e-04
 72.00000000 +5.0000000000000000e+00 +1.9999551894138938e+00 +1.8280404165200632e-03 +1.0000007455139495e+00 +9.9996150141397155e-01 +1.0000686607272957e+00 +1.0000793647632449e+00 +9.9989500489107241e-01 -2.8263538561341321e-04 -2.0901132004212555e-04 +1.5286456679387619e-04 -3.4857722142721823e-05 +3.6836255177928660e-04
 72.50000000 +5.0000000000000000e+00 +1.9998380811541983e+00 +2.2646412011877890e-03 +9.9883377251961825e-01 +1.0000342765778600e+00 +9.9997214372485077e-01 +9.9988121370151994e-01 +1.0000851637065673e+00 +1.2372707613758359e-04 -1.0037666351446748e-04 +1.1062597231436833e-04 +5.4842085442918581e-04 +5.1103253159144439e-04
 73.00000000 +5.0000000000000000e+00 +1.9998870388554399e+00 +1.5982725315005638e-03 +1.0005347469981463e+00 +1.0000222886656691e+00 +9.9997896974792377e-01 +9.9993065118480817e-01 +9.9995587213790926e-01 +4.4788231254242990e-04 +2.3345502904105232e-05 -4.6613309068855625e-04 -3.2745694216470276e-04 -1.0016651779760249e-04
 73.50000000 +5.0000000000000000e+00 +1.9998245224118938e+00 +1.8028512257329697e-03 +1.0000318178388896e+00 +1.0000967830810314e+00 +9.9989061844934279e-01 +9.9991963165282383e-01 +1.0000860307810038e+00 -3.7778129182175382e-04 +5.0172621485619119e-04 +1.1950016166395061e-04 -6.5900704851325150e-05 -2.0242618450297086e-04
 74.00000000 +5.0000000000000000e+00 +1.9999984199320064e+00 +1.9707477171836347e-03 +9.9971724239530124e-01 +1.0001068392254027e+00 +1.0000231540238509e+00 +1.0001087633083499e+00 +9.9989140627794804e-01 -3.4242563540430616e-07 +4.1038823504477205e-05 +3.5020811857281711e-04 -3.0228535621912208e-04 +6.3975607597753750e-05
 74.50000000 +5.0000000000000000e+00 +2.0000244244470906e+00 +1.9625372655349155e-03 +9.9979219762391436e-01 +1.0000377247249470e+00 +1.0000008470967154e+00 +9.9999528795597625e-01 +9.9995692854940688e-01 -3.0072588971083545e-04 +4.6818932049701333e-05 +3.7248665447781488e-04 +8.6276944043948075e-05 +1.2157407707293045e-05
 75.00000000 +5.0000000000000000e+00 +1.9998404750319552e+00 +2.3880588510072766e-03 +9.9855815864494446e-01 +9.9982933005361740e-01 +9.9985982736147327e-01 +9.9993639436765480e-01 +9.9987019219754159e-01 +6.4945101262022615e-04 +4.6575653829838146e-04 +3.1697062861352508e-04 +2.1063488798878697e-05 +4.9285570566938908e-04
