#discretizing the bath
#     0 0.0000000000000000e+00 -6.3189999999999946e-01
#     1 4.7140452079103166e-03 -2.0212127196610244e-01
#     2 4.7140452079103166e-03 -1.9343270591889275e-01
#     3 4.7140452079103166e-03 -1.8459708975840838e-01
#     4 4.7140452079103166e-03 -1.7561683129621780e-01
#     5 4.7140452079103166e-03 -1.6649422379326520e-01
#     6 4.7140452079103166e-03 -1.5723145476521522e-01
#     7 4.7140452079103166e-03 -1.4783061386829827e-01
#     8 4.7140452079103166e-03 -1.3829369998555327e-01
#     9 4.7140452079103166e-03 -1.2862262761479240e-01
  0.00000000 +1.0000000000000000e+00 +1.9999999999999989e+00 +1.8374661879283099e-03 +1.0000000000000000e+00 +1.0000000000000000e+00 +1.0000000000000000e+00 +1.0000000000000000e+00 +1.0000000000000000e+00 +0.0000000000000000e+00 +0.0000000000000000e+00 +0.0000000000000000e+00 +0.0000000000000000e+00 +0.0000000000000000e+00
  0.50000000 +1.0000000000000002e+00 +1.9999999999765548e+00 +1.8484074901458415e-03 +9.9997222268518249e-01 +9.9999999996142053e-01 +9.9999999996142053e-01 +9.9999999996142053e-01 +9.9999999996142053e-01 +5.5554938275205807e-06 +5.5554938275205815e-06 +5.5554938275205832e-06 +5.5554938275205815e-06 +5.5554938275205824e-06
  1.00000000 +1.0000000000000027e+00 +1.9999999997231148e+00 +1.8791327319741017e-03 +9.9989417527627711e-01 +9.9999999941036233e-01 +9.9999999941062367e-01 +9.9999999941089346e-01 +9.9999999941117212e-01 +2.1209583677302545e-05 +2.1188044269508731e-05 +2.1165962782194171e-05 +2.1143334670601383e-05 +2.1120155285619383e-05
  1.50000000 +1.0000000000000044e+00 +1.9999999987251800e+00 +1.9237517153289903e-03 +9.9978069783174683e-01 +9.9999999717173838e-01 +9.9999999717443300e-01 +9.9999999717722254e-01 +9.9999999718010890e-01 +4.4111011358621060e-05 +4.3989737190796202e-05 +4.3865584286963153e-05 +4.3738540073855423e-05 +4.3608591862439612e-05
  2.00000000 +1.0000000000000058e+00 +1.9999999962346813e+00 +1.9737210040174078e-03 +9.9965334125497607e-01 +9.9999999169013909e-01 +9.9999999170378862e-01 +9.9999999171792864e-01 +9.9999999173256715e-01 +7.0093001444317913e-05 +6.9723687414853796e-05 +6.9346368262042060e-05 +6.8961060693997523e-05 +6.8567782814342099e-05
  2.50000000 +1.0000000000000067e+00 +1.9999999914120190e+00 +2.0194929748849960e-03 +9.9953624119152251e-01 +9.9999998152603653e-01 +9.9999998157283665e-01 +9.9999998162131287e-01 +9.9999998167148896e-01 +9.4437254190022794e-05 +9.3617278888428378e-05 +9.2781796754642018e-05 +9.1930999828178050e-05 +9.1065087177689353e-05
  3.00000000 +1.0000000000000089e+00 +1.9999999834851436e+00 +2.0523547741245493e-03 +9.9945150686569550e-01 +9.9999996586000506e-01 +9.9999996598415064e-01 +9.9999996611266651e-01 +9.9999996624560372e-01 +1.1273744032543536e-04 +1.1125402112822953e-04 +1.0974785054252311e-04 +1.0821961214877354e-04 +1.0667000777313955e-04
  3.50000000 +1.0000000000000104e+00 +1.9999999718953088e+00 +2.0661001445690347e-03 +9.9941501294021062e-01 +9.9999994486982768e-01 +9.9999994514330492e-01 +9.9999994542614945e-01 +9.9999994571844120e-01 +1.2170297490572761e-04 +1.1939612949526429e-04 +1.1706439713321598e-04 +1.1470944190229258e-04 +1.1233295868145751e-04
  4.00000000 +1.0000000000000111e+00 +1.9999999564017321e+00 +2.0582107766804114e-03 +9.9943340178915707e-01 +9.9999991987156089e-01 +9.9999992039325847e-01 +9.9999992093219092e-01 +9.9999992148843542e-01 +1.1975534718185753e-04 +1.1658349484098487e-04 +1.1339576920166197e-04 +1.1019537350894008e-04 +1.0698554072128309e-04
  4.50000000 +1.0000000000000129e+00 +1.9999999371254253e+00 +2.0303205569461471e-03 +9.9950286673363187e-01 +9.9999989316908955e-01 +9.9999989405394429e-01 +9.9999989496675123e-01 +9.9999989590750027e-01 +1.0730813643603801e-04 +1.0339743496759524e-04 +9.9496311228740910e-05 +9.5609912646885811e-05 +9.1743373868153605e-05
  5.00000000 +1.0000000000000151e+00 +1.9999999145241527e+00 +1.9878766215059920e-03 +9.9960994050550001e-01 +9.9999986762544568e-01 +9.9999986898266080e-01 +9.9999987038052807e-01 +9.9999987181879391e-01 +8.6680719560380766e-05 +8.2341293276614463e-05 +7.8055497224313600e-05 +7.3830367946467609e-05 +6.9672809140072184e-05
  5.50000000 +1.0000000000000169e+00 +1.9999998893037074e+00 +1.9390677133275655e-03 +9.9973412533941908e-01 +9.9999984603792202e-01 +9.9999984794064056e-01 +9.9999984989696789e-01 +9.9999985190620466e-01 +6.1663534872613020e-05 +5.7362386791831580e-05 +5.3174487009653474e-05 +4.9107948420109899e-05 +4.5170521835782847e-05
  6.00000000 +1.0000000000000175e+00 +1.9999998622828481e+00 +1.8932322205600504e-03 +9.9985184726180243e-01 +9.9999983045166463e-01 +9.9999983290394556e-01 +9.9999983542084481e-01 +9.9999983800102210e-01 +3.6816944160337689e-05 +3.3107212598306357e-05 +2.9576678332893869e-05 +2.6232799394167210e-05 +2.3082326324779160e-05
  6.50000000 +1.0000000000000191e+00 +1.9999998342378991e+00 +1.8590577557660692e-03 +9.9994096585991099e-01 +9.9999982157035583e-01 +9.9999982447989011e-01 +9.9999982746118155e-01 +9.9999983051218055e-01 +1.6634323882374845e-05 +1.4051438804641935e-05 +1.1705273733204317e-05 +9.6000842215080784e-06 +7.7389959351500063e-06
  7.00000000 +1.0000000000000213e+00 +1.9999998057567974e+00 +1.8429220601828640e-03 +9.9998497011493037e-01 +9.9999981841121299e-01 +9.9999982157693545e-01 +9.9999982481708294e-01 +9.9999982812910071e-01 +4.7240916936652779e-06 +3.6687402481192673e-06 +2.8814775965578579e-06 +2.3604334742819061e-06 +2.1022078316373356e-06
  7.50000000 +1.0000000000000231e+00 +1.9999997771301956e+00 +1.8476944665179315e-03 +9.9997605908561438e-01 +9.9999981830584705e-01 +9.9999982142791433e-01 +9.9999982462437786e-01 +9.9999982789280706e-01 +3.1606440853274731e-06 +3.7939163803643007e-06 +4.6839024123878403e-06 +5.8200688389946397e-06 +7.1901318369451268e-06
  8.00000000 +1.0000000000000242e+00 +1.9999997482999596e+00 +1.8722247174003716e-03 +9.9991652858580715e-01 +9.9999981727734499e-01 +9.9999981999285448e-01 +9.9999982278490618e-01 +9.9999982565234735e-01 +1.2121755292071251e-05 +1.4297834049954141e-05 +1.6665886473882622e-05 +1.9205514892622615e-05 +2.1894716152217824e-05
  8.50000000 +1.0000000000000255e+00 +1.9999997188741940e+00 +1.9116102902260151e-03 +9.9981821687914507e-01 +9.9999981074195399e-01 +9.9999981268392302e-01 +9.9999981471477406e-01 +9.9999981683630423e-01 +2.9876127911837392e-05 +3.3132007064815381e-05 +3.6461464115657170e-05 +3.9835271974931055e-05 +4.3223272960810770e-05
  9.00000000 +1.0000000000000271e+00 +1.9999996882051898e+00 +1.9581814864635776e-03 +9.9970013832232618e-01 +9.9999979440857234e-01 +9.9999979527932692e-01 +9.9999979627181013e-01 +9.9999979739279410e-01 +5.3119687760770675e-05 +5.6730576230975032e-05 +6.0255645304294028e-05 +6.3660664531597729e-05 +6.6911751478078573e-05
  9.50000000 +1.0000000000000282e+00 +1.9999996555147002e+00 +2.0030052575725718e-03 +9.9958478048378729e-01 +9.9999976519764333e-01 +9.9999976484240649e-01 +9.9999976467307161e-01 +9.9999976470343155e-01 +7.7595066551137964e-05 +8.0690453427063245e-05 +8.3525056803680490e-05 +8.6066193854450029e-05 +8.8283329165448582e-05
 10.00000000 +1.0000000000000300e+00 +1.9999996200421466e+00 +2.0376108927252835e-03 +9.9949379077585876e-01 +9.9999972198524945e-01 +9.9999972044889152e-01 +9.9999971920277297e-01 +9.9999971826931389e-01 +9.8877397070457401e-05 +1.0059908566981630e-04 +1.0190425760248063e-04 +1.0277019821750709e-04 +1.0317837950266017e-04
 10.50000000 +1.0000000000000318e+00 +1.9999995811873443e+00 +2.0556018537554489e-03 +9.9944388581824661e-01 +9.9999966600324930e-01 +9.9999966355393832e-01 +9.9999966154353337e-01 +9.9999966000374019e-01 +1.1318041596010471e-04 +1.1285320138543742e-04 +1.1201074396283779e-04 +1.1064895940130295e-04 +1.0876975674115406e-04
 11.00000000 +1.0000000000000333e+00 +1.9999995386207801e+00 +2.0538449700384064e-03 +9.9944376184132344e-01 +9.9999960078858063e-01 +9.9999959789682658e-01 +9.9999959563423635e-01 +9.9999959404110428e-01 +1.1803504884152943e-04 +1.1531564190491524e-04 +1.1207175536350759e-04 +1.0832467850573471e-04 +1.0410267347817605e-04
 11.50000000 +1.0000000000000344e+00 +1.9999994923410518e+00 +2.0330146866035272e-03 +9.9949258043465206e-01 +9.9999953166280098e-01 +9.9999952893255861e-01 +9.9999952705262551e-01 +9.9999952606967091e-01 +1.1271811935481328e-04 +1.0768985760677472e-04 +1.0223610867431689e-04 +9.6406112827382879e-05 +9.0255649401700284e-05
 12.00000000 +1.0000000000000369e+00 +1.9999994426694829e+00 +1.9973983170885959e-03 +9.9958029259781322e-01 +9.9999946481909219e-01 +9.9999946287774055e-01 +9.9999946202073153e-01 +9.9999946229758951e-01 +9.8356485653099745e-05 +9.1546326255595708e-05 +8.4516271399980928e-05 +7.7340165320712891e-05 +7.0096138587671722e-05
 12.50000000 +1.0000000000000377e+00 +1.9999993901840141e+00 +1.9540126228309944e-03 +9.9968970727618200e-01 +9.9999940617858019e-01 +9.9999940554269628e-01 +9.9999940621539130e-01 +9.9999940824489475e-01 +7.7692623235894236e-05 +7.0001381219581384e-05 +6.2377467460379869e-05 +5.4909361889893017e-05 +4.7685708638403012e-05
 13.00000000 +1.0000000000000391e+00 +1.9999993356059707e+00 +1.9112141319240512e-03 +9.9979987806212345e-01 +9.9999936023293945e-01 +9.9999936117447519e-01 +9.9999936361603126e-01 +9.9999936760084163e-01 +5.4560013458184029e-05 +4.7114040073509259e-05 +4.0057849182798325e-05 +3.3478751013173241e-05 +2.7458660056723451e-05
 13.50000000 +1.0000000000000415e+00 +1.9999992796620290e+00 +1.8770799353148816e-03 +9.9989013728447296e-01 +9.9999932910330891e-01 +9.9999933154410769e-01 +9.9999933562569332e-01 +9.9999934138439173e-01 +3.3169112413394084e-05 +2.7118132933857603e-05 +2.1753783819384015e-05 +1.7142952586878003e-05 +1.3341076479662038e-05
 14.00000000 +1.0000000000000433e+00 +1.9999992229479389e+00 +1.8578746046557478e-03 +9.9994399583570392e-01 +9.9999931201250214e-01 +9.9999931547277521e-01 +9.9999932065656760e-01 +9.9999932759451959e-01 +1.7337646106081353e-05 +1.3635815722205207e-05 +1.0827749698966833e-05 +8.9409490386287818e-06 +7.9862675811194606e-06
 14.50000000 +1.0000000000000444e+00 +1.9999991658197394e+00 +1.8568958817084451e-03 +9.9995216858500768e-01 +9.9999930529340841e-01 +9.9999930891167221e-01 +9.9999931428543565e-01 +9.9999932144501202e-01 +9.8067549490617722e-06 +9.0193895511979680e-06 +9.1891669571196886e-06 +1.0289966468894217e-05 +1.2276201760119925e-05
 15.00000000 +1.0000000000000464e+00 +1.9999991083323985e+00 +1.8739126176358296e-03 +9.9991416800227129e-01 +9.9999930295500283e-01 +9.9999930558423489e-01 +9.9999930997373754e-01 +9.9999931616333493e-01 +1.1766116590980660e-05 +1.3941584588477168e-05 +1.6962636833027323e-05 +2.0744229402156149e-05 +2.5182754236277235e-05
 15.50000000 +1.0000000000000477e+00 +1.9999990502364282e+00 +1.9052896610448631e-03 +9.9983819446046351e-01 +9.9999929771822738e-01 +9.9999929808782984e-01 +9.9999930023336892e-01 +9.9999930421792238e-01 +2.2670501206482647e-05 +2.7305669054782453e-05 +3.2500968774205819e-05 +3.8118989837520776e-05 +4.4009153553494001e-05
 16.00000000 +1.0000000000000491e+00 +1.9999989910317879e+00 +1.9447599430380325e-03 +9.9973938326003942e-01 +9.9999928233871027e-01 +9.9999927925727072e-01 +9.9999927802577970e-01 +9.9999927874665262e-01 +4.0375199393586093e-05 +4.6485533477412392e-05 +5.2733428929523659e-05 +5.8948250812028080e-05 +6.4955959180182198e-05
 16.50000000 +1.0000000000000502e+00 +1.9999989300675225e+00 +1.9846803432702126e-03 +9.9963678083170426e-01 +9.9999925097123998e-01 +9.9999924353419600e-01 +9.9999923812808578e-01 +9.9999923491068288e-01 +6.1558846826267226e-05 +6.7844051758008764e-05 +7.3775911972623779e-05 +7.9180282405661597e-05 +8.3892531379340068e-05
 17.00000000 +1.0000000000000524e+00 +1.9999988666672730e+00 +2.0175187867485546e-03 +9.9954965613189761e-01 +9.9999920031536305e-01 +9.9999918807709431e-01 +9.9999917819773287e-01 +9.9999917090348611e-01 +8.2350294137199565e-05 +8.7427184918501506e-05 +9.1681394835487308e-05 +9.4970816955522661e-05 +9.7176683841521366e-05
 17.50000000 +1.0000000000000535e+00 +1.9999988002563229e+00 +2.0372818666180292e-03 +9.9949386492314551e-01 +9.9999913031645693e-01 +9.9999911338958658e-01 +9.9999909931845521e-01 +9.9999908840505458e-01 +9.9040739905428485e-05 +1.0170079187992977e-04 +1.0318502301831471e-04 +1.0341793919137092e-04 +1.0235915357379187e-04
 18.00000000 +1.0000000000000555e+00 +1.9999987304662226e+00 +2.0406112310805231e-03 +9.9947895600884396e-01 +9.9999904427649833e-01 +9.9999902333227086e-01 +9.9999900590601887e-01 +9.9999899237512513e-01 +1.0874951410802286e-04 +1.0819222102172754e-04 +1.0630256812621200e-04 +1.0309762900471163e-04 +9.8636169260027186e-05
 18.50000000 +1.0000000000000571e+00 +1.9999986571978998e+00 +2.0273478629798261e-03 +9.9950654870554223e-01 +9.9999894833859737e-01 +9.9999892449947891e-01 +9.9999890497426269e-01 +9.9999889020693666e-01 +1.0992350566914356e-04 +1.0591980079823480e-04 +1.0067227837564665e-04 +9.4301028490452392e-05 +8.6966662133609572e-05
 19.00000000 +1.0000000000000580e+00 +1.9999985806325336e+00 +2.0004710995348463e-03 +9.9957025409311728e-01 +9.9999885042849501e-01 +9.9999882506459481e-01 +9.9999880488674342e-01 +9.9999879038951089e-01 +1.0258354935674459e-04 +9.5535753243495869e-05 +8.7581679569301033e-05 +7.8934896082085595e-05 +6.9839259577474187e-05
 19.50000000 +1.0000000000000597e+00 +1.9999985011896140e+00 +1.9654419180549199e-03 +9.9965711086507836e-01 +9.9999875884136702e-01 +9.9999873330201494e-01 +9.9999871382201100e-01 +9.9999870092627685e-01 +8.8279458895579373e-05 +7.9163331614348504e-05 +6.9682294785204942e-05 +6.0113110528465637e-05 +5.0744047727992864e-05
 20.00000000 +1.0000000000000613e+00 +1.9999984194416500e+00 +1.9290934857978776e-03 +9.9975021910800832e-01 +9.9999868073306275e-01 +9.9999865605986460e-01 +9.9999863824063306e-01 +9.9999862781081605e-01 +6.9769538543746750e-05 +5.9966431099866113e-05 +5.0454519762959176e-05 +4.1526354924580843e-05 +3.3461203591055063e-05
 20.50000000 +1.0000000000000624e+00 +1.9999983360028328e+00 +1.8982945557680282e-03 +9.9983203682828792e-01 +9.9999862079706703e-01 +9.9999859747170494e-01 +9.9999858164706801e-01 +9.9999857385517155e-01 +5.0490222335060884e-05 +4.1538705056565968e-05 +3.3530722087677974e-05 +2.6717842922421301e-05 +2.1311908611822947e-05
 21.00000000 +1.0000000000000642e+00 +1.9999982514133705e+00 +1.8786479405165177e-03 +9.9988769436809088e-01 +9.9999858037722789e-01 +9.9999855815423733e-01 +9.9999854388749221e-01 +9.9999853810277106e-01 +3.3917942827339849e-05 +2.7230422397018172e-05 +2.2008611527093490e-05 +1.8407680463119518e-05 +1.6520453287983772e-05
 21.50000000 +1.0000000000000657e+00 +1.9999981660413684e+00 +1.8734713393072536e-03 +9.9990769869942697e-01 +9.9999855718712993e-01 +9.9999853504887826e-01 +9.9999852112530230e-01 +9.9999851594826805e-01 +2.2942093607361200e-05 +1.9539559201056561e-05 +1.7885068273172556e-05 +1.7995023131755662e-05 +1.9810247110735017e-05
 22.00000000 +1.0000000000000668e+00 +1.9999980800200694e+00 +1.8832457446945274e-03 +9.9988953574223349e-01 +9.9999854569469993e-01 +9.9999852194473804e-01 +9.9999850650802502e-01 +9.9999849995155976e-01 +1.9362501448376710e-05 +1.9678029806323815e-05 +2.1714000038491856e-05 +2.5329008609566318e-05 +3.0306619176280246e-05
 22.50000000 +1.0000000000000691e+00 +1.9999979932310885e+00 +1.9056210142535553e-03 +9.9983790438660369e-01 +9.9999853810636719e-01 +9.9999851059194611e-01 +9.9999849140738550e-01 +9.9999848119911927e-01 +2.3598807875347088e-05 +2.7388139065819183e-05 +3.2546232653730404e-05 +3.8784683663651204e-05 +4.5756445666296043e-05
 23.00000000 +1.0000000000000699e+00 +1.9999979053351704e+00 +1.9359585321393309e-03 +9.9976358467067772e-01 +9.9999852577258963e-01 +9.9999849220208781e-01 +9.9999846700393169e-01 +9.9999845095887330e-01 +3.4657957650896256e-05 +4.1035584655404421e-05 +4.8154191900473810e-05 +5.5619981168610515e-05 +6.3011676815519953e-05
 23.50000000 +1.0000000000000719e+00 +1.9999978158431104e+00 +1.9682888337274060e-03 +9.9968120167187946e-01 +9.9999850075713326e-01 +9.9999845905835705e-01 +9.9999842592034938e-01 +9.9999840231628145e-01 +5.0357617950211840e-05 +5.7953171890331401e-05 +6.5490054512071084e-05 +7.2536132633104679e-05 +7.8673299373992783e-05
 24.00000000 +1.0000000000000728e+00 +1.9999977242120701e+00 +1.9964870394121531e-03 +9.9960634687929095e-01 +9.9999845728123316e-01 +9.9999840593610578e-01 +9.9999836359655170e-01 +9.9999833148057948e-01 +6.7756893708669020e-05 +7.4963687167614999e-05 +8.1283423976900098e-05 +8.6326987106902415e-05 +8.9763834644982117e-05
 24.50000000 +1.0000000000000748e+00 +1.9999976299483866e+00 +2.0154344430976809e-03 +9.9955262393618138e-01 +9.9999839277673608e-01 +9.9999833106922065e-01 +9.9999827914725103e-01 +9.9999823851160607e-01 +8.3709610116137131e-05 +8.8979452351111284e-05 +9.2661193425971894e-05 +9.4489209871613655e-05 +9.4295093615640838e-05
 25.00000000 +1.0000000000000757e+00 +1.9999975326973241e+00 +2.0219458042837484e-03 +9.9952917903057048e-01 +9.9999830835488568e-01 +9.9999823648236486e-01 +9.9999817553975767e-01 +9.9999812732717086e-01 +9.5435973623213664e-05 +9.7565249772974227e-05 +9.7671932381596159e-05 +9.5677123387701910e-05 +9.1622986465581541e-05
 25.50000000 +1.0000000000000784e+00 +1.9999974323035647e+00 +2.0152949493610502e-03 +9.9953916327059877e-01 +9.9999820860597832e-01 +9.9999812762768747e-01 +9.9999805905784345e-01 +9.9999800498774238e-01 +1.0100860647184999e-04 +9.9361922651404523e-05 +9.5619173406389651e-05 +8.9919895160161671e-05 +8.2526852852719289e-05
 26.00000000 +1.0000000000000793e+00 +1.9999973288321629e+00 +1.9972544020916772e-03 +9.9957938069888597e-01 +9.9999810076894280e-01 +9.9999801239433550e-01 +9.9999793815188021e-01 +9.9999788039259574e-01 +9.9668076487871628e-05 +9.4297309375395211e-05 +8.7147419988222271e-05 +7.8567517078673656e-05 +6.9007270827209778e-05
 26.50000000 +1.0000000000000813e+00 +1.9999972225477036e+00 +1.9716607842644148e-03 +9.9964114126023518e-01 +9.9999799342586870e-01 +9.9999789967564334e-01 +9.9999782189068276e-01 +9.9999776263327578e-01 +9.1916960380235778e-05 +8.3553135179301690e-05 +7.4073430684031252e-05 +6.3985565923031573e-05 +5.3852022535269649e-05
 27.00000000 +1.0000000000000830e+00 +1.9999971138571797e+00 +1.9436076821108417e-03 +9.9971210934628341e-01 +9.9999789496275937e-01 +9.9999779776004505e-01 +9.9999771830440509e-01 +9.9999765931459128e-01 +7.9383463845469259e-05 +6.9302786961266831e-05 +5.9003747503982904e-05 +4.9066504442720153e-05 +4.0063809578782280e-05
 27.50000000 +1.0000000000000848e+00 +1.9999970032287528e+00 +1.9184345165476156e-03 +9.9977875887790779e-01 +9.9999781207875449e-01 +9.9999771284279482e-01 +9.9999763292691957e-01 +9.9999757515846355e-01 +6.4487714871984330e-05 +5.4276746003665336e-05 +4.4818324120275734e-05 +3.6658200326057900e-05 +3.0267130262743280e-05
 28.00000000 +1.0000000000000864e+00 +1.9999968911026091e+00 +1.9007117919568621e-03 +9.9982894748215989e-01 +9.9999774861430690e-01 +9.9999764793079104e-01 +9.9999756780680449e-01 +9.9999751115091007e-01 +4.9978357910923441e-05 +4.1242212428289337e-05 +3.4122421723401646e-05 +2.9022556319048446e-05 +2.6211467078094291e-05
 28.50000000 +1.0000000000000879e+00 +1.9999967778108021e+00 +1.8934152786357771e-03 +9.9985412052505829e-01 +9.9999770490736806e-01 +9.9999760233760815e-01 +9.9999752116654728e-01 +9.9999746438839565e-01 +3.8427991397812148e-05 +3.2496032588708237e-05 +2.8771053480780676e-05 +2.7427060422822853e-05 +2.8464537572708113e-05
 29.00000000 +1.0000000000000890e+00 +1.9999966635207171e+00 +1.8974373977548003e-03 +9.9985074680283759e-01 +9.9999767778740667e-01 +9.9999757185477722e-01 +9.9999748776707476e-01 +9.9999742864683960e-01 +3.1780012974893550e-05 +2.9463749309557902e-05 +2.9552540550480449e-05 +3.1942486948163602e-05 +3.6348351727359062e-05
 29.50000000 +1.0000000000000910e+00 +1.9999965482115856e+00 +1.9115134023285579e-03 +9.9982075021892769e-01 +9.9999766119916156e-01 +9.9999754955968678e-01 +9.9999745990288047e-01 +9.9999739556051570e-01 +3.1026488983474972e-05 +3.2474338836297007e-05 +3.6084329952078364e-05 +4.1477401520857283e-05 +4.8120999991459200e-05
 30.00000000 +1.0000000000000915e+00 +1.9999964316869545e+00 +1.9325576008870989e-03 +9.9977090170870708e-01 +9.9999764733338969e-01 +9.9999752710390066e-01 +9.9999742883667053e-01 +9.9999735618469909e-01 +3.6069778871693544e-05 +4.0744975301620893e-05 +4.6932083790831218e-05 +5.4033315702713831e-05 +6.1358679426303837e-05
 30.50000000 +1.0000000000000944e+00 +1.9999963136191710e+00 +1.9563271596437460e-03 +9.9971133332212603e-01 +9.9999762805180470e-01 +9.9999749623976564e-01 +9.9999738640345437e-01 +9.9999730264667142e-01 +4.5785280608006256e-05 +5.2570005530827999e-05 +5.9920531938925290e-05 +6.7122542331195806e-05 +7.3454976240350798e-05
 31.00000000 +1.0000000000000961e+00 +1.9999961936160477e+00 +1.9782726191707976e-03 +9.9965349427742467e-01 +9.9999759634385366e-01 +9.9999745030342846e-01 +9.9999732648647377e-01 +9.9999722957696124e-01 +5.8265607277192351e-05 +6.5670891007126898e-05 +7.2569770132765505e-05 +7.8261913366551176e-05 +8.2134830555617280e-05
 31.50000000 +1.0000000000000984e+00 +1.9999960712963631e+00 +1.9944054569486888e-03 +9.9960795881160269e-01 +9.9999754755253789e-01 +9.9999738538538774e-01 +9.9999724609585972e-01 +9.9999713505825927e-01 +7.1194572989283472e-05 +7.7636019861074076e-05 +8.2569864662642404e-05 +8.5444595821428969e-05 +8.5882043509000509e-05
 32.00000000 +1.0000000000000997e+00 +1.9999959463596078e+00 +2.0020179304455787e-03 +9.9958250389599501e-01 +9.9999748015385759e-01 +9.9999730098197137e-01 +9.9999714585890520e-01 +9.9999702092358733e-01 +8.2278150340446920e-05 +8.6365777466335266e-05 +8.8203149002752352e-05 +8.7500633632121841e-05 +8.4200475739353497e-05
 32.50000000 +1.0000000000001004e+00 +1.9999958186374207e+00 +2.0001264874447153e-03 +9.9958080372692970e-01 +9.9999739596016102e-01 +9.9999720002021097e-01 +9.9999702984298433e-01 +9.9999689235954603e-01 +8.9652458331213953e-05 +9.0440981057051848e-05 +8.8637379535228805e-05 +8.4282100080153532e-05 +7.7665171666138196e-05
 33.00000000 +1.0000000000001010e+00 +1.9999956881179910e+00 +1.9895688152077834e-03 +9.9960195472056568e-01 +9.9999729972486195e-01 +9.9999708826523770e-01 +9.9999690475674519e-01 +9.9999675690069356e-01 +9.2196522159632775e-05 +8.9350517634262524e-05 +8.4040592097270100e-05 +7.6645245649198054e-05 +6.7762754861231674e-05
 33.50000000 +1.0000000000001028e+00 +1.9999955549402935e+00 +1.9727537540348088e-03 +9.9964087786861144e-01 +9.9999719823457922e-01 +9.9999697323166570e-01 +9.9999677868871450e-01 +9.9999662301274472e-01 +8.9697961269503970e-05 +8.3542818997143616e-05 +7.5504211789844371e-05 +6.6242215654035408e-05 +5.6561756489947700e-05
 34.00000000 +1.0000000000001048e+00 +1.9999954193607785e+00 +1.9531290907213051e-03 +9.9968947807037112e-01 +9.9999709906482603e-01 +9.9999686280776612e-01 +9.9999665962399231e-01 +9.9999649853461392e-01 +8.2848626998926266e-05 +7.4299825972875289e-05 +6.4797594789682821e-05 +5.5170859404643785e-05 +4.6284991789470564e-05
 34.50000000 +1.0000000000001061e+00 +1.9999952817000990e+00 +1.9344822843266397e-03 +9.9973830414310849e-01 +9.9999700923101620e-01 +9.9999676384815339e-01 +9.9999655401487575e-01 +9.9999638926967738e-01 +7.3078899232241465e-05 +6.3464793211261649e-05 +5.4007752730960374e-05 +4.5556110117305230e-05 +3.8871938410220693e-05
 35.00000000 +1.0000000000001072e+00 +1.9999951422808424e+00 +1.9202147310127544e-03 +9.9977837272881376e-01 +9.9999693397857392e-01 +9.9999668098956451e-01 +9.9999646566452893e-01 +9.9999629798226874e-01 +6.2267982123637467e-05 +5.3080671650733565e-05 +4.5137028875537322e-05 +3.9146075394850140e-05 +3.5616898743453566e-05
 35.50000000 +1.0000000000001097e+00 +1.9999950013682373e+00 +1.9127276648170770e-03 +9.9980280656439602e-01 +9.9999687592352482e-01 +9.9999661589677014e-01 +9.9999639511880345e-01 +9.9999622397423926e-01 +5.2388064847058828e-05 +4.5009524048489305e-05 +3.9735911796129625e-05 +3.6999199336348110e-05 +3.6949822787701640e-05
 36.00000000 +1.0000000000001115e+00 +1.9999948591246992e+00 +1.9130291994454869e-03 +9.9980799134637621e-01 +9.9999683468536438e-01 +9.9999656706166118e-01 +9.9999633966299961e-01 +9.9999616330465479e-01 +4.5149302716642793e-05 +4.0603500635942178e-05 +3.8637851615487856e-05 +3.9317733120132381e-05 +4.2395551413999378e-05
 36.50000000 +1.0000000000001124e+00 +1.9999947155858371e+00 +1.9206242090329224e-03 +9.9979406192024489e-01 +9.9999680706115202e-01 +9.9999653017476253e-01 +9.9999629390705413e-01 +9.9999610959522933e-01 +4.1709136621548266e-05 +4.0484977179390899e-05 +4.1840550447614511e-05 +4.5452049465034558e-05 +5.0710628405395740e-05
 37.00000000 +1.0000000000001146e+00 +1.9999945706611495e+00 +1.9336918888335458e-03 +9.9976466472688219e-01 +9.9999678769123757e-01 +9.9999649898430554e-01 +9.9999625083561883e-01 +9.9999605525751389e-01 +4.2494745144145670e-05 +4.4470566516058151e-05 +4.8548553352132660e-05 +5.4066444385554268e-05 +6.0162195616274343e-05
 37.50000000 +1.0000000000001166e+00 +1.9999944241579231e+00 +1.9495012603591311e-03 +9.9972608195901747e-01 +9.9999677008093002e-01 +9.9999646647275098e-01 +9.9999620311844306e-01 +9.9999599290480090e-01 +4.7164643667135953e-05 +5.1645584844852856e-05 +5.7361023013452528e-05 +6.3426673152411307e-05 +6.8887539961674256e-05
 38.00000000 +1.0000000000001181e+00 +1.9999942758225384e+00 +1.9649728452155752e-03 +9.9968591743957247e-01 +9.9999674778388037e-01 +9.9999642612918738e-01 +9.9999614443551710e-01 +9.9999591668477306e-01 +5.4709138109302451e-05 +6.0567646198928715e-05 +6.6562240097645654e-05 +7.1748240219233683e-05 +7.5260263033542085e-05
 38.50000000 +1.0000000000001190e+00 +1.9999941253905644e+00 +1.9772725026550191e-03 +9.9965161459372209e-01 +9.9999671553144365e-01 +9.9999637308649103e-01 +9.9999607057675155e-01 +9.9999582329160630e-01 +6.3664445899680168e-05 +6.9555512727334881e-05 +7.4455359434384889e-05 +7.7536018510159955e-05 +7.8191584008125318e-05
 39.00000000 +1.0000000000001206e+00 +1.9999939726358746e+00 +1.9843240788553645e-03 +9.9962909235446640e-01 +9.9999667011036930e-01 +9.9999630492486624e-01 +9.9999598012512414e-01 +9.9999571248293762e-01 +7.2396239308137396e-05 +7.7006025185277259e-05 +7.9674988628252759e-05 +7.9851071012113173e-05 +7.7311678705180780e-05
 39.50000000 +1.0000000000001215e+00 +1.9999938174097669e+00 +1.9851495757446948e-03 +9.9962174574350005e-01 +9.9999661084391234e-01 +9.9999622201076599e-01 +9.9999587461458250e-01 +9.9999558702377800e-01 +7.9398280795006727e-05 +8.1679842994441087e-05 +8.1421539647393698e-05 +7.8457844789594789e-05 +7.3002255842845393e-05
 40.00000000 +1.0000000000001237e+00 +1.9999936596634966e+00 +1.9799835435289738e-03 +9.9962997483618965e-01 +9.9999653960797708e-01 +9.9999612732870091e-01 +9.9999575815324915e-01 +9.9999545208728313e-01 +8.3552047735224982e-05 +8.2905623439304149e-05 +7.9577986376895988e-05 +7.3830240773270546e-05 +6.6282088893311237e-05
 40.50000000 +1.0000000000001239e+00 +1.9999934994510662e+00 +1.9701541556417356e-03 +9.9965129715031076e-01 +9.9999646039934920e-01 +9.9999602585607117e-01 +9.9999563659977853e-01 +9.9999531424076127e-01 +8.4303184822290050e-05 +8.0669929976449022e-05 +7.4693759114292487e-05 +6.7023132945264171e-05 +5.8575747492217897e-05
 41.00000000 +1.0000000000001255e+00 +1.9999933369130070e+00 +1.9577677806563382e-03 +9.9968098621990398e-01 +9.9999637855182344e-01 +9.9999592361108025e-01 +9.9999551645832108e-01 +9.9999518021662892e-01 +8.1727950455411219e-05 +7.5582847834034975e-05 +6.7846138774419352e-05 +5.9441180488665885e-05 +5.1416825317666954e-05
 41.50000000 +1.0000000000001279e+00 +1.9999931722453190e+00 +1.9452684986566232e-03 +9.9971308457430497e-01 +9.9999629975406923e-01 +9.9999582655681463e-01 +9.9999540370193163e-01 +9.9999505569987279e-01 +7.6484003800944919e-05 +6.8732546024673289e-05 +6.0411777818512935e-05 +5.2554553654100355e-05 +4.6146832348974218e-05
 42.00000000 +1.0000000000001297e+00 +1.9999930056602255e+00 +1.9349629676322434e-03 +9.9974157919801454e-01 +9.9999622905110441e-01 +9.9999573956249110e-01 +9.9999530273877246e-01 +9.9999494435169778e-01 +6.9660878352750715e-05 +6.1461547150343303e-05 +5.3795879306292996e-05 +4.7618490420532266e-05 +4.3668303338166837e-05
 42.50000000 +1.0000000000001299e+00 +1.9999928373465186e+00 +1.9286017362390995e-03 +9.9976151091050680e-01 +9.9999617000554397e-01 +9.9999566560378561e-01 +9.9999521570075234e-01 +9.9999484723726328e-01 +6.2562533569567789e-05 +5.5109872939596575e-05 +4.9171730554195061e-05 +4.5449613591791483e-05 +4.4296792143775986e-05
 43.00000000 +1.0000000000001332e+00 +1.9999926674367661e+00 +1.9270915703735510e-03 +9.9976981629475792e-01 +9.9999612415802763e-01 +9.9999560533325638e-01 +9.9999514216843799e-01 +9.9999476274486654e-01 +5.6464627485122530e-05 +5.0773653844198290e-05 +4.7278304887222216e-05 +4.6298079359293838e-05 +4.7734635743480992e-05
 43.50000000 +1.0000000000001341e+00 +1.9999924959870112e+00 +1.9303838647839213e-03 +9.9976576385322646e-01 +9.9999609086652375e-01 +9.9999555707980881e-01 +9.9999507936244147e-01 +9.9999468699075311e-01 +5.2391161505628058e-05 +4.9122120446134452e-05 +4.8310039164496722e-05 +4.9834126260868301e-05 +5.3164400540181156e-05
 44.00000000 +1.0000000000001357e+00 +1.9999923229717969e+00 +1.9375481834510678e-03 +9.9975093077970323e-01 +9.9999606753341019e-01 +9.9999551725697144e-01 +9.9999502274618435e-01 +9.9999461461558237e-01 +5.0949038935329783e-05 +5.0302709882600789e-05 +5.1913724319996135e-05 +5.5244762347205547e-05 +5.9436833341859303e-05
 44.50000000 +1.0000000000001377e+00 +1.9999921482944527e+00 +1.9470046616622747e-03 +9.9972875576894393e-01 +9.9999605016041249e-01 +9.9999548108785596e-01 +9.9999496691333045e-01 +9.9999453981131947e-01 +5.2246433818830842e-05 +5.3946189572206994e-05 +5.7286634211250791e-05 +6.1415673865501940e-05 +6.5311327358884085e-05
 45.00000000 +1.0000000000001392e+00 +1.9999919718096573e+00 +1.9568610326524531e-03 +9.9970377966058521e-01 +9.9999603411700633e-01 +9.9999544350301284e-01 +9.9999490658799073e-01 +9.9999445738270198e-01 +5.5904352899931864e-05 +5.9264774050685887e-05 +6.3351560702552676e-05 +6.7158778459395547e-05 +6.9699283286563327e-05
 45.50000000 +1.0000000000001406e+00 +1.9999917933533538e+00 +1.9652841930381877e-03 +9.9968073598478935e-01 +9.9999601497653912e-01 +9.9999540004386489e-01 +9.9999483755369656e-01 +9.9999436364999161e-01 +6.1153592692872295e-05 +6.5219725353793644e-05 +6.8971631160591443e-05 +7.1439615988688312e-05 +7.1863226625635466e-05
 46.00000000 +1.0000000000001419e+00 +1.9999916127739508e+00 +1.9708346473934183e-03 +9.9966367003554124e-01 +9.9999598927042666e-01 +9.9999534761205122e-01 +9.9999475734887822e-01 +9.9999425703752964e-01 +6.6994570946210180e-05 +7.0723753368298186e-05 +7.3162702203773984e-05 +7.3561641197039673e-05 +7.1536028567490727e-05
 46.50000000 +1.0000000000001439e+00 +1.9999914299590742e+00 +1.9727041716711005e-03 +9.9965524720219456e-01 +9.9999595503360461e-01 +9.9999528494073331e-01 +9.9999466561652361e-01 +9.9999413825694883e-01 +7.2387735167417824e-05 +7.4839385251424708e-05 +7.5264220547052941e-05 +7.3275339817982881e-05 +6.8942269930732150e-05
 47.00000000 +1.0000000000001450e+00 +1.9999912448532196e+00 +1.9708193849086470e-03 +9.9965636472532238e-01 +9.9999591205822647e-01 +9.9999521271981251e-01 +9.9999456406330844e-01 +9.9999401007172872e-01 +7.6438861523099567e-05 +7.6937668693269307e-05 +7.5039624160118607e-05 +7.0796359056992923e-05 +6.4723848893238659e-05
 47.50000000 +1.0000000000001477e+00 +1.9999910574637947e+00 +1.9658016660317975e-03 +9.9966611656616344e-01 +9.9999586182856426e-01 +9.9999513337200241e-01 +9.9999445605573178e-01 +9.9999387670622875e-01 +7.8546755592376390e-05 +7.6791059949194430e-05 +7.2692271668319433e-05 +6.6735077820348761e-05 +5.9790307016149844e-05
 48.00000000 +1.0000000000001477e+00 +1.9999908678552472e+00 +1.9588013800478934e-03 +9.9968209203509217e-01 +9.9999580716740211e-01 +9.9999505053857574e-01 +9.9999434594419934e-01 +9.9999374302340960e-01 +7.8489654773564090e-05 +7.4587984413106026e-05 +6.8799445991497900e-05 +6.1956639676959271e-05 +5.5127567205131573e-05
 48.50000000 +1.0000000000001499e+00 +1.9999906761332531e+00 +1.9512465181975452e-03 +9.9970092844470004e-01 +9.9999575167286470e-01 +9.9999496838164204e-01 +9.9999423824979383e-01 +9.9999361363093431e-01 +7.6439073138455109e-05 +7.0871582431700179e-05 +6.4181983056178386e-05 +5.7402376743327700e-05 +5.1604605444568174e-05
 49.00000000 +1.0000000000001512e+00 +1.9999904824225896e+00 +1.9445588405823009e-03 +9.9971899697095257e-01 +9.9999569905627872e-01 +9.9999489083593918e-01 +9.9999413686554306e-01 +9.9999349207985155e-01 +7.2903456520115713e-05 +6.6418729960663787e-05 +5.9737831597086942e-05 +5.3908806697327840e-05 +4.9815367417037580e-05
 49.50000000 +1.0000000000001530e+00 +1.9999902868432129e+00 +1.9398926781110700e-03 +9.9973308534843619e-01 +9.9999565250208866e-01 +9.9999482094432390e-01 +9.9999404441306194e-01 +9.9999338029470619e-01 +6.8616312412501761e-05 +6.2085169654436793e-05 +5.6272632773429059e-05 +5.2058429240702229e-05 +4.9983954067179872e-05
 50.00000000 +1.0000000000001539e+00 +1.9999900894890186e+00 +1.9379431372037507e-03 +9.9974095197061152e-01 +9.9999561415922433e-01 +9.9999476038831481e-01 +9.9999396185972078e-01 +9.9999327832462537e-01 +6.4392336839360091e-05 +5.8646981444111671e-05 +5.4358727915486409e-05 +5.2088237706124302e-05 +5.1947014367675075e-05
 50.50000000 +1.0000000000001559e+00 +1.9999898904130065e+00 +1.9388539347209722e-03 +9.9974165935497961e-01 +9.9999558484340900e-01 +9.9999470928397716e-01 +9.9999388844910131e-01 +9.9999318444225482e-01 +6.0979129266041386e-05 +5.6667223928132091e-05 +5.4246609810125853e-05 +5.3869206249765139e-05 +5.5211457802723984e-05
 51.00000000 +1.0000000000001570e+00 +1.9999896896209872e+00 +1.9422341973112075e-03 +9.9973564281838945e-01 +9.9999556398792455e-01 +9.9999466626242783e-01 +9.9999382193866537e-01 +9.9999309555327265e-01 +5.8930968182054344e-05 +5.6410040165710720e-05 +5.5841494237779252e-05 +5.6955714928570737e-05 +5.9071222591320976e-05
 51.50000000 +1.0000000000001585e+00 +1.9999894870743851e+00 +1.9472725509875259e-03 +9.9972452254546673e-01 +9.9999554983471739e-01 +9.9999462880301904e-01 +9.9999375908434840e-01 +9.9999300782554357e-01 +5.8525372571025063e-05 +5.7814390278864516e-05 +5.8744785834697335e-05 +6.0690762885477470e-05 +6.2756596128236408e-05
 52.00000000 +1.0000000000001612e+00 +1.9999892827008294e+00 +1.9529196539813220e-03 +9.9971071393201649e-01 +9.9999553981650713e-01 +9.9999459374491495e-01 +9.9999369627153345e-01 +9.9999291741273955e-01 +5.9734146717830323e-05 +6.0527944557368680e-05 +6.2348253856196867e-05 +6.4343300184191812e-05 +6.5585177778685236e-05
 52.50000000 +1.0000000000001619e+00 +1.9999890764100519e+00 +1.9580999051881914e-03 +9.9969692390437215e-01 +9.9999553105085193e-01 +9.9999455787629565e-01 +9.9999363017209564e-01 +9.9999282113768073e-01 +6.2250138705208406e-05 +6.3990766817639025e-05 +6.5959874893750935e-05 +6.7249634878774884e-05 +6.7085444219035809e-05
 53.00000000 +1.0000000000001634e+00 +1.9999888681117246e+00 +1.9619108047078610e-03 +9.9968563486313156e-01 +9.9999552085325072e-01 +9.9999451849342802e-01 +9.9999355831005843e-01 +9.9999271701592030e-01 +6.5561004389271611e-05 +6.7550170855709425e-05 +6.8935966066103799e-05 +6.8932107527415950e-05 +6.7071216190351329e-05
 53.50000000 +1.0000000000001656e+00 +1.9999886577318660e+00 +1.9637741150229358e-03 +9.9967867190795456e-01 +9.9999550717964558e-01 +9.9999447383428874e-01 +9.9999347944198369e-01 +9.9999260453592387e-01 +6.9053590941611445e-05 +7.0583851802621248e-05 +7.0794903461817213e-05 +6.9174434095129606e-05 +6.5656320730595006e-05
 54.00000000 +1.0000000000001672e+00 +1.9999884452249146e+00 +1.9635148626113656e-03 +9.9967692580861989e-01 +9.9999548892736168e-01 +9.9999442331980271e-01 +9.9999339369707985e-01 +9.9999248466097834e-01 +7.2128340125251095e-05 +7.2608569684518492e-05 +7.1292909643130739e-05 +6.8042763946041325e-05 +6.3211003593964551e-05
 54.50000000 +1.0000000000001692e+00 +1.9999882305796932e+00 +1.9613595928363796e-03 +9.9968026951778555e-01 +9.9999546605318057e-01 +9.9999436757400828e-01 +9.9999330246802320e-01 +9.9999235956988552e-01 +7.4302857649991846e-05 +7.3355936678670612e-05 +7.0450808315905263e-05 +6.5852505081111083e-05 +6.0272710235188534e-05
 55.00000000 +1.0000000000001701e+00 +1.9999880138186310e+00 +1.9578609810044869e-03 +9.9968766726032654e-01 +9.9999543950182912e-01 +9.9999430823500968e-01 +9.9999320808816428e-01 +9.9999223219911337e-01 +7.5287253904410124e-05 +7.2804153920490234e-05 +6.8530486333559046e-05 +6.3091151114287461e-05 +5.7431671134083129e-05
 55.50000000 +1.0000000000001716e+00 +1.9999877949909957e+00 +1.9537689497402975e-03 +9.9969743991437987e-01 +9.9999541097142608e-01 +9.9999424760429234e-01 +9.9999311336609786e-01 +9.9999210568054564e-01 +7.5020141580998102e-05 +7.1163309693657786e-05 +6.5969143494403485e-05 +6.0314839121923570e-05 +5.5215030224651530e-05
 56.00000000 +1.0000000000001732e+00 +1.9999875741618607e+00 +1.9498766331579596e-03 +9.9970762477609998e-01 +9.9999538256845177e-01 +9.9999418820673003e-01 +9.9999302106892829e-01 +9.9999198278144563e-01 +7.3661949358574499e-05 +6.8820388016873550e-05 +6.3286557386820269e-05 +5.8039959438575996e-05 +5.3991745008646739e-05
 56.50000000 +1.0000000000001743e+00 +1.9999873513991677e+00 +1.9468717470781740e-03 +9.9971635579251894e-01 +9.9999535641981829e-01 +9.9999413234395174e-01 +9.9999293344833440e-01 +9.9999186544584873e-01 +7.1549984303319179e-05 +6.6256914860132648e-05 +6.0984387449292306e-05 +5.6650444583701994e-05 +5.3914819203579855e-05
 57.00000000 +1.0000000000001759e+00 +1.9999871267614140e+00 +1.9452202723652678e-03 +9.9972219300455689e-01 +9.9999533431169563e-01 +9.9999408171882453e-01 +9.9999285188944731e-01 +9.9999175451187472e-01 +6.9126069473306707e-05 +6.3956094980823007e-05 +5.9456543186911115e-05 +5.6336843185775803e-05 +5.4909013653459066e-05
 57.50000000 +1.0000000000001776e+00 +1.9999869002881032e+00 +1.9451010273045838e-03 +9.9972434549784395e-01 +9.9999531741464065e-01 +9.9999403719068736e-01 +9.9999277673531073e-01 +9.9999164964309906e-01 +6.6851569766390969e-05 +6.2316874848430547e-05 +5.8926138625419023e-05 +5.7076084234732857e-05 +5.6702851831020767e-05
 58.00000000 +1.0000000000001805e+00 +1.9999866719944897e+00 +1.9463986587987397e-03 +9.9972275660340071e-01 +9.9999530613501653e-01 +9.9999399869375527e-01 +9.9999270730505341e-01 +9.9999154947141355e-01 +6.5125679014190128e-05 +6.1589761028369198e-05 +5.9418468205712664e-05 +5.8652523688736331e-05 +5.8895360324221264e-05
 58.50000000 +1.0000000000001816e+00 +1.9999864418711384e+00 +1.9487511199458480e-03 +9.9971804811713683e-01 +9.9999530010775961e-01 +9.9999396532034646e-01 +9.9999264208857208e-01 +9.9999145191139205e-01 +6.4221016658028385e-05 +6.1844150308742259e-05 +6.0772095078727613e-05 +6.0713093903550903e-05 +6.1042099750807037e-05
 59.00000000 +1.0000000000001823e+00 +1.9999862098879833e+00 +1.9516379954280432e-03 +9.9971134641780501e-01 +9.9999529832012246e-01 +9.9999393554188032e-01 +9.9999257907081496e-01 +9.9999135457853561e-01 +6.4246424553065631e-05 +6.2970500117748255e-05 +6.2682996066412342e-05 +6.2843568105152095e-05 +6.2742582911255197e-05
 59.50000000 +1.0000000000001839e+00 +1.9999859760017196e+00 +1.9544897348818618e-03 +9.9970403290755772e-01 +9.9999529933444109e-01 +9.9999390751880612e-01 +9.9999251611947160e-01 +9.9999125523011823e-01 +6.5141285686486097e-05 +6.4714154883085677e-05 +6.4771060967624999e-05 +6.4650044563729944e-05 +6.3712344423269584e-05
 60.00000000 +1.0000000000001852e+00 +1.9999857401649037e+00 +1.9567958212164884e-03 +9.9969747116642105e-01 +9.9999530156374017e-01 +9.9999387943911011e-01 +9.9999245136376513e-01 +9.9999115214924184e-01 +6.6699805524011364e-05 +6.6732228931619766e-05 +6.6655017829009541e-05 +6.5830062428009280e-05 +6.3827203934823236e-05
 60.50000000 +1.0000000000001863e+00 +1.9999855023349487e+00 +1.9581921228063108e-03 +9.9969276264018281e-01 +9.9999530354889432e-01 +9.9999384982491979e-01 +9.9999238349905917e-01 +9.9999104440852427e-01 +6.8618568426193064e-05 +6.8661517634561746e-05 +6.8021448506845139e-05 +6.6220965064425549e-05 +6.3133579720367448e-05
 61.00000000 +1.0000000000001887e+00 +1.9999852624814318e+00 +1.9585133494949081e-03 +9.9969057264950012e-01 +9.9999530419019667e-01 +9.9999381775709417e-01 +9.9999231196998095e-01 +9.9999093197586830e-01 +7.0557150688859118e-05 +7.0184421905406232e-05 +6.8675814971484397e-05 +6.5818388226517434e-05 +6.1825682511974792e-05
 61.50000000 +1.0000000000001898e+00 +1.9999850205904977e+00 +1.9578042775672596e-03 +9.9969105174652595e-01 +9.9999530289806726e-01 +9.9999378298596009e-01 +9.9999223700966422e-01 +9.9999081565548698e-01 +7.2200130093675829e-05 +7.1081303413865883e-05 +6.8567701663850973e-05 +6.4763911305570289e-05 +6.0196658767893349e-05
 62.00000000 +1.0000000000001910e+00 +1.9999847766659100e+00 +1.9562915953281034e-03 +9.9969385767378682e-01 +9.9999529964453349e-01 +9.9999374591862300e-01 +9.9999215953960652e-01 +9.9999069688701525e-01 +7.3309560192862163e-05 +7.1261079924590473e-05 +6.7787836078767844e-05 +6.3306738510376096e-05 +5.8575122684305620e-05
 62.50000000 +1.0000000000001927e+00 +1.9999845307268236e+00 +1.9543252876316340e-03 +9.9969826432342479e-01 +9.9999529491558781e-01 +9.9999370749531546e-01 +9.9999208095857062e-01 +9.9999057744884123e-01 +7.3759565587043545e-05 +7.0766446984037165e-05 +6.6539803965873849e-05 +6.1748706784298086e-05 +5.7260335903265635e-05
 63.00000000 +1.0000000000001952e+00 +1.9999842828030372e+00 +1.9523032208079785e-03 +9.9970332953590246e-01 +9.9999528958142525e-01 +9.9999366898533526e-01 +9.9999200286606205e-01 +9.9999045912516371e-01 +7.3548548834885208e-05 +6.9754949947858355e-05 +6.5093743421611348e-05 +6.0384235401295214e-05 +5.6468429481297493e-05
 63.50000000 +1.0000000000001954e+00 +1.9999840329287684e+00 +1.9505943532801919e-03 +9.9970808557964286e-01 +9.9999528471392485e-01 +9.9999363174433276e-01 +9.9999192677358451e-01 +9.9999034339802806e-01 +7.2788798606016422e-05 +6.8461336558825684e-05 +6.3731965327061684e-05 +5.9446783253118566e-05 +5.6298907721010230e-05
 64.00000000 +1.0000000000001976e+00 +1.9999837811362873e+00 +1.9494747440070696e-03 +9.9971171555049865e-01 +9.9999528138701654e-01 +9.9999359697776302e-01 +9.9999185385468392e-01 +9.9999023121637065e-01 +7.1677255275884780e-05 +6.7149492807305357e-05 +6.2697063240325018e-05 +5.9071175685561467e-05 +5.6726027647587072e-05
 64.50000000 +1.0000000000001998e+00 +1.9999835274505060e+00 +1.9490867878517500e-03 +9.9971368510973901e-01 +9.9999528049513542e-01 +9.9999356555032926e-01 +9.9999178477376915e-01 +9.9999012287638200e-01 +7.0454154873728927e-05 +6.6063402627785639e-05 +6.2151707768270012e-05 +5.9277402143198002e-05 +5.7614528232402726e-05
 65.00000000 +1.0000000000002012e+00 +1.9999832718854234e+00 +1.9494268122964421e-03 +9.9971381013834504e-01 +9.9999528261864012e-01 +9.9999353786990064e-01 +9.9999171961673594e-01 +9.9999001802518450e-01 +6.9357800791951474e-05 +6.5385921708009800e-05 +6.2156391996853440e-05 +5.9977008110874228e-05 +5.8754609592528481e-05
 65.50000000 +1.0000000000002032e+00 +1.9999830144428867e+00 +1.9503604572247571e-03 +9.9971225448091527e-01 +9.9999528795436099e-01 +9.9999351385905499e-01 +9.9999165792674960e-01 +9.9998991577713392e-01 +6.8583662174576622e-05 +6.5211990806413351e-05 +6.2667579131148109e-05 +6.0998910466594201e-05 +5.9907860221883865e-05
 66.00000000 +1.0000000000002041e+00 +1.9999827551136362e+00 +1.9516602268708594e-03 +9.9970946524687376e-01 +9.9999529631669115e-01 +9.9999349301122264e-01 +9.9999159883003375e-01 +9.9998981491315919e-01 +6.8254516828472557e-05 +6.5539756648240900e-05 +6.3554778194597366e-05 +6.2128141202505145e-05 +6.0854490166510310e-05
 66.50000000 +1.0000000000002056e+00 +1.9999824938802404e+00 +1.9530561118791573e-03 +9.9970606372299153e-01 +9.9999530720224028e-01 +9.9999347451422349e-01 +9.9999154122223244e-01 +9.9998971412143678e-01 +6.8405832314238479e-05 +6.6279573114867867e-05 +6.4631766764669280e-05 +6.3149205524812394e-05 +6.1432840184911529e-05
 67.00000000 +1.0000000000002074e+00 +1.9999822307211703e+00 +1.9542887178139747e-03 +9.9970271616493311e-01 +9.9999531990098767e-01 +9.9999345741402579e-01 +9.9999148397795468e-01 +9.9998961223392691e-01 +6.8987548184326256e-05 +6.7277678717954356e-05 +6.5695040870311828e-05 +6.3885631583073522e-05 +6.1564409853046259e-05
 67.50000000 +1.0000000000002092e+00 +1.9999819656152109e+00 +1.9551549662943685e-03 +9.9970000988680918e-01 +9.9999533363075577e-01 +9.9999344078721575e-01 +9.9999142614541514e-01 +9.9998950841787093e-01 +6.9880462573710552e-05 +6.8349028442335976e-05 +6.6561887038790960e-05 +6.4228756574757049e-05 +6.1260998348924397e-05
 68.00000000 +1.0000000000002107e+00 +1.9999816985453245e+00 +1.9555388241129248e-03 +9.9969835646818661e-01 +9.9999534767019560e-01 +9.9999342389210444e-01 +9.9999136709401248e-01 +9.9998940229273936e-01 +7.0923050008034794e-05 +6.9312635760521881e-05 +6.7101233151370613e-05 +6.4151420754450706e-05 +6.0614244140202506e-05
 68.50000000 +1.0000000000002118e+00 +1.9999814295014027e+00 +1.9554230406822865e-03 +9.9969793670036766e-01 +9.9999536146821966e-01 +9.9999340627488020e-01 +9.9999130659371183e-01 +9.9998929395868663e-01 +7.1943107342365369e-05 +7.0022945250169019e-05 +6.7252371717724580e-05 +6.3705431092206272e-05 +5.9771149790906920e-05
 69.00000000 +1.0000000000002132e+00 +1.9999811584814753e+00 +1.9548817662581488e-03 +9.9969869279101853e-01 +9.9999537471402333e-01 +9.9999338781710689e-01 +9.9999124481875812e-01 +9.9998918393926939e-01 +7.2788304298711671e-05 +7.0392059666636039e-05 +6.7029299514583191e-05 +6.3004763537425406e-05 +5.8901493872768742e-05
 69.50000000 +1.0000000000002154e+00 +1.9999808854913352e+00 +1.9540574269049931e-03 +9.9970036420296293e-01 +9.9999538736005744e-01 +9.9999336872215427e-01 +9.9999118228198980e-01 +9.9998907305591878e-01 +7.3350457137519537e-05 +7.0399748862870791e-05 +6.6511231529248926e-05 +6.2198926024933265e-05 +5.8164014439298411e-05
 70.00000000 +1.0000000000002165e+00 +1.9999806105428641e+00 +1.9531277433866585e-03 +9.9970255599353997e-01 +9.9999539959900041e-01 +9.9999334944877216e-01 +9.9999111971739230e-01 +9.9998896226201428e-01 +7.3579919359082252e-05 +7.0090621108391893e-05 +6.5822296431991767e-05 +6.1442307956092903e-05 +5.7677835507797147e-05
 70.50000000 +1.0000000000002183e+00 +1.9999803336514095e+00 +1.9522699442682488e-03 +9.9970482384126391e-01 +9.9999541180336970e-01 +9.9999333060818052e-01 +9.9999105793581955e-01 +9.9998885246898261e-01 +7.3488538058459412e-05 +6.9560169351824290e-05 +6.5105093373883340e-05 +6.0865533505141060e-05 +5.7504009185267039e-05
 71.00000000 +1.0000000000002198e+00 +1.9999800548328781e+00 +1.9516289700416912e-03 +9.9970675864505454e-01 +9.9999542444172862e-01 +9.9999331284562265e-01 +9.9999099768105626e-01 +9.9998874439528351e-01 +7.3141754151751949e-05 +6.8933211284193251e-05 +6.4493454754390415e-05 +6.0553894900878730e-05 +5.7639677261948802e-05
 71.50000000 +1.0000000000002218e+00 +1.9999797741010177e+00 +1.9512949955621099e-03 +9.9970805552847530e-01 +9.9999543798789803e-01 +9.9999329672789572e-01 +9.9999093951082385e-01 +9.9998863846238395e-01 +7.2642250100627938e-05 +6.8339250828378451e-05 +6.4089391848529511e-05 +6.0536150740303680e-05 +5.8024740113708654e-05
 72.00000000 +1.0000000000002227e+00 +1.9999794914654017e+00 +1.9512933155787877e-03 +9.9970855656656987e-01 +9.9999545283896762e-01 +9.9999328265519283e-01 +9.9999088372065115e-01 +9.9998853475140925e-01 +7.2108780629724038e-05 +6.7889396795845842e-05 +6.3947965899448507e-05 +6.0784747639179068e-05 +5.8558577358636788e-05
 72.50000000 +1.0000000000002252e+00 +1.9999792069303668e+00 +1.9515870513907650e-03 +9.9970826247942879e-01 +9.9999546925474425e-01 +9.9999327080963263e-01 +9.9999083031950675e-01 +9.9998843302236351e-01 +7.1654302816927731e-05 +6.7658749786059515e-05 +6.4072034651843765e-05 +6.1226316537022694e-05 +5.9122711657478973e-05
 73.00000000 +1.0000000000002260e+00 +1.9999789204950056e+00 +1.9520907541592195e-03 +9.9970731466530582e-01 +9.9999548732630150e-01 +9.9999326114537912e-01 +9.9999077905631217e-01 +9.9998833278673716e-01 +7.1367241161797668e-05 +6.7676821024547997e-05 +6.4416853392934784e-05 +6.1759515242150746e-05 +5.9604590272996755e-05
 73.50000000 +1.0000000000002269e+00 +1.9999786321540931e+00 +1.9526912163464827e-03 +9.9970595413929608e-01 +9.9999550697565998e-01 +9.9999325341776590e-01 +9.9999072948787360e-01 +9.9998823341595655e-01 +7.1298804407137642e-05 +6.7926877444059359e-05 +6.4902735759200578e-05 +6.2276224451229925e-05 +5.9917922521307462e-05
 74.00000000 +1.0000000000002294e+00 +1.9999783418996546e+00 +1.9532709109116681e-03 +9.9970446736178908e-01 +9.9999552798317870e-01 +9.9999324724248018e-01 +9.9999068107257050e-01 +9.9998813426353372e-01 +7.1457936972558017e-05 +6.8353444448892336e-05 +6.5432705356393200e-05 +6.2681882213157594e-05 +6.0016108603883498e-05
 74.50000000 +1.0000000000002307e+00 +1.9999780497228627e+00 +1.9537295228194795e-03 +9.9970313016423795e-01 +9.9999555003505980e-01 +9.9999324217176389e-01 +9.9999063327132265e-01 +9.9998803477854148e-01 +7.1814012229560586e-05 +6.8875836255362409e-05 +6.5911476169548967e-05 +6.2911319250644307e-05 +5.9896936322393070e-05
 75.00000000 +1.0000000000002320e+00 +1.9999777556158596e+00 +1.9539999039644290e-03 +9.9970216003625811e-01 +9.9999557278089868e-01 +9.9999323777311011e-01 +9.9999058563796250e-01 +9.9998793459171331e-01 +7.2306028325729330e-05 +6.9404735121967031e-05 +6.6262227285814163e-05 +6.2937647987451292e-05 +5.9598542495876198e-05
#
#Timing:
#    proc        CPU Pre        CPU all       Wall Pre       Wall all
#       0           0.14          61.81           0.15          61.82
