#PATCH_CHECK: SepMBpoisson v0.61 exact-bernoulli stratified-backward active
#discretizing the bath:
#     0 0.0000000000000000e+00 -6.3189999999999946e-01
#     1 3.9440531887330772e-03 -2.2049593305392995e-01
#     2 3.9440531887330772e-03 -2.0785800122430018e-01
#     3 3.9440531887330772e-03 -1.9487731515752316e-01
#     4 3.9440531887330772e-03 -1.8156269730106506e-01
#     5 3.9440531887330772e-03 -1.6792232186695760e-01
#     6 3.9440531887330772e-03 -1.5396379054189871e-01
#     7 3.9440531887330772e-03 -1.3969419636547739e-01
#     8 3.9440531887330772e-03 -1.2512017805314982e-01
#     9 3.9440531887330772e-03 -1.1024796652696495e-01
#sampling: jump_strength=9.8601329718326948e-03 jump_probability=9.7638600137784793e-03 log_scale=9.8118390575158056e-03 back_replicas=4 stratify_forward=0
#adaptive measurement: gap=1.3640375434107455e-02 period_steps=922 nmeas=121 nwf=150 tmax=7.5000000000000000e+01 forced_stride=0
  0.00000000 +5.0000000000000000e+00 +1.9999999999999998e+00 +1.8374661879283106e-03 +1.0000000000000000e+00 +1.0000000000000000e+00 +1.0000000000000000e+00 +1.0000000000000000e+00 +1.0000000000000000e+00 +0.0000000000000000e+00 +0.0000000000000000e+00 +0.0000000000000000e+00 +0.0000000000000000e+00 +0.0000000000000000e+00
  0.50000000 +5.0000000000000000e+00 +1.9999999999015763e+00 +1.8450931090505487e-03 +9.9998063707893803e-01 +9.9999999998347955e-01 +9.9999999998347955e-01 +9.9999999998347955e-01 +9.9999999998347955e-01 +3.8552561452356444e-06 +3.7985026327670429e-06 +3.9289361438790958e-06 +3.9110139820469083e-06 +3.8691956044384614e-06
  1.00000000 +5.0000000000000000e+00 +2.0000000011140426e+00 +1.8665026343600434e-03 +9.9992625295114712e-01 +9.9999999994927169e-01 +9.9999999991754740e-01 +9.9999999994728905e-01 +9.9999999993737509e-01 +1.4905274522049929e-05 +1.4686207091618984e-05 +1.4663540439533349e-05 +1.4929521986227951e-05 +1.4562806967671398e-05
  1.50000000 +5.0000000000000000e+00 +2.0000000046420814e+00 +1.8978289672360730e-03 +9.9984658075194799e-01 +9.9999999930916117e-01 +9.9999999929194339e-01 +9.9999999937916662e-01 +9.9999999939152584e-01 +3.1060509916230325e-05 +3.0721948859032734e-05 +3.0326938115764674e-05 +3.0957204641703467e-05 +3.0355228255833061e-05
  2.00000000 +5.0000000000000000e+00 +1.9999999724388833e+00 +1.9322141082322069e-03 +9.9975893577575992e-01 +9.9999999762471781e-01 +9.9999999750540802e-01 +9.9999999760442948e-01 +9.9999999774070614e-01 +4.8984161986155803e-05 +4.8441158997986522e-05 +4.7532582858334891e-05 +4.8701853609227512e-05 +4.7413963746045724e-05
  2.50000000 +5.0000000000000000e+00 +1.9999999758792739e+00 +1.9639891690978331e-03 +9.9967764362403555e-01 +9.9999999378669335e-01 +9.9999999351904223e-01 +9.9999999341840540e-01 +9.9999999444088339e-01 +6.5930173153434598e-05 +6.5158384556333407e-05 +6.3737886228638289e-05 +6.4537327589584090e-05 +6.3017361716157538e-05
  3.00000000 +5.0000000000000000e+00 +1.9999999567835840e+00 +1.9858381641444647e-03 +9.9962125940819924e-01 +9.9999998738777718e-01 +9.9999998668536916e-01 +9.9999998654303968e-01 +9.9999998800362655e-01 +7.8252846342945564e-05 +7.7563360787640760e-05 +7.4996441228018584e-05 +7.5214103907044253e-05 +7.2765197252491588e-05
  3.50000000 +5.0000000000000000e+00 +1.9999999679256786e+00 +1.9947483761755939e-03 +9.9959753952169506e-01 +9.9999997774379801e-01 +9.9999997726023104e-01 +9.9999997680447983e-01 +9.9999997833944465e-01 +8.4947871594235979e-05 +8.3275677934727336e-05 +7.9338007281788472e-05 +7.8666740824003266e-05 +7.6322161736483532e-05
  4.00000000 +5.0000000000000000e+00 +1.9999998490887372e+00 +1.9882190156343587e-03 +9.9961299011877214e-01 +9.9999996592147367e-01 +9.9999996458601736e-01 +9.9999996547385905e-01 +9.9999996718781270e-01 +8.3273717881316066e-05 +8.1591234928733543e-05 +7.7086271392464396e-05 +7.4876399357622566e-05 +7.0319159816324361e-05
  4.50000000 +5.0000000000000000e+00 +1.9999999408771607e+00 +1.9682540384905042e-03 +9.9966278258420760e-01 +9.9999995310771905e-01 +9.9999995236502592e-01 +9.9999995200935854e-01 +9.9999995472344971e-01 +7.5317813054777934e-05 +7.1187824552131456e-05 +6.6713893040003014e-05 +6.4322564246536523e-05 +5.9863141923840938e-05
  5.00000000 +5.0000000000000000e+00 +1.9999998580188472e+00 +1.9387894437990075e-03 +9.9973716841238580e-01 +9.9999993843365309e-01 +9.9999993780663077e-01 +9.9999993931152431e-01 +9.9999994215658894e-01 +6.1010947601659446e-05 +5.7593073755452574e-05 +5.2472804442020567e-05 +4.8297088223086085e-05 +4.3700014917762662e-05
  5.50000000 +5.0000000000000000e+00 +1.9999998850661469e+00 +1.9033796163267045e-03 +9.9982732027724708e-01 +9.9999992390554127e-01 +9.9999992390381331e-01 +9.9999992429087192e-01 +9.9999992699826779e-01 +4.2668871312929974e-05 +3.8375243737265422e-05 +3.6641438130885498e-05 +2.8964989112114770e-05 +2.6330128067222361e-05
  6.00000000 +5.0000000000000000e+00 +1.9999997061460082e+00 +1.8727311791813779e-03 +9.9990612231354470e-01 +9.9999991610052896e-01 +9.9999991407551925e-01 +9.9999991669084465e-01 +9.9999991930756771e-01 +2.6575677603513893e-05 +2.1808603743301916e-05 +1.8713758837552828e-05 +1.5396778450918319e-05 +1.1716665965700484e-05
  6.50000000 +5.0000000000000000e+00 +1.9999999376776938e+00 +1.8517127426193802e-03 +9.9996123963593708e-01 +9.9999990795774163e-01 +9.9999990666155902e-01 +9.9999991001772093e-01 +9.9999990850250131e-01 +1.2137192586450377e-05 +9.4841567706176897e-06 +7.7813544517352074e-06 +5.4925708338069769e-06 +4.2319786238131613e-06
  7.00000000 +5.0000000000000000e+00 +1.9999999772973813e+00 +1.8393007252125572e-03 +9.9999483713835269e-01 +9.9999990923611104e-01 +9.9999990505052039e-01 +9.9999990218953905e-01 +9.9999990572498498e-01 +3.4171418769965031e-06 +6.6747343395897009e-07 -4.8190812486055512e-07 +3.7444206623901348e-08 +1.9005313394540875e-06
  7.50000000 +5.0000000000000000e+00 +2.0000001082446719e+00 +1.8482879995006304e-03 +9.9997414430649278e-01 +9.9999991185806891e-01 +9.9999990117022353e-01 +9.9999990753513768e-01 +9.9999990420436891e-01 +3.3290194526035928e-06 +2.1647592583847209e-06 +4.4045912716434549e-06 +7.7649459657091179e-06 +8.5675377698826149e-06
  8.00000000 +5.0000000000000000e+00 +2.0000000675313219e+00 +1.8661374649321292e-03 +9.9993066505137074e-01 +9.9999989687275248e-01 +9.9999989840380810e-01 +9.9999991322880111e-01 +9.9999990636921943e-01 +6.9631124742314302e-06 +1.1747481705703491e-05 +1.4044578638440466e-05 +1.7606140776673424e-05 +1.9358785013065386e-05
  8.50000000 +5.0000000000000000e+00 +1.9999999928501302e+00 +1.8915931219796300e-03 +9.9986699550006453e-01 +9.9999991596814741e-01 +9.9999990698146701e-01 +9.9999990572185260e-01 +9.9999990942486927e-01 +1.8301019646473487e-05 +2.3705481887326050e-05 +2.6902547540085626e-05 +2.9142960148644981e-05 +3.5314364507325468e-05
  9.00000000 +5.0000000000000000e+00 +1.9999998959102829e+00 +1.9270211182544500e-03 +9.9977697600559001e-01 +9.9999990159826058e-01 +9.9999989142639922e-01 +9.9999989575371184e-01 +9.9999989728441396e-01 +3.7818416972753352e-05 +4.0981691289634869e-05 +4.5125532307251194e-05 +4.7058314027332115e-05 +5.2454021246449535e-05
  9.50000000 +5.0000000000000000e+00 +2.0000003666527175e+00 +1.9535733433682224e-03 +9.9970840979651665e-01 +9.9999988852332544e-01 +9.9999989026723102e-01 +9.9999989102333742e-01 +9.9999987150014424e-01 +5.5029086945330334e-05 +5.2671960594788403e-05 +5.8285355933956525e-05 +6.2350738368187594e-05 +6.3711867992030357e-05
 10.00000000 +5.0000000000000000e+00 +2.0000001912560026e+00 +1.9801564067623645e-03 +9.9963861879023674e-01 +9.9999987541424629e-01 +9.9999988594184896e-01 +9.9999986975494237e-01 +9.9999986317311262e-01 +7.1694874458735439e-05 +7.1415786291317585e-05 +7.2872427874395314e-05 +7.1757909703541809e-05 +7.4145969329382185e-05
 10.50000000 +5.0000000000000000e+00 +2.0000002790890106e+00 +1.9870665346850029e-03 +9.9961808329137003e-01 +9.9999984154967281e-01 +9.9999982062174864e-01 +9.9999985134632741e-01 +9.9999984160400823e-01 +7.8971073493509035e-05 +8.1967008588405428e-05 +7.3000298060216617e-05 +7.4284767598319971e-05 +7.4338392540420882e-05
 11.00000000 +5.0000000000000000e+00 +1.9999999469894425e+00 +1.9861873801798949e-03 +9.9961709564812062e-01 +9.9999981636814705e-01 +9.9999982727683479e-01 +9.9999979219810997e-01 +9.9999979829359265e-01 +8.2417516666349400e-05 +7.9922844266478192e-05 +7.5615438799989576e-05 +7.1307308083102703e-05 +7.4407041379462866e-05
 11.50000000 +5.0000000000000000e+00 +2.0000002040077134e+00 +1.9690751265493142e-03 +9.9965823939177745e-01 +9.9999978687781155e-01 +9.9999975619804715e-01 +9.9999975586971956e-01 +9.9999975562221766e-01 +7.9123334835802105e-05 +7.6583058060422852e-05 +6.7377200693636964e-05 +6.5205252413614150e-05 +5.4417265332292600e-05
 12.00000000 +5.0000000000000000e+00 +1.9999999243919582e+00 +1.9420424504840092e-03 +9.9972521293716565e-01 +9.9999974252038271e-01 +9.9999978301814352e-01 +9.9999972993830399e-01 +9.9999970995667109e-01 +7.2815424763560235e-05 +6.6008718630596283e-05 +5.1861851245263131e-05 +4.7113606917087450e-05 +3.8021960609911339e-05
 12.50000000 +5.0000000000000000e+00 +2.0000000238372659e+00 +1.9094631636034506e-03 +9.9980772857612676e-01 +9.9999969722893223e-01 +9.9999972510959212e-01 +9.9999970938100768e-01 +9.9999973128765041e-01 +5.6659870777591269e-05 +4.6282701943687029e-05 +3.7785667600042805e-05 +2.9620275974911398e-05 +2.3059900396241060e-05
 13.00000000 +5.0000000000000000e+00 +1.9999993882055922e+00 +1.8803197195698977e-03 +9.9988295858941434e-01 +9.9999970110408032e-01 +9.9999972555609318e-01 +9.9999969895197405e-01 +9.9999969296246782e-01 +3.5097223709976324e-05 +3.2136890782112879e-05 +2.1109604511416352e-05 +1.8154125843577671e-05 +1.1725051143270697e-05
 13.50000000 +5.0000000000000000e+00 +1.9999993533158247e+00 +1.8592761284791542e-03 +9.9993954974291033e-01 +9.9999967067459405e-01 +9.9999962744412052e-01 +9.9999965605405128e-01 +9.9999967412748370e-01 +1.9731638763771411e-05 +1.9182038331090662e-05 +1.2430571477553965e-05 +7.4591698915683657e-06 +3.0185753201842496e-06
 14.00000000 +5.0000000000000000e+00 +1.9999993607827986e+00 +1.8417334142430497e-03 +9.9998752510542654e-01 +9.9999967986085070e-01 +9.9999964389245410e-01 +9.9999963051760232e-01 +9.9999965847511219e-01 +1.1999390479388158e-05 +1.3190539519046764e-06 +1.8531649378516949e-06 -3.9389576441410073e-06 +2.6294571461997314e-06
 14.50000000 +5.0000000000000000e+00 +1.9999989181823383e+00 +1.8520862492729369e-03 +9.9996499835471997e-01 +9.9999961844996199e-01 +9.9999965350629860e-01 +9.9999963982222118e-01 +9.9999967274087209e-01 +9.3017008462300644e-06 +2.4004208887161349e-06 +5.9641470697906364e-06 +5.8886041936150341e-06 +1.2862172858234508e-05
 15.00000000 +5.0000000000000000e+00 +1.9999988538482449e+00 +1.8699075553438879e-03 +9.9992294062013609e-01 +9.9999962085820937e-01 +9.9999965568246496e-01 +9.9999958686461166e-01 +9.9999967022148262e-01 +8.6822803489921542e-07 +1.4589025793789917e-05 +1.4297923818187798e-05 +2.7682246572130352e-05 +2.1088307567095790e-05
 15.50000000 +5.0000000000000000e+00 +1.9999982563899588e+00 +1.8974792499661653e-03 +9.9985486791923395e-01 +9.9999960870414906e-01 +9.9999964964748678e-01 +9.9999965119119527e-01 +9.9999974022346305e-01 +2.3800775002737996e-05 +2.5737518965915771e-05 +1.8179629397033779e-05 +3.3442248407605476e-05 +4.5322086687641526e-05
 16.00000000 +5.0000000000000000e+00 +1.9999988747665276e+00 +1.9199969937931194e-03 +9.9979823809848201e-01 +9.9999960303169688e-01 +9.9999961822916150e-01 +9.9999957799694295e-01 +9.9999973287365329e-01 +2.0215972966021338e-05 +3.6688380678316606e-05 +3.9084030608389406e-05 +4.8637457002536971e-05 +5.8603866228203636e-05
 16.50000000 +5.0000000000000000e+00 +1.9999984453182065e+00 +1.9368974398507632e-03 +9.9975370045880818e-01 +9.9999965638354937e-01 +9.9999963007338566e-01 +9.9999970909588554e-01 +9.9999963259636104e-01 +3.1481333966786069e-05 +3.8584460051995653e-05 +5.2320398274814286e-05 +6.0102555747604920e-05 +6.5182642349543755e-05
 17.00000000 +5.0000000000000000e+00 +1.9999977934272597e+00 +1.9639286972195557e-03 +9.9968249526919972e-01 +9.9999957077932966e-01 +9.9999955661988083e-01 +9.9999954696048510e-01 +9.9999958692713953e-01 +4.6738743729027622e-05 +6.3848445361300833e-05 +7.1277040650542139e-05 +6.2166400563292294e-05 +7.5212919343700096e-05
 17.50000000 +5.0000000000000000e+00 +1.9999981848752399e+00 +1.9738442742080276e-03 +9.9965258391809053e-01 +9.9999950414506900e-01 +9.9999966701168086e-01 +9.9999966481213587e-01 +9.9999958894517738e-01 +6.8520309933369186e-05 +7.0586677938895998e-05 +7.4577159320802456e-05 +7.1387775383667361e-05 +6.3919226926519699e-05
 18.00000000 +5.0000000000000000e+00 +1.9999987377784365e+00 +1.9712649609113578e-03 +9.9965521226440213e-01 +9.9999965717701722e-01 +9.9999953665581742e-01 +9.9999952019895944e-01 +9.9999953799520391e-01 +7.0256435494543760e-05 +7.1447559951567910e-05 +7.2222793947988531e-05 +6.6303424610091938e-05 +6.6305460672947756e-05
 18.50000000 +5.0000000000000000e+00 +1.9999986492613497e+00 +1.9676880918831682e-03 +9.9966091683878211e-01 +9.9999946548609586e-01 +9.9999947105193243e-01 +9.9999951905299378e-01 +9.9999954142945158e-01 +7.8475528175475968e-05 +7.9980779038363241e-05 +6.4600909380226461e-05 +6.3945063104846827e-05 +5.4083847085408522e-05
 19.00000000 +5.0000000000000000e+00 +1.9999981776601781e+00 +1.9352745071459215e-03 +9.9974052656380075e-01 +9.9999960328995963e-01 +9.9999955241567184e-01 +9.9999945942706481e-01 +9.9999931010477872e-01 +8.3969209490024823e-05 +6.0988712285474248e-05 +4.7463826551673848e-05 +3.8981894254809239e-05 +3.0144577072875736e-05
 19.50000000 +5.0000000000000000e+00 +1.9999984181747414e+00 +1.9182220061646151e-03 +9.9978347681689550e-01 +9.9999951947493748e-01 +9.9999944465344592e-01 +9.9999939979842800e-01 +9.9999938771338270e-01 +5.9049935019775896e-05 +5.0743517521583813e-05 +4.3334739728823554e-05 +3.8870118545069606e-05 +2.6773233856293250e-05
 20.00000000 +5.0000000000000000e+00 +1.9999969902065806e+00 +1.8979057182628538e-03 +9.9983653365714742e-01 +9.9999963195496799e-01 +9.9999942977727307e-01 +9.9999930513794899e-01 +9.9999921081557031e-01 +5.3563529391346822e-05 +4.0918580586257270e-05 +3.5220017831128906e-05 +2.0767934135592578e-05 +1.5418547262488982e-05
 20.50000000 +5.0000000000000000e+00 +1.9999962434782730e+00 +1.8698870941409934e-03 +9.9990988152519433e-01 +9.9999938303437597e-01 +9.9999926142437501e-01 +9.9999923218248710e-01 +9.9999915078933188e-01 +4.0008148993517591e-05 +1.8350778707401159e-05 +1.7640805381315608e-05 +6.1182800848105365e-06 +1.0972942951473220e-05
 21.00000000 +5.0000000000000000e+00 +1.9999944287814289e+00 +1.8563174336929048e-03 +9.9994886281327644e-01 +9.9999923946782676e-01 +9.9999925494135455e-01 +9.9999909144637789e-01 +9.9999921354122334e-01 +1.8391838747458803e-05 +4.1834851547855629e-06 +5.0323118476572192e-06 +1.1714123125801309e-05 +1.5016047852688580e-05
 21.50000000 +5.0000000000000000e+00 +1.9999954925518884e+00 +1.8712487229224349e-03 +9.9991536734628972e-01 +9.9999953097410677e-01 +9.9999953570867228e-01 +9.9999911664619856e-01 +9.9999948196130950e-01 +7.4318654238211624e-06 +1.4465054126277741e-05 +9.8162554185810716e-06 +2.0015354069919011e-05 +3.5238900422163016e-05
 22.00000000 +5.0000000000000000e+00 +1.9999972519235791e+00 +1.8866921641644899e-03 +9.9988012170632168e-01 +9.9999948297828367e-01 +9.9999920312679980e-01 +9.9999913206140645e-01 +9.9999914279239677e-01 +1.6147892481452765e-05 +1.3409893552641499e-05 +2.8315758352876883e-05 +3.1245592032697311e-05 +3.3798150642876514e-05
 22.50000000 +5.0000000000000000e+00 +1.9999993429484020e+00 +1.8979575730455115e-03 +9.9985425117072124e-01 +9.9999952376727042e-01 +9.9999920826983679e-01 +9.9999921580659334e-01 +9.9999925180249705e-01 +2.5844163713875967e-05 +1.7722820529661574e-05 +2.0339472135241584e-05 +3.6551296232740902e-05 +4.8091381043037974e-05
 23.00000000 +5.0000000000000000e+00 +1.9999985494336998e+00 +1.9009394457693771e-03 +9.9984801749889962e-01 +9.9999953972653932e-01 +9.9999944362299198e-01 +9.9999908272741966e-01 +9.9999923320301465e-01 +1.6931480182883484e-05 +1.2841579743190758e-05 +3.6845009953329174e-05 +3.9007917714773167e-05 +4.9057186634465188e-05
 23.50000000 +5.0000000000000000e+00 +1.9999989995462499e+00 +1.9435166000395267e-03 +9.9973851434536343e-01 +9.9999918504575458e-01 +9.9999928085683121e-01 +9.9999928233033597e-01 +9.9999928556411521e-01 +3.2685218051102541e-05 +3.0923213353318264e-05 +7.0778412008662205e-05 +5.7525564062088828e-05 +7.2539478766496369e-05
 24.00000000 +5.0000000000000000e+00 +2.0000005773018898e+00 +1.9573673818505956e-03 +9.9969978304788143e-01 +9.9999940774571217e-01 +9.9999886734120269e-01 +9.9999907078933559e-01 +9.9999910305025486e-01 +5.0972451456023124e-05 +5.3318665234197345e-05 +5.5608822064777843e-05 +7.4578900213959586e-05 +6.9289119569773916e-05
 24.50000000 +5.0000000000000000e+00 +2.0000004063977173e+00 +1.9630651576468348e-03 +9.9968207955669419e-01 +9.9999943508852340e-01 +9.9999920998592995e-01 +9.9999934591732575e-01 +9.9999915563229835e-01 +6.6591421791608856e-05 +4.3244328766563433e-05 +5.8322171090535085e-05 +7.6924070270911388e-05 +7.5691919134110501e-05
 25.00000000 +5.0000000000000000e+00 +2.0000004077490576e+00 +1.9559635289966154e-03 +9.9969584648834942e-01 +9.9999950526599757e-01 +9.9999911668548147e-01 +9.9999884203965472e-01 +9.9999869543158804e-01 +8.0969069187311171e-05 +6.8286943459942444e-05 +6.7303733150867072e-05 +5.3002360594361552e-05 +3.8431950114719192e-05
 25.50000000 +5.0000000000000000e+00 +1.9999976094404786e+00 +1.9432464221469103e-03 +9.9972195339855552e-01 +9.9999939187009668e-01 +9.9999912652551970e-01 +9.9999942711608991e-01 +9.9999971180056424e-01 +6.2933090457392731e-05 +6.2994596484161746e-05 +4.9275055351441582e-05 +6.6708287411951117e-05 +3.8478224472885192e-05
 26.00000000 +5.0000000000000000e+00 +1.9999977328532808e+00 +1.9282198763947657e-03 +9.9975824823368054e-01 +9.9999995728725333e-01 +9.9999902095016302e-01 +9.9999885143281197e-01 +9.9999895697263896e-01 +6.8889030694323220e-05 +5.8905604137887482e-05 +4.4839732228872034e-05 +2.7291643230240024e-05 +4.5039170063722958e-05
 26.50000000 +5.0000000000000000e+00 +1.9999950133792677e+00 +1.9263449944884440e-03 +9.9976165104658077e-01 +9.9999958873264805e-01 +9.9999872279706314e-01 +9.9999897268725557e-01 +9.9999939063362586e-01 +6.0081759842734349e-05 +6.8702222074119883e-05 +3.9680651736857875e-05 +4.6030549460237669e-05 +2.7178872753448456e-05
 27.00000000 +5.0000000000000000e+00 +1.9999947530071907e+00 +1.9058410279790953e-03 +9.9981575510280762e-01 +9.9999854656015352e-01 +9.9999892247250155e-01 +9.9999912663997326e-01 +9.9999847018214960e-01 +7.1000788602448105e-05 +3.9687888585241989e-05 +4.0871032109506557e-05 +2.3368432170540311e-05 +1.4250925563338590e-05
 27.50000000 +5.0000000000000000e+00 +1.9999985689349529e+00 +1.8914570896358986e-03 +9.9985427579004260e-01 +9.9999933524426676e-01 +9.9999873992575183e-01 +9.9999865697799362e-01 +9.9999850303951054e-01 +6.1459481383203422e-05 +1.9544044438643986e-05 +4.2972648546077432e-05 +1.6748614779739089e-05 +9.7642802847176985e-06
 28.00000000 +5.0000000000000000e+00 +1.9999960243557808e+00 +1.8795030730606936e-03 +9.9988951520122904e-01 +9.9999899577456064e-01 +9.9999931022841548e-01 +9.9999908761946776e-01 +9.9999834624749073e-01 +3.8315102335097388e-05 +1.9197616438892010e-05 +2.9394384193049716e-05 +6.2877115407148796e-06 +2.1550170826920581e-05
 28.50000000 +5.0000000000000000e+00 +1.9999951948031223e+00 +1.8885783554437911e-03 +9.9987012987697133e-01 +9.9999901707607031e-01 +9.9999867017787514e-01 +9.9999857194265085e-01 +9.9999837968969052e-01 +4.9966544169390899e-06 +3.5045440158217024e-05 +3.3595205007782708e-05 +3.5970210292933033e-05 +2.5623730209414143e-05
 29.00000000 +5.0000000000000000e+00 +1.9999932282304307e+00 +1.8892984241644989e-03 +9.9987339356320271e-01 +9.9999930933193548e-01 +9.9999844851295627e-01 +9.9999805404895481e-01 +9.9999876458925319e-01 +1.1799497538205060e-05 +2.8842898963123653e-05 +3.4776578112030775e-05 +2.0798443028325197e-05 +3.5812511229565051e-05
 29.50000000 +5.0000000000000000e+00 +1.9999933728943331e+00 +1.8968288218781011e-03 +9.9985575861877329e-01 +9.9999931941501630e-01 +9.9999886127206872e-01 +9.9999912204977792e-01 +9.9999921350736076e-01 +1.6451491270993828e-05 +1.7445173770809455e-05 +1.0765149242565486e-05 +4.2148841546257339e-05 +6.0914453234330329e-05
 30.00000000 +5.0000000000000000e+00 +1.9999940765689053e+00 +1.8955113419154798e-03 +9.9986154729058019e-01 +9.9999902897812598e-01 +9.9999864134931571e-01 +9.9999877492520717e-01 +9.9999828601479213e-01 +2.2837375319631831e-05 +3.6907348757911714e-05 +2.7425274780407127e-05 +1.2241421012707753e-05 +4.4310008312298476e-05
 30.50000000 +5.0000000000000000e+00 +1.9999936450218101e+00 +1.9347711952855306e-03 +9.9976135334046179e-01 +9.9999868630368460e-01 +9.9999913569848153e-01 +9.9999821112299048e-01 +9.9999808556471315e-01 +2.3576346288732792e-05 +4.0060012060210916e-05 +4.7498240495508746e-05 +5.5286570956790933e-05 +7.8106755854071960e-05
 31.00000000 +5.0000000000000000e+00 +1.9999925285751305e+00 +1.9218081940937004e-03 +9.9978891155457872e-01 +9.9999866542720361e-01 +9.9999909881377314e-01 +9.9999881776500155e-01 +9.9999833629628021e-01 +3.8536477699628909e-05 +4.0903443504019017e-05 +5.3414450520101789e-05 +4.9413286242034350e-05 +3.3902470126865885e-05
 31.50000000 +5.0000000000000000e+00 +1.9999926114670314e+00 +1.9339050715932750e-03 +9.9975706466364200e-01 +9.9999924309601451e-01 +9.9999887498397799e-01 +9.9999926360774072e-01 +9.9999866933898018e-01 +4.1040476779256619e-05 +5.3710690067402931e-05 +2.6791387885595721e-05 +8.4220731755765279e-05 +4.1121083464693885e-05
 32.00000000 +5.0000000000000000e+00 +1.9999897397420525e+00 +1.9660143685819326e-03 +9.9967235457401205e-01 +9.9999981966925833e-01 +9.9999854170712332e-01 +9.9999893910293547e-01 +9.9999856931097297e-01 +7.0391499710832606e-05 +7.8636108713195859e-05 +5.7997707037924119e-05 +5.9995581129674788e-05 +6.4754697327415968e-05
 32.50000000 +5.0000000000000000e+00 +1.9999895347888963e+00 +1.9486293949533143e-03 +9.9970986457782640e-01 +9.9999955519347761e-01 +9.9999952498295797e-01 +9.9999879785896140e-01 +9.9999825198979209e-01 +6.8943427939597015e-05 +6.1213862127145090e-05 +5.8581061555015317e-05 +7.7161938115978836e-05 +2.8105070325560360e-05
 33.00000000 +5.0000000000000000e+00 +1.9999884385476008e+00 +1.9422916771705185e-03 +9.9972389205256085e-01 +9.9999907742722571e-01 +9.9999784352231957e-01 +9.9999804985750806e-01 +9.9999719913702156e-01 +7.9836646932463572e-05 +5.8014498658619710e-05 +7.1142077155364879e-05 +4.2446284573730079e-05 +3.2498508194706436e-05
 33.50000000 +5.0000000000000000e+00 +1.9999906791206337e+00 +1.9246254560395574e-03 +9.9977004234331890e-01 +9.9999921617856236e-01 +9.9999767978328624e-01 +9.9999897261861004e-01 +9.9999834796156284e-01 +5.6414600008237633e-05 +5.2519674372609834e-05 +6.5618391314971509e-05 +3.6155509018750519e-05 +2.5032937528592852e-05
 34.00000000 +5.0000000000000000e+00 +1.9999877919541988e+00 +1.9044700239146059e-03 +9.9981889072003327e-01 +9.9999916886385554e-01 +9.9999872999460926e-01 +9.9999868233686739e-01 +9.9999863860085270e-01 +3.9955602544151156e-05 +5.6367029773161974e-05 +3.1925510111859949e-05 +3.2865421979423150e-05 +2.4775885817620538e-05
 34.50000000 +5.0000000000000000e+00 +1.9999946930285248e+00 +1.8828551944155341e-03 +9.9987742969634819e-01 +1.0000005018347951e+00 +9.9999851944074403e-01 +9.9999847120287710e-01 +9.9999798510805593e-01 +4.8876867449420878e-05 +3.4773639734325634e-05 +4.0153239895427769e-05 +5.1606589479335771e-07 +2.7728889545076401e-06
 35.00000000 +5.0000000000000000e+00 +1.9999905167070020e+00 +1.9007880989550946e-03 +9.9983585997184099e-01 +9.9999916190008376e-01 +9.9999972576375817e-01 +9.9999811071244182e-01 +9.9999742938069136e-01 +2.4700637522120223e-05 +3.1211521327010407e-05 +1.4007268345260566e-05 +4.2946580561427564e-05 +5.6846254161130372e-05
 35.50000000 +5.0000000000000000e+00 +1.9999909483542513e+00 +1.9024450118160395e-03 +9.9983373569884493e-01 +9.9999896863204296e-01 +9.9999883014798341e-01 +9.9999881358591736e-01 +9.9999635431665401e-01 +2.1220190765841343e-05 +3.6202601459284209e-05 +3.6682041223485934e-05 +3.4083203074448139e-05 +4.5109647813018816e-05
 36.00000000 +5.0000000000000000e+00 +1.9999838999300206e+00 +1.9022187446417617e-03 +9.9983105350381363e-01 +9.9999760422901507e-01 +9.9999901115269174e-01 +9.9999829710198374e-01 +9.9999712808166508e-01 +5.8841184752675176e-05 +2.8311642694619147e-05 +4.8103619527048535e-05 +3.3798595159847773e-05 +7.8509197974672456e-06
 36.50000000 +5.0000000000000000e+00 +1.9999880898030693e+00 +1.9208533747423282e-03 +9.9979253969439086e-01 +1.0000000420818098e+00 +9.9999836132805109e-01 +9.9999887701165047e-01 +9.9999645545552518e-01 +6.0294423376367414e-05 +9.6979060865029455e-06 +4.7313381126179843e-05 +6.2563074823938065e-05 +3.3855686287895972e-05
 37.00000000 +5.0000000000000000e+00 +1.9999890241207290e+00 +1.8989174416501101e-03 +9.9985020068452501e-01 +9.9999800531240768e-01 +9.9999869789467366e-01 +9.9999830520258792e-01 +9.9999834888624484e-01 +3.4315039714747352e-05 +4.5210562864842181e-05 +3.8525897745508251e-05 +3.4512421556858537e-05 +3.8780844944671497e-06
 37.50000000 +5.0000000000000000e+00 +1.9999953700222979e+00 +1.9355701206599063e-03 +9.9976057276568264e-01 +9.9999968114757065e-01 +9.9999775589063267e-01 +9.9999759280724898e-01 +9.9999759891727025e-01 +1.3995334798901558e-05 +1.1005191776976195e-05 +6.8012747354671854e-05 +8.6981123612328746e-05 +6.6804093524807005e-05
 38.00000000 +5.0000000000000000e+00 +1.9999852581256308e+00 +1.9236635935896817e-03 +9.9978029218832176e-01 +9.9999918356424988e-01 +9.9999988298757780e-01 +9.9999919554258487e-01 +9.9999757503370035e-01 +5.0273056606557378e-05 +6.1078369065843615e-05 +2.1385447899739547e-05 +3.4427611541467884e-05 +5.6706198621099821e-05
 38.50000000 +5.0000000000000000e+00 +1.9999998000517523e+00 +1.9297523175979706e-03 +9.9977180958065581e-01 +9.9999941332607389e-01 +9.9999883409982471e-01 +9.9999573720132717e-01 +9.9999889641401318e-01 +2.9078077215126225e-05 +3.2664797055725672e-05 +5.5243691886767063e-05 +6.5972663609312464e-05 +5.2350112040048367e-05
 39.00000000 +5.0000000000000000e+00 +1.9999912614811981e+00 +1.8917510747960868e-03 +9.9985787672305770e-01 +9.9999966355397418e-01 +9.9999840548310559e-01 +9.9999624503996343e-01 +9.9999841335466078e-01 +3.7375835574859060e-05 +3.7044320564712084e-05 +4.9902825142215186e-05 +2.0337981088282092e-05 +4.7348822694396661e-06
 39.50000000 +5.0000000000000000e+00 +1.9999891149456039e+00 +1.9371278030840418e-03 +9.9974394862879812e-01 +9.9999853115648818e-01 +1.0000009373691277e+00 +9.9999872021530700e-01 +9.9999774818437837e-01 +3.7695578347645834e-05 +5.6191873266838065e-05 +5.0354878932647922e-05 +7.5080497264726825e-05 +4.0791645738855585e-05
 40.00000000 +5.0000000000000000e+00 +1.9999877761961635e+00 +1.9183588849982067e-03 +9.9978586725308027e-01 +1.0000004192185483e+00 +9.9999913448332367e-01 +1.0000014660003500e+00 +9.9999548386839032e-01 +5.5429989456545290e-05 +2.6112088148006570e-05 +4.6220011652441911e-05 +5.0691186359506324e-05 +3.9175912473012395e-05
 40.50000000 +5.0000000000000000e+00 +1.9999892573591074e+00 +1.9200043243064774e-03 +9.9978121371959794e-01 +1.0000006220420714e+00 +9.9999738634417878e-01 +9.9999557849115994e-01 +9.9999728890251249e-01 +1.6378865240518479e-05 +5.3085815595218333e-05 +3.8621600109685173e-05 +3.3222588709010721e-05 +8.6601631712422802e-05
 41.00000000 +5.0000000000000000e+00 +1.9999920034102423e+00 +1.9254725366442561e-03 +9.9976779017355633e-01 +1.0000004516287759e+00 +1.0000000912150095e+00 +9.9999718721264153e-01 +9.9999753738866115e-01 +6.2799519410416905e-05 +6.6606951663239063e-05 +8.5133597902960404e-05 +2.2684292137825807e-05 -2.8197287152601679e-07
 41.50000000 +5.0000000000000000e+00 +1.9999899875619060e+00 +1.8931123532166365e-03 +9.9985230964159533e-01 +9.9999821275705936e-01 +1.0000008175113120e+00 +9.9999706229113605e-01 +9.9999892588488426e-01 +2.7398847053949908e-05 +1.4748991969164474e-05 +6.4895712927401042e-05 +9.4024118464658604e-06 +3.6225947601250092e-05
 42.00000000 +5.0000000000000000e+00 +1.9999891973479134e+00 +1.9218397897244532e-03 +9.9977725536457496e-01 +9.9999953819789122e-01 +9.9999661409931384e-01 +9.9999809394452333e-01 +9.9999778814353746e-01 +5.1576898479557060e-05 +4.0511734461273157e-05 +4.3976396354785154e-05 +1.5511459400419827e-05 +7.9133729030035941e-05
 42.50000000 +5.0000000000000000e+00 +1.9999915593245319e+00 +1.8984968250318479e-03 +9.9983993270277793e-01 +9.9999925298792047e-01 +9.9999930365626566e-01 +9.9999630572490328e-01 +9.9999729443077012e-01 +1.5736302684288078e-05 +3.2102005539440107e-05 +4.7077387306697195e-05 +4.2136952885442078e-05 +3.0857823059725273e-05
 43.00000000 +5.0000000000000000e+00 +1.9999967219450343e+00 +1.8934239737675648e-03 +9.9985956102591367e-01 +9.9999893869001022e-01 +1.0000001741664708e+00 +9.9999831629684643e-01 +9.9999822752497358e-01 +1.6219373630098033e-05 +5.1561195528397269e-05 +4.4596917824286433e-05 +1.4338879129422862e-05 +1.8065953322296427e-05
 43.50000000 +5.0000000000000000e+00 +1.9999862532743693e+00 +1.9086735442046731e-03 +9.9981887970990890e-01 +9.9999717576228520e-01 +1.0000004534625730e+00 +9.9999692371774551e-01 +9.9999718056693676e-01 +5.4549708375139460e-05 +3.6441965129905085e-05 +3.1063922217473093e-05 +3.7786422643915607e-05 +2.9544729654310507e-05
 44.00000000 +5.0000000000000000e+00 +1.9999910703574997e+00 +1.9325242648047217e-03 +9.9976136443028163e-01 +1.0000000651750465e+00 +9.9999788267208467e-01 +9.9999899719785201e-01 +9.9999855856585362e-01 +1.5352893058942611e-05 +5.4735679574412568e-05 +6.1094695659773352e-05 +3.9527280400355058e-05 +7.2421425148224571e-05
 44.50000000 +5.0000000000000000e+00 +1.9999956659791884e+00 +1.9178917153506131e-03 +9.9979931683215484e-01 +9.9999762935476311e-01 +9.9999934512604505e-01 +9.9999524662769246e-01 +9.9999817064206176e-01 +3.3571303136155745e-05 +4.8716702832140495e-05 +1.5345328230138476e-05 +4.9076834824212467e-05 +6.3581249257427280e-05
 45.00000000 +5.0000000000000000e+00 +2.0000023692107987e+00 +1.9286558903911408e-03 +9.9977617311324329e-01 +9.9999832724374860e-01 +9.9999588775611226e-01 +9.9999760216153855e-01 +9.9999932024151994e-01 +3.1605748835056511e-05 -3.4041912251848967e-05 +7.4178412776526888e-05 +1.0050758304244739e-04 +6.0439678725206228e-05
 45.50000000 +5.0000000000000000e+00 +1.9999957159808948e+00 +1.8777664680878047e-03 +9.9989592209409084e-01 +9.9999945233155318e-01 +9.9999475948417016e-01 +9.9999940810307242e-01 +9.9999929040898361e-01 +2.9201295447785916e-05 +2.1629346458962091e-05 +3.6800399558271567e-05 +1.4372986591260674e-05 +9.1635061157464316e-06
 46.00000000 +5.0000000000000000e+00 +1.9999895489300861e+00 +1.9307232443593401e-03 +9.9975838066983125e-01 +1.0000026350766309e+00 +9.9999812928744236e-01 +9.9999784037677242e-01 +9.9999507318698733e-01 +5.9498798543879999e-05 +3.3943635190357699e-05 +8.5289411635968885e-05 +4.4397527605284537e-05 +2.4812033925080307e-05
 46.50000000 +5.0000000000000000e+00 +1.9999926619432795e+00 +1.8924115812384945e-03 +9.9985800669704006e-01 +1.0000013403883949e+00 +9.9999963541835735e-01 +9.9999812084780670e-01 +9.9999748275769251e-01 +5.7972393940499172e-05 +5.0812056346611913e-05 +2.4715743686498644e-05 +1.2585598952045417e-05 -6.7192732911530554e-07
 47.00000000 +5.0000000000000000e+00 +1.9999960708628932e+00 +1.9554480939593601e-03 +9.9969516669092839e-01 +1.0000034233394051e+00 +9.9999857949749460e-01 +9.9999833037480235e-01 +9.9999524340647461e-01 +8.0289691193562417e-05 +6.9948345636947708e-05 +8.2525165065477658e-06 +5.3659517267698810e-05 +9.7106625892297749e-05
 47.50000000 +5.0000000000000000e+00 +1.9999893580717800e+00 +1.9495988817333776e-03 +9.9970609859114934e-01 +9.9999911929019747e-01 +9.9999604962351574e-01 +9.9999645019812300e-01 +9.9999469318270284e-01 +2.7790535148393505e-05 +1.1863102467465815e-04 +8.3659775746639363e-05 +4.9634618860112481e-05 +2.7873130435564224e-05
 48.00000000 +5.0000000000000000e+00 +1.9999960921749644e+00 +1.9107841146598812e-03 +9.9980569842399447e-01 +9.9999696574913777e-01 +1.0000014939818473e+00 +9.9999922410263464e-01 +1.0000007074580253e+00 +2.1521378955127491e-05 +1.2279991837420161e-05 +8.6990545298455037e-05 +2.4050751559925203e-05 +5.1067623962384044e-05
 48.50000000 +5.0000000000000000e+00 +1.9999975481485717e+00 +1.9065553748963686e-03 +9.9981845960820526e-01 +9.9999816738236946e-01 +1.0000000041606407e+00 +9.9999562472311876e-01 +9.9999922903647620e-01 +4.6503613794873419e-05 +4.6692881953553388e-05 +1.5482498994047652e-05 +4.7688128137884656e-05 +3.2147938645934961e-05
 49.00000000 +5.0000000000000000e+00 +2.0000000614907791e+00 +1.8934790240315558e-03 +9.9985291364319995e-01 +1.0000035713498385e+00 +9.9999658687357162e-01 +1.0000010072947323e+00 +9.9999995062626024e-01 +1.0579068336981003e-04 -9.8025827364522275e-06 +3.5080765192627099e-05 -4.9685681876087538e-05 +6.4587063612404051e-05
 49.50000000 +5.0000000000000000e+00 +1.9999962689454693e+00 +1.9499132562415397e-03 +9.9971019154270091e-01 +9.9999957039809684e-01 +9.9999919857894171e-01 +9.9999856059870251e-01 +9.9999836214261550e-01 +1.0675627647033032e-04 +2.1836004159363614e-05 +9.4301185053586106e-05 +6.5881706115206577e-05 +5.3415548040592506e-06
 50.00000000 +5.0000000000000000e+00 +1.9999988301560245e+00 +1.9624862815715589e-03 +9.9968073393541645e-01 +9.9999913927647976e-01 +9.9999946260572348e-01 +9.9999598520964461e-01 +9.9999881691050763e-01 +1.2526095705205496e-04 +5.9968580710070246e-05 -1.0120268312309785e-05 +7.5879840012671356e-05 +7.4872965449944719e-05
 50.50000000 +5.0000000000000000e+00 +1.9999995866920919e+00 +1.9089171051972986e-03 +9.9981616300390708e-01 +9.9999765007753250e-01 +1.0000004291623090e+00 +9.9999577546957352e-01 +9.9999488507882339e-01 +7.0860668414896936e-06 +6.8625390068417170e-05 +3.2361537537179974e-05 +4.3844859534604891e-05 +4.3179358483732344e-05
 51.00000000 +5.0000000000000000e+00 +1.9999979159036378e+00 +1.9069043821456331e-03 +9.9982805169721600e-01 +1.0000011346938855e+00 +9.9999652954549878e-01 +9.9999756358751002e-01 +9.9999644302109825e-01 +6.1492645260237698e-05 +2.7386812921813766e-05 +9.3525946270455856e-05 +1.4152983894643998e-05 -1.6280957879809295e-05
 51.50000000 +5.0000000000000000e+00 +2.0000057241706690e+00 +1.8875462004722266e-03 +9.9988198896109848e-01 +1.0000006592928998e+00 +9.9999432098342944e-01 +9.9999816876709124e-01 +9.9999774245376061e-01 +1.7174860812276717e-05 +4.7634686481787077e-05 +2.0328561390366766e-05 +3.5308955695821500e-05 +6.6724746241450353e-06
 52.00000000 +5.0000000000000000e+00 +2.0000036927962608e+00 +1.9137002892366008e-03 +9.9980228941963722e-01 +1.0000044469654610e+00 +9.9999750922455855e-01 +9.9999296017809636e-01 +9.9999592905895696e-01 +3.2903776838924663e-05 +3.8974610758134127e-05 +4.3244294385859217e-05 +1.1770545304662940e-05 +7.9971932151801423e-05
 52.50000000 +5.0000000000000000e+00 +1.9999975935237173e+00 +1.9191823749209996e-03 +9.9979323321285318e-01 +1.0000018370997215e+00 +9.9999775319993500e-01 +1.0000010405300994e+00 +9.9999300988155915e-01 +4.8470705087849118e-05 -1.7094998735950041e-05 +5.3316961963399504e-05 +4.9363970160247509e-05 +7.9069461228489752e-05
 53.00000000 +5.0000000000000000e+00 +2.0000055998567206e+00 +1.8931371237951285e-03 +9.9985447839598196e-01 +9.9999935588825073e-01 +9.9999976660209178e-01 +9.9999638450172146e-01 +9.9999851193693223e-01 +4.6546231191714405e-05 -1.9237842797442904e-05 +7.4421329379844645e-05 +2.7661540945177834e-05 +2.2111397419988769e-05
 53.50000000 +5.0000000000000000e+00 +2.0000070919150370e+00 +1.8828652354722639e-03 +9.9988223905213847e-01 +9.9999788049454885e-01 +9.9999857094035427e-01 +9.9999589077936235e-01 +9.9999942200714476e-01 +3.8035958976075189e-06 +2.4308906543518091e-05 +5.2266766223115864e-05 +2.3660616186650068e-05 +2.1956838043975959e-05
 54.00000000 +5.0000000000000000e+00 +1.9999994708307087e+00 +1.9056532943129225e-03 +9.9982204692848531e-01 +9.9999710450856993e-01 +9.9999367313490672e-01 +9.9999533284035047e-01 +9.9999138201827364e-01 +5.1503756729539299e-05 -2.4265936577671533e-05 +5.6173540369160482e-05 +7.0192444664896980e-05 +4.6856785052401525e-05
 54.50000000 +5.0000000000000000e+00 +2.0000009353456534e+00 +1.9590946255579715e-03 +9.9968764556360346e-01 +9.9999737087311635e-01 +9.9999821156700530e-01 +1.0000008501439224e+00 +9.9999425150224164e-01 +7.1401286682431256e-05 +3.3252307652836867e-05 +4.8475814295490845e-05 +1.0635803043983677e-04 +6.2182891097632947e-05
 55.00000000 +5.0000000000000000e+00 +2.0000040115795903e+00 +1.9107976330579389e-03 +9.9980616078694007e-01 +9.9999456172383749e-01 +9.9999524148447516e-01 +9.9999624550363297e-01 +9.9999656990031804e-01 +1.0552634477717647e-04 -3.1289617171027837e-05 +8.2528124885660264e-05 +4.5483986150388649e-05 +8.9717324462284746e-06
 55.50000000 +5.0000000000000000e+00 +2.0000030524630477e+00 +1.8718237608473551e-03 +9.9990274563780390e-01 +1.0000037762984091e+00 +1.0000068688868271e+00 +9.9999986442366462e-01 +9.9999829209332669e-01 +2.5054224899672705e-06 +6.4942070381300806e-05 +4.0727979934777595e-05 +1.7243450464671933e-05 -3.6966262828858624e-05
 56.00000000 +5.0000000000000000e+00 +1.9999926450642216e+00 +1.9314036351163332e-03 +9.9975806134058010e-01 +9.9999502678141927e-01 +1.0000044286956398e+00 +9.9999672590105737e-01 +9.9999784564990679e-01 +4.7218521914002963e-05 +8.4055078535714953e-05 +2.1182711656065883e-05 +1.7193004619952786e-05 +7.8262291686597487e-05
 56.50000000 +5.0000000000000000e+00 +1.9999935254192340e+00 +1.9631838057144252e-03 +9.9967510785751434e-01 +1.0000024515648032e+00 +9.9999013564130490e-01 +9.9999634973916163e-01 +9.9999629035225757e-01 +5.9971880587913452e-05 +5.2594924149711575e-05 +8.3523178893054700e-05 +1.0600808446088066e-04 +3.7566765868851512e-05
 57.00000000 +5.0000000000000000e+00 +2.0000015889426765e+00 +1.8958879144541283e-03 +9.9984260229461863e-01 +9.9999844479752187e-01 +9.9999499560846816e-01 +9.9999193621520954e-01 +1.0000030768048778e+00 +2.6748644836442501e-05 +3.2526571878362923e-05 +1.2694020257842864e-05 +5.6408731758204188e-05 +4.0566292378807238e-05
 57.50000000 +5.0000000000000000e+00 +2.0000044384839351e+00 +1.9042218778445379e-03 +9.9982733461959494e-01 +9.9999756190648348e-01 +9.9999649899147103e-01 +9.9999689195414998e-01 +9.9999429918746063e-01 +2.7205055716625047e-05 +2.6081862030209519e-05 +2.5050853112246240e-05 +1.7944582379295657e-05 +9.1130960417102553e-05
 58.00000000 +5.0000000000000000e+00 +1.9999963535307481e+00 +1.9400061698366649e-03 +9.9974046677010120e-01 +1.0000017217296135e+00 +9.9999544696787157e-01 +9.9999265896439860e-01 +9.9999825017305566e-01 +3.1274642908190165e-05 +6.4208241616957074e-06 +3.8936895985619602e-05 +6.7087022975211431e-05 +1.2773603113162558e-04
 58.50000000 +5.0000000000000000e+00 +1.9999962244021072e+00 +1.9273348176159809e-03 +9.9977329119813640e-01 +1.0000022307364675e+00 +9.9999534096476739e-01 +9.9999297698224354e-01 +9.9999800881956269e-01 +3.3078087085875380e-05 +1.0705428802162901e-05 +4.0299309868058650e-05 +5.1926280586498830e-05 +1.0214221087993755e-04
 59.00000000 +5.0000000000000000e+00 +1.9999960952583085e+00 +1.9146619779578467e-03 +9.9980611947929510e-01 +1.0000027398030720e+00 +9.9999523494922016e-01 +9.9999329503741963e-01 +9.9999776743773838e-01 +3.4881742962388274e-05 +1.4990536394587596e-05 +4.1661883678609304e-05 +3.6763758541154788e-05 +7.6545386275905311e-05
 59.50000000 +5.0000000000000000e+00 +1.9999959660993496e+00 +1.9019876506003400e-03 +9.9983895161425596e-01 +1.0000032489294370e+00 +9.9999512892122744e-01 +9.9999361312993285e-01 +9.9999752602757774e-01 +3.6685610575006691e-05 +1.9276147027534156e-05 +4.3024617445433168e-05 +2.1599456525801128e-05 +5.0945556790495167e-05
 60.00000000 +5.0000000000000000e+00 +1.9999958369252271e+00 +1.8893118352814780e-03 +9.9987178760369699e-01 +1.0000037581155732e+00 +9.9999502288078679e-01 +9.9999393125978986e-01 +9.9999728458907533e-01 +3.8489689961017244e-05 +2.3562260789587735e-05 +4.4387511196698416e-05 +6.4333742269861373e-06 +2.5342721894549159e-05
 60.50000000 +5.0000000000000000e+00 +1.9999957077359389e+00 +1.8766345317392163e-03 +9.9990462744829745e-01 +1.0000042673614915e+00 +9.9999491682789654e-01 +9.9999424942699766e-01 +9.9999704312222670e-01 +4.0293981157715311e-05 +2.7848877769354301e-05 +4.5750564960579920e-05 -8.7344886688155461e-06 -2.6311894121493028e-07
 61.00000000 +5.0000000000000000e+00 +1.9999955785314816e+00 +1.8639557397114484e-03 +9.9993747114873621e-01 +1.0000047766672018e+00 +9.9999481076255414e-01 +9.9999456763156247e-01 +9.9999680162702642e-01 +4.2098484202404987e-05 +3.2135998055460593e-05 +4.7113778765259081e-05 -2.3904132475202845e-05 -2.5871966246203559e-05
 61.50000000 +5.0000000000000000e+00 +1.9999954493118539e+00 +1.8512754589360076e-03 +9.9997031870569253e-01 +1.0000052860327149e+00 +9.9999470468475760e-01 +9.9999488587349095e-01 +9.9999656010346982e-01 +4.3903199132399199e-05 +3.6423621736554229e-05 +4.8477152638923992e-05 -3.9075557505848406e-05 -5.1483820549947584e-05
 62.00000000 +5.0000000000000000e+00 +1.9999932541947782e+00 +1.8465803760539627e-03 +9.9997994735357987e-01 +1.0000063691605439e+00 +9.9999509454710789e-01 +9.9999467577284107e-01 +9.9999639571825361e-01 +4.6672744083674554e-05 +3.4679517044240231e-05 +3.3650183957625789e-05 -4.4646397245452122e-05 -4.2838605853332779e-05
 62.50000000 +5.0000000000000000e+00 +1.9999910590433014e+00 +1.8418852195919500e-03 +9.9998957615236461e-01 +1.0000074523053475e+00 +9.9999548441556851e-01 +9.9999446566889838e-01 +9.9999623133046134e-01 +4.9442332438449597e-05 +3.2935385018826820e-05 +1.8822982912404314e-05 -5.0217324289629388e-05 -3.4193255671437902e-05
 63.00000000 +5.0000000000000000e+00 +1.9999888638574221e+00 +1.8371899895482391e-03 +9.9999920510204998e-01 +1.0000085354671251e+00 +9.9999587429013825e-01 +9.9999425556166288e-01 +9.9999606694009235e-01 +5.2211964197744642e-05 +3.1191225659671450e-05 +3.9955494977971999e-06 -5.5788338640432524e-05 -2.5547770001077982e-05
 63.50000000 +5.0000000000000000e+00 +1.9999866686371406e+00 +1.8324946859211014e-03 +1.0000088342026399e+00 +1.0000096186458789e+00 +9.9999626417081844e-01 +9.9999404545113479e-01 +9.9999590254714721e-01 +5.4981639362580058e-05 +2.9447038966131585e-05 -1.0832116291658051e-05 -6.1359440299913967e-05 -1.6902148839067991e-05
 64.00000000 +5.0000000000000000e+00 +1.9999844733824552e+00 +1.8277993087088065e-03 +1.0000184634541378e+00 +1.0000107018416078e+00 +9.9999665405760885e-01 +9.9999383533731390e-01 +9.9999573815162601e-01 +5.7751357933976217e-05 +2.7702824937564622e-05 -2.5660014461424159e-05 -6.6930629270126158e-05 -8.2563921822227511e-06
 64.50000000 +5.0000000000000000e+00 +1.9999822780933654e+00 +1.8231038579096252e-03 +1.0000280928565477e+00 +1.0000117850543131e+00 +9.9999704395051003e-01 +9.9999362522019997e-01 +9.9999557375352832e-01 +6.0521119912953535e-05 +2.5958583573327982e-05 -4.0488145016963982e-05 -7.2501905553121640e-05 +3.8949997264296285e-07
 65.00000000 +5.0000000000000000e+00 +1.9999800827698699e+00 +1.8184083335218261e-03 +1.0000377224098720e+00 +1.0000128682839946e+00 +9.9999743384952111e-01 +9.9999341509979278e-01 +9.9999540935285369e-01 +6.3290925300532429e-05 +2.4214314872779016e-05 -5.5316507963740539e-05 -7.8073269150952945e-05 +9.0355276287145290e-06
 65.50000000 +5.0000000000000000e+00 +1.9999808799242706e+00 +1.8307683163063468e-03 +1.0000079831172410e+00 +1.0000087645069788e+00 +9.9999778926641669e-01 +9.9999478151884147e-01 +9.9999544006822094e-01 +6.5966587998268563e-05 +1.3833695136794761e-05 -4.3901602544480570e-05 -5.9372573355223894e-05 +1.8715402900866454e-05
 66.00000000 +5.0000000000000000e+00 +1.9999816770113434e+00 +1.8431272551636773e-03 +9.9997824633639820e-01 +1.0000046610765692e+00 +9.9999814465329384e-01 +9.9999614782248225e-01 +9.9999547078099382e-01 +6.8642024708874308e-05 +3.4539521505099220e-06 -3.2487661230943544e-05 -4.0673457024867320e-05 +2.8394460608368957e-05
 66.50000000 +5.0000000000000000e+00 +1.9999824740310970e+00 +1.8554851502260679e-03 +9.9994851206702495e-01 +1.0000005579927216e+00 +9.9999850001015622e-01 +9.9999751401072945e-01 +9.9999550149117311e-01 +7.1317235460978821e-05 -6.9249141971465588e-06 -2.1074683900991714e-05 -2.1975919959788604e-05 +3.8072700854795237e-05
 67.00000000 +5.0000000000000000e+00 +1.9999832709835392e+00 +1.8678420016257460e-03 +9.9991878030880366e-01 +9.9999645525539216e-01 +9.9999885533700739e-01 +9.9999888008359772e-01 +9.9999553219875836e-01 +7.3992220283206449e-05 -1.7302904017226964e-05 -9.6626704325079582e-06 -3.2799619599269595e-06 +4.7750123743700977e-05
 67.50000000 +5.0000000000000000e+00 +1.9999840678686798e+00 +1.8801978094949170e-03 +9.9988905106141557e-01 +9.9999235286453725e-01 +9.9999921063385155e-01 +1.0000002460411019e+00 +9.9999556290375080e-01 +7.6666979204176742e-05 -2.7680017420764842e-05 +1.7483792966042313e-06 +1.5414417174744655e-05 +5.7426729378624415e-05
 68.00000000 +5.0000000000000000e+00 +1.9999848646865259e+00 +1.8925525739657634e-03 +9.9985932432454294e-01 +9.9998825082011256e-01 +9.9999956590069217e-01 +1.0000016118832562e+00 +9.9999559360615009e-01 +7.9341512252504329e-05 -3.8056254518774962e-05 +1.3158465408420714e-05 +3.4107217644219423e-05 +6.7102517863086231e-05
 68.50000000 +5.0000000000000000e+00 +1.9999856614370874e+00 +1.9049062951704463e-03 +9.9982960009786781e-01 +9.9998414912207434e-01 +9.9999992113753311e-01 +1.0000029776100756e+00 +9.9999562430595657e-01 +8.2015819456799082e-05 -4.8431615422253365e-05 +2.4567588024996764e-05 +5.2798439648456846e-05 +7.6777489300589697e-05
 69.00000000 +5.0000000000000000e+00 +1.9999842830864163e+00 +1.9240170287843556e-03 +9.9978203243533581e-01 +9.9998510825595210e-01 +9.9999983842356033e-01 +1.0000024314733789e+00 +9.9999651486021901e-01 +8.2886561162602543e-05 -2.0208762493051653e-05 +3.2734828229629751e-05 +6.7411879154376003e-05 +7.1250041018683388e-05
 69.50000000 +5.0000000000000000e+00 +1.9999829051100431e+00 +1.9431225727706695e-03 +9.9973447769007062e-01 +9.9998606712937110e-01 +9.9999975573204869e-01 +1.0000018854849879e+00 +9.9999740517264590e-01 +8.3757066413580342e-05 +8.0064263611162150e-06 +4.0899850574080254e-05 +8.2021350298302917e-05 +6.5724093746561020e-05
 70.00000000 +5.0000000000000000e+00 +1.9999815275078172e+00 +1.9622229292430111e-03 +9.9968693585681234e-01 +9.9998702574243870e-01 +9.9999967306298987e-01 +1.0000013396448437e+00 +9.9999829524333672e-01 +8.4627335306035421e-05 +3.6213954261660658e-05 +4.9062655961634307e-05 +9.6626854696464868e-05 +6.0199646872894128e-05
 70.50000000 +5.0000000000000000e+00 +1.9999801502795851e+00 +1.9813181003138537e-03 +9.9963940693030195e-01 +9.9998798409525957e-01 +9.9999959041637365e-01 +1.0000007939528848e+00 +9.9999918507238916e-01 +8.5497367936218316e-05 +6.4413824328297294e-05 +5.7223245295087476e-05 +1.1122839396421141e-04 +5.4676699786686107e-05
 71.00000000 +5.0000000000000000e+00 +1.9999787734251953e+00 +2.0004080880945251e-03 +9.9959189090528477e-01 +9.9998894218794065e-01 +9.9999950779219171e-01 +1.0000002484090516e+00 +1.0000000746599020e+00 +8.6367164400327426e-05 +9.2606039679048147e-05 +6.5381619476745240e-05 +1.2582596971601531e-04 +4.9155251877272070e-05
 71.50000000 +5.0000000000000000e+00 +1.9999773969444945e+00 +2.0194928946952080e-03 +9.9954438777650856e-01 +9.9998990002058719e-01 +9.9999942519043472e-01 +9.9999970301328323e-01 +1.0000009640059737e+00 +8.7236724794508865e-05 +1.2079060343024260e-04 +7.3537779408423283e-05 +1.4041958356547288e-04 +4.3635302534318620e-05
 72.00000000 +5.0000000000000000e+00 +1.9999760208373314e+00 +2.0385725222249363e-03 +9.9949689753872306e-01 +9.9999085759330542e-01 +9.9999934261109324e-01 +9.9999915776551962e-01 +1.0000018531107018e+00 +8.8106049214856555e-05 +1.4896751869651875e-04 +8.1691725991447773e-05 +1.5500923712530464e-04 +3.8116851147823594e-05
 72.50000000 +5.0000000000000000e+00 +1.9999761173754118e+00 +1.9999929003912285e-03 +9.9959503053754428e-01 +9.9998897901937367e-01 +9.9999829909995441e-01 +9.9999688702718936e-01 +1.0000010705445050e+00 +7.4005603683496577e-05 +1.2723857322990170e-04 +6.5033573187527456e-05 +1.1914782643291523e-04 +3.4308198594821629e-05
 73.00000000 +5.0000000000000000e+00 +1.9999762139280297e+00 +1.9614074686215982e-03 +9.9969317831479976e-01 +9.9998710016253567e-01 +9.9999725543166684e-01 +9.9999461594689454e-01 +1.0000002878604566e+00 +5.9903034681736797e-05 +1.0550635547146840e-04 +4.8372911732776486e-05 +8.3281015156272549e-05 +3.0498972474059591e-05
 73.50000000 +5.0000000000000000e+00 +1.9999763104951895e+00 +1.9228162256035193e-03 +9.9979134087382959e-01 +9.9998522102272869e-01 +9.9999621160619534e-01 +9.9999234452455876e-01 +9.9999950505853030e-01 +4.5798341729861962e-05 +8.3770864681972297e-05 +3.1709741060463154e-05 +4.7408802075325405e-05 +2.6689172655962239e-05
 74.00000000 +5.0000000000000000e+00 +1.9999764070768935e+00 +1.8842191700240661e-03 +9.9988951821797201e-01 +9.9998334159988755e-01 +9.9999516762350382e-01 +9.9999007276010410e-01 +9.9999872213869911e-01 +3.1691524348012274e-05 +6.2032100121943984e-05 +1.5044060603684963e-05 +1.1531185969654984e-05 +2.2878799010915269e-05
 74.50000000 +5.0000000000000000e+00 +1.9999765036731463e+00 +1.8456163005699212e-03 +9.9998771035056855e-01 +9.9998146189394932e-01 +9.9999412348355743e-01 +9.9998780065345350e-01 +9.9999793910093737e-01 +1.7582582056183381e-05 +4.0290061051691387e-05 -1.6241302046313707e-06 -2.4351834381525197e-05 +1.9067851409265358e-05
 75.00000000 +5.0000000000000000e+00 +1.9999766002839503e+00 +1.8070076159273686e-03 +1.0000859172749608e+00 +9.9997958190484959e-01 +9.9999307918632041e-01 +9.9998552820453002e-01 +9.9999715594521732e-01 +3.4715143742263395e-06 +1.8544746731299564e-05 -1.8294831931729948e-05 -6.0240260199369374e-05 +1.5256329721320111e-05
