#discretizing the bath
#     0 0.0000000000000000e+00 -6.3190000000000002e-01
#     1 1.9125506819929288e-03 -2.2724964998472746e-01
#     2 1.9125506819929288e-03 -2.1323213494702589e-01
#     3 1.9125506819929288e-03 -1.9877641626074399e-01
#     4 1.9125506819929288e-03 -1.8389539591456738e-01
#     5 1.9125506819929288e-03 -1.6860089896188346e-01
#     6 1.9125506819929288e-03 -1.5290381552596158e-01
#     7 1.9125506819929288e-03 -1.3681421789069903e-01
#     8 1.9125506819929288e-03 -1.2034145803127433e-01
#     9 1.9125506819929288e-03 -1.0349424959616749e-01
  0.00000000 +1.0000000000000000e+00 +1.9999999999999989e+00 +1.8374661879283099e-03 +1.0000000000000000e+00 +1.0000000000000000e+00 +1.0000000000000000e+00 +1.0000000000000000e+00 +1.0000000000000000e+00 +0.0000000000000000e+00 +0.0000000000000000e+00 +0.0000000000000000e+00 +0.0000000000000000e+00 +0.0000000000000000e+00
  0.50000000 +1.0000000000000016e+00 +1.9999999999961422e+00 +1.8392671869629849e-03 +9.9999542769990635e-01 +9.9999999999895628e-01 +9.9999999999895628e-01 +9.9999999999895628e-01 +9.9999999999895628e-01 +9.1446085531608207e-07 +9.1446085531608186e-07 +9.1446085531608175e-07 +9.1446085531608197e-07 +9.1446085531608175e-07
  1.00000000 +1.0000000000000038e+00 +1.9999999999544469e+00 +1.8443161700055974e-03 +9.9998260231534608e-01 +9.9999999998401823e-01 +9.9999999998402922e-01 +9.9999999998404066e-01 +9.9999999998405287e-01 +3.4920974660312910e-06 +3.4860818051655351e-06 +3.4798097814850038e-06 +3.4732777071325738e-06 +3.4664817712366693e-06
  1.50000000 +1.0000000000000049e+00 +1.9999999997904152e+00 +1.8516213480761130e-03 +9.9996402288543307e-01 +9.9999999992328237e-01 +9.9999999992339328e-01 +9.9999999992351152e-01 +9.9999999992363675e-01 +7.2659437881899787e-06 +7.2320779898902082e-06 +7.1968532198407017e-06 +7.1602593905988380e-06 +7.1222863783286284e-06
  2.00000000 +1.0000000000000067e+00 +1.9999999993816400e+00 +1.8597498430756902e-03 +9.9994330433035816e-01 +9.9999999977439880e-01 +9.9999999977495846e-01 +9.9999999977555465e-01 +9.9999999977618803e-01 +1.1553058175974737e-05 +1.1449946619624916e-05 +1.1343067040571429e-05 +1.1232433677027471e-05 +1.1118063062835603e-05
  2.50000000 +1.0000000000000091e+00 +1.9999999985916150e+00 +1.8671114306256810e-03 +9.9992446732202556e-01 +9.9999999949791640e-01 +9.9999999949983132e-01 +9.9999999950187102e-01 +9.9999999950403851e-01 +1.5579060621464857e-05 +1.5350183024114046e-05 +1.5114040291916304e-05 +1.4870790059948267e-05 +1.4620600365500379e-05
  3.00000000 +1.0000000000000100e+00 +1.9999999972962126e+00 +1.8722726194735013e-03 +9.9991115050244372e-01 +9.9999999907091086e-01 +9.9999999907598680e-01 +9.9999999908138859e-01 +9.9999999908712400e-01 +1.8619079967709113e-05 +1.8205150999937061e-05 +1.7780648303967252e-05 +1.7346128559744420e-05 +1.6902174365039749e-05
  3.50000000 +1.0000000000000122e+00 +1.9999999954076686e+00 +1.8742384470340238e-03 +9.9990590087700837e-01 +9.9999999849729038e-01 +9.9999999850847021e-01 +9.9999999852035237e-01 +9.9999999853294941e-01 +2.0129261882637602e-05 +1.9485830705035268e-05 +1.8831028762336720e-05 +1.8166202429492194e-05 +1.7492740211740316e-05
  4.00000000 +1.0000000000000135e+00 +1.9999999928913528e+00 +1.8726460729579337e-03 +9.9990968208708375e-01 +9.9999999781183690e-01 +9.9999999783316640e-01 +9.9999999785579685e-01 +9.9999999787974336e-01 +1.9844798504296787e-05 +1.8960557173060176e-05 +1.8069521064514838e-05 +1.7174262933916795e-05 +1.6277392765473191e-05
  4.50000000 +1.0000000000000142e+00 +1.9999999897721337e+00 +1.8678321548000684e-03 +9.9992169637986583e-01 +9.9999999707649601e-01 +9.9999999711267806e-01 +9.9999999715098720e-01 +9.9999999719143229e-01 +1.7826678169969636e-05 +1.6737188433328754e-05 +1.5653313145911112e-05 +1.4579148011811602e-05 +1.3518760856837725e-05
  5.00000000 +1.0000000000000169e+00 +1.9999999861291267e+00 +1.8607614254894679e-03 +9.9993955336355878e-01 +9.9999999636917769e-01 +9.9999999642466708e-01 +9.9999999648327909e-01 +9.9999999654500016e-01 +1.4448847810798179e-05 +1.3240982162437287e-05 +1.2059897125820479e-05 +1.0911118277334874e-05 +9.7999690253979657e-06
  5.50000000 +1.0000000000000184e+00 +1.9999999820799770e+00 +1.8528316885830010e-03 +9.9995974972255397e-01 +9.9999999576721033e-01 +9.9999999584493671e-01 +9.9999999592682498e-01 +9.9999999601281675e-01 +1.0328460528310922e-05 +9.1327216821695907e-06 +7.9920972437168452e-06 +6.9128257409263219e-06 +5.9006205594972952e-06
  6.00000000 +1.0000000000000207e+00 +1.9999999777577540e+00 +1.8455949865541455e-03 +9.9997836279159036e-01 +9.9999999532894768e-01 +9.9999999542889717e-01 +9.9999999553392027e-01 +9.9999999564389153e-01 +6.2123082525197560e-06 +5.1829605223643444e-06 +4.2396843131172882e-06 +3.3879780058639335e-06 +2.6323417625250404e-06
  6.50000000 +1.0000000000000222e+00 +1.9999999732851506e+00 +1.8404510627408567e-03 +9.9999181943497473e-01 +9.9999999507774318e-01 +9.9999999519574012e-01 +9.9999999531942774e-01 +9.9999999544860674e-01 +2.8404896845031867e-06 +2.1264866037920839e-06 +1.5250097936396283e-06 +1.0387390314607382e-06 +6.6879850674556945e-07
  7.00000000 +1.0000000000000226e+00 +1.9999999687509078e+00 +1.8383742069736416e-03 +9.9999758815080575e-01 +9.9999999499218206e-01 +9.9999999511924942e-01 +9.9999999525224126e-01 +9.9999999539091067e-01 +8.1238402592713581e-07 +5.2468758476513205e-07 +3.6303636042197565e-07 +3.2497727176432282e-07 +4.0600949163872746e-07
  7.50000000 +1.0000000000000255e+00 +1.9999999641931436e+00 +1.8397272607352287e-03 +9.9999465914596186e-01 +9.9999999500535430e-01 +9.9999999512797788e-01 +9.9999999525644445e-01 +9.9999999539053797e-01 +4.7937738762568010e-07 +6.6177723058040587e-07 +9.6306742449111810e-07 +1.3737552529420332e-06 +1.8820965612781674e-06
  8.00000000 +1.0000000000000264e+00 +1.9999999595926727e+00 +1.8441985641455588e-03 +9.9998372061879170e-01 +9.9999999501407444e-01 +9.9999999511553939e-01 +9.9999999522273497e-01 +9.9999999533562367e-01 +1.8836738040528774e-06 +2.4941906861821973e-06 +3.1910426829142146e-06 +3.9569736056396050e-06 +4.7728126006766678e-06
  8.50000000 +1.0000000000000282e+00 +1.9999999548775325e+00 +1.8508726974586004e-03 +9.9996700065349498e-01 +9.9999999489682445e-01 +9.9999999495956116e-01 +9.9999999502840486e-01 +9.9999999510371373e-01 +4.7539000846119231e-06 +5.6621889529376938e-06 +6.5991873046620045e-06 +7.5410369850775324e-06 +8.4630448231032167e-06
  9.00000000 +1.0000000000000306e+00 +1.9999999499376266e+00 +1.8584191018400813e-03 +9.9994781055302717e-01 +9.9999999453722332e-01 +9.9999999454584210e-01 +9.9999999456214106e-01 +9.9999999458714972e-01 +8.5577077311990981e-06 +9.5608257767638394e-06 +1.0516503659212995e-05 +1.1397712065559812e-05 +1.2178465540535339e-05
  9.50000000 +1.0000000000000322e+00 +1.9999999446465433e+00 +1.8653594589824304e-03 +9.9992988380842118e-01 +9.9999999384842064e-01 +9.9999999379288207e-01 +9.9999999374858151e-01 +9.9999999371751458e-01 +1.2601142946294076e-05 +1.3456210377606440e-05 +1.4181719519779271e-05 +1.4753016968530816e-05 +1.5148994528536418e-05
 10.00000000 +1.0000000000000333e+00 +1.9999999388861447e+00 +1.8703596719346202e-03 +9.9991664371553335e-01 +9.9999999279336604e-01 +9.9999999267160011e-01 +9.9999999256731131e-01 +9.9999999248372562e-01 +1.6156119998098622e-05 +1.6624581649803045e-05 +1.6892187772131547e-05 +1.6943516714869690e-05 +1.6769362498727065e-05
 10.50000000 +1.0000000000000353e+00 +1.9999999325691060e+00 +1.8724883087019193e-03 +9.9991054448695804e-01 +9.9999999139645845e-01 +9.9999999121574290e-01 +9.9999999106184057e-01 +9.9999999093937297e-01 +1.8592425309424642e-05 +1.8487667312203163e-05 +1.8139430614044697e-05 +1.7548272063242735e-05 +1.6723104507694293e-05
 11.00000000 +1.0000000000000369e+00 +1.9999999256551366e+00 +1.8713910591049770e-03 +9.9991261366332151e-01 +9.9999998974366111e-01 +9.9999998952023594e-01 +9.9999998933601020e-01 +9.9999998919701427e-01 +1.9490159984645331e-05 +1.8718851759450317e-05 +1.7705023661365833e-05 +1.6470051488107028e-05 +1.5044453050065003e-05
 11.50000000 +1.0000000000000377e+00 +1.9999999181577532e+00 +1.8673483663863418e-03 +9.9992228160481944e-01 +9.9999998797037404e-01 +9.9999998772706211e-01 +9.9999998753777242e-01 +9.9999998740977381e-01 +1.8712435112600172e-05 +1.7300551890236978e-05 +1.5698653106980238e-05 +1.3950085845981345e-05 +1.2106024439475509e-05
 12.00000000 +1.0000000000000417e+00 +1.9999999101405515e+00 +1.8612072146325287e-03 +9.9993752566038707e-01 +9.9999998623882203e-01 +9.9999998600083784e-01 +9.9999998583295380e-01 +9.9999998574333326e-01 +1.6425686548167546e-05 +1.4522714145388363e-05 +1.2531774467875086e-05 +1.0514367036126082e-05 +8.5359816730228191e-06
 12.50000000 +1.0000000000000420e+00 +1.9999999017039245e+00 +1.8542031895530749e-03 +9.9995529414558570e-01 +9.9999998470895191e-01 +9.9999998449847982e-01 +9.9999998437383253e-01 +9.9999998434361159e-01 +1.3064731051710594e-05 +1.0923632575857298e-05 +8.8330159357224292e-06 +6.8634162822159195e-06 +5.0831339062737802e-06
 13.00000000 +1.0000000000000442e+00 +1.9999998929649541e+00 +1.8477103254521416e-03 +9.9997212100395783e-01 +9.9999998350825781e-01 +9.9999998333873830e-01 +9.9999998326864448e-01 +9.9999998330656659e-01 +9.2498155548791459e-06 +7.1851702188634938e-06 +5.3227778065570760e-06 +3.7287262617083510e-06 +2.4590842149480802e-06
 13.50000000 +1.0000000000000462e+00 +1.9999998840345952e+00 +1.8429697061563696e-03 +9.9998480657181965e-01 +9.9999998270643420e-01 +9.9999998257767098e-01 +9.9999998255824463e-01 +9.9999998265644707e-01 +5.6715473728516079e-06 +4.0028790460667257e-06 +2.6721746900907815e-06 +1.7254529221199813e-06 +1.1908755821713343e-06
 14.00000000 +1.0000000000000475e+00 +1.9999998749965777e+00 +1.8408507913122358e-03 +9.9999102982223231e-01 +9.9999998229998444e-01 +9.9999998219516750e-01 +9.9999998220493735e-01 +9.9999998233733445e-01 +2.9651731976628169e-06 +1.9558975982162354e-06 +1.3740930061828259e-06 +1.2311787281181834e-06 +1.5147980529648493e-06
 14.50000000 +1.0000000000000491e+00 +1.9999998658920979e+00 +1.8416916378958827e-03 +9.9998977422296931e-01 +9.9999998221014952e-01 +9.9999998209561980e-01 +9.9999998209622931e-01 +9.9999998222029118e-01 +1.5972269625913151e-06 +1.4010966131396113e-06 +1.6512638980531141e-06 +2.3147460777218735e-06 +3.3328214351723844e-06
 15.00000000 +1.0000000000000511e+00 +1.9999998567130879e+00 +1.8452474036623320e-03 +9.9998148892619798e-01 +9.9999998229501519e-01 +9.9999998212314889e-01 +9.9999998206336815e-01 +9.9999998212534202e-01 +1.7848794190978533e-06 +2.4109064312172277e-06 +3.4185468187788106e-06 +4.7285659857068241e-06 +6.2395685285496123e-06
 15.50000000 +1.0000000000000528e+00 +1.9999998474051406e+00 +1.8507543347968554e-03 +9.9996796099026086e-01 +9.9999998237391896e-01 +9.9999998208891527e-01 +9.9999998191154482e-01 +9.9999998185445516e-01 +3.4619690341286831e-06 +4.7656405760954076e-06 +6.3056898187115676e-06 +7.9646933048166859e-06 +9.6127884347562038e-06
 16.00000000 +1.0000000000000542e+00 +1.9999998378792483e+00 +1.8570934246089656e-03 +9.9995193164600316e-01 +9.9999998225986808e-01 +9.9999998180563521e-01 +9.9999998145624547e-01 +9.9999998122934908e-01 +6.2969123830062964e-06 +8.0006356633118280e-06 +9.7348928830104451e-06 +1.1362048282157834e-05 +1.2747113958965537e-05
 16.50000000 +1.0000000000000568e+00 +1.9999998280298596e+00 +1.8630186974117190e-03 +9.9993653882729749e-01 +9.9999998179401861e-01 +9.9999998112284583e-01 +9.9999998055882233e-01 +9.9999998012677849e-01 +9.7581426966540709e-06 +1.1498189898856142e-05 +1.3036919584325054e-05 +1.4242081771778612e-05 +1.5002236569761620e-05
 17.00000000 +1.0000000000000584e+00 +1.9999998177555240e+00 +1.8674033485567799e-03 +9.9992469978462462e-01 +9.9999998087574682e-01 +9.9999997995619172e-01 +9.9999997915434968e-01 +9.9999997850422595e-01 +1.3214174642658217e-05 +1.4606060145396283e-05 +1.5582331600709166e-05 +1.6044921858419859e-05 +1.5934236906295403e-05
 17.50000000 +1.0000000000000602e+00 +1.9999998069781419e+00 +1.8694548730110452e-03 +9.9991855586230238e-01 +9.9999997948259534e-01 +9.9999997830500942e-01 +9.9999997726615630e-01 +9.9999997641068183e-01 +1.6049387034183424e-05 +1.6759685027697026e-05 +1.6901995293961708e-05 +1.6438568726052293e-05 +1.5383037472526748e-05
 18.00000000 +1.0000000000000613e+00 +1.9999997956570865e+00 +1.8688579660746552e-03 +9.9991908552135311e-01 +9.9999997767615656e-01 +9.9999997625460835e-01 +9.9999997500390947e-01 +9.9999997397997786e-01 +1.7774195991762739e-05 +1.7585128237130511e-05 +1.6773699233297504e-05 +1.5379784437383807e-05 +1.3498756404633571e-05
 18.50000000 +1.0000000000000635e+00 +1.9999997837956947e+00 +1.8658195514582772e-03 +9.9992595535309092e-01 +9.9999997559260845e-01 +9.9999997396254370e-01 +9.9999997254526030e-01 +9.9999997140757280e-01 +1.8109818767551370e-05 +1.6963912297549232e-05 +1.5258879341996552e-05 +1.3115589288309554e-05 +1.0702939548555396e-05
 19.00000000 +1.0000000000000651e+00 +1.9999997714390947e+00 +1.8610104288896891e-03 +9.9993762998595959e-01 +9.9999997341946589e-01 +9.9999997163121823e-01 +9.9999997010426023e-01 +9.9999996891494491e-01 +1.7032928826807482e-05 +1.5048542960109804e-05 +1.2683562304033590e-05 +1.0126539215681748e-05 +7.5943711689306623e-06
 19.50000000 +1.0000000000000666e+00 +1.9999997586641436e+00 +1.8554185782523028e-03 +9.9995171049587028e-01 +9.9999997136272434e-01 +9.9999996947177239e-01 +9.9999996789236256e-01 +9.9999996670828595e-01 +1.4773154572573053e-05 +1.2227077487779609e-05 +9.5686507002893649e-06 +7.0246777533853067e-06 +4.8205088037347389e-06
 20.00000000 +1.0000000000000684e+00 +1.9999997455636187e+00 +1.8501460116355040e-03 +9.9996542738972527e-01 +9.9999996961037030e-01 +9.9999996766592958e-01 +9.9999996607931163e-01 +9.9999996493936083e-01 +1.1765113152575661e-05 +9.0447085450870250e-06 +6.5244023704598699e-06 +4.4278641852247902e-06 +2.9422273905084057e-06
 20.50000000 +1.0000000000000699e+00 +1.9999997322280030e+00 +1.8461910098871877e-03 +9.9997618675342004e-01 +9.9999996829897475e-01 +9.9999996633291177e-01 +9.9999996476136588e-01 +9.9999996367616883e-01 +8.5648711770922672e-06 +6.0981968827153793e-06 +4.1305279085751901e-06 +2.8363640015638595e-06 +2.3202175383677530e-06
 21.00000000 +1.0000000000000717e+00 +1.9999997187283700e+00 +1.8442588919035218e-03 +9.9998206157118041e-01 +9.9999996748948083e-01 +9.9999996550761761e-01 +9.9999996394292923e-01 +9.9999996288915138e-01 +5.7469018996514007e-06 +3.9236501536045614e-06 +2.8255408770111705e-06 +2.5364229751664246e-06 +3.0460840953184526e-06
 21.50000000 +1.0000000000000735e+00 +1.9999997051036580e+00 +1.8446372045095932e-03 +9.9998213505055311e-01 +9.9999996715662121e-01 +9.9999996513415756e-01 +9.9999996353517717e-01 +9.9999996245578482e-01 +3.8006907742364493e-06 +2.8988178816984494e-06 +2.8265321955180072e-06 +3.5494155672249809e-06 +4.9312116551365577e-06
 22.00000000 +1.0000000000000748e+00 +1.9999996913546034e+00 +1.8471571570656384e-03 +9.9997663528820846e-01 +9.9999996719386353e-01 +9.9999996507599676e-01 +9.9999996337203345e-01 +9.9999996218284193e-01 +3.0456529488745034e-06 +3.1777393251187395e-06 +4.0940173735636169e-06 +5.6354454395177045e-06 +7.5540323446235573e-06
 22.50000000 +1.0000000000000770e+00 +1.9999996774451971e+00 +1.8512453141942299e-03 +9.9996684369652300e-01 +9.9999996743291253e-01 +9.9999996514081146e-01 +9.9999996324057039e-01 +9.9999996184219231e-01 +3.5791596731681395e-06 +4.6689875276336356e-06 +6.3473168108508242e-06 +8.3490533022423578e-06 +1.0354130062148800e-05
 23.00000000 +1.0000000000000784e+00 +1.9999996633110937e+00 +1.8560516837732213e-03 +9.9995480437968909e-01 +9.9999996767413857e-01 +9.9999996511546851e-01 +9.9999996292016335e-01 +9.9999996121339008e-01 +5.2660313083882432e-06 +7.0602412849261907e-06 +9.1259517807736896e-06 +1.1134274082341713e-05 +1.2752199083625952e-05
 23.50000000 +1.0000000000000802e+00 +1.9999996488730507e+00 +1.8606259403248517e-03 +9.9994289922989565e-01 +9.9999996772234401e-01 +9.9999996480465914e-01 +9.9999996222309162e-01 +9.9999996012497172e-01 +7.7700948871992960e-06 +9.8831522911282386e-06 +1.1883746901503903e-05 +1.3438766166693192e-05 +1.4270135190216722e-05
 24.00000000 +1.0000000000000808e+00 +1.9999996340526309e+00 +1.8641053106041707e-03 +9.9993337682734995e-01 +9.9999996742133368e-01 +9.9999996406606528e-01 +9.9999996102898536e-01 +9.9999995848661549e-01 +1.0620779290297038e-05 +1.2605119254633155e-05 +1.4096405457112175e-05 +1.4823542799994939e-05 +1.4626323254463553e-05
 24.50000000 +1.0000000000000828e+00 +1.9999996187870070e+00 +1.8658769772915680e-03 +9.9992792831002308e-01 +9.9999996668111057e-01 +9.9999996283567238e-01 +9.9999995930676466e-01 +9.9999995630608329e-01 +1.3301615891858740e-05 +1.4729977018131941e-05 +1.5361333215858349e-05 +1.5046478313650690e-05 +1.3787156321669673e-05
 25.00000000 +1.0000000000000855e+00 +1.9999996030401470e+00 +1.8656845276717785e-03 +9.9992739003766551e-01 +9.9999996549290160e-01 +9.9999996113868916e-01 +9.9999995712003498e-01 +9.9999995368775907e-01 +1.5343989341312022e-05 +1.5888535345777051e-05 +1.5470690396135097e-05 +1.4103750437994700e-05 +1.1965557858126384e-05
 25.50000000 +1.0000000000000864e+00 +1.9999995868083524e+00 +1.8636603360006471e-03 +9.9993162456030327e-01 +9.9999996392953328e-01 +9.9999995908425188e-01 +9.9999995461506208e-01 +9.9999995081312987e-01 +1.6409097541020699e-05 +1.5902444152969030e-05 +1.4444480720722407e-05 +1.2222359393369696e-05 +9.5686163463432245e-06
 26.00000000 +1.0000000000000888e+00 +1.9999995701193964e+00 +1.8602811144905406e-03 +9.9993959435875357e-01 +9.9999996213138176e-01 +9.9999995684511056e-01 +9.9999995199372715e-01 +9.9999994790699143e-01 +1.6343795594817609e-05 +1.4810418062211709e-05 +1.2518680823569031e-05 +9.8069185273824270e-06 +7.1069514720417876e-06
 26.50000000 +1.0000000000000902e+00 +1.9999995530257191e+00 +1.8562590255057161e-03 +9.9994960472742889e-01 +9.9999996028066929e-01 +9.9999995462617974e-01 +9.9999994947657367e-01 +9.9999994519580049e-01 +1.5201214289876636e-05 +1.2853272700707205e-05 +1.0092292673924171e-05 +7.3529715957243260e-06 +5.0859425388078007e-06
 27.00000000 +1.0000000000000926e+00 +1.9999995355932940e+00 +1.8523927321555196e-03 +9.9995966053412300e-01 +9.9999995856898660e-01 +9.9999995262786712e-01 +9.9999994726291785e-01 +9.9999994286608984e-01 +1.3223723092743313e-05 +1.0422045769990324e-05 +7.6450110045330499e-06 +5.3453638243204696e-06 +3.9019967859729365e-06
 27.50000000 +1.0000000000000941e+00 +1.9999995178884789e+00 +1.8494093661589233e-03 +9.9996786229615475e-01 +9.9999995716394630e-01 +9.9999995101087968e-01 +9.9999994549536209e-01 +9.9999994103070167e-01 +1.0792684313234727e-05 +7.9802117964374657e-06 +5.6424538209504315e-06 +4.1625120278066033e-06 +3.7651414674156009e-06
 28.00000000 +1.0000000000000959e+00 +1.9999994999654895e+00 +1.8478285779842121e-03 +9.9997276321609851e-01 +9.9999995618091986e-01 +9.9999994986884100e-01 +9.9999994423519034e-01 +9.9999993970908663e-01 +8.3552628507339820e-06 +5.9754237306055217e-06 +4.4476769542678012e-06 +4.0054607312561817e-06 +4.6629660765988864e-06
 28.50000000 +1.0000000000000973e+00 +1.9999994818568598e+00 +1.8478738962874267e-03 +9.9997362047335059e-01 +9.9999995566470357e-01 +9.9999994921345658e-01 +9.9999994345293441e-01 +9.9999993882513993e-01 +6.3422983045461592e-06 +4.7575820954679780e-06 +4.2557685001139637e-06 +4.8649313779097850e-06 +6.3717906233882512e-06
 29.00000000 +1.0000000000000995e+00 +1.9999994635684910e+00 +1.8494460515280475e-03 +9.9997049808517280e-01 +9.9999995558405519e-01 +9.9999994897460598e-01 +9.9999994303557627e-01 +9.9999993822273647e-01 +5.0923133058973507e-06 +4.5182028188403067e-06 +5.0632114708207948e-06 +6.5314570978188570e-06 +8.5109136569324864e-06
 29.50000000 +1.0000000000001010e+00 +1.9999994450800458e+00 +1.8521600418152046e-03 +9.9996420967979638e-01 +9.9999995583964119e-01 +9.9999994901494627e-01 +9.9999994280871340e-01 +9.9999993769576445e-01 +4.7950341119279089e-06 +5.2614959966984801e-06 +6.6765300944753850e-06 +8.6448756757717630e-06 +1.0627025763836600e-05
 30.00000000 +1.0000000000001024e+00 +1.9999994263502783e+00 +1.8554351984828687e-03 +9.9995612112138299e-01 +9.9999995628355653e-01 +9.9999994915603430e-01 +9.9999994256933278e-01 +9.9999993702684875e-01 +5.4637539497677606e-06 +6.8112433346030442e-06 +8.7569731245732868e-06 +1.0771732458909743e-05 +1.2290140488029275e-05
 30.50000000 +1.0000000000001039e+00 +1.9999994073260081e+00 +1.8586177898073917e-03 +9.9994785888878945e-01 +9.9999995674656317e-01 +9.9999994921094970e-01 +9.9999994212296661e-01 +9.9999993602739023e-01 +6.9403039075277000e-06 +8.8507296502087559e-06 +1.0891168400676121e-05 +1.2494033052022693e-05 +1.3180768850718772e-05
 31.00000000 +1.0000000000001059e+00 +1.9999993879528255e+00 +1.8611105387851253e-03 +9.9994098568476442e-01 +9.9999995706799139e-01 +9.9999994901741085e-01 +9.9999994131837722e-01 +9.9999993457149361e-01 +8.9303806895718893e-06 +1.0986945787171312e-05 +1.2673092698920968e-05 +1.3491204583520223e-05 +1.3150716732488072e-05
 31.50000000 +1.0000000000001081e+00 +1.9999993681854011e+00 +1.8624835798290739e-03 +9.9993670749383867e-01 +9.9999995712297152e-01 +9.9999994846547269e-01 +9.9999994007354365e-01 +9.9999993261763886e-01 +1.1061623085704998e-05 +1.2826135419261783e-05 +1.3781138045146407e-05 +1.3599245109972137e-05 +1.2246085412305522e-05
 32.00000000 +1.0000000000001092e+00 +1.9999993479954541e+00 +1.8625465012474408e-03 +9.9993566642762166e-01 +9.9999995684235232e-01 +9.9999994751506127e-01 +9.9999993838848300e-01 +9.9999993021438127e-01 +1.2953071167565115e-05 +1.4046203002943481e-05 +1.4035695274128867e-05 +1.2836280338896696e-05 +1.0689362863246182e-05
 32.50000000 +1.0000000000001110e+00 +1.9999993273760184e+00 +1.8613699144471884e-03 +9.9993785386912970e-01 +9.9999995622214521e-01 +9.9999994620059740e-01 +9.9999993634297912e-01 +9.9999992748942956e-01 +1.4283094855485126e-05 +1.4452714376468245e-05 +1.3427061844772923e-05 +1.1390918257567336e-05 +8.8260869389795935e-06
 33.00000000 +1.0000000000001128e+00 +1.9999993063414119e+00 +1.8592555084247042e-03 +9.9994265311638952e-01 +9.9999995532132580e-01 +9.9999994462236474e-01 +9.9999993408009102e-01 +9.9999992462454224e-01 +1.4843724633529012e-05 +1.4008856746033166e-05 +1.2109643208296494e-05 +9.5773706353843830e-06 +7.0486406272418599e-06
 33.50000000 +1.0000000000001146e+00 +1.9999992849232109e+00 +1.8566636186805037e-03 +9.9994899519670200e-01 +9.9999995424890165e-01 +9.9999994292666017e-01 +9.9999993177887458e-01 +9.9999992182125108e-01 +1.4572297527182582e-05 +1.2834993228702103e-05 +1.0365082216427576e-05 +7.7677562389079671e-06 +5.7138989723606308e-06
 34.00000000 +1.0000000000001161e+00 +1.9999992631632260e+00 +1.8541150146760155e-03 +9.9995559076136908e-01 +9.9999995314301404e-01 +9.9999994127867597e-01 +9.9999992962159145e-01 +9.9999991926397214e-01 +1.3555811310103956e-05 +1.1179289650021881e-05 +8.5428053413419442e-06 +6.3160716088370302e-06 +5.0719540482350000e-06
 34.50000000 +1.0000000000001183e+00 +1.9999992411050111e+00 +1.8520875353760350e-03 +9.9996118871571826e-01 +9.9999995214607151e-01 +9.9999993983319957e-01 +9.9999992776149149e-01 +9.9999991708734193e-01 +1.2008481721004343e-05 +9.3661893717619831e-06 +6.9904215094443484e-06 +5.4893036729683898e-06 +5.2200604939836873e-06
 35.00000000 +1.0000000000001199e+00 +1.9999992187856148e+00 +1.8509278497602579e-03 +9.9996481032813223e-01 +9.9999995138041708e-01 +9.9999993870837067e-01 +9.9999992629692402e-01 +9.9999991535362776e-01 +1.0227771634996944e-05 +7.7333008940246692e-06 +5.9877739817420881e-06 +5.4190095176376843e-06 +6.0900771007857059e-06
 35.50000000 +1.0000000000001215e+00 +1.9999991962291110e+00 +1.8507943371544355e-03 +9.9996591569025106e-01 +9.9999995092869132e-01 +9.9999993796697795e-01 +9.9999992525618964e-01 +9.9999991404401811e-01 +8.5377619870009200e-06 +6.5689064347648150e-06 +5.6970858964743128e-06 +6.0819810201355140e-06 +7.4703791420821110e-06
 36.00000000 +1.0000000000001232e+00 +1.9999991734430149e+00 +1.8516399706164310e-03 +9.9996447532191224e-01 +9.9999995082201276e-01 +9.9999993760822425e-01 +9.9999992459540643e-01 +9.9999991306490332e-01 +7.2305688308219426e-06 +6.0615936459574228e-06 +6.1379492687013743e-06 +7.3124111963811911e-06 +9.0560652151537078e-06
 36.50000000 +1.0000000000001255e+00 +1.9999991504180596e+00 +1.8532357289030299e-03 +9.9996093980967582e-01 +9.9999995103756190e-01 +9.9999993757090389e-01 +9.9999992420925654e-01 +9.9999991226747731e-01 +6.5163345216331283e-06 +6.2707030445452076e-06 +7.1907119906909893e-06 +8.8415989805413839e-06 +1.0515757215362343e-05
 37.00000000 +1.0000000000001266e+00 +1.9999991271311315e+00 +1.8552271801002029e-03 +9.9995612044797955e-01 +9.9999995150543519e-01 +9.9999993774687745e-01 +9.9999992395214488e-01 +9.9999991147659439e-01 +6.4902645838128995e-06 +7.1219983481164875e-06 +8.6261954096227109e-06 +1.0355955234622518e-05 +1.1560458024633662e-05
 37.50000000 +1.0000000000001283e+00 +1.9999991035506075e+00 +1.8572109821527135e-03 +9.9995101001956588e-01 +9.9999995212306225e-01 +9.9999993800199127e-01 +9.9999992366557389e-01 +9.9999991052330350e-01 +7.1217096206028390e-06 +8.4280783815953982e-06 +1.0154733171817331e-05 +1.1560904618867602e-05 +1.2000241351669360e-05
 38.00000000 +1.0000000000001303e+00 +1.9999990796428762e+00 +1.8588151458052927e-03 +9.9994658224513300e-01 +9.9999995277423614e-01 +9.9999993820038313e-01 +9.9999992320655062e-01 +9.9999990927497273e-01 +8.2661002400836356e-06 +9.9284990204398203e-06 +1.1484179454969103e-05 +1.2237742195896726e-05 +1.1777778465074350e-05
 38.50000000 +1.0000000000001317e+00 +1.9999990553787750e+00 +1.8597673560826027e-03 +9.9994360971410057e-01 +9.9999995334924863e-01 +9.9999993822779742e-01 +9.9999992247197556e-01 +9.9999990765766500e-01 +9.6964232486799782e-06 +1.1341191813599226e-05 +1.2375354058361178e-05 +1.2282572145902365e-05 +1.0973038605440001e-05
 39.00000000 +1.0000000000001337e+00 +1.9999990307386859e+00 +1.8599391178433613e-03 +9.9994253361970620e-01 +9.9999995376263373e-01 +9.9999993800990283e-01 +9.9999992141484995e-01 +9.9999990566702102e-01 +1.1147616196459153e-05 +1.2415121180663339e-05 +1.2684488162353188e-05 +1.1720580059241043e-05 +9.7797209560568147e-06
 39.50000000 +1.0000000000001352e+00 +1.9999990057154677e+00 +1.8593590787863215e-03 +9.9994340619304722e-01 +9.9999995396565700e-01 +9.9999993752271599e-01 +9.9999992004983418e-01 +9.9999990336616174e-01 +1.2365307060974820e-05 +1.2974428775450741e-05 +1.2385276513450206e-05 +1.0694138259451264e-05 +8.4597526515935509e-06
 40.00000000 +1.0000000000001374e+00 +1.9999989803148297e+00 +1.8581953399128600e-03 +9.9994591121470444e-01 +9.9999995395180918e-01 +9.9999993679379051e-01 +9.9999991844770497e-01 +9.9999990087157409e-01 +1.3150013951232975e-05 +1.2946410402901150e-05 +1.1567439439424259e-05 +9.4285083134572339e-06 +7.2863489973239594e-06
 40.50000000 +1.0000000000001388e+00 +1.9999989545532728e+00 +1.8567125625890866e-03 +9.9994945261862811e-01 +9.9999995375484796e-01 +9.9999993589450076e-01 +9.9999991672024979e-01 +9.9999989833005376e-01 +1.3389213469071624e-05 +1.2369071085218842e-05 +1.0413356084930725e-05 +8.1831354402825883e-06 +6.4879063344378106e-06
 41.00000000 +1.0000000000001401e+00 +1.9999989284541715e+00 +1.8552140875941951e-03 +9.9995328895421109e-01 +9.9999995344025794e-01 +9.9999993492529060e-01 +9.9999991499876872e-01 +9.9999989589128546e-01 +1.3072265587232236e-05 +1.1378004288415865e-05 +9.1584324943874572e-06 +7.1989393025446094e-06 +6.2041492154491976e-06
 41.50000000 +1.0000000000001421e+00 +1.9999989020428943e+00 +1.8539813597151400e-03 +9.9995668446640384e-01 +9.9999995309203438e-01 +9.9999993399685516e-01 +9.9999991341029371e-01 +9.9999989368119835e-01 +1.2286513646723674e-05 +1.0176165723143745e-05 +8.0436564927680021e-06 +6.6522155701153201e-06 +6.4628024917099669e-06
 42.00000000 +1.0000000000001437e+00 +1.9999988753419613e+00 +1.8532224805207259e-03 +9.9995904673131186e-01 +9.9999995279736065e-01 +9.9999993321074609e-01 +9.9999991205584859e-01 +9.9999989178084825e-01 +1.1196321039642023e-05 +8.9930605517915049e-06 +7.2698035209594269e-06 +6.6238544679546285e-06 +7.1803850239956384e-06
 42.50000000 +1.0000000000001454e+00 +1.9999988483671203e+00 +1.8530389881593102e-03 +9.9996002580892629e-01 +9.9999995263190244e-01 +9.9999993264276221e-01 +9.9999991099443530e-01 +9.9999989021435243e-01 +1.0009738072774095e-05 +8.0414380996116247e-06 +6.9619001958649741e-06 +7.0890565230158636e-06 +8.1855754572614819e-06
 43.00000000 +1.0000000000001468e+00 +1.9999988211250164e+00 +1.8534157002496306e-03 +9.9995955929899993e-01 +9.9999995264813379e-01 +9.9999993233178763e-01 +9.9999991023524082e-01 +9.9999988894757930e-01 +8.9394177794020007e-06 +7.4795772337062606e-06 +7.1500976694666832e-06 +7.9283765122229303e-06 +9.2590697988513612e-06
 43.50000000 +1.0000000000001488e+00 +1.9999987936127752e+00 +1.8542336112808168e-03 +9.9995785932647174e-01 +9.9999995286839360e-01 +9.9999993227561879e-01 +9.9999990973894259e-01 +9.9999988789726391e-01 +8.1650321105581909e-06 +7.3857428774919939e-06 +7.7696190990945382e-06 +8.9566669777303856e-06 +1.0180832989281047e-05
 44.00000000 +1.0000000000001501e+00 +1.9999987658193656e+00 +1.8553014013041845e-03 +9.9995534890533988e-01 +9.9999995328345381e-01 +9.9999993243401564e-01 +9.9999990942734562e-01 +9.9999988694837749e-01 +7.8037430101584378e-06 +7.7487659744719107e-06 +8.6786547768721694e-06 +9.9631639636987204e-06 +1.0774674494516374e-05
 44.50000000 +1.0000000000001519e+00 +1.9999987377283812e+00 +1.8563979165676298e-03 +9.9995256414669997e-01 +9.9999995385638552e-01 +9.9999993273796561e-01 +9.9999990919917348e-01 +9.9999988597619205e-01 +7.8934602744020819e-06 +8.4754993374988372e-06 +9.6897297246994455e-06 +1.0754165628844403e-05 +1.0941229378121958e-05
 45.00000000 +1.0000000000001532e+00 +1.9999987093215683e+00 +1.8573165408214052e-03 +9.9995004385311737e-01 +9.9999995453063906e-01 +9.9999993310312940e-01 +9.9999990894887103e-01 +9.9999988486884850e-01 +8.3910634623649304e-06 +9.4127568914169286e-06 +1.0607777066767185e-05 +1.1189762280101866e-05 +1.0673336461632524e-05
 45.50000000 +1.0000000000001557e+00 +1.9999986805823766e+00 +1.8579028163876079e-03 +9.9994822854006726e-01 +9.9999995524064700e-01 +9.9999993344491023e-01 +9.9999990858497301e-01 +9.9999988354637404e-01 +9.1849794704301780e-06 +1.0378832221379681e-05 +1.1267290784928626e-05 +1.1207772857899748e-05 +1.0051768472305478e-05
 46.00000000 +1.0000000000001568e+00 +1.9999986514988717e+00 +1.8580787454243561e-03 +9.9994738715247666e-01 +9.9999995592298685e-01 +9.9999993369245532e-01 +9.9999990804485817e-01 +9.9999988197296741e-01 +1.0119002333110463e-05 +1.1198239369882826e-05 +1.1561579883623070e-05 +1.0830987369419486e-05 +9.2234060838777343e-06
 46.50000000 +1.0000000000001579e+00 +1.9999986220655217e+00 +1.8578503560263732e-03 +9.9994758280905505e-01 +9.9999995652622720e-01 +9.9999993379932717e-01 +9.9999990730359101e-01 +9.9999988016076458e-01 +1.1022446917951044e-05 +1.1733126970920453e-05 +1.1459084423655963e-05 +1.0157345652191334e-05 +8.3673978629147598e-06
 47.00000000 +1.0000000000001599e+00 +1.9999985922836374e+00 +1.8572986440629341e-03 +9.9994868043212259e-01 +9.9999995701795419e-01 +9.9999993374927676e-01 +9.9999990637567937e-01 +9.9999987816491254e-01 +1.1740918828836669e-05 +1.1905842015077061e-05 +1.1004490221028140e-05 +9.3360635150365039e-06 +7.6569462754649166e-06
 47.50000000 +1.0000000000001625e+00 +1.9999985621604845e+00 +1.8565571807832935e-03 +9.9995039088095161e-01 +9.9999995738809977e-01 +9.9999993355653927e-01 +9.9999990530995175e-01 +9.9999987607135998e-01 +1.2162240513065803e-05 +1.1709095007047576e-05 +1.0305409043245317e-05 +8.5352877247006650e-06 +7.2247616225129451e-06
 48.00000000 +1.0000000000001634e+00 +1.9999985317073978e+00 +1.8557819228402514e-03 +9.9995233976850162e-01 +9.9999995764835781e-01 +9.9999993326102454e-01 +9.9999990417888085e-01 +9.9999987397996648e-01 +1.2233283651662762e-05 +1.1202678322888086e-05 +9.5080794912279932e-06 +7.9081647820738480e-06 +7.1389578384865267e-06
 48.50000000 +1.0000000000001654e+00 +1.9999985009373196e+00 +1.8551197266945066e-03 +9.9995414557664919e-01 +9.9999995782817774e-01 +9.9999993291962141e-01 +9.9999990306460884e-01 +9.9999987198622520e-01 +1.1965342905312535e-05 +1.0498219010038859e-05 +8.7673991652349427e-06 +7.5640694531296843e-06 +7.3935950118725579e-06
 49.00000000 +1.0000000000001668e+00 +1.9999984698622792e+00 +1.8546816876886148e-03 +9.9995549140729267e-01 +9.9999995796827446e-01 +9.9999993259536446e-01 +9.9999990204427847e-01 +9.9999987016489111e-01 +1.1427866066278105e-05 +9.7355379272455966e-06 +8.2173217125884686e-06 +7.5502798665824351e-06 +7.9148151611609170e-06
 49.50000000 +1.0000000000001685e+00 +1.9999984384912999e+00 +1.8545258991067258e-03 +9.9995617745348264e-01 +9.9999995811297759e-01 +9.9999993234647333e-01 +9.9999990117727167e-01 +9.9999986855831080e-01 +1.0732423174789706e-05 +9.0554829726781664e-06 +7.9471801854222454e-06 +7.8469827366801620e-06 +8.5802832589271418e-06
 50.00000000 +1.0000000000001703e+00 +1.9999984068290761e+00 +1.8546519656078453e-03 +9.9995614622221785e-01 +9.9999995830273991e-01 +9.9999993221707295e-01 +9.9999990049637832e-01 +9.9999986717117884e-01 +1.0010392082631147e-05 +8.5744199086899484e-06 +7.9880010220058226e-06 +8.3756830312706745e-06 +9.2470952191490563e-06
#
#Timing:
#    proc        CPU Pre        CPU all       Wall Pre       Wall all
#       0           0.15          41.53           0.17          41.58
