#discretizing the bath
#     0 0.0000000000000000e+00 -6.3189999999999946e-01
#     1 8.8191710368819686e-03 -2.0212127196610244e-01
#     2 8.8191710368819686e-03 -1.9343270591889275e-01
#     3 8.8191710368819686e-03 -1.8459708975840838e-01
#     4 8.8191710368819686e-03 -1.7561683129621780e-01
#     5 8.8191710368819686e-03 -1.6649422379326520e-01
#     6 8.8191710368819686e-03 -1.5723145476521522e-01
#     7 8.8191710368819686e-03 -1.4783061386829827e-01
#     8 8.8191710368819686e-03 -1.3829369998555327e-01
#     9 8.8191710368819686e-03 -1.2862262761479240e-01
  0.00000000 +1.0000000000000000e+00 +1.9999999999999989e+00 +1.8374661879283106e-03 +1.0000000000000000e+00 +1.0000000000000000e+00 +1.0000000000000000e+00 +1.0000000000000000e+00 +1.0000000000000000e+00 +0.0000000000000000e+00 +0.0000000000000000e+00 +0.0000000000000000e+00 +0.0000000000000000e+00 +0.0000000000000000e+00
  0.50000000 +1.0000000000000016e+00 +1.9999999999179454e+00 +1.8757591501043580e-03 +9.9990278344894334e-01 +9.9999999952740737e-01 +9.9999999952740737e-01 +9.9999999952740737e-01 +9.9999999952740737e-01 +1.9443688287043313e-05 +1.9443688287043310e-05 +1.9443688287043313e-05 +1.9443688287043313e-05 +1.9443688287043310e-05
  1.00000000 +1.0000000000000038e+00 +1.9999999990309660e+00 +1.9832747702348921e-03 +9.9962967523946522e-01 +9.9999999277750984e-01 +9.9999999278070995e-01 +9.9999999278401619e-01 +9.9999999278742957e-01 +7.4225300696556984e-05 +7.4149918517480822e-05 +7.4072639246309158e-05 +7.3993446979425201e-05 +7.3912325447993458e-05
  1.50000000 +1.0000000000000040e+00 +1.9999999955388237e+00 +2.1393504367287070e-03 +9.9923273490145315e-01 +9.9999996536025570e-01 +9.9999996539325797e-01 +9.9999996542742597e-01 +9.9999996546277825e-01 +1.5434963874168018e-04 +1.5392525992973397e-04 +1.5349080807064517e-04 +1.5304623919243325e-04 +1.5259150891777209e-04
  2.00000000 +1.0000000000000060e+00 +1.9999999868249605e+00 +2.3140269342570010e-03 +9.9878753650806895e-01 +9.9999989823834734e-01 +9.9999989840550518e-01 +9.9999989857867333e-01 +9.9999989875794715e-01 +2.4521413080139679e-04 +2.4392199102624064e-04 +2.4260184698265846e-04 +2.4125375727920644e-04 +2.3987778540459018e-04
  2.50000000 +1.0000000000000093e+00 +1.9999999699545676e+00 +2.4738451771435040e-03 +9.9837866401699871e-01 +9.9999977381369354e-01 +9.9999977438673127e-01 +9.9999977498029158e-01 +9.9999977559466591e-01 +3.3029173178150087e-04 +3.2742347607286551e-04 +3.2450099233970712e-04 +3.2152495288546363e-04 +3.1849605458707811e-04
  3.00000000 +1.0000000000000109e+00 +1.9999999422320909e+00 +2.5883064429113060e-03 +9.9808351159083331e-01 +9.9999958210714390e-01 +9.9999958362688257e-01 +9.9999958520011767e-01 +9.9999958682747758e-01 +3.9416169191551140e-04 +3.8897422544812614e-04 +3.8370724188903609e-04 +3.7836313321182931e-04 +3.7294435513354903e-04
  3.50000000 +1.0000000000000122e+00 +1.9999999017113803e+00 +2.6357388958847157e-03 +9.9795751626706530e-01 +9.9999932537172354e-01 +9.9999932871856190e-01 +9.9999933218003989e-01 +9.9999933575713340e-01 +4.2532820201963381e-04 +4.1726423705678884e-04 +4.0911338564310833e-04 +4.0088146820465578e-04 +3.9257441261278625e-04
  4.00000000 +1.0000000000000138e+00 +1.9999998475611844e+00 +2.6074330633263729e-03 +9.9802366308187362e-01 +9.9999901980366679e-01 +9.9999902618602399e-01 +9.9999903277922764e-01 +9.9999903958422653e-01 +4.1830783667811652e-04 +4.0722538300499306e-04 +3.9608771170745235e-04 +3.8490602106863221e-04 +3.7369161259132982e-04
  4.50000000 +1.0000000000000151e+00 +1.9999997802167946e+00 +2.5092510234104967e-03 +9.9826826494560694e-01 +9.9999869367362559e-01 +9.9999870449417216e-01 +9.9999871565654219e-01 +9.9999872716060478e-01 +3.7460394116919021e-04 +3.6094845517391396e-04 +3.4732690452621252e-04 +3.3375727248681768e-04 +3.2025749616786022e-04
  5.00000000 +1.0000000000000173e+00 +1.9999997012900113e+00 +2.3604102593972522e-03 +9.9864379678293214e-01 +9.9999838204730418e-01 +9.9999839863550255e-01 +9.9999841572057491e-01 +9.9999843329943205e-01 +3.0239370031313005e-04 +2.8725392851387886e-04 +2.7230219617717540e-04 +2.5756306392905729e-04 +2.4306062540705060e-04
  5.50000000 +1.0000000000000189e+00 +1.9999996132560760e+00 +2.1896952128785752e-03 +9.9907819583890989e-01 +9.9999811910886027e-01 +9.9999814234927953e-01 +9.9999816624456239e-01 +9.9999819078616836e-01 +2.1499258290846461e-04 +2.0000451709930805e-04 +1.8541278151889461e-04 +1.7124565274759251e-04 +1.5753013803976816e-04
  6.00000000 +1.0000000000000207e+00 +1.9999995189788173e+00 +2.0298488175546714e-03 +9.9948879482381536e-01 +9.9999792974598678e-01 +9.9999795967445682e-01 +9.9999799039174142e-01 +9.9999802188150677e-01 +1.2838648927296017e-04 +1.1548452968357152e-04 +1.0320892079825720e-04 +9.1585582968667167e-05 +8.0637959872265473e-05
  6.50000000 +1.0000000000000224e+00 +1.9999994211658014e+00 +1.9112450742043183e-03 +9.9979817337830923e-01 +9.9999782234636070e-01 +9.9999785781747752e-01 +9.9999789416391449e-01 +9.9999793136073589e-01 +5.8292294918288179e-05 +4.9344942447045725e-05 +4.1223960063030995e-05 +3.3943994408423420e-05 +2.7515741477284713e-05
  7.00000000 +1.0000000000000238e+00 +1.9999993218579488e+00 +1.8560747128553751e-03 +9.9994886502762825e-01 +9.9999778461047195e-01 +9.9999782314865027e-01 +9.9999786259409928e-01 +9.9999790291583313e-01 +1.7291227187589509e-05 +1.3691363378268703e-05 +1.1025873573290852e-05 +9.2879192505033110e-06 +8.4653200462739264e-06
  7.50000000 +1.0000000000000249e+00 +1.9999992220505618e+00 +1.8741652594929552e-03 +9.9991410479996568e-01 +9.9999778361997005e-01 +9.9999782154519801e-01 +9.9999786037713501e-01 +9.9999790008650957e-01 +1.2561684655237505e-05 +1.4860500041479386e-05 +1.8051803200586242e-05 +2.2098437707407673e-05 +2.6957145741539255e-05
  8.00000000 +1.0000000000000264e+00 +1.9999991215165969e+00 +1.9612282406408161e-03 +9.9970259346879065e-01 +9.9999777052247052e-01 +9.9999780339132316e-01 +9.9999783719378588e-01 +9.9999787191649669e-01 +4.4622848382954146e-05 +5.2296238105548267e-05 +6.0633524358474393e-05 +6.9563103242470018e-05 +7.9007793177119712e-05
  8.50000000 +1.0000000000000280e+00 +1.9999990188636847e+00 +2.0998463167790499e-03 +9.9935642895772414e-01 +9.9999768918513432e-01 +9.9999771251567193e-01 +9.9999773693259641e-01 +9.9999776245895733e-01 +1.0731003281171846e-04 +1.1872542687237347e-04 +1.3038889420458619e-04 +1.4219809719043849e-04 +1.5404749897731228e-04
  9.00000000 +1.0000000000000300e+00 +1.9999989118112866e+00 +2.2629774232550402e-03 +9.9894268156850596e-01 +9.9999748724736992e-01 +9.9999749741840604e-01 +9.9999750908072049e-01 +9.9999752231856187e-01 +1.8897329352002851e-04 +2.0158671525146346e-04 +2.1388997326673574e-04 +2.2576347396353227e-04 +2.3708891058396144e-04
  9.50000000 +1.0000000000000313e+00 +1.9999987976325539e+00 +2.4192670201273409e-03 +9.9854030809445904e-01 +9.9999712737377200e-01 +9.9999712252359974e-01 +9.9999711995374996e-01 +9.9999711983466455e-01 +2.7466538322783331e-04 +2.8543045407357169e-04 +2.9527416150438451e-04 +3.0408263475589710e-04 +3.1174958635112537e-04
 10.00000000 +1.0000000000000331e+00 +1.9999986736746900e+00 +2.5391178029004037e-03 +9.9822497534602295e-01 +9.9999659632198801e-01 +9.9999657703748612e-01 +9.9999656131382042e-01 +9.9999654942714922e-01 +3.4890555466090688e-04 +3.5482826960153951e-04 +3.5928742565512661e-04 +3.6220432682463125e-04 +3.6351497695750567e-04
 10.50000000 +1.0000000000000353e+00 +1.9999985378578005e+00 +2.6003336831607752e-03 +9.9805473069981565e-01 +9.9999590975639563e-01 +9.9999587935380385e-01 +9.9999585433368954e-01 +9.9999583508581724e-01 +3.9850475749324618e-04 +3.9724076667251582e-04 +3.9417202793974707e-04 +3.8928521957949370e-04 +3.8258799896950910e-04
 11.00000000 +1.0000000000000364e+00 +1.9999983890578128e+00 +2.5922545503457494e-03 +9.9805925177455646e-01 +9.9999511151183784e-01 +9.9999507576955748e-01 +9.9999504773740744e-01 +9.9999502791004058e-01 +4.1493322360040998e-04 +4.0530690745224385e-04 +3.9384867741698197e-04 +3.8063396106363938e-04 +3.6576252724947552e-04
 11.50000000 +1.0000000000000380e+00 +1.9999982273024950e+00 +2.5176074102408134e-03 +9.9823467740806515e-01 +9.9999426709742434e-01 +9.9999423340205540e-01 +9.9999421011791834e-01 +9.9999419781730237e-01 +3.9580285397558800e-04 +3.7813469320009273e-04 +3.5898596710376668e-04 +3.3852955651304388e-04 +3.1696108663250406e-04
 12.00000000 +1.0000000000000393e+00 +1.9999980537465025e+00 +2.3917543706206529e-03 +9.9854491726384487e-01 +9.9999345241286319e-01 +9.9999342840458338e-01 +9.9999341766059824e-01 +9.9999342078781128e-01 +3.4520592273831502e-04 +3.2136647775167737e-04 +2.9676925389851170e-04 +2.7167251283793269e-04 +2.4634930326996414e-04
 12.50000000 +1.0000000000000413e+00 +1.9999978704339396e+00 +2.2395274362871070e-03 +9.9892907770800199e-01 +9.9999273968545599e-01 +9.9999273161224578e-01 +9.9999273953045875e-01 +9.9999276403107884e-01 +2.7286591358660118e-04 +2.4602577818831823e-04 +2.1943331605698278e-04 +1.9339696082019132e-04 +1.6822546431452258e-04
 13.00000000 +1.0000000000000437e+00 +1.9999976798972947e+00 +2.0903038186050713e-03 +9.9931347360027856e-01 +9.9999218330371076e-01 +9.9999219438766052e-01 +9.9999222378373542e-01 +9.9999227202226770e-01 +1.9227539669215696e-04 +1.6638103850896688e-04 +1.4185899266009355e-04 +1.1901235931284751e-04 +9.8125115392502506e-05
 13.50000000 +1.0000000000000449e+00 +1.9999974846718767e+00 +1.9723037989902536e-03 +9.9962584376529040e-01 +9.9999180837199986e-01 +9.9999183753031495e-01 +9.9999188669852579e-01 +9.9999195632383897e-01 +1.1817907992790550e-04 +9.7242306522500282e-05 +7.8708309249298647e-05 +6.2807507256443498e-05 +4.9730107300116654e-05
 14.00000000 +1.0000000000000471e+00 +1.9999972868193818e+00 +1.9072245970349552e-03 +9.9980901108897602e-01 +9.9999160439062029e-01 +9.9999164562383314e-01 +9.9999170785530522e-01 +9.9999179146524697e-01 +6.3874205495057946e-05 +5.1205894917593815e-05 +4.1652726305118147e-05 +3.5306387763099520e-05 +3.2200361773452724e-05
 14.50000000 +1.0000000000000493e+00 +1.9999970875506650e+00 +1.9062363783756420e-03 +9.9983139009477728e-01 +9.9999152554334947e-01 +9.9999156820230106e-01 +9.9999163223186938e-01 +9.9999171801216480e-01 +3.8825419081621987e-05 +3.6362514021318851e-05 +3.7221300915720755e-05 +4.1305528117360511e-05 +4.8451153648589370e-05
 15.00000000 +1.0000000000000497e+00 +1.9999968870170286e+00 +1.9680819146811039e-03 +9.9969240334381182e-01 +9.9999149782088348e-01 +9.9999152780643852e-01 +9.9999157921124637e-01 +9.9999165253690370e-01 +4.7024123441680830e-05 +5.4887803960049688e-05 +6.5667054529328583e-05 +7.9059968082310201e-05 +9.4700330954306276e-05
 15.50000000 +1.0000000000000520e+00 +1.9999966843058141e+00 +2.0795990415274374e-03 +9.9942188544897437e-01 +9.9999143186612283e-01 +9.9999143362921339e-01 +9.9999145700579939e-01 +9.9999150278797955e-01 +8.6377301037120446e-05 +1.0276071951993261e-04 +1.2104735014316538e-04 +1.4075350371823702e-04 +1.6135038775342303e-04
 16.00000000 +1.0000000000000551e+00 +1.9999964776365096e+00 +2.2185101637333159e-03 +9.9907372560277463e-01 +9.9999123926306610e-01 +9.9999119829423933e-01 +9.9999117986025188e-01 +9.9999118524077046e-01 +1.4921619483844719e-04 +1.7063907442592394e-04 +1.9247805117439433e-04 +2.1413546493525941e-04 +2.3500295379841858e-04
 16.50000000 +1.0000000000000562e+00 +1.9999962647155320e+00 +2.3578892194471264e-03 +9.9871509655238278e-01 +9.9999084924248882e-01 +9.9999075460816045e-01 +9.9999068475005293e-01 +9.9999064163086115e-01 +2.2380804127704931e-04 +2.4570436825185031e-04 +2.6629778560208390e-04 +2.8498114471450228e-04 +3.0118187648919088e-04
 17.00000000 +1.0000000000000584e+00 +1.9999960431788542e+00 +2.4714071523246812e-03 +9.9841342999748961e-01 +9.9999022260403103e-01 +9.9999006903293663e-01 +9.9998994428375754e-01 +9.9998985116081729e-01 +2.9657278944899407e-04 +3.1411076556299406e-04 +3.2871051102047243e-04 +3.3987976640835075e-04 +3.4720908881944780e-04
 17.50000000 +1.0000000000000584e+00 +1.9999958110365823e+00 +2.5383291915260795e-03 +9.9822367570610304e-01 +9.9998936010368977e-01 +9.9998914916980530e-01 +9.9998897316718072e-01 +9.9998883582966303e-01 +3.5458431297992677e-04 +3.6356830596200610e-04 +3.6839290935209161e-04 +3.6880108613185711e-04 +3.6465940942650472e-04
 18.00000000 +1.0000000000000613e+00 +1.9999955670355505e+00 +2.5473113973341387e-03 +9.9817826234209672e-01 +9.9998830355321622e-01 +9.9998804364000315e-01 +9.9998782677875164e-01 +9.9998765762569364e-01 +3.8789328962622670e-04 +3.8557620331309325e-04 +3.7857169658740610e-04 +3.6694749310501289e-04 +3.5091737791454088e-04
 18.50000000 +1.0000000000000622e+00 +1.9999953108736392e+00 +2.4983003973718938e-03 +9.9828159784062942e-01 +9.9998712923838207e-01 +9.9998683418309220e-01 +9.9998659191367334e-01 +9.9998640789923932e-01 +3.9125263047450716e-04 +3.7689901580990301e-04 +3.5818882422812760e-04 +3.3554934043772769e-04 +3.0954911434672713e-04
 19.00000000 +1.0000000000000655e+00 +1.9999950432295357e+00 +2.4022243883060823e-03 +9.9851003011517947e-01 +9.9998593472739061e-01 +9.9998562129569890e-01 +9.9998537128577469e-01 +9.9998519078249193e-01 +3.6494595937791829e-04 +3.4002987482648842e-04 +3.1195583224832613e-04 +2.8147535465670862e-04 +2.4944477268121006e-04
 19.50000000 +1.0000000000000666e+00 +1.9999947656074424e+00 +2.2785972769411326e-03 +9.9881712067972084e-01 +9.9998482142476430e-01 +9.9998450600707189e-01 +9.9998426462662737e-01 +9.9998410373711144e-01 +3.1459124888855606e-04 +2.8258052784288723e-04 +2.4931535741606019e-04 +2.1576380299582682e-04 +1.8293258789421751e-04
 20.00000000 +1.0000000000000679e+00 +1.9999944800314797e+00 +2.1515557450008053e-03 +9.9914307422022708e-01 +9.9998387607812123e-01 +9.9998357118026926e-01 +9.9998334993971749e-01 +9.9998321893898034e-01 +2.4998237282877940e-04 +2.1573978107818708e-04 +1.8253555068980601e-04 +1.5138731993803251e-04 +1.2326461849039851e-04
 20.50000000 +1.0000000000000713e+00 +1.9999941886517356e+00 +2.0451349352491473e-03 +9.9942640873063737e-01 +9.9998315469433408e-01 +9.9998286587681140e-01 +9.9998266850290640e-01 +9.9998256911791605e-01 +1.8320542996153776e-04 +1.5211191845746475e-04 +1.2432228247965816e-04 +1.0070500580165445e-04 +8.1988441049053983e-05
 21.00000000 +1.0000000000000717e+00 +1.9999938933389210e+00 +1.9787102921815401e-03 +9.9961558188927879e-01 +9.9998267191297963e-01 +9.9998239579117831e-01 +9.9998221654866060e-01 +9.9998214066578583e-01 +1.2639262734916949e-04 +1.0335373847544812e-04 +8.5415293593041556e-05 +7.3103831338741914e-05 +6.6727701719411554e-05
 21.50000000 +1.0000000000000748e+00 +1.9999935953442387e+00 +1.9634722515605137e-03 +9.9967836891400619e-01 +9.9998239789075050e-01 +9.9998212164502109e-01 +9.9998194530967255e-01 +9.9998187545848893e-01 +8.9532444555344017e-05 +7.8054613040964003e-05 +7.2624436045197631e-05 +7.3280562874219866e-05 +7.9798725918419394e-05
 22.00000000 +1.0000000000000755e+00 +1.9999932950863508e+00 +2.0005744532751051e-03 +9.9960728588675440e-01 +9.9998226335660245e-01 +9.9998196593974420e-01 +9.9998176953373807e-01 +9.9998168116862651e-01 +7.8732426767040589e-05 +8.0245891649173659e-05 +8.7665331189859861e-05 +1.0047809253770250e-04 +1.1791237276853570e-04
 22.50000000 +1.0000000000000775e+00 +1.9999929921013264e+00 +2.0812539894323125e-03 +9.9942016128279376e-01 +9.9998217196822525e-01 +9.9998182688532877e-01 +9.9998158295165429e-01 +9.9998144820149371e-01 +9.5236662914188489e-05 +1.0879737631454904e-04 +1.2699120487321512e-04 +1.4879556516591845e-04 +1.7298790162449329e-04
 23.00000000 +1.0000000000000784e+00 +1.9999926851594636e+00 +2.1888338971505655e-03 +9.9915591179209329e-01 +9.9998201772672934e-01 +9.9998159695629640e-01 +9.9998127783958324e-01 +9.9998107008979287e-01 +1.3535326010056124e-04 +1.5778569039483960e-04 +1.8262241344053662e-04 +2.0847974277803875e-04 +2.3388448918461289e-04
 23.50000000 +1.0000000000000819e+00 +1.9999923725212978e+00 +2.3021602923142086e-03 +9.9886648875110795e-01 +9.9998170425062882e-01 +9.9998118263656277e-01 +9.9998076501519417e-01 +9.9998046348893010e-01 +1.9127647915128998e-04 +2.1773592074894249e-04 +2.4378560930523978e-04 +2.6791757991723457e-04 +2.8868026886135010e-04
 24.00000000 +1.0000000000000826e+00 +1.9999920522797487e+00 +2.3997673156541935e-03 +9.9860665558699302e-01 +9.9998116235410961e-01 +9.9998052167515772e-01 +9.9997999050218289e-01 +9.9997958396351827e-01 +2.5262572248120700e-04 +2.7747863414380431e-04 +2.9902670053654786e-04 +3.1592285524466025e-04 +3.2703200604618574e-04
 24.50000000 +1.0000000000000846e+00 +1.9999917227212063e+00 +2.4639490255536564e-03 +9.9842360921947848e-01 +9.9998036268599877e-01 +9.9997959463172470e-01 +9.9997894571332280e-01 +9.9997843454099422e-01 +3.0839882007535927e-04 +3.2625832437426823e-04 +3.3838267389743810e-04 +3.4386582635179857e-04 +3.4214756420477166e-04
 25.00000000 +1.0000000000000859e+00 +1.9999913826369620e+00 +2.4839653105044796e-03 +9.9834841414335473e-01 +9.9997932110470245e-01 +9.9997842855716479e-01 +9.9997766922058062e-01 +9.9997706537926789e-01 +3.4897169450191491e-04 +3.5569466239980627e-04 +3.5519986491897921e-04 +3.4724011647688100e-04 +3.3199525706148903e-04
 25.50000000 +1.0000000000000879e+00 +1.9999910315286262e+00 +2.4578035940328101e-03 +9.9839079999854863e-01 +9.9997809581582442e-01 +9.9997709212732933e-01 +9.9997623976841787e-01 +9.9997556458751846e-01 +3.6778050837614598e-04 +3.6123871984200138e-04 +3.4726718934637940e-04 +3.2638363498059569e-04 +2.9953765025495996e-04
 26.00000000 +1.0000000000000897e+00 +1.9999906696729637e+00 +2.3922164911756158e-03 +9.9853817584900872e-01 +9.9997677682669817e-01 +9.9997568314541208e-01 +9.9997476183830825e-01 +9.9997404192486394e-01 +3.6239271003707109e-04 +3.4287242399788702e-04 +3.1707408946004796e-04 +2.8624376674476836e-04 +2.5197742591831181e-04
 26.50000000 +1.0000000000000915e+00 +1.9999902980396373e+00 +2.3010961375737851e-03 +9.9875888130215340e-01 +9.9997546968793327e-01 +9.9997431074842424e-01 +9.9997334647275060e-01 +9.9997260845533353e-01 +3.3479481318256731e-04 +3.0494878159493697e-04 +2.7117545242715625e-04 +2.3526578943105733e-04 +1.9919849722678450e-04
 27.00000000 +1.0000000000000933e+00 +1.9999899180830738e+00 +2.2025613665591810e-03 +9.9900889058931641e-01 +9.9997427653160587e-01 +9.9997307562731941e-01 +9.9997209094913453e-01 +9.9997135599918507e-01 +2.9087323039821833e-04 +2.5523345069037380e-04 +2.1881550920352510e-04 +1.8365019237760581e-04 +1.5173792123434658e-04
 27.50000000 +1.0000000000000941e+00 +1.9999895314525438e+00 +2.1153644957324380e-03 +9.9924056327484923e-01 +9.9997327788787593e-01 +9.9997205191811311e-01 +9.9997106109253719e-01 +9.9997034024597831e-01 +2.3921187492638888e-04 +2.0335408825020946e-04 +1.7009744477405856e-04 +1.4133760551916812e-04 +1.1870456764762757e-04
 28.00000000 +1.0000000000000959e+00 +1.9999891396781229e+00 +2.0553292654222838e-03 +9.9941170586072181e-01 +9.9997251858431135e-01 +9.9997127408251441e-01 +9.9997027949859041e-01 +9.9996957068304093e-01 +1.8944962557593205e-04 +1.5896595006694431e-04 +1.3406074377457527e-04 +1.1611936459850612e-04 +1.0605560728542435e-04
 28.50000000 +1.0000000000000977e+00 +1.9999887438922239e+00 +2.0324955081843675e-03 +9.9949322292082909e-01 +9.9997200024570088e-01 +9.9997073114150314e-01 +9.9996972180711641e-01 +9.9996900918543496e-01 +1.5051133887878754e-04 +1.2998306098556005e-04 +1.1703203154469269e-04 +1.1223243779551365e-04 +1.1555583070011188e-04
 29.00000000 +1.0000000000000995e+00 +1.9999883446372353e+00 +2.0494822949405486e-03 +9.9947397724585896e-01 +9.9997168167115669e-01 +9.9997036924024296e-01 +9.9996932164436658e-01 +9.9996857746531809e-01 +1.2903685532694766e-04 +1.2119862167297883e-04 +1.2154936015515827e-04 +1.2969014462210253e-04 +1.4459775177731005e-04
 29.50000000 +1.0000000000001021e+00 +1.9999879417913831e+00 +2.1013266096566899e-03 +9.9936206672308903e-01 +9.9997148690680770e-01 +9.9997010197262648e-01 +9.9996898322876326e-01 +9.9996817190783494e-01 +1.2828374757284546e-04 +1.3353354053909075e-04 +1.4603975572041047e-04 +1.6444829216826808e-04 +1.8688392538830523e-04
 30.00000000 +1.0000000000001037e+00 +1.9999875346213967e+00 +2.1767619819683223e-03 +9.9918243831492459e-01 +9.9997131943048290e-01 +9.9996982647108179e-01 +9.9996859921990588e-01 +9.9996768294639005e-01 +1.4768264927796481e-04 +1.6402621783554743e-04 +1.8528039110943885e-04 +2.0934127938455861e-04 +2.3380308012533224e-04
 30.50000000 +1.0000000000001055e+00 +1.9999871219463961e+00 +2.2606288555617046e-03 +9.9897145518513375e-01 +9.9997107977787814e-01 +9.9996944223586193e-01 +9.9996807044749758e-01 +9.9996701531065546e-01 +1.8309851824356907e-04 +2.0653504569428827e-04 +2.3152458137825095e-04 +2.5557696272694453e-04 +2.7620193545689831e-04
 31.00000000 +1.0000000000001070e+00 +1.9999867023772508e+00 +2.3369072257765360e-03 +9.9876958002402538e-01 +9.9997068336291606e-01 +9.9996886922385464e-01 +9.9996732385633669e-01 +9.9996610536443853e-01 +2.2772119355744195e-04 +2.5299455749315845e-04 +2.7605326631778630e-04 +2.9448013929295468e-04 +3.0618901230208384e-04
 31.50000000 +1.0000000000001079e+00 +1.9999862745832846e+00 +2.3917675575433088e-03 +9.9861363868712227e-01 +9.9997007527453530e-01 +9.9996806191438781e-01 +9.9996632539214014e-01 +9.9996493234969508e-01 +2.7339799702218393e-04 +2.9497059748391800e-04 +3.1084246151551176e-04 +3.1913963999357817e-04 +3.1861568664400615e-04
 32.00000000 +1.0000000000001104e+00 +1.9999858375353128e+00 +2.4160613049459614e-03 +9.9853013766574161e-01 +9.9996923944958871e-01 +9.9996701686933198e-01 +9.9996508554567853e-01 +9.9996352154252965e-01 +3.1214924144789207e-04 +3.2521558717097407e-04 +3.3002853053745300e-04 +3.2564729538308137e-04 +3.1195827314131315e-04
 32.50000000 +1.0000000000001126e+00 +1.9999853906808942e+00 +2.4068069154408226e-03 +9.9853083880649263e-01 +9.9996820069993453e-01 +9.9996577254626373e-01 +9.9996365667236864e-01 +9.9996193887183926e-01 +3.3758576744131276e-04 +3.3893796915286022e-04 +3.3090505132262805e-04 +3.1370907287698181e-04 +2.8845454286957731e-04
 33.00000000 +1.0000000000001137e+00 +1.9999849340225264e+00 +2.3674399229600767e-03 +9.9861131001415882e-01 +9.9996701940199650e-01 +9.9996440156673694e-01 +9.9996212274096241e-01 +9.9996027815274313e-01 +3.4597779484573781e-04 +3.3456528758140616e-04 +3.1428502419631268e-04 +2.8653909696463721e-04 +2.5350092038315026e-04
 33.50000000 +1.0000000000001155e+00 +1.9999844680891234e+00 +2.3068420158614748e-03 +9.9875257409126883e-01 +9.9996577998852909e-01 +9.9996299701485547e-01 +9.9996058354802764e-01 +9.9995864344139529e-01 +3.3679864087231889e-04 +3.1388364097274926e-04 +2.8418910280904650e-04 +2.5008910222497084e-04 +2.1446142962216040e-04
 34.00000000 +1.0000000000001170e+00 +1.9999839938114712e+00 +2.2373949802362600e-03 +9.9892538829419142e-01 +9.9996457547111417e-01 +9.9996165539209381e-01 +9.9995913640967249e-01 +9.9995712987487972e-01 +3.1266971645537524e-04 +2.8155652587757388e-04 +2.4694914230782286e-04 +2.1179116558436107e-04 +1.7914800840809341e-04
 34.50000000 +1.0000000000001190e+00 +1.9999835123298018e+00 +2.1724777436527161e-03 +9.9909621617184396e-01 +9.9996349087553438e-01 +9.9996045939675382e-01 +9.9995785873610465e-01 +9.9995580656882066e-01 +2.7874464668477538e-04 +2.4414027033096608e-04 +2.0992220088711239e-04 +1.7907683343591354e-04 +1.5428430019861838e-04
 35.00000000 +1.0000000000001210e+00 +1.9999830247727848e+00 +2.1239084591476798e-03 +9.9923368402908685e-01 +9.9996258858374087e-01 +9.9995946364394062e-01 +9.9995679464885456e-01 +9.9995470468156744e-01 +2.4166971618722540e-04 +2.0880043192438887e-04 +1.8007420984822721e-04 +1.5796636596595364e-04 +1.4425368948765531e-04
 35.50000000 +1.0000000000001228e+00 +1.9999825320504832e+00 +2.0998173242709529e-03 +9.9931428738246009e-01 +9.9996189814189795e-01 +9.9995868582074943e-01 +9.9995594797699883e-01 +9.9995381272059047e-01 +2.0832763830712126e-04 +1.8197881450559365e-04 +1.6270467876136542e-04 +1.5199441910831711e-04 +1.5036240723553584e-04
 36.00000000 +1.0000000000001243e+00 +1.9999820346989654e+00 +2.1033280543787110e-03 +9.9932632025811874e-01 +9.9996141221012602e-01 +9.9995810471219271e-01 +9.9995528273596290e-01 +9.9995307977222547e-01 +1.8460063422536153e-04 +1.6825775443234385e-04 +1.6054420916830999e-04 +1.6166113485247677e-04 +1.7073657931695208e-04
 36.50000000 +1.0000000000001259e+00 +1.9999815328025139e+00 +2.1322521514465240e-03 +9.9927139014198008e-01 +9.9996108917194404e-01 +9.9995766524416241e-01 +9.9995473079070474e-01 +9.9995242585107813e-01 +1.7437371340885726e-04 +1.6961994610132652e-04 +1.7337525126987326e-04 +1.8448766655963051e-04 +2.0084222342130469e-04
 37.00000000 +1.0000000000001281e+00 +1.9999810260036199e+00 +2.1797971163935743e-03 +9.9916336998621191e-01 +9.9996086170964105e-01 +9.9995728941421191e-01 +9.9995420509901856e-01 +9.9995175727071539e-01 +1.7894478821723676e-04 +1.8521951521777180e-04 +1.9822088506025497e-04 +2.1563544759086362e-04 +2.3449588475549623e-04
 37.50000000 +1.0000000000001299e+00 +1.9999805135938831e+00 +2.2360978936959617e-03 +9.9902512795074361e-01 +9.9996064960803632e-01 +9.9995689095266893e-01 +9.9995361595936294e-01 +9.9995098406953020e-01 +1.9692663525648491e-04 +2.1168029926103377e-04 +2.3003761899039195e-04 +2.4894260124227064e-04 +2.6514430555651421e-04
 38.00000000 +1.0000000000001310e+00 +1.9999799946644232e+00 +2.2902360664518468e-03 +9.9888377292358543e-01 +9.9996037435638307e-01 +9.9995639095541178e-01 +9.9995288722009146e-01 +9.9995003623439360e-01 +2.2463291762266465e-04 +2.4383968504291414e-04 +2.6275698249795133e-04 +2.7815851319245791e-04 +2.8715021243365315e-04
 38.50000000 +1.0000000000001334e+00 +1.9999794682845051e+00 +2.3323385360286475e-03 +9.9876538944554660e-01 +9.9995997288892979e-01 +9.9995573165078766e-01 +9.9995196951329846e-01 +9.9994887578659764e-01 +2.5685389175463940e-04 +2.7577882444304119e-04 +2.9046336408348106e-04 +2.9813097858215093e-04 +2.9683365664230285e-04
 39.00000000 +1.0000000000001346e+00 +1.9999789336736435e+00 +2.3553563154300851e-03 +9.9869027431988333e-01 +9.9995940806232131e-01 +9.9995488590217319e-01 +9.9995084821782199e-01 +9.9994750265023613e-01 +2.8786239407693515e-04 +3.0193588621823890e-04 +3.0848117067963307e-04 +3.0572224793141159e-04 +2.9307914933019428e-04
 39.50000000 +1.0000000000001357e+00 +1.9999783903357999e+00 +2.3562081491021545e-03 +9.9866953317915264e-01 +9.9995867414656758e-01 +9.9995386090532823e-01 +9.9994954489551946e-01 +9.9994595343576087e-01 +3.1245786342797569e-04 +3.1809460278483110e-04 +3.1417340752086726e-04 +3.0029396159939953e-04 +2.7741360301802620e-04
 40.00000000 +1.0000000000001388e+00 +1.9999778381331070e+00 +2.3361124692377550e-03 +9.9870358914837298e-01 +9.9995779656588013e-01 +9.9995269564355926e-01 +9.9994811217699886e-01 +9.9994429360322912e-01 +3.2685972012073467e-04 +3.2207442253653386e-04 +3.0731841462006859e-04 +2.8369190683790146e-04 +2.5356839853684732e-04
 40.50000000 +1.0000000000001397e+00 +1.9999772772892284e+00 +2.3000950123365890e-03 +9.9878276441982039e-01 +9.9995682618133908e-01 +9.9995145280317133e-01 +9.9994662326402994e-01 +9.9994260466923346e-01 +3.2929877049412489e-04 +3.1401271336450919e-04 +2.9001764306425202e-04 +2.5976079016926335e-04 +2.2663874601152565e-04
 41.00000000 +1.0000000000001408e+00 +1.9999767083260387e+00 +2.2558155808496197e-03 +9.9888969804344607e-01 +9.9995582936473670e-01 +9.9995020681801927e-01 +9.9994515814838436e-01 +9.9994096897063700e-01 +3.2021783064158029e-04 +2.9621019986991254e-04 +2.6617761014599697e-04 +2.3350725271894130e-04 +2.0202576210465046e-04
 41.50000000 +1.0000000000001421e+00 +1.9999761319495095e+00 +2.2119767446867372e-03 +9.9900303485130226e-01 +9.9995487580407583e-01 +9.9994903033669513e-01 +9.9994378915991966e-01 +9.9993945485250113e-01 +3.0206777013059351e-04 +2.7259234599240242e-04 +2.4068631886881473e-04 +2.1008986954249132e-04 +1.8437869168359456e-04
 42.00000000 +1.0000000000001452e+00 +1.9999755489090425e+00 +2.1766393853049136e-03 +9.9910161871601699e-01 +9.9995402629419772e-01 +9.9994798159029330e-01 +9.9994256847300567e-01 +9.9993810496028979e-01 +2.7875842170662230e-04 +2.4790664563508489e-04 +2.1845468414735011e-04 +1.9383778240786347e-04 +1.7674243302574869e-04
 42.50000000 +1.0000000000001461e+00 +1.9999749598578935e+00 +2.1557667280903978e-03 +9.9916837824844507e-01 +9.9995332266216486e-01 +9.9994709486847222e-01 +9.9994151973727374e-01 +9.9993692964320335e-01 +2.5488217051836939e-04 +2.2681718017239242e-04 +2.0350894980309772e-04 +1.8748265067481486e-04 +1.8006389000411639e-04
 43.00000000 +1.0000000000001488e+00 +1.9999743652403117e+00 +2.1522546990296616e-03 +9.9919320300628456e-01 +9.9995278149523159e-01 +9.9994637565606437e-01 +9.9994063516122200e-01 +9.9993590646043118e-01 +2.3486185866046871e-04 +2.1306721020399359e-04 +1.9829980443050599e-04 +1.9173730779134846e-04 +1.9313204042390716e-04
 43.50000000 +1.0000000000001492e+00 +1.9999737652244607e+00 +2.1655981115493717e-03 +9.9917434255708248e-01 +9.9995239258417135e-01 +9.9994580107795406e-01 +9.9993987833445264e-01 +9.9993498562661665e-01 +2.2217925476583273e-04 +2.0885812190114337e-04 +2.0334379584349330e-04 +2.0528071145871089e-04 +2.1293793650110842e-04
 44.00000000 +1.0000000000001519e+00 +1.9999731596903818e+00 +2.1922127962284280e-03 +9.9911816709853085e-01 +9.9995212211555140e-01 +9.9994532532173008e-01 +9.9993919202609183e-01 +9.9993410015624962e-01 +2.1881663875027320e-04 +2.1454475256592849e-04 +2.1724386702056135e-04 +2.2512794168241758e-04 +2.3536008258662525e-04
 44.50000000 +1.0000000000001534e+00 +1.9999725482715749e+00 +2.2263092414661909e-03 +9.9903744441936648e-01 +9.9995191980656717e-01 +9.9994488883561639e-01 +9.9993850933433304e-01 +9.9993317866385689e-01 +2.2499799888992734e-04 +2.2868339613362263e-04 +2.3706241061358132e-04 +2.4729203856816193e-04 +2.5602309682181996e-04
 45.00000000 +1.0000000000001548e+00 +1.9999719304388441e+00 +2.2611168715242279e-03 +9.9894855376184521e-01 +9.9995172852357761e-01 +9.9994442948588025e-01 +9.9993776603408790e-01 +9.9993215838386207e-01 +2.3925757257923009e-04 +2.4840227756522070e-04 +2.5895621844641018e-04 +2.6759462969217358e-04 +2.7115311323871674e-04
 45.50000000 +1.0000000000001577e+00 +1.9999713056081521e+00 +2.2902060877779476e-03 +9.9886822614782333e-01 +9.9995149456658683e-01 +9.9994389360047065e-01 +9.9993691185639533e-01 +9.9993099604440960e-01 +2.5880333237373216e-04 +2.7000737135498767e-04 +2.7893951885062525e-04 +2.8246277241936087e-04 +2.7826479010285805e-04
 46.00000000 +1.0000000000001594e+00 +1.9999706732509992e+00 +2.3086544165484011e-03 +9.9881044790350693e-01 +9.9995117678481527e-01 +9.9994324495256970e-01 +9.9993591873538445e-01 +9.9992967472920236e-01 +2.8009242117698859e-04 +2.8969897956388093e-04 +2.9362575913329512e-04 +2.8956210344295244e-04 +2.7655763200017748e-04
 46.50000000 +1.0000000000001601e+00 +1.9999700329868599e+00 +2.3138501259953466e-03 +9.9878408909362004e-01 +9.9995075299697878e-01 +9.9994247020593585e-01 +9.9993478470068642e-01 +9.9992820567842633e-01 +2.9950297196996013e-04 +3.0426213895299724e-04 +3.0081209307572477e-04 +2.8815682538432900e-04 +2.6696329577079349e-04
 47.00000000 +1.0000000000001632e+00 +1.9999693846420064e+00 +2.3058092474246075e-03 +9.9879164401567744e-01 +9.9995022275063472e-01 +9.9994158005112088e-01 +9.9993353294158105e-01 +9.9992662494890960e-01 +3.1397691914698865e-04 +3.1160737593283503e-04 +2.9980837005650984e-04 +2.7914579699093512e-04 +2.5185683076385073e-04
 47.50000000 +1.0000000000001636e+00 +1.9999687282663732e+00 +2.2869819397601013e-03 +9.9882923659407696e-01 +9.9994960615362261e-01 +9.9994060606801605e-01 +9.9993220645940528e-01 +9.9992498578979860e-01 +3.2152163255608099e-04 +3.1107346350515308e-04 +2.9146615341723014e-04 +2.6478864806253090e-04 +2.3450903835809268e-04
 48.00000000 +1.0000000000001656e+00 +1.9999680641083688e+00 +2.2616214404274308e-03 +9.9888779762472091e-01 +9.9994893921513450e-01 +9.9993959410554190e-01 +9.9993085949335569e-01 +9.9992334832327467e-01 +3.2149062104652374e-04 +3.0345282286475291e-04 +2.7792185054043548e-04 +2.4819368868280134e-04 +2.1840225566657897e-04
 48.50000000 +1.0000000000001674e+00 +1.9999673925553616e+00 +2.2348652906797814e-03 +9.9895511021554417e-01 +9.9994826671871895e-01 +9.9993859554110665e-01 +9.9992954741887896e-01 +9.9992176852633174e-01 +3.1460809446124462e-04 +2.9075318226236485e-04 +2.6212015655883373e-04 +2.3267982610136758e-04 +2.0655032087427795e-04
 49.00000000 +1.0000000000001690e+00 +1.9999667140532655e+00 +2.2117212266422417e-03 +9.9901828125130077e-01 +9.9994763401859565e-01 +9.9993765807909052e-01 +9.9992831699855278e-01 +9.9992028853206583e-01 +3.0275005820784763e-04 +2.7575610109072964e-04 +2.4722038168447101e-04 +2.2114116693321313e-04 +2.0095341332308978e-04
 49.50000000 +1.0000000000001703e+00 +1.9999660290215191e+00 +2.1961535460662119e-03 +9.9906615082860517e-01 +9.9994707925173909e-01 +9.9993681773178333e-01 +9.9992719869801094e-01 +9.9991892992336406e-01 +2.8853704113492625e-04 +2.6146578837244920e-04 +2.3600310104343500e-04 +2.1553391440486526e-04 +2.0228372239365083e-04
 50.00000000 +1.0000000000001721e+00 +1.9999653377793312e+00 +2.1904321977558264e-03 +9.9909119998552476e-01 +9.9994662729066097e-01 +9.9993609331948641e-01 +9.9992620231418750e-01 +9.9991769106120898e-01 +2.7482329528556103e-04 +2.5055524235018182e-04 +2.3038659953346794e-04 +2.1657400383043050e-04 +2.0984688879300244e-04
 50.50000000 +1.0000000000001747e+00 +1.9999646404958302e+00 +2.1948454171930175e-03 +9.9909064351022259e-01 +9.9994628637238514e-01 +9.9993548430111301e-01 +9.9992531650068806e-01 +9.9991654870469115e-01 +2.6417989471544802e-04 +2.4490992980288949e-04 +2.3113481276390861e-04 +2.2368808110325976e-04 +2.2180789338794278e-04
 51.00000000 +1.0000000000001759e+00 +1.9999639371713784e+00 +2.2078011387995826e-03 +9.9906656957104112e-01 +9.9994604781111363e-01 +9.9993497210963200e-01 +9.9992451204637567e-01 +9.9991546339179049e-01 +2.5846352441866692e-04 +2.4534465008340420e-04 +2.3779741925638304e-04 +2.3520964381887392e-04 +2.3561983334981413e-04
 51.50000000 +1.0000000000001774e+00 +1.9999632276510153e+00 +2.2262679649800699e-03 +9.9902517497261423e-01 +9.9994588863784550e-01 +9.9993452453866638e-01 +9.9992374810344442e-01 +9.9991438740278038e-01 +2.5854115953946252e-04 +2.5153260332070162e-04 +2.4887698356565414e-04 +2.4876643486208204e-04 +2.4855916424965221e-04
 52.00000000 +1.0000000000001796e+00 +1.9999625116650879e+00 +2.2464470698275256e-03 +9.9897530818042646e-01 +9.9994577651154914e-01 +9.9993410221858459e-01 +9.9992298008483538e-01 +9.9991327373127914e-01 +2.6420826346494695e-04 +2.6214452808391770e-04 +2.6217643541114760e-04 +2.6177284795039156e-04 +2.5825719931248277e-04
 52.50000000 +1.0000000000001810e+00 +1.9999617888874504e+00 +2.2645320343049769e-03 +9.9892664329736025e-01 +9.9994567589678918e-01 +9.9993366591525079e-01 +9.9992216773245990e-01 +9.9991208439915835e-01 +2.7430117371058960e-04 +2.7515791470068260e-04 +2.7525015247328248e-04 +2.7192737783096740e-04 +2.6312614117110169e-04
 53.00000000 +1.0000000000001827e+00 +1.9999610589992509e+00 +2.2774087128555089e-03 +9.9888785039990735e-01 +9.9994555435300825e-01 +9.9993318332312775e-01 +9.9992128192040786e-01 +9.9991079666843097e-01 +2.8696990701438828e-04 +2.8826840205930582e-04 +2.8586825649950338e-04 +2.7762131413108581e-04 +2.6260545632834594e-04
 53.50000000 +1.0000000000001845e+00 +1.9999603217462043e+00 +2.2831703666428781e-03 +9.9886509872114504e-01 +9.9994538784317566e-01 +9.9993263420149026e-01 +9.9992030907237650e-01 +9.9990940616826951e-01 +3.0005166229748413e-04 +2.9932189491107462e-04 +2.9240780179624020e-04 +2.7818834410430051e-04 +2.5719429135683404e-04
 54.00000000 +1.0000000000001863e+00 +1.9999595769794964e+00 +2.2813678503162257e-03 +9.9886114026030071e-01 +9.9994516421813207e-01 +9.9993201307062751e-01 +9.9991925256733671e-01 +9.9990792656891991e-01 +3.1147184376660966e-04 +3.0668812788281475e-04 +2.9410429377506537e-04 +2.7395979437120699e-04 +2.4827925581926807e-04
 54.50000000 +1.0000000000001885e+00 +1.9999588246741631e+00 +2.2729704993892453e-03 +9.9887509395739393e-01 +9.9994488441041374e-01 +9.9993132916587868e-01 +9.9991813108165462e-01 +9.9990638607611160e-01 +3.1959994880473638e-04 +3.0951280058551939e-04 +2.9112760730308479e-04 +2.6612941032917557e-04 +2.3780554246679249e-04
 55.00000000 +1.0000000000001894e+00 +1.9999580649235549e+00 +2.2600691312387156e-03 +9.9890291147489751e-01 +9.9994456130218012e-01 +9.9993060384815824e-01 +9.9991697436165661e-01 +9.9990482157173355e-01 +3.2350103956061788e-04 +3.0781198427375355e-04 +2.8448139164169141e-04 +2.5646711817374707e-04 +2.2786590867228127e-04
 55.50000000 +1.0000000000001918e+00 +1.9999572979128295e+00 +2.2453978082449151e-03 +9.9893838169376470e-01 +9.9994421663653676e-01 +9.9992986610037682e-01 +9.9991581734212442e-01 +9.9990327159486503e-01 +3.2304640322484084e-04 +3.0240366559935392e-04 +2.7575762637791114e-04 +2.4694667293195544e-04 +2.2029226515730065e-04
 56.00000000 +1.0000000000001934e+00 +1.9999565238781349e+00 +2.2317781368741195e-03 +9.9897444399532476e-01 +9.9994387665137752e-01 +9.9992914702861535e-01 +9.9991469375657116e-01 +9.9990176948706144e-01 +3.1887461548394324e-04 +2.9470104024290024e-04 +2.6680227126475622e-04 +2.3936340102737605e-04 +2.1632775399981470e-04
 56.50000000 +1.0000000000001947e+00 +1.9999557430600670e+00 +2.2215953571557085e-03 +9.9900454327939070e-01 +9.9994356728295797e-01 +9.9992847439425825e-01 +9.9991363039636694e-01 +9.9990033790936828e-01 +3.1222128573278298e-04 +2.8641520450284780e-04 +2.5936005919997748e-04 +2.3501432686790977e-04 +2.1643586232945384e-04
 57.00000000 +1.0000000000001970e+00 +1.9999549556603609e+00 +2.2164001459134188e-03 +9.9902377506472473e-01 +9.9994330979445134e-01 +9.9992786812275725e-01 +9.9991264298087701e-01 +9.9989898561309687e-01 +3.0465751259997571e-04 +2.7922754896955607e-04 +2.5476510138181950e-04 +2.3449573064456626e-04 +2.2027253148256990e-04
 57.50000000 +1.0000000000001985e+00 +1.9999541618094301e+00 +2.2166985817470568e-03 +9.9902962952867014e-01 +9.9994311754393261e-01 +9.9992733749444940e-01 +9.9991173424908686e-01 +9.9989770688480439e-01 +2.9779006104433471e-04 +2.7449294014586284e-04 +2.5373040063362548e-04 +2.3764690216648753e-04 +2.2681399606045151e-04
 58.00000000 +1.0000000000002005e+00 +1.9999533615495886e+00 +2.2219523899318044e-03 +9.9902223381360977e-01 +9.9994299435304879e-01 +9.9992688037712596e-01 +9.9991089444842196e-01 +9.9989648358051841e-01 +2.9297886597551628e-04 +2.7302446535997893e-04 +2.5626706174178407e-04 +2.4363919954815060e-04 +2.3460383565414492e-04
 58.50000000 +1.0000000000002027e+00 +1.9999525548357135e+00 +2.2307707107595402e-03 +9.9900409296204984e-01 +9.9994293462507877e-01 +9.9992648447760279e-01 +9.9991010396188174e-01 +9.9989528920897175e-01 +2.9112002842918800e-04 +2.7499185202600914e-04 +2.6173775677161982e-04 +2.5118235584283759e-04 +2.4206277235908888e-04
 59.00000000 +1.0000000000002038e+00 +1.9999517415515913e+00 +2.2412408906877530e-03 +9.9897942179774502e-01 +9.9994292504852234e-01 +9.9992613024051724e-01 +9.9990933745754229e-01 +9.9989409419693487e-01 +2.9252711342156863e-04 +2.7994269519626322e-04 +2.6902400826929419e-04 +2.5880023222309172e-04 +2.4779721064844445e-04
 59.50000000 +1.0000000000002045e+00 +1.9999509215375995e+00 +2.2513248354913392e-03 +9.9895322674838316e-01 +9.9994294746395351e-01 +9.9992579476553289e-01 +9.9990856872255440e-01 +9.9989287132107696e-01 +2.9692363879891122e-04 +2.8693284026596867e-04 +2.7676761439482899e-04 +2.6511902774532516e-04 +2.5084785831968541e-04
 60.00000000 +1.0000000000002072e+00 +1.9999500946236894e+00 +2.2592420388109690e-03 +9.9893032796256021e-01 +9.9994298230800671e-01 +9.9992545598708182e-01 +9.9990777528628916e-01 +9.9989160033422830e-01 +3.0353905849997306e-04 +2.9473377747231313e-04 +2.8363614843508105e-04 +2.6911320952498408e-04 +2.5083592893951763e-04
 60.50000000 +1.0000000000002089e+00 +1.9999492606612210e+00 +2.2637701015898676e-03 +9.9891450553706818e-01 +9.9994301199936930e-01 +9.9992509637549065e-01 +9.9990694204205743e-01 +9.9989027102762640e-01 +3.1128299088084620e-04 +3.0207370599806256e-04 +2.8856212289681411e-04 +2.7026677409846124e-04 +2.4798742555978427e-04
 61.00000000 +1.0000000000002105e+00 +1.9999484195479837e+00 +2.2644151895302783e-03 +9.9890791393359224e-01 +9.9994302369625188e-01 +9.9992470556101820e-01 +9.9990606331289134e-01 +9.9988888430400569e-01 +3.1896078099550256e-04 +3.0786644552131148e-04 +2.9091435864448653e-04 +2.6862674343934302e-04 +2.4304086469442162e-04
 61.50000000 +1.0000000000002114e+00 +1.9999475712425554e+00 +2.2614333044882447e-03 +9.9891084614321257e-01 +9.9994301101181216e-01 +9.9992428151739832e-01 +9.9990514312224310e-01 +9.9988745122058464e-01 +3.2548929123825827e-04 +3.1138834123174117e-04 +2.9057592770130917e-04 +2.6474783583045635e-04 +2.3706558980866635e-04
 62.00000000 +1.0000000000002138e+00 +1.9999467157663839e+00 +2.2557125480872054e-03 +9.9892185752070839e-01 +9.9994297448833613e-01 +9.9992383022044495e-01 +9.9990419376329509e-01 +9.9988599032366454e-01 +3.3007520757917270e-04 +3.1237594555592554e-04 +2.8792225726641555e-04 +2.5954765986435592e-04 +2.3123261435785940e-04
 62.50000000 +1.0000000000002158e+00 +1.9999458531943817e+00 +2.2485512021052038e-03 +9.9893819252973626e-01 +9.9994292086038616e-01 +9.9992336396761294e-01 +9.9990323305054507e-01 +9.9988452387436622e-01 +3.3232789292296229e-04 +3.1103372790545786e-04 +2.8371176907999085e-04 +2.5410685804698967e-04 +2.2658547048017854e-04
 63.00000000 +1.0000000000002178e+00 +1.9999449836368599e+00 +2.2413823039092585e-03 +9.9895640773464223e-01 +9.9994286134077248e-01 +9.9992289875974383e-01 +9.9990228083681276e-01 +9.9988307371501695e-01 +3.3229265735584986e-04 +3.0795807017630243e-04 +2.7891636066457729e-04 +2.4945598955335326e-04 +2.2385453635232849e-04
 63.50000000 +1.0000000000002189e+00 +1.9999441072168469e+00 +2.2355003553040779e-03 +9.9897305883054677e-01 +9.9994280930825807e-01 +9.9992245127370605e-01 +9.9990135545978243e-01 +9.9988165753082081e-01 +3.3040545629022981e-04 +3.0399824011319418e-04 +2.7452769307280655e-04 +2.4638986052586233e-04 +2.2334634797972384e-04
 64.00000000 +1.0000000000002212e+00 +1.9999432240473562e+00 +2.2318400018674512e-03 +9.9898532066974388e-01 +9.9994277784283536e-01 +9.9992203597954865e-01 +9.9990047074021460e-01 +9.9988028613238344e-01 +3.2738368928793456e-04 +3.0008451776746074e-04 +2.7137657820162258e-04 +2.4534140891375534e-04 +2.2492244221051250e-04
 64.50000000 +1.0000000000002225e+00 +1.9999423342126794e+00 +2.2308420816992591e-03 +9.9899143430256487e-01 +9.9994277753887828e-01 +9.9992166288279438e-01 +9.9989963400640269e-01 +9.9987896215480865e-01 +3.2407767427125312e-04 +2.9705690269560839e-04 +2.6999714506011356e-04 +2.4633338992678330e-04 +2.2806400371177762e-04
 65.00000000 +1.0000000000002245e+00 +1.9999414377566993e+00 +2.2324228924898008e-03 +9.9899091704927989e-01 +9.9994281493895631e-01 +9.9992133622281609e-01 +9.9989884540121754e-01 +9.9987768028766155e-01 +3.2131209701283459e-04 +2.9552480825342981e-04 +2.7055654250530156e-04 +2.4901004257532334e-04 +2.3200261084596130e-04
 65.50000000 +1.0000000000002269e+00 +1.9999405346795833e+00 +2.2360419925375186e-03 +9.9898452115900416e-01 +9.9994289179333617e-01 +9.9992105426462707e-01 +9.9989809848334776e-01 +9.9987642887114070e-01 +3.1974590670241044e-04 +2.9577994749522955e-04 +2.7285717521432687e-04 +2.5273585062297632e-04 +2.3588654964476957e-04
 66.00000000 +1.0000000000002285e+00 +1.9999396249426520e+00 +2.2408462357588203e-03 +9.9897397383772113e-01 +9.9994300519073465e-01 +9.9992081012156675e-01 +9.9989738190846689e-01 +9.9987519246688683e-01 +3.1977338218897565e-04 +2.9777316413592472e-04 +2.7640464489363909e-04 +2.5673717659203949e-04 +2.3894810795684618e-04
 66.50000000 +1.0000000000002294e+00 +1.9999387084796891e+00 +2.2458560103039665e-03 +9.9896156790012292e-01 +9.9994314845407173e-01 +9.9992059337525951e-01 +9.9989668180696989e-01 +9.9987395487284214e-01 +3.2147987896430141e-04 +3.0115360740308765e-04 +2.8052322057476713e-04 +2.6025673598962672e-04 +2.4064014895128257e-04
 67.00000000 +1.0000000000002316e+00 +1.9999377852120332e+00 +2.2501553792004395e-03 +9.9894969241403664e-01 +9.9994331257603941e-01 +9.9992039214407402e-01 +9.9989598438736560e-01 +9.9987270201789302e-01 +3.2465501513932233e-04 +3.0535768997686533e-04 +2.8449364846475588e-04 +2.6269118462173203e-04 +2.4071892354842527e-04
 67.50000000 +1.0000000000002325e+00 +1.9999368550643379e+00 +2.2530510378981575e-03 +9.9894039444153460e-01 +9.9994348790039789e-01 +9.9992019520675546e-01 +9.9989527829659341e-01 +9.9987142424074382e-01 +3.2885579347051533e-04 +3.0972754378126859e-04 +2.8768632723827597e-04 +2.6368790734249554e-04 +2.3926234330691037e-04
 68.00000000 +1.0000000000002338e+00 +1.9999359179781226e+00 +2.2541743431767074e-03 +9.9893504790936505e-01 +9.9994366574278326e-01 +9.9991999381514396e-01 +9.9989455635216540e-01 +9.9987011760773858e-01 +3.3350414296974762e-04 +3.1363528999288370e-04 +2.8966617110318441e-04 +2.6318683597183993e-04 +2.3662613394081098e-04
 68.50000000 +1.0000000000002351e+00 +1.9999349739208867e+00 +2.2535137709698496e-03 +9.9893417826632702e-01 +9.9994383968576950e-01 +9.9991978291740091e-01 +9.9989381640409281e-01 +9.9986878412246138e-01 +3.3799879794884719e-04 +3.1659058017608909e-04 +2.9025279303308930e-04 +2.6140461046644429e-04 +2.3335182350512192e-04
 69.00000000 +1.0000000000002374e+00 +1.9999340228896756e+00 +2.2513792153639289e-03 +9.9893745820496738e-01 +9.9994400636475544e-01 +9.9991956164022777e-01 +9.9989306125692901e-01 +9.9986743088689156e-01 +3.4182079690803409e-04 +3.1831392219278072e-04 +2.8952925825434652e-04 +2.5876932627538697e-04 +2.3004834379001737e-04
 69.50000000 +1.0000000000002385e+00 +1.9999330649089710e+00 +2.2483118539635039e-03 +9.9894385708128020e-01 +9.9994416566559330e-01 +9.9991933301935532e-01 +9.9989229775089128e-01 +9.9986606845210857e-01 +3.4461492442940036e-04 +3.1876600878255531e-04 +2.8780261199484866e-04 +2.5582249502853884e-04 +2.2727199173384126e-04
 70.00000000 +1.0000000000002403e+00 +1.9999321000239785e+00 +2.2449617898481003e-03 +9.9895190065344963e-01 +9.9994432036191927e-01 +9.9991910309667265e-01 +9.9989153523715368e-01 +9.9986470871726396e-01 +3.4623525931846386e-04 +3.1813199278500723e-04 +2.8552782632855890e-04 +2.5310935927827304e-04 +2.2542749703544047e-04
 70.50000000 +1.0000000000002425e+00 +1.9999311282909102e+00 +2.2419591821036208e-03 +9.9895998242782125e-01 +9.9994447531116193e-01 +9.9991887959854708e-01 +9.9989078376503926e-01 +9.9986336278245569e-01 +3.4675034527248069e-04 +3.1676774463317237e-04 +2.8321234015158114e-04 +2.5107886710366899e-04 +2.2470681903074774e-04
 71.00000000 +1.0000000000002451e+00 +1.9999301497664057e+00 +2.2398029860767128e-03 +9.9896666490148445e-01 +9.9994463638966613e-01 +9.9991867045997351e-01 +9.9989005231881478e-01 +9.9986203913269522e-01 +3.4641093611091075e-04 +3.1512119931372174e-04 +2.8132025070394171e-04 +2.5001080905982353e-04 +2.2507360340517655e-04
 71.50000000 +1.0000000000002465e+00 +1.9999291644980250e+00 +2.2387855854611154e-03 +9.9897091753813561e-01 +9.9994480937183750e-01 +9.9991848245910819e-01 +9.9988934740139523e-01 +9.9986074243816259e-01 +3.4558947781676780e-04 +3.1364505999516550e-04 +2.8019345822888027e-04 +2.4998093353139440e-04 +2.2629186302278309e-04
 72.00000000 +1.0000000000002482e+00 +1.9999281725174027e+00 +2.2389630489509415e-03 +9.9897225558763592e-01 +9.9994499894558986e-01 +9.9991832018151394e-01 +9.9988867217431410e-01 +9.9985947312236312e-01 +3.4470450678743378e-04 +3.1271708969224404e-04 +2.8000233663634928e-04 +2.5086680683916816e-04 +2.2798924987228562e-04
 72.50000000 +1.0000000000002507e+00 +1.9999271738369946e+00 +2.2401713546551603e-03 +9.9897076574932830e-01 +9.9994520801279119e-01 +9.9991818545540911e-01 +9.9988802624761897e-01 +9.9985822770207888e-01 +3.4414447843878252e-04 +3.1258130610529669e-04 +2.8073195045865887e-04 +2.5238939931649290e-04 +2.2973969970735419e-04
 73.00000000 +1.0000000000002518e+00 +1.9999261684505998e+00 +2.2420805147502576e-03 +9.9896702668209381e-01 +9.9994543735966646e-01 +9.9991807730511095e-01 +9.9988740609272586e-01 +9.9985699976828657e-01 +3.4420422109256274e-04 +3.1331839839765074e-04 +2.8220283179009650e-04 +2.5417927876177489e-04 +2.3114806333467941e-04
 73.50000000 +1.0000000000002542e+00 +1.9999251563371341e+00 +2.2442725371820470e-03 +9.9896195045700487e-01 +9.9994568571106857e-01 +9.9991799237731882e-01 +9.9988680594699153e-01 +9.9985578137806452e-01 +3.4504372744895997e-04 +3.1484770212835165e-04 +2.8411918918765208e-04 +2.5585284619709963e-04 +2.3192066586134744e-04
 74.00000000 +1.0000000000002551e+00 +1.9999241374666219e+00 +2.2463264106365598e-03 +9.9895658237393670e-01 +9.9994595011712084e-01 +9.9991792571970894e-01 +9.9988621900738639e-01 +9.9985456457783917e-01 +3.4667417080008062e-04 +3.1695726232856060e-04 +2.8613317503720499e-04 +2.5708363442496885e-04 +2.3190996269396245e-04
 74.50000000 +1.0000000000002576e+00 +1.9999231118070806e+00 +2.2478939316772860e-03 +9.9895189982387134e-01 +9.9994622657125942e-01 +9.9991787174441060e-01 +9.9988563868125957e-01 +9.9985334278227689e-01 +3.4897083976489384e-04 +3.1935390052336695e-04 +2.8791207208967985e-04 +2.5765608428969766e-04 +2.3112750154424477e-04
 75.00000000 +1.0000000000002589e+00 +1.9999220793309762e+00 +2.2487537079415652e-03 +9.9894864639806003e-01 +9.9994651073163954e-01 +9.9991782519535066e-01 +9.9988505967555052e-01 +9.9985211178463118e-01 +3.5170806505289927e-04 +3.2172248089185350e-04 +2.8919604706928106e-04 +2.5749369323698048e-04 +2.2972592981369665e-04
#
#Timing:
#    proc        CPU Pre        CPU all       Wall Pre       Wall all
#       0           0.15          67.36           0.16          67.38
