#PATCH_CHECK: SepMBpoisson v0.61 exact-bernoulli stratified-backward active
#discretizing the bath:
#     0 0.0000000000000000e+00 -6.3189999999999946e-01
#     1 4.7140452079103166e-03 -1.7455928033436119e-01
#     2 4.7140452079103166e-03 -1.7229302915984551e-01
#     3 4.7140452079103166e-03 -1.7001797349920397e-01
#     4 4.7140452079103166e-03 -1.6773414729494232e-01
#     5 4.7140452079103166e-03 -1.6544158410000598e-01
#     6 4.7140452079103166e-03 -1.6314031708517523e-01
#     7 4.7140452079103166e-03 -1.6083037904626560e-01
#     8 4.7140452079103166e-03 -1.5851180241113905e-01
#     9 4.7140452079103166e-03 -1.5618461924653376e-01
#sampling: jump_strength=1.1785113019775794e-02 jump_probability=1.1647841886704504e-02 log_scale=1.1716209404909925e-02 back_replicas=4 stratify_forward=0
#adaptive measurement: gap=2.2925631949363423e-03 period_steps=5482 nmeas=150 nwf=150 tmax=7.5000000000000000e+01 forced_stride=0
  0.00000000 +5.0000000000000000e+00 +1.9999999999999998e+00 +1.8374661879283106e-03 +1.0000000000000000e+00 +1.0000000000000000e+00 +1.0000000000000000e+00 +1.0000000000000000e+00 +1.0000000000000000e+00 +0.0000000000000000e+00 +0.0000000000000000e+00 +0.0000000000000000e+00 +0.0000000000000000e+00 +0.0000000000000000e+00
  0.50000000 +5.0000000000000000e+00 +1.9999999999018574e+00 +1.8483552511042111e-03 +9.9997235530499784e-01 +9.9999999999760369e-01 +9.9999999999760369e-01 +9.9999999999760369e-01 +9.9999999999760369e-01 +5.4607388945478871e-06 +5.5179693458444584e-06 +5.5275077543938864e-06 +5.5918920121025317e-06 +5.5465845714927449e-06
  1.00000000 +5.0000000000000000e+00 +2.0000000067781065e+00 +1.8785639108308693e-03 +9.9989562067405013e-01 +9.9999999983763288e-01 +9.9999999989448352e-01 +9.9999999986605825e-01 +9.9999999982057786e-01 +2.0756465965778758e-05 +2.0778788105529892e-05 +2.1115107828539856e-05 +2.0974753509083741e-05 +2.0754804291283983e-05
  1.50000000 +5.0000000000000000e+00 +2.0000000319935838e+00 +1.9238805783481456e-03 +9.9978037531622765e-01 +9.9999999849590915e-01 +9.9999999865990308e-01 +9.9999999867707390e-01 +9.9999999885521373e-01 +4.3830399134064929e-05 +4.3814202891987788e-05 +4.4311455580227944e-05 +4.4415349190983563e-05 +4.3258591151698791e-05
  2.00000000 +5.0000000000000000e+00 +2.0000000138759484e+00 +1.9742802328311308e-03 +9.9965193192410751e-01 +9.9999999462335210e-01 +9.9999999505502701e-01 +9.9999999494881753e-01 +9.9999999570726095e-01 +7.0154831427958876e-05 +6.9400613843673597e-05 +7.0113459781383903e-05 +6.9862883544493675e-05 +6.8555977915896627e-05
  2.50000000 +5.0000000000000000e+00 +1.9999999609083479e+00 +2.0210834478767486e-03 +9.9953221557271565e-01 +9.9999998635606613e-01 +9.9999998729433759e-01 +9.9999998594403405e-01 +9.9999998878578056e-01 +9.4722596013428680e-05 +9.3638915392149587e-05 +9.4054754091858243e-05 +9.3608653695750798e-05 +9.1811163048327612e-05
  3.00000000 +5.0000000000000000e+00 +1.9999999925600029e+00 +2.0559820064716835e-03 +9.9944230642111287e-01 +9.9999997337726787e-01 +9.9999997316968803e-01 +9.9999997287386277e-01 +9.9999997672548280e-01 +1.1309465940922236e-04 +1.1129806374185597e-04 +1.1260061088895757e-04 +1.1047832962530510e-04 +1.1032575524769361e-04
  3.50000000 +5.0000000000000000e+00 +2.0000000007065597e+00 +2.0721947778436760e-03 +9.9939951880388445e-01 +9.9999995310962864e-01 +9.9999995420054399e-01 +9.9999995142459508e-01 +9.9999995801471875e-01 +1.2260064699245690e-04 +1.2056294707158679e-04 +1.2047450091320611e-04 +1.1966335189546482e-04 +1.1736300003645635e-04
  4.00000000 +5.0000000000000000e+00 +2.0000001921176569e+00 +2.0656540748920514e-03 +9.9941442222765764e-01 +9.9999992678596283e-01 +9.9999993020874334e-01 +9.9999992647789371e-01 +9.9999993596624126e-01 +1.1841986070839694e-04 +1.1740840960383721e-04 +1.1920952006612752e-04 +1.1647074077816971e-04 +1.1434981788991614e-04
  4.50000000 +5.0000000000000000e+00 +2.0000000600578791e+00 +2.0411176287744885e-03 +9.9947526708049039e-01 +9.9999990131163441e-01 +9.9999990500631997e-01 +9.9999989799646338e-01 +9.9999991251776932e-01 +1.0692728951209382e-04 +1.0631967423128414e-04 +1.0584312234917176e-04 +1.0464675119328890e-04 +1.0137925030338180e-04
  5.00000000 +5.0000000000000000e+00 +2.0000001606748041e+00 +2.0006589606984398e-03 +9.9957714564354383e-01 +9.9999986864247081e-01 +9.9999987917507449e-01 +9.9999986617314263e-01 +9.9999988058086831e-01 +8.6028162364154819e-05 +8.6091644685606900e-05 +8.6564995929992521e-05 +8.3610274990607156e-05 +8.1064711708112470e-05
  5.50000000 +5.0000000000000000e+00 +2.0000003576873353e+00 +1.9513948645451102e-03 +9.9970232986974628e-01 +9.9999984970990030e-01 +9.9999985543809411e-01 +9.9999984819219834e-01 +9.9999987235474086e-01 +6.2885844240379637e-05 +6.1256105094371164e-05 +5.9564870911059586e-05 +5.8912700817235191e-05 +5.5624868602855923e-05
  6.00000000 +5.0000000000000000e+00 +2.0000002541600219e+00 +1.9027491028129004e-03 +9.9982697876202764e-01 +9.9999983269219872e-01 +9.9999983727656605e-01 +9.9999982524429487e-01 +9.9999984485110827e-01 +3.8930890590384596e-05 +3.5942992091886205e-05 +3.3323183297913935e-05 +3.2932640655404692e-05 +3.2551503129795795e-05
  6.50000000 +5.0000000000000000e+00 +2.0000004680420780e+00 +1.8669445690553529e-03 +9.9992010836261369e-01 +9.9999980580233472e-01 +9.9999982182115466e-01 +9.9999981529633974e-01 +9.9999983058041597e-01 +1.7905364964865979e-05 +1.7551378539399969e-05 +1.6167808522172390e-05 +1.4857393854169703e-05 +1.4136123567552110e-05
  7.00000000 +5.0000000000000000e+00 +2.0000001473328646e+00 +1.8484060109096468e-03 +9.9997020420833638e-01 +9.9999980883422057e-01 +9.9999981162407769e-01 +9.9999980202526095e-01 +9.9999980999543348e-01 +7.6040571308646401e-06 +8.1620702700171178e-06 +8.5074547623118583e-06 +2.7802198108680865e-06 +3.5095478407685599e-06
  7.50000000 +5.0000000000000000e+00 +2.0000003843009448e+00 +1.8433370715320949e-03 +9.9998636974058586e-01 +9.9999979888473312e-01 +9.9999983007137194e-01 +9.9999981167980989e-01 +9.9999981190765475e-01 +2.2044685275541862e-06 +3.2394659692575634e-06 +4.7227822408889821e-06 +2.5058386961985898e-06 +1.7052056765299180e-06
  8.00000000 +5.0000000000000000e+00 +2.0000007176371892e+00 +1.8654890758906103e-03 +9.9993336915788400e-01 +9.9999978816921964e-01 +9.9999982468749482e-01 +9.9999978411460910e-01 +9.9999982671815457e-01 +1.3532927967473756e-05 +1.1866109017805606e-05 +1.4219500665145222e-05 +1.3440533767136359e-05 +1.4348067092768673e-05
  8.50000000 +5.0000000000000000e+00 +2.0000000890305416e+00 +1.9038598433974878e-03 +9.9983793914770025e-01 +9.9999980222365337e-01 +9.9999979453123577e-01 +9.9999982061305392e-01 +9.9999979434115738e-01 +3.4930607218395051e-05 +3.0940331756020142e-05 +2.7707074555565705e-05 +3.5199493519523397e-05 +3.4071644487601707e-05
  9.00000000 +5.0000000000000000e+00 +1.9999997595775403e+00 +1.9485078332459990e-03 +9.9972509110686625e-01 +9.9999979248603754e-01 +9.9999982332389770e-01 +9.9999978089970221e-01 +9.9999978620176455e-01 +5.5801441081781549e-05 +5.5932057650495759e-05 +5.2765869580880488e-05 +5.4753635532847610e-05 +5.6472958645577096e-05
  9.50000000 +5.0000000000000000e+00 +2.0000000226524999e+00 +1.9977897035075277e-03 +9.9959902970288328e-01 +9.9999979281496776e-01 +9.9999977506114657e-01 +9.9999973400414865e-01 +9.9999979868572020e-01 +8.1481415434537832e-05 +8.4317131919484274e-05 +7.8881661357175519e-05 +7.7965023575429101e-05 +7.9224489913849478e-05
 10.00000000 +5.0000000000000000e+00 +1.9999991248809084e+00 +2.0294626340299476e-03 +9.9951577119600243e-01 +9.9999978275014645e-01 +9.9999973705764045e-01 +9.9999968944131934e-01 +9.9999968690565466e-01 +9.1567986377292994e-05 +9.5508270096923974e-05 +9.2316488867340857e-05 +1.0494789400925864e-04 +1.0099194567780098e-04
 10.50000000 +5.0000000000000000e+00 +1.9999993700449792e+00 +2.0620381685701275e-03 +9.9942893373095587e-01 +9.9999963709939887e-01 +9.9999967842956894e-01 +9.9999969538626277e-01 +9.9999967839474990e-01 +1.1484188301846322e-04 +1.1440103453267704e-04 +1.1258760115602787e-04 +1.1565540303931208e-04 +1.1489102654260364e-04
 11.00000000 +5.0000000000000000e+00 +1.9999998848738201e+00 +2.0592585399315426e-03 +9.9943156845381464e-01 +9.9999957890156943e-01 +9.9999957683878693e-01 +9.9999954210178921e-01 +9.9999956030680881e-01 +1.2021675215013298e-04 +1.1424387273028882e-04 +1.1982939496618163e-04 +1.0955210969173830e-04 +1.0633125613441112e-04
 11.50000000 +5.0000000000000000e+00 +1.9999994579163465e+00 +2.0456003543986960e-03 +9.9946152591655368e-01 +9.9999942843640743e-01 +9.9999951153014677e-01 +9.9999952686602056e-01 +9.9999958648016041e-01 +1.0885413838671604e-04 +1.0820836590470767e-04 +1.0854093171881479e-04 +1.1213520492011893e-04 +1.0268210934880405e-04
 12.00000000 +5.0000000000000000e+00 +1.9999985475376951e+00 +2.0089980652511102e-03 +9.9955098535128439e-01 +9.9999953941376951e-01 +9.9999949772875563e-01 +9.9999948749099199e-01 +9.9999948236040304e-01 +1.0251995821523327e-04 +8.9804596450723077e-05 +9.0144309357620246e-05 +8.3748427811130636e-05 +8.4790365133884316e-05
 12.50000000 +5.0000000000000000e+00 +1.9999977087439678e+00 +1.9814794036949138e-03 +9.9961888557360590e-01 +9.9999949161332335e-01 +9.9999941444208118e-01 +9.9999946596398848e-01 +9.9999949785416897e-01 +7.6735781370114556e-05 +8.3674988879420202e-05 +8.4555509191603330e-05 +6.8533939807106326e-05 +6.9744364911044051e-05
 13.00000000 +5.0000000000000000e+00 +1.9999981655540735e+00 +1.9335351209514068e-03 +9.9974182640625620e-01 +9.9999940882560912e-01 +9.9999942067030001e-01 +9.9999944866481905e-01 +9.9999932347165288e-01 +5.6987300809393577e-05 +4.8801251896279628e-05 +5.5067072985148727e-05 +5.2007320363589422e-05 +4.7709026976254171e-05
 13.50000000 +5.0000000000000000e+00 +1.9999988177812908e+00 +1.8830392686616522e-03 +9.9987324698783975e-01 +9.9999937883950629e-01 +9.9999923049755046e-01 +9.9999934763310960e-01 +9.9999941983560803e-01 +2.7676422349140789e-05 +3.6400292406515631e-05 +2.7145594687227378e-05 +1.4589704554137670e-05 +2.3564157018635676e-05
 14.00000000 +5.0000000000000000e+00 +1.9999977502857000e+00 +1.8656330773136431e-03 +9.9992129951967357e-01 +9.9999928108314406e-01 +9.9999937907825176e-01 +9.9999928919198666e-01 +9.9999936362596431e-01 +1.7261988106435933e-05 +1.1802017700573715e-05 +1.5661547220069430e-05 +2.5799444908114881e-05 +1.0862515985288447e-05
 14.50000000 +5.0000000000000000e+00 +1.9999984852436168e+00 +1.8492317203865354e-03 +9.9996914421009619e-01 +9.9999922087353210e-01 +9.9999925797529166e-01 +9.9999918553165823e-01 +9.9999901345455500e-01 -9.2242201786411394e-06 +1.0666637346501456e-05 +1.0176849722446062e-05 +1.6429195480881527e-05 +6.1295201813376059e-06
 15.00000000 +5.0000000000000000e+00 +1.9999997323445198e+00 +1.8666211809660960e-03 +9.9993097698205435e-01 +9.9999923898610743e-01 +9.9999924855877953e-01 +9.9999931806338394e-01 +9.9999938444436365e-01 +1.6963557063584836e-05 +1.3118614732031469e-05 +1.3472596943149272e-05 +1.3243515762698927e-05 +1.5034709046994240e-05
 15.50000000 +5.0000000000000000e+00 +1.9999984488828209e+00 +1.8843671641192356e-03 +9.9989026397222647e-01 +9.9999921333408470e-01 +9.9999926888176538e-01 +9.9999942759273364e-01 +9.9999913548307851e-01 +2.0715034871260157e-05 +1.5537197936533524e-05 +2.7065621495897961e-05 +2.5031707286457380e-05 +2.4341191133347942e-05
 16.00000000 +5.0000000000000000e+00 +1.9999978271706169e+00 +1.9213297690716391e-03 +9.9979925416366755e-01 +9.9999901171728078e-01 +9.9999941390346225e-01 +9.9999953816737619e-01 +9.9999947543008982e-01 +4.2236531271838073e-05 +3.8046926420750350e-05 +5.7571991378517265e-05 +3.8857642260747201e-05 +2.6593560139230136e-05
 16.50000000 +5.0000000000000000e+00 +1.9999972493796552e+00 +1.9711817845733740e-03 +9.9967274600930078e-01 +9.9999910592987973e-01 +9.9999914408858870e-01 +9.9999921619504839e-01 +9.9999922738248670e-01 +7.1547963303629570e-05 +5.0118486853608504e-05 +7.5781577839228193e-05 +6.5258707895079649e-05 +6.7853650189229472e-05
 17.00000000 +5.0000000000000000e+00 +1.9999957655945722e+00 +2.0243573865923246e-03 +9.9953527634591288e-01 +9.9999888659083358e-01 +9.9999926190444410e-01 +9.9999908111633973e-01 +9.9999892148086078e-01 +1.0739000558411195e-04 +8.1342600460320742e-05 +9.8279589175626647e-05 +7.7563870036498903e-05 +1.0399650356377801e-04
 17.50000000 +5.0000000000000000e+00 +1.9999926411680509e+00 +2.0435536746520469e-03 +9.9948079100452281e-01 +9.9999911085246984e-01 +9.9999911311615630e-01 +9.9999915723697208e-01 +9.9999878993306479e-01 +9.4936505889279185e-05 +9.6129844828369589e-05 +1.1241445823263823e-04 +1.0748798103452649e-04 +1.1206905968501258e-04
 18.00000000 +5.0000000000000000e+00 +1.9999913354044974e+00 +2.0633019248768531e-03 +9.9942536930307624e-01 +9.9999896029015645e-01 +9.9999895678266726e-01 +9.9999898060156733e-01 +9.9999934099036447e-01 +1.0848331793063098e-04 +1.2069285936661863e-04 +1.1523999911062802e-04 +1.1079076865887860e-04 +1.2318507752259481e-04
 18.50000000 +5.0000000000000000e+00 +1.9999898063181270e+00 +2.0451769927652013e-03 +9.9946342353790674e-01 +9.9999882292063969e-01 +9.9999895763010005e-01 +9.9999885239753605e-01 +9.9999866721558484e-01 +1.2628635051538105e-04 +9.3151157937682196e-05 +1.0780164381238735e-04 +1.1348209260416412e-04 +1.0055504196601572e-04
 19.00000000 +5.0000000000000000e+00 +1.9999889460154847e+00 +2.0097810314828931e-03 +9.9954881290533348e-01 +9.9999915010616214e-01 +9.9999886749259315e-01 +9.9999831349885593e-01 +9.9999882615420710e-01 +1.0117541372036651e-04 +9.4411376327244094e-05 +9.1838366649348588e-05 +8.3359672275630861e-05 +8.5245045531521968e-05
 19.50000000 +5.0000000000000000e+00 +1.9999895655288980e+00 +1.9959810064488662e-03 +9.9957957403998143e-01 +9.9999855005679683e-01 +9.9999847826330102e-01 +9.9999865430552382e-01 +9.9999856017650590e-01 +7.4393622062870213e-05 +7.8183182525718437e-05 +9.2334034543662026e-05 +9.8555581940607527e-05 +8.2716744981424395e-05
 20.00000000 +5.0000000000000000e+00 +1.9999873672538231e+00 +1.9525855302837479e-03 +9.9968972923057042e-01 +9.9999832586572379e-01 +9.9999902330917023e-01 +9.9999903020435910e-01 +9.9999848548208981e-01 +5.8534739246948838e-05 +6.8423094552148993e-05 +6.3886267933898732e-05 +7.6530786935695509e-05 +4.8031010916976614e-05
 20.50000000 +5.0000000000000000e+00 +1.9999863653716861e+00 +1.9314637244984777e-03 +9.9974516573781180e-01 +9.9999888408676119e-01 +9.9999879275825243e-01 +9.9999803434626655e-01 +9.9999848567954486e-01 +5.8347131662327656e-05 +5.2451755266492518e-05 +4.9087653623809089e-05 +6.8257006187756532e-05 +3.2493869435809814e-05
 21.00000000 +5.0000000000000000e+00 +1.9999870346354782e+00 +1.8904108839596335e-03 +9.9985345502388856e-01 +9.9999845944252264e-01 +9.9999857768386013e-01 +9.9999828063239182e-01 +9.9999844429285512e-01 +3.5797140789224696e-05 +2.1359778115962901e-05 +3.9749445282851927e-05 +3.4373306546853525e-05 +2.1503240188178988e-05
 21.50000000 +5.0000000000000000e+00 +1.9999853570625714e+00 +1.8783257470114129e-03 +9.9989077855030317e-01 +9.9999852398014666e-01 +9.9999845112442309e-01 +9.9999873598042543e-01 +9.9999782514682911e-01 +2.5343409934731171e-05 +1.6317303157992219e-05 +9.5376581512024863e-06 +3.3359894797557586e-05 +3.1126951072259935e-05
 22.00000000 +5.0000000000000000e+00 +1.9999872787602415e+00 +1.8810894027390913e-03 +9.9989031950685159e-01 +9.9999812417279565e-01 +9.9999815265673075e-01 +9.9999803077298055e-01 +9.9999858171835532e-01 +9.7880650474546596e-06 +2.4672886444608831e-05 +2.4445377998724471e-05 +1.5939428554935057e-05 +4.1945429852402715e-05
 22.50000000 +5.0000000000000000e+00 +1.9999916258997013e+00 +1.9030761660774830e-03 +9.9984309915078617e-01 +9.9999855115788594e-01 +9.9999811547599582e-01 +9.9999895097454583e-01 +9.9999860279838249e-01 +4.2844926516743662e-05 +4.8138496599640721e-05 +1.2453583910249455e-05 +2.7217822231850779e-05 +3.2025585062340689e-05
 23.00000000 +5.0000000000000000e+00 +1.9999934937761374e+00 +1.9287200121461149e-03 +9.9978310947331406e-01 +9.9999767560600938e-01 +9.9999859233795563e-01 +9.9999856447809177e-01 +9.9999827317255918e-01 +4.5538763036370298e-05 +2.5186803708066773e-05 +6.7723132321118542e-05 +4.6686541924945043e-05 +3.8649668315814150e-05
 23.50000000 +5.0000000000000000e+00 +1.9999878037778978e+00 +1.9573702783572721e-03 +9.9970970723259844e-01 +9.9999839685358360e-01 +9.9999862969471287e-01 +9.9999936565083869e-01 +9.9999833686856399e-01 +3.8026678967764517e-05 +6.5812884175327083e-05 +6.4801302416648329e-05 +5.8639375021628496e-05 +6.8283444405967263e-05
 24.00000000 +5.0000000000000000e+00 +1.9999908848651147e+00 +1.9983154973506148e-03 +9.9960564949064767e-01 +9.9999891944071961e-01 +9.9999897566005702e-01 +9.9999872344097773e-01 +9.9999826329389496e-01 +6.8549059265660830e-05 +6.7710828600434916e-05 +8.8800362715345637e-05 +8.4058728611374224e-05 +9.0349692728688836e-05
 24.50000000 +5.0000000000000000e+00 +1.9999924978524628e+00 +1.9894562705414691e-03 +9.9962417112407254e-01 +9.9999826885414145e-01 +9.9999924664136708e-01 +9.9999799517674437e-01 +9.9999810744975948e-01 +8.9590875280406532e-05 +4.4303827719124414e-05 +9.1846638597691574e-05 +8.3831175544259797e-05 +7.2638255862112481e-05
 25.00000000 +5.0000000000000000e+00 +1.9999897755016622e+00 +2.0511960920457260e-03 +9.9946100889993361e-01 +9.9999733509277478e-01 +9.9999796663561402e-01 +9.9999803275482479e-01 +9.9999861986229532e-01 +1.1706046681278264e-04 +1.1964362850273757e-04 +1.0380258672879536e-04 +1.2280340591791234e-04 +8.3726654292406988e-05
 25.50000000 +5.0000000000000000e+00 +1.9999893980277976e+00 +2.0275683049657597e-03 +9.9951176072191439e-01 +9.9999863282706625e-01 +9.9999796800017005e-01 +9.9999676869166498e-01 +9.9999782668635928e-01 +1.0454235303610658e-04 +1.0034925530881075e-04 +1.0561947207615716e-04 +1.0694157689667841e-04 +7.9590412443876105e-05
 26.00000000 +5.0000000000000000e+00 +1.9999950169238909e+00 +2.0063061488714514e-03 +9.9955937756484348e-01 +9.9999676931404224e-01 +9.9999831151341523e-01 +9.9999777873160667e-01 +9.9999885820136969e-01 +7.3025302958380401e-05 +9.6501528814153535e-05 +1.0157109121216860e-04 +8.8123465218707344e-05 +8.9683309748831675e-05
 26.50000000 +5.0000000000000000e+00 +1.9999990088524835e+00 +1.9938307209676118e-03 +9.9958660949522093e-01 +9.9999707427280871e-01 +9.9999810415268509e-01 +9.9999745789402028e-01 +9.9999642174400993e-01 +8.4650489556282405e-05 +8.4902405064954013e-05 +1.0654962295046066e-04 +8.6391388014599502e-05 +6.1838517124291196e-05
 27.00000000 +5.0000000000000000e+00 +1.9999948873413151e+00 +1.9582321148473082e-03 +9.9967280684064586e-01 +9.9999712717795664e-01 +9.9999615496090000e-01 +9.9999791900481105e-01 +9.9999626293909205e-01 +9.4239634061676309e-05 +1.0276017844830866e-04 +5.9412640274856686e-05 +5.8402708296671722e-05 +2.4913921955183808e-05
 27.50000000 +5.0000000000000000e+00 +1.9999972105088584e+00 +1.9428211507735767e-03 +9.9971166956935886e-01 +9.9999668535096020e-01 +9.9999727650791570e-01 +9.9999838291488141e-01 +9.9999869136874597e-01 +8.5146488228976264e-05 +4.7284797610452474e-05 +4.4232174520258816e-06 +1.0188472776653946e-04 +5.8555025028103943e-05
 28.00000000 +5.0000000000000000e+00 +1.9999881075094708e+00 +1.9004178025691639e-03 +9.9982091689535224e-01 +9.9999697076782601e-01 +9.9999887096648865e-01 +9.9999588969714859e-01 +9.9999760070160260e-01 +4.9475340361803530e-05 +3.4163891335071884e-05 +5.4474703685935253e-05 +2.4825008815992390e-05 +2.6811993154070232e-05
 28.50000000 +5.0000000000000000e+00 +1.9999954644926514e+00 +1.9174567097134704e-03 +9.9979118687555701e-01 +9.9999939443444918e-01 +9.9999727456957765e-01 +9.9999702138099811e-01 +9.9999750921177288e-01 +4.4092191061697121e-05 +6.7683234681749615e-05 +5.2115663974314635e-05 +2.9480677720178780e-05 +2.4241790333768449e-05
 29.00000000 +5.0000000000000000e+00 +1.9999996748352269e+00 +1.9100329121125449e-03 +9.9981617345317908e-01 +9.9999800287455154e-01 +9.9999708990427627e-01 +9.9999730726582647e-01 +9.9999845754125893e-01 +2.6825577060571356e-05 +3.4606644277945217e-05 +4.6362232112801399e-05 +3.0603798240976294e-05 +5.4570698548710319e-05
 29.50000000 +5.0000000000000000e+00 +1.9999988914922495e+00 +1.8817104748341832e-03 +9.9989113374180694e-01 +9.9999688330004222e-01 +9.9999714865351785e-01 +9.9999679988817902e-01 +9.9999586640740645e-01 +1.0456886015235681e-05 +2.8986351860999104e-05 +5.2478144742384739e-05 +4.0696881961358185e-05 -1.0450257017339708e-05
 30.00000000 +5.0000000000000000e+00 +1.9999925189848056e+00 +1.9100432466291860e-03 +9.9982631762799634e-01 +9.9999755130016976e-01 +9.9999742200084818e-01 +9.9999618829544135e-01 +9.9999670918003314e-01 +4.1343692479138457e-05 -1.7892394495907825e-05 +3.9110148768002450e-05 +9.5499658254370691e-05 +2.7750486740573384e-05
 30.50000000 +5.0000000000000000e+00 +1.9999905360946122e+00 +1.9006623494825937e-03 +9.9985093616654719e-01 +9.9999609736101847e-01 +9.9999756193697020e-01 +9.9999906497297275e-01 +9.9999757771393916e-01 +1.4703701356117163e-05 +3.5628647614118366e-07 +3.9908158453949822e-05 +4.5720307354159826e-05 +5.8073395765939170e-05
 31.00000000 +5.0000000000000000e+00 +1.9999942971194711e+00 +1.9393676342217574e-03 +9.9975426841565440e-01 +9.9999798246279470e-01 +9.9999870918923150e-01 +9.9999673228008601e-01 +9.9999691254825107e-01 +7.6986460879929731e-05 +8.9092654753324902e-05 +3.4938260196757440e-05 +6.0648352224561434e-06 +4.8312912495402875e-05
 31.50000000 +5.0000000000000000e+00 +1.9999996834205878e+00 +1.9735545485258040e-03 +9.9966864643023690e-01 +9.9999616035701078e-01 +9.9999704216429253e-01 +9.9999626213206272e-01 +9.9999788614366980e-01 +6.1321910388612848e-05 +6.0307470891333715e-05 +7.4777272902852313e-05 +1.1551586097732010e-04 +3.2080271074324342e-05
 32.00000000 +5.0000000000000000e+00 +1.9999919915923836e+00 +1.9756226602529519e-03 +9.9965679904720173e-01 +9.9999716665883298e-01 +9.9999579602376343e-01 +9.9999690069772107e-01 +9.9999844900355239e-01 +1.0235259036360918e-04 +8.9569142824462363e-05 +4.7402873906648447e-05 +9.8244027295139568e-05 +1.7319916472038699e-05
 32.50000000 +5.0000000000000000e+00 +1.9999873557565002e+00 +2.0044113542458516e-03 +9.9957534609252341e-01 +9.9999749823189454e-01 +9.9999705645887083e-01 +9.9999613558252465e-01 +9.9999885796330157e-01 +8.2405726378244820e-05 +9.7120696833162006e-05 +7.4663471446067894e-05 +9.4230598761703316e-05 +8.6685157387963652e-05
 33.00000000 +5.0000000000000000e+00 +1.9999780636585400e+00 +2.0628575535638761e-03 +9.9941687820149983e-01 +9.9999588299722197e-01 +9.9999582195027159e-01 +9.9999656057284880e-01 +9.9999848933469426e-01 +8.3703419737207957e-05 +1.4530137093906942e-04 +8.1222347732884997e-05 +1.6741981908325999e-04 +1.1871995720440127e-04
 33.50000000 +5.0000000000000000e+00 +1.9999843875759000e+00 +1.9870464309864060e-03 +9.9960669284230441e-01 +9.9999752077155513e-01 +9.9999831007244477e-01 +9.9999773940641135e-01 +9.9999645489527766e-01 +1.0120537032251487e-04 +8.5097455062467677e-05 +4.8084103378499401e-05 +9.3139028577180909e-05 +7.5756040325429015e-05
 34.00000000 +5.0000000000000000e+00 +1.9999918560372691e+00 +1.9436957697536795e-03 +9.9971763513669087e-01 +9.9999812362540508e-01 +9.9999584959423549e-01 +9.9999755074194718e-01 +9.9999490387096157e-01 +1.0251279052975713e-04 +6.9817266138964910e-05 +2.9781742318225981e-06 +4.9393924398745463e-05 +7.1234860355827776e-05
 34.50000000 +5.0000000000000000e+00 +1.9999811589914536e+00 +1.9812176350289816e-03 +9.9961698746715366e-01 +9.9999717283741674e-01 +9.9999376298076093e-01 +9.9999913665479268e-01 +9.9999563816912196e-01 +8.9665715974126249e-05 +6.3814079514374234e-05 +6.1833481329336254e-05 +5.9288603914481762e-05 +1.2270000658852356e-04
 35.00000000 +5.0000000000000000e+00 +1.9999853335906330e+00 +1.9108827543492222e-03 +9.9979904413121712e-01 +9.9999482504108039e-01 +9.9999694636222802e-01 +9.9999794194809455e-01 +9.9999716227232971e-01 +1.2507243894266718e-04 +6.7835919854733929e-06 +8.6693579525767908e-06 -1.4136397663536025e-05 +8.7691267330078075e-05
 35.50000000 +5.0000000000000000e+00 +1.9999836025660351e+00 +1.9000701957641521e-03 +9.9982393664486502e-01 +9.9999521785086420e-01 +9.9999917435001517e-01 +9.9999771449945818e-01 +9.9999377605663353e-01 +5.3507399343330479e-05 +3.8887330523089477e-05 +9.1131418080920190e-05 -2.6910207659844430e-05 +3.3564631461892703e-05
 36.00000000 +5.0000000000000000e+00 +1.9999733607346739e+00 +1.9326343931915289e-03 +9.9974752135147349e-01 +9.9999470814193170e-01 +9.9999493384180371e-01 +9.9999656325666852e-01 +9.9999857679985860e-01 +1.1112201349266510e-04 +2.7901766921552529e-05 +4.0512051080073813e-05 +3.3717816735699617e-06 +8.4788996284468040e-05
 36.50000000 +5.0000000000000000e+00 +1.9999859165465474e+00 +1.8775112109580125e-03 +9.9990643227475673e-01 +9.9999558156192137e-01 +1.0000000149868611e+00 +9.9999614285165128e-01 +9.9999641157855901e-01 +3.2129892604771794e-06 -6.9102472637568269e-06 -3.5385392796444158e-06 +1.2061217104294352e-04 -7.9596341957632517e-06
 37.00000000 +5.0000000000000000e+00 +1.9999712570152535e+00 +1.9069562641903356e-03 +9.9982473396824922e-01 +9.9999952403421977e-01 +9.9999435324148445e-01 +9.9999370759099482e-01 +9.9999900521200902e-01 +5.8597838514152200e-06 +3.3983758778459548e-05 +6.7795528313923951e-05 +6.5548916517184849e-05 +1.5487969440405060e-05
 37.50000000 +5.0000000000000000e+00 +1.9999809189130648e+00 +1.9678710437440704e-03 +9.9967660935739766e-01 +9.9999526770962321e-01 +9.9999637667611641e-01 +9.9999733710238536e-01 +9.9999740055543418e-01 +4.1486028725687745e-05 +5.8098707320546059e-05 +2.4209379968218098e-05 +8.8499819125335019e-05 +1.2471466564970896e-04
 38.00000000 +5.0000000000000000e+00 +1.9999893881881865e+00 +1.9758204315325090e-03 +9.9966163214237780e-01 +9.9999402399315629e-01 +9.9999596909849198e-01 +9.9999233171199287e-01 +9.9999552123314817e-01 +3.2230448038716602e-05 +3.7984876899066809e-05 +8.9253831385291023e-05 +8.5656023506751295e-05 +1.1539663007361076e-04
 38.50000000 +5.0000000000000000e+00 +1.9999830896287851e+00 +1.9393536793903532e-03 +9.9975169034412104e-01 +9.9999703674225826e-01 +9.9999372619803029e-01 +9.9999781325790194e-01 +9.9999565849004246e-01 +8.3654068136915769e-05 +3.1191841190253277e-05 -2.4030460960141157e-05 +1.1586694754961583e-04 +5.7392564072949864e-05
 39.00000000 +5.0000000000000000e+00 +1.9999813226828207e+00 +1.9947327034889259e-03 +9.9960901299037785e-01 +9.9999187508249898e-01 +9.9999331751938725e-01 +9.9999601514787095e-01 +9.9999469961818832e-01 +7.4790165942807219e-05 +1.5114451297749845e-04 +6.2484322015655467e-05 +5.0714405370460949e-05 +7.5946256545410520e-05
 39.50000000 +5.0000000000000000e+00 +1.9999887410234634e+00 +2.0217085567827918e-03 +9.9953986808591333e-01 +9.9999900906989614e-01 +9.9999495168523711e-01 +9.9999750467021864e-01 +9.9999302841554938e-01 +1.0778224861948712e-04 +1.1330758498904588e-04 +1.0613218162507896e-04 +7.1301634563432996e-05 +7.7114430223853851e-05
 40.00000000 +5.0000000000000000e+00 +1.9999969759794476e+00 +1.9587694890374372e-03 +9.9969484986576551e-01 +1.0000001478173248e+00 +9.9999103957758295e-01 +9.9999018656031180e-01 +9.9999352539228437e-01 +5.4590416434270853e-05 +6.3828300087745207e-05 +6.6535844729911155e-05 +8.8273096417244292e-05 +5.7023109509282162e-05
 40.50000000 +5.0000000000000000e+00 +1.9999664846955010e+00 +2.0319581243410057e-03 +9.9949192244660456e-01 +9.9999398665312111e-01 +9.9999871805857321e-01 +9.9999808394624456e-01 +9.9999816351858539e-01 +7.9289882307387110e-05 +9.6349172981501595e-05 +1.4857096036300822e-04 +8.2293621611293424e-05 +1.1262173461844377e-04
 41.00000000 +5.0000000000000000e+00 +1.9999786132870083e+00 +2.0032294528502448e-03 +9.9956514294089005e-01 +9.9999389298750008e-01 +9.9999405515776874e-01 +9.9999192498827139e-01 +9.9999637385120610e-01 +2.9908081828109070e-06 +1.1172695501995679e-04 +1.2690890833424301e-04 +1.3118856181616530e-04 +8.5794847559681834e-05
 41.50000000 +5.0000000000000000e+00 +1.9999912569131533e+00 +1.8941245083323194e-03 +9.9984711099573553e-01 +9.9999469745615788e-01 +9.9999218624118402e-01 +9.9999666091218620e-01 +9.9999027752938807e-01 +7.7811328250435331e-06 +5.9761635245396249e-05 +1.2752832796701570e-04 +1.5769109099582779e-05 -3.1773341399076986e-05
 42.00000000 +5.0000000000000000e+00 +1.9999867871009427e+00 +1.8729855725947140e-03 +9.9989581680031503e-01 +9.9998871349669038e-01 +9.9999072591249683e-01 +9.9999099872113617e-01 +9.9999423898623663e-01 -8.1677977735424901e-05 +6.2687138908121284e-05 +1.2668818085240558e-04 -5.9414386697011273e-06 +3.7750180308377166e-05
 42.50000000 +5.0000000000000000e+00 +1.9999708103731570e+00 +2.0376536226784491e-03 +9.9947710702973835e-01 +9.9999463072416994e-01 +9.9999862096757564e-01 +9.9998808489627367e-01 +9.9999662615487905e-01 +8.7015082658388333e-05 +8.6436236097511655e-05 +1.9573142622271648e-04 +1.2562563502563253e-04 +5.0121849978325581e-05
 43.00000000 +5.0000000000000000e+00 +1.9999735654148696e+00 +1.8835489999547103e-03 +9.9986810077677901e-01 +9.9999720875890530e-01 +9.9999779309999248e-01 +9.9999592581334706e-01 +9.9999353183535189e-01 +3.1178208890317924e-05 -9.0937917374993048e-06 +8.1656866641179514e-06 +6.5830577530513957e-05 +5.1359048608722408e-05
 43.50000000 +5.0000000000000000e+00 +1.9999712084577475e+00 +1.9264758740437132e-03 +9.9976761948353565e-01 +9.9999662695425795e-01 +9.9998915539430400e-01 +9.9999343975283228e-01 +9.9999398878385237e-01 +3.6801892776306803e-05 -2.9428802373050011e-05 +1.4536776579000905e-04 -1.0120842990964692e-05 +1.1654960854829326e-04
 44.00000000 +5.0000000000000000e+00 +1.9999902487725367e+00 +1.9330153314451128e-03 +9.9975854684999277e-01 +9.9999266205677617e-01 +9.9998814139266512e-01 +9.9999131397767282e-01 +9.9999762361477984e-01 -1.8856248594485506e-05 +4.3960960485146840e-05 +6.0817208560066390e-05 +1.4682469696822184e-04 +3.8965490604074588e-05
 44.50000000 +5.0000000000000000e+00 +1.9999786399041930e+00 +1.9747001738688315e-03 +9.9965305629170753e-01 +9.9999161562536776e-01 +9.9999600574136505e-01 +9.9998554284783969e-01 +9.9999858450816737e-01 +5.7067620687721781e-05 +4.0492230001162333e-05 +2.3153808157266033e-05 +1.1282481255138374e-04 +1.4165651683085970e-04
 45.00000000 +5.0000000000000000e+00 +1.9999815496846831e+00 +1.7941873924681424e-03 +1.0001161839211896e+00 +9.9999862290104791e-01 +9.9999551484983029e-01 +9.9998909415006809e-01 +9.9998944725435435e-01 -8.5378847998873237e-05 -9.1622382888297319e-05 +3.7694865347906330e-05 +4.7082987460835038e-05 +3.3603043929978748e-06
 45.50000000 +5.0000000000000000e+00 +1.9999711206140249e+00 +2.0089292503156870e-03 +9.9956947814398733e-01 +9.9999028472595508e-01 +1.0000049805574207e+00 +9.9999045979033419e-01 +9.9999645511439261e-01 +1.3306526948718615e-04 -1.6630182174861739e-05 +1.6082189657104748e-04 +8.8050464906803443e-05 +8.3034216681736374e-05
 46.00000000 +5.0000000000000000e+00 +1.9999635687613777e+00 +1.9628778603533415e-03 +9.9969095009438436e-01 +1.0000013936284875e+00 +9.9999706466668314e-01 +9.9999173970166311e-01 +1.0000047986527911e+00 +1.5356341715898851e-04 +6.0288638744509992e-05 +2.2306237480157958e-05 +3.5846819461410067e-05 +4.2048151763514490e-05
 46.50000000 +5.0000000000000000e+00 +1.9999901653767287e+00 +1.9443584699936169e-03 +9.9974249602383269e-01 +9.9999421606791850e-01 +9.9999972132121973e-01 +9.9999463131403843e-01 +9.9999140619897042e-01 +4.0258754458306681e-05 +6.4835554058980118e-05 +2.7579759253427299e-05 +2.9586276218528225e-05 +1.1526872362168350e-04
 47.00000000 +5.0000000000000000e+00 +1.9999879014181365e+00 +1.9153967207517807e-03 +9.9981313405968864e-01 +9.9999750816801714e-01 +9.9998721657122736e-01 +9.9999603485738331e-01 +1.0000021089884201e+00 +1.3663535808065708e-04 +1.8688670771238797e-05 -4.9120503782335290e-05 +6.5136286526564852e-05 +3.2657534695429205e-05
 47.50000000 +5.0000000000000000e+00 +1.9999809452997828e+00 +2.0334007379198462e-03 +9.9949618513743210e-01 +9.9998927932303927e-01 +9.9999761086697025e-01 +9.9999368494426089e-01 +9.9998056884606723e-01 +1.5493865433324424e-04 +1.2468709607467305e-04 +1.2997504728448186e-04 +7.5165091186361267e-05 +5.7905006597191518e-05
 48.00000000 +5.0000000000000000e+00 +1.9999582806714495e+00 +1.9091307042341920e-03 +9.9980797846722258e-01 +1.0000020781362162e+00 +9.9998910946836650e-01 +9.9998455519253615e-01 +9.9998576936282291e-01 +3.7613862623933012e-05 +1.0030296619030265e-04 -5.6643755677627786e-05 +7.1303853067914192e-05 +7.7932451408113348e-05
 48.50000000 +5.0000000000000000e+00 +1.9999914012114142e+00 +1.9163340228696229e-03 +9.9978661186327622e-01 +9.9998749156381839e-01 +9.9998215145908298e-01 +9.9999724287340463e-01 +1.0000000418796753e+00 -7.5818882803816460e-06 +8.8036725249552439e-05 +1.5203762499615836e-04 +8.1778338593368497e-06 +5.7900646634747468e-06
 49.00000000 +5.0000000000000000e+00 +1.9999906202757791e+00 +2.0253890439709890e-03 +9.9951622123739414e-01 +9.9999156232896758e-01 +9.9999159700026841e-01 +1.0000030533518973e+00 +1.0000016737141155e+00 +4.9031289919152330e-05 +1.6123026513056082e-04 +2.8192753726490144e-05 +1.2735325950885261e-04 +1.3008479304264778e-04
 49.50000000 +5.0000000000000000e+00 +1.9999663183292737e+00 +1.9136713159949566e-03 +9.9978246001435844e-01 +9.9998801039777141e-01 +9.9999779845788417e-01 +9.9998666976525874e-01 +1.0000001209166960e+00 -4.1244557377407887e-06 +5.3022444062591624e-05 +1.1788820749959666e-05 +9.5697495822824599e-05 +8.8556138118677205e-05
 50.00000000 +5.0000000000000000e+00 +1.9999748227794087e+00 +1.9441527749091408e-03 +9.9971822804381494e-01 +9.9998692562612834e-01 +9.9998817371503079e-01 +9.9997614927609135e-01 +9.9999256238478884e-01 +1.4637273112075392e-04 +8.5775990855213442e-05 -1.1356800395826271e-05 +1.5776631439990408e-04 -4.0597280656732539e-05
 50.50000000 +5.0000000000000000e+00 +1.9999823239866579e+00 +2.0116296398480882e-03 +9.9955159173199815e-01 +9.9999679232348715e-01 +9.9998619087577989e-01 +9.9998735819048212e-01 +9.9999457730982833e-01 +7.2214759511170790e-05 +1.0666297560783111e-04 +9.0755411587371750e-05 +1.3507009642644034e-04 +7.8786311937478859e-05
 51.00000000 +5.0000000000000000e+00 +1.9999693081147063e+00 +1.9347646541602193e-03 +9.9975081976208047e-01 +9.9999168408489314e-01 +9.9999270404382246e-01 +9.9999147090034768e-01 +9.9999258007674652e-01 +6.9899384069563373e-05 +7.6499415715443474e-05 +1.1764856692510358e-04 +5.9301338104752793e-05 -4.2607558367656352e-05
 51.50000000 +5.0000000000000000e+00 +1.9999806176199639e+00 +2.0033679469229604e-03 +9.9959126225058259e-01 +9.9999352615722292e-01 +9.9999272600280531e-01 +9.9997823529547725e-01 +9.9998858138190261e-01 +1.0972065773397332e-04 +9.6489434593910058e-05 +4.2932380874312187e-05 +5.9886470366910008e-05 +1.4663996677481532e-04
 52.00000000 +5.0000000000000000e+00 +1.9999760382211162e+00 +1.9493068876909186e-03 +9.9972592600133536e-01 +9.9999047820791975e-01 +9.9998931409016167e-01 +9.9998878076283371e-01 +9.9998548835493006e-01 +1.8057380584798012e-04 -8.7338430917866148e-06 +5.9297630483332112e-05 +7.9391465251451933e-05 +9.4835250714951559e-06
 52.50000000 +5.0000000000000000e+00 +1.9999820693837664e+00 +1.8405237876939773e-03 +9.9999702044492578e-01 +9.9999085176847047e-01 +1.0000046333944312e+00 +9.9999399206670259e-01 +9.9997079345144413e-01 +6.4193904524795207e-05 +2.7231784201784284e-05 -7.1839248578284843e-05 -2.5080545750337012e-06 +2.5630494856383925e-05
 53.00000000 +5.0000000000000000e+00 +1.9999810028872276e+00 +2.0760634864835678e-03 +9.9940653673049784e-01 +9.9998399725125586e-01 +9.9998930538744890e-01 +9.9998970763437955e-01 +9.9998424071662984e-01 +1.3647460910965395e-04 +1.4264947090903321e-04 +1.3274476955562624e-04 +1.9348319920601807e-04 +4.0860222775569454e-05
 53.50000000 +5.0000000000000000e+00 +1.9999790589336186e+00 +1.8479977878447418e-03 +9.9997283428081352e-01 +9.9998919850107215e-01 +9.9999011897359125e-01 +9.9999485140578581e-01 +9.9997761897709680e-01 +2.6168093232722870e-05 +9.8147858562072044e-05 -2.5075297346456002e-04 +1.3624813382242864e-04 +6.5566742815493525e-05
 54.00000000 +5.0000000000000000e+00 +1.9999996003183440e+00 +1.9926363124574838e-03 +9.9961851604846275e-01 +9.9998975379520039e-01 +9.9998938306347229e-01 +9.9997928003477032e-01 +9.9999067698813338e-01 +6.2423540571007535e-05 +1.1068759492128378e-04 -9.4805713672694751e-05 +1.8213281038037313e-04 +1.7195183693335082e-04
 54.50000000 +5.0000000000000000e+00 +1.9999837688604496e+00 +1.8612312403522191e-03 +9.9993687750856863e-01 +9.9998984059281093e-01 +9.9999256314033669e-01 +9.9998380051112046e-01 +9.9999913091799386e-01 -4.6420239227698909e-05 +2.6011582124767158e-05 +1.6005531699991879e-04 -8.5627756410996879e-05 +4.3768417570631486e-05
 55.00000000 +5.0000000000000000e+00 +1.9999617287021785e+00 +1.8701179738986422e-03 +9.9990181619604135e-01 +9.9999127447312308e-01 +1.0000062880731713e+00 +9.9999089040644906e-01 +9.9999486995076703e-01 +6.3529892888223192e-05 +8.6296151652456260e-05 -7.9952390839829328e-05 +5.6339102582429439e-05 -1.1351848044588770e-05
 55.50000000 +5.0000000000000000e+00 +1.9999758394174567e+00 +1.9392448294645946e-03 +9.9973072380462780e-01 +9.9999486964407447e-01 +9.9997770119092111e-01 +9.9999230476379353e-01 +9.9998844087250849e-01 +1.3561425344489427e-04 +6.9590566514067526e-05 +2.8819166496158762e-05 +4.2732176915251190e-05 +3.9203566941593353e-05
 56.00000000 +5.0000000000000000e+00 +1.9999717759317674e+00 +1.8893161050556697e-03 +9.9985405582617326e-01 +9.9998373002806618e-01 +9.9999305901834723e-01 +9.9998308641187794e-01 +9.9999903126123235e-01 +4.6852272479227398e-05 +1.1688377572665407e-04 +6.2479982433519434e-05 -2.3215755994940735e-05 -1.5962821680608832e-05
 56.50000000 +5.0000000000000000e+00 +1.9999967090568143e+00 +1.9482331068401638e-03 +9.9972195633199123e-01 +1.0000009333160507e+00 +9.9996957316290247e-01 +9.9999901122457169e-01 +9.9998921456440826e-01 +8.2139622487994101e-05 -6.4549172356144976e-05 +1.3569663294118423e-04 -2.0846972425810520e-06 +1.6810902202060900e-04
 57.00000000 +5.0000000000000000e+00 +1.9999817276464320e+00 +1.9049763102322885e-03 +9.9982619285673280e-01 +9.9999990833741215e-01 +9.9997646411363483e-01 +9.9999086950388139e-01 +1.0000023030573735e+00 +6.0099490571289973e-05 -1.7839716840964117e-05 +3.2873215888946750e-05 +5.4070283884093271e-05 +7.5058862381723323e-05
 57.50000000 +5.0000000000000000e+00 +1.9999633304176816e+00 +1.9858008993441779e-03 +9.9961199640201637e-01 +9.9999024839444128e-01 +9.9999811932550731e-01 +9.9998798039732772e-01 +9.9998637346575292e-01 +6.2412780272223797e-05 +1.9728414903520788e-04 -6.7477907584546516e-05 +1.0099666810617660e-04 +1.3206632931803150e-04
 58.00000000 +5.0000000000000000e+00 +1.9999780001757745e+00 +1.8674455652256975e-03 +9.9992970332610653e-01 +9.9998189081699529e-01 +9.9998341984702144e-01 +9.9998813330356673e-01 +9.9996906663338159e-01 +1.1400051385681786e-04 +8.8692337865400625e-05 +1.3918443188391265e-04 -5.8393426513039840e-06 -1.8825187863736372e-04
 58.50000000 +5.0000000000000000e+00 +1.9999593827495061e+00 +1.8681350434578692e-03 +9.9990651285964138e-01 +1.0000115800562894e+00 +9.9998929635827694e-01 +9.9999549900957907e-01 +9.9998909387394430e-01 -9.3985377735644564e-05 +8.2054152734577370e-05 +8.1937926298225066e-05 -1.0616869638325276e-04 +1.4417983380268808e-04
 59.00000000 +5.0000000000000000e+00 +1.9999616324801206e+00 +1.9523183579494177e-03 +9.9971551395857161e-01 +9.9998139689977594e-01 +9.9999830007766322e-01 +1.0000024097446543e+00 +9.9997136136769804e-01 +1.6065926527419628e-04 -1.9316180510558537e-05 +1.9010650884738827e-04 -8.4074696526115683e-05 +8.3643054060374408e-05
 59.50000000 +5.0000000000000000e+00 +1.9999536286969188e+00 +2.0438661761788589e-03 +9.9946431066665919e-01 +9.9998583791709805e-01 +9.9996678404972195e-01 +9.9996254632773773e-01 +9.9999852348375717e-01 +1.5026726847451613e-04 +2.7944665677188864e-04 +3.7633477422448347e-05 +2.5842849386124866e-04 -1.0377834258279290e-04
 60.00000000 +5.0000000000000000e+00 +2.0000007727907709e+00 +2.1951133586316897e-03 +9.9912342147075517e-01 +9.9998018760112317e-01 +9.9998190392329567e-01 +9.9996918715099947e-01 +9.9998948777643493e-01 +2.3717814254111435e-04 +5.8312298460694683e-05 +2.5826990442773137e-04 +2.2742585544500418e-04 +1.7462587468215914e-04
 60.50000000 +5.0000000000000000e+00 +1.9999812201689546e+00 +1.8748653174127088e-03 +9.9990291974946144e-01 +9.9997583099899034e-01 +9.9997102048746511e-01 +9.9999861180593330e-01 +9.9999900496731176e-01 +5.7799490393058436e-05 -1.4819648154796542e-04 +4.9112503579700841e-05 +1.9892533884477266e-04 -5.0288582777931392e-06
 61.00000000 +5.0000000000000000e+00 +1.9999667817017439e+00 +1.9739173185648121e-03 +9.9963277181510457e-01 +9.9997948544192383e-01 +9.9996802336458412e-01 +9.9997115781276336e-01 +9.9998294774112861e-01 +4.4966795485745969e-05 -2.6712863579873394e-05 +1.4462397376863344e-04 +3.4642380535023141e-05 +2.6809354594053969e-04
 61.50000000 +5.0000000000000000e+00 +1.9999760551043975e+00 +2.0065052282648901e-03 +9.9957817899428603e-01 +9.9995140700418073e-01 +9.9998096439703621e-01 +9.9998052259693826e-01 +9.9998036838454540e-01 +1.8560197333903296e-04 +1.3477822847586242e-04 +1.6400309163488571e-04 +3.0350924577502658e-06 +4.1140237085019113e-05
 62.00000000 +5.0000000000000000e+00 +1.9999875270839349e+00 +2.0021576460087999e-03 +9.9957666832117986e-01 +9.9999173669883246e-01 +9.9998493898071317e-01 +9.9997724657664500e-01 +9.9999503190300398e-01 +4.4657156999638885e-05 +8.5270581937205332e-06 +2.3106810755664449e-04 -3.4196183794228219e-05 +2.2432137440490959e-04
 62.50000000 +5.0000000000000000e+00 +1.9999659181902683e+00 +1.9856358423671278e-03 +9.9960007266535966e-01 +9.9998691721136057e-01 +9.9998394722053885e-01 +9.9997546438356300e-01 +9.9998248455296213e-01 -8.7929916130612769e-05 +2.6721279355960726e-04 +1.0954004793620164e-04 +1.2540481174558584e-04 +5.6886233911584218e-05
 63.00000000 +5.0000000000000000e+00 +1.9999902030496912e+00 +1.8550934352933167e-03 +9.9994862478524016e-01 +9.9996991252504075e-01 +9.9999668797657881e-01 +9.9999528695969020e-01 +9.9998085301879136e-01 -5.6415246031918215e-05 +1.3637131358903691e-04 -1.6647897624012272e-04 +3.7506261933257517e-05 +1.5765137634665249e-04
 63.50000000 +5.0000000000000000e+00 +1.9999575674042458e+00 +1.9948639381923341e-03 +9.9958644203584301e-01 +9.9999338697970497e-01 +9.9996002239694659e-01 +9.9997174898268526e-01 +9.9998685849604341e-01 +8.9234570611828072e-05 -2.3772682239210542e-05 +8.7924731088571566e-05 +1.4369002333784097e-04 +2.0446446391087652e-04
 64.00000000 +5.0000000000000000e+00 +1.9999306737240927e+00 +1.9211586827322289e-03 +9.9975114182269587e-01 +9.9997964246321958e-01 +9.9997772904595494e-01 +9.9997495939167746e-01 +9.9996903820397909e-01 +2.3053616261099684e-04 -6.4523364288914537e-05 +6.2278748411461862e-05 +8.8730034786091545e-06 +1.1032452796594852e-04
 64.50000000 +5.0000000000000000e+00 +2.0000023299847265e+00 +1.9181594698312082e-03 +9.9982400541532024e-01 +9.9998749546080212e-01 +9.9997911563125075e-01 +9.9997257827369324e-01 +1.0000168142192145e+00 -4.6429093501080900e-05 -1.5096728220384573e-05 +9.7109876200419709e-05 +2.3092959194515224e-04 -4.6522647561559550e-05
 65.00000000 +5.0000000000000000e+00 +1.9999762882390606e+00 +1.9690450779129023e-03 +9.9967430976634908e-01 +9.9999258267265556e-01 +1.0000079222897313e+00 +9.9998681673314360e-01 +9.9998104474086980e-01 +2.0580732171597029e-04 +1.7324951612998692e-04 -1.7114447259340332e-04 +8.8424866115660629e-05 +6.0986567658445588e-05
 65.50000000 +5.0000000000000000e+00 +1.9999456565068887e+00 +1.9606533647149285e-03 +9.9967567549945791e-01 +1.0000065519722348e+00 +1.0000175876102551e+00 +9.9998600344416333e-01 +9.9999017875668283e-01 -2.3549340665891920e-05 +8.1551682381826289e-05 +2.0409141490621531e-04 +4.3712965225815478e-05 +1.8195996287389238e-05
 66.00000000 +5.0000000000000000e+00 +2.0000042103825901e+00 +1.8874597348707564e-03 +9.9986802930113927e-01 +9.9999076414923649e-01 +9.9997169277941389e-01 +9.9997333367769636e-01 +1.0000144760393452e+00 +1.4008819779012511e-05 -7.8960301513677730e-05 +1.2827519974863269e-04 +1.2081180027008774e-04 -2.4314719998472207e-06
 66.50000000 +5.0000000000000000e+00 +1.9999962243771652e+00 +1.7862596904526299e-03 +1.0001218914116465e+00 +9.9999133494386816e-01 +9.9998103992018905e-01 +9.9999851108870763e-01 +9.9999475918501823e-01 -3.2696587244577686e-05 -6.7759096856172957e-05 -3.0637000435563069e-05 +3.8636284523395954e-05 +4.9198481213872781e-06
 67.00000000 +5.0000000000000000e+00 +1.9999805997937012e+00 +1.7801966784970495e-03 +1.0001500117606921e+00 +9.9996463308992389e-01 +9.9998854047877650e-01 +9.9998225803623630e-01 +1.0000121148322993e+00 -2.2345545116319614e-04 +1.2905441223942172e-04 +1.7974817322471252e-04 -3.9865501288216063e-06 -1.7891877845925192e-04
 67.50000000 +5.0000000000000000e+00 +1.9999566557271578e+00 +1.8517454424086207e-03 +9.9993354216123942e-01 +9.9995215608250576e-01 +1.0000245135413102e+00 +1.0000076412619276e+00 +9.9999135136594663e-01 +1.2859887481094767e-04 -6.1802034827811779e-05 +6.3507990035766829e-05 -5.1942882624467933e-06 -3.4314956677267472e-05
 68.00000000 +5.0000000000000000e+00 +1.9999535296788120e+00 +1.8920620442591234e-03 +9.9984778488045556e-01 +9.9997866988223516e-01 +9.9998387253767862e-01 +9.9994113774749205e-01 +9.9997036708253439e-01 +3.5334791554152964e-05 +1.6506426015648455e-04 -8.0117680320492153e-05 +2.1786401178085444e-04 -5.9977513678892809e-05
 68.50000000 +5.0000000000000000e+00 +1.9999621840554795e+00 +1.9389794955268057e-03 +9.9971710024415061e-01 +1.0000074945634385e+00 +9.9997785830705854e-01 +9.9995856213289191e-01 +1.0000111110349961e+00 +1.2742960933262546e-04 -1.8915330280668436e-06 +8.5172086428662611e-05 +1.0765467841879619e-04 +9.5088823434511320e-06
 69.00000000 +5.0000000000000000e+00 +2.0000023449361799e+00 +1.8449017977159347e-03 +9.9998799866618737e-01 +9.9997041323299451e-01 +9.9996086576302634e-01 +1.0000020151179632e+00 +9.9998657318615058e-01 -1.5354824864108403e-04 +1.8650989615866720e-05 +1.8891681198185281e-04 +8.1139595449686706e-05 -4.3025111092476359e-05
 69.50000000 +5.0000000000000000e+00 +1.9999428308096567e+00 +1.8698419190141238e-03 +9.9990169991972810e-01 +9.9998108754706427e-01 +9.9994101314545358e-01 +9.9994705714359089e-01 +9.9999073525835946e-01 -1.6007430628507731e-04 +1.7702644409573696e-04 -3.4469044347841573e-05 -1.9346251458716213e-05 +2.7527014019917647e-04
 70.00000000 +5.0000000000000000e+00 +1.9999213063976689e+00 +2.1385874508476777e-03 +9.9921045881782478e-01 +9.9996758297105315e-01 +9.9993798784140331e-01 +9.9998920958275894e-01 +9.9996858305130898e-01 +1.1248975077776961e-04 +2.0247519282067073e-04 -7.1372772581238452e-05 +3.7990306849213185e-04 +3.0268249427489995e-04
 70.50000000 +5.0000000000000000e+00 +1.9999789685039124e+00 +1.9927137798651977e-03 +9.9959400761650097e-01 +1.0000041140700489e+00 +9.9997039379366848e-01 +9.9995208132782876e-01 +9.9998429104637188e-01 +4.4970270420297085e-04 -1.0509632545223063e-04 +1.9631692776881797e-04 -1.5348552023933536e-04 +1.0767435606401035e-04
 71.00000000 +5.0000000000000000e+00 +1.9999474663898851e+00 +2.0216783007683970e-03 +9.9951367442349359e-01 +1.0000211795286029e+00 +9.9997522933324623e-01 +1.0000250128531687e+00 +9.9995975057168207e-01 -5.9302218728287749e-05 +2.4468779897226855e-04 +2.6789544631821772e-04 -4.8664549183527410e-05 +1.0053681643934215e-04
 71.50000000 +5.0000000000000000e+00 +2.0000081049562999e+00 +1.9659069625339093e-03 +9.9971063224353729e-01 +9.9996464919832229e-01 +9.9996998461734043e-01 +9.9998726237292479e-01 +1.0000001500469125e+00 -1.5216947750807311e-04 +2.1699457963788636e-04 +3.7459130214602096e-05 +2.6009177568779590e-04 +4.9455118896301067e-06
 72.00000000 +5.0000000000000000e+00 +1.9999957219841347e+00 +1.9954471625285232e-03 +9.9958842312294816e-01 +9.9994988699850351e-01 +1.0000021354876043e+00 +9.9998640985507292e-01 +9.9995298084047080e-01 +2.1106724330775909e-04 +3.6064706897616529e-04 -1.2359263144161401e-04 -5.5678222809433726e-06 +7.7609837590920336e-05
 72.50000000 +5.0000000000000000e+00 +1.9999657906243107e+00 +2.0620645138620711e-03 +9.9943326900307683e-01 +9.9997746480894190e-01 +9.9995659585709773e-01 +9.9998824650887297e-01 +9.9993224692917271e-01 +3.1673387694494725e-04 -3.2217361096467750e-05 +3.5347104784724641e-04 -1.5403879605786265e-04 +2.2822812693665978e-04
 73.00000000 +5.0000000000000000e+00 +1.9999130756174635e+00 +2.1945697943354095e-03 +9.9906777253493828e-01 +9.9998801872368037e-01 +9.9997973193654677e-01 +9.9999548391866377e-01 +9.9999180653692110e-01 +1.6622312194949530e-04 +2.1710561855237351e-04 +2.1844273047492353e-04 -3.5242200005527452e-05 +4.1065708306755260e-04
 73.50000000 +5.0000000000000000e+00 +1.9999543756954934e+00 +1.7494364111311921e-03 +1.0001987152405685e+00 +9.9997705406033777e-01 +9.9997737204662529e-01 +9.9995690405651938e-01 +9.9996412601422979e-01 -1.5380953546310328e-04 -5.2674105444937862e-06 -2.1368397100054158e-04 +2.3294263165264797e-04 +6.5646870738158742e-05
 74.00000000 +5.0000000000000000e+00 +1.9999402689943337e+00 +2.2082069233424137e-03 +9.9905339220544165e-01 +9.9997094858967595e-01 +9.9994277730777936e-01 +9.9997897411752168e-01 +9.9997002330082030e-01 +1.4193291587937331e-04 +2.4571198378044005e-04 +2.1328241289861682e-04 +2.7601329263754639e-04 +2.0694387046288297e-04
 74.50000000 +5.0000000000000000e+00 +1.9999743829498218e+00 +1.8256104795199306e-03 +1.0000293387939927e+00 +1.0000071379880104e+00 +9.9994708031669033e-01 +1.0000832571987963e+00 +9.9999936231891329e-01 -1.6470842531824819e-04 +9.8822185095477421e-05 -6.2989125614981907e-05 +6.7376535850974270e-05 -4.6777841927311154e-06
 75.00000000 +5.0000000000000000e+00 +2.0000091076944018e+00 +1.9818032158752472e-03 +9.9963470111567232e-01 +9.9999867092111538e-01 +9.9997585375362186e-01 +9.9998292827589430e-01 +9.9997071185349096e-01 +1.4333035879860806e-04 -3.8584073233141517e-05 +1.0035719037546930e-04 +1.6448818648733535e-04 +6.7542417603311955e-05
