#PATCH_CHECK: SepMBpoisson v0.61 exact-bernoulli stratified-backward active
#discretizing the bath:
#     0 0.0000000000000000e+00 -6.3189999999999946e-01
#     1 5.0552502960343670e-03 -3.1236923849306741e-01
#     2 5.0552502960343670e-03 -2.8551434894153410e-01
#     3 5.0552502960343670e-03 -2.5532516103079184e-01
#     4 5.0552502960343670e-03 -2.2213610542645076e-01
#     5 5.0552502960343670e-03 -1.8619730119959638e-01
#     6 5.0552502960343670e-03 -1.4770501589588542e-01
#     7 5.0552502960343670e-03 -1.0681861980524598e-01
#     8 5.0552502960343670e-03 -6.3670885889427264e-02
#     9 5.0552502960343670e-03 -1.8374661087827426e-02
#sampling: jump_strength=1.2638125740085920e-02 jump_probability=1.2480396914593113e-02 log_scale=1.2558931178164597e-02 back_replicas=4 stratify_forward=0
#adaptive measurement: gap=3.5938804226854387e-02 period_steps=350 nmeas=79 nwf=150 tmax=7.5000000000000000e+01 forced_stride=0
  0.00000000 +5.0000000000000000e+00 +1.9999999999999998e+00 +1.8374661879283106e-03 +1.0000000000000000e+00 +1.0000000000000000e+00 +1.0000000000000000e+00 +1.0000000000000000e+00 +1.0000000000000000e+00 +0.0000000000000000e+00 +0.0000000000000000e+00 +0.0000000000000000e+00 +0.0000000000000000e+00 +0.0000000000000000e+00
  0.50000000 +5.0000000000000000e+00 +1.9999999999144671e+00 +1.8499873497533164e-03 +9.9996821181537476e-01 +1.0000000000107991e+00 +1.0000000000107991e+00 +1.0000000000107991e+00 +1.0000000000107991e+00 +6.3842561556832323e-06 +6.3599424922320441e-06 +6.2626878384272878e-06 +6.4597564790316610e-06 +6.3215524973091134e-06
  1.00000000 +5.0000000000000000e+00 +1.9999999998837690e+00 +1.8854715756858641e-03 +9.9987807344178448e-01 +9.9999999980650112e-01 +9.9999999979012066e-01 +9.9999999980650089e-01 +9.9999999985236543e-01 +2.4678389855012947e-05 +2.4094742265948752e-05 +2.4375672284349239e-05 +2.4667868988208498e-05 +2.4110677458343920e-05
  1.50000000 +5.0000000000000000e+00 +1.9999999882795727e+00 +1.9356234854545152e-03 +9.9975051180841079e-01 +9.9999999825747643e-01 +9.9999999814054907e-01 +9.9999999834201281e-01 +9.9999999843900245e-01 +5.1312382377242052e-05 +5.0050213244099235e-05 +4.9835984103715835e-05 +4.9884126134702108e-05 +4.8412336740199212e-05
  2.00000000 +5.0000000000000000e+00 +1.9999999814286460e+00 +1.9904821713504135e-03 +9.9961065832577722e-01 +9.9999999342223034e-01 +9.9999999293421082e-01 +9.9999999400618123e-01 +9.9999999371279902e-01 +8.2066838184704623e-05 +7.9493579872445274e-05 +7.8411142407992996e-05 +7.5695499457585627e-05 +7.3700507219367150e-05
  2.50000000 +5.0000000000000000e+00 +1.9999999775583808e+00 +2.0387843176800364e-03 +9.9948699457876533e-01 +9.9999998405439317e-01 +9.9999998234059362e-01 +9.9999998418462255e-01 +9.9999998442088256e-01 +1.1156608076876252e-04 +1.0658126281807754e-04 +1.0363812106843188e-04 +9.7899696948934727e-05 +9.3385312160256060e-05
  3.00000000 +5.0000000000000000e+00 +1.9999999812299571e+00 +2.0694178612456452e-03 +9.9940776652378138e-01 +9.9999996636447819e-01 +9.9999996519260648e-01 +9.9999996646782197e-01 +9.9999996810894742e-01 +1.3424713510182544e-04 +1.2563268521350365e-04 +1.1999688329225913e-04 +1.0983284884850330e-04 +1.0265771395905326e-04
  3.50000000 +5.0000000000000000e+00 +1.9999999320097555e+00 +2.0774960292642463e-03 +9.9938554519251965e-01 +9.9999994114292723e-01 +9.9999993940256315e-01 +9.9999994019573890e-01 +9.9999994394736946e-01 +1.4695589847396205e-04 +1.3532756055183856e-04 +1.2362446080328908e-04 +1.0994584461304783e-04 +9.8836204040702845e-05
  4.00000000 +5.0000000000000000e+00 +1.9999999307823484e+00 +2.0606470736698919e-03 +9.9942670112859422e-01 +9.9999990884480461e-01 +9.9999990529412697e-01 +9.9999990765376201e-01 +9.9999991555055767e-01 +1.4685889753590279e-04 +1.3144447670062706e-04 +1.1472832450328923e-04 +9.7727769589981119e-05 +8.2902010484898567e-05
  4.50000000 +5.0000000000000000e+00 +1.9999998805320629e+00 +2.0230407546495783e-03 +9.9952099391582316e-01 +9.9999987099090903e-01 +9.9999986717166345e-01 +9.9999987116567490e-01 +9.9999988273081419e-01 +1.3305971679106459e-04 +1.1445197676103159e-04 +9.6332615900607653e-05 +7.5285296561816928e-05 +6.0384387630762100e-05
  5.00000000 +5.0000000000000000e+00 +1.9999998254318141e+00 +1.9759295617657016e-03 +9.9964030573241913e-01 +9.9999983322578900e-01 +9.9999982833653334e-01 +9.9999983339939924e-01 +9.9999984777311912e-01 +1.1167569125737787e-04 +9.1403220549383612e-05 +6.9775068550250141e-05 +5.1041725968862656e-05 +3.6455685179956571e-05
  5.50000000 +5.0000000000000000e+00 +1.9999996366073096e+00 +1.9230458727855127e-03 +9.9977536060748329e-01 +9.9999980617504447e-01 +9.9999979710274955e-01 +9.9999980223687535e-01 +9.9999982169928114e-01 +8.2389816599458667e-05 +6.1859343334415509e-05 +4.2063002415577057e-05 +2.4870758932080189e-05 +1.4229261795660863e-05
  6.00000000 +5.0000000000000000e+00 +1.9999994215729819e+00 +1.8818245480243313e-03 +9.9988189716151454e-01 +9.9999978529474554e-01 +9.9999977142525331e-01 +9.9999976965649873e-01 +9.9999979430956243e-01 +5.4121068075852050e-05 +3.3345761697455110e-05 +1.7140757571350973e-05 +9.7732427274358505e-06 +4.6014438187218305e-06
  6.50000000 +5.0000000000000000e+00 +1.9999989003508116e+00 +1.8556640675797119e-03 +9.9995110278406762e-01 +9.9999976636543197e-01 +9.9999975793733364e-01 +9.9999974953348525e-01 +9.9999975908083305e-01 +2.6912786100290005e-05 +1.2255260263332497e-05 +3.3701368100362738e-06 +4.3437938340118094e-06 +2.9823217597294000e-06
  7.00000000 +5.0000000000000000e+00 +1.9999989014721888e+00 +1.8521818238560795e-03 +9.9996307325483891e-01 +9.9999974306613704e-01 +9.9999975324703205e-01 +9.9999974187899765e-01 +9.9999976246166200e-01 +8.5860407801900062e-06 +1.6688635580287271e-06 +3.4178345237119419e-06 +7.5107980300971106e-06 +1.6742621735802429e-05
  7.50000000 +5.0000000000000000e+00 +1.9999988822836428e+00 +1.8684839518975105e-03 +9.9992466740909924e-01 +9.9999973493172734e-01 +9.9999974699394911e-01 +9.9999976092781995e-01 +9.9999978374123166e-01 +1.4900073823013798e-06 +5.1013077468071594e-06 +1.2012525224704608e-05 +2.3027263127700247e-05 +3.4674830133062375e-05
  8.00000000 +5.0000000000000000e+00 +1.9999990011336275e+00 +1.9101054192366088e-03 +9.9982094143307521e-01 +9.9999975778561667e-01 +9.9999975518860396e-01 +9.9999974596117525e-01 +9.9999976947521518e-01 +1.3535682695317509e-05 +2.4718059139097526e-05 +3.4526098277051971e-05 +4.6311557085423552e-05 +6.0938821120803985e-05
  8.50000000 +5.0000000000000000e+00 +1.9999984104261783e+00 +1.9491910680898982e-03 +9.9972228372195981e-01 +9.9999978199691075e-01 +9.9999975921740702e-01 +9.9999975456735690e-01 +9.9999974230026745e-01 +2.8385844773191883e-05 +4.1917260510224197e-05 +5.6911131700828307e-05 +7.1986297648753733e-05 +7.9477642402663520e-05
  9.00000000 +5.0000000000000000e+00 +1.9999979783356510e+00 +1.9981795962703531e-03 +9.9959683429806545e-01 +9.9999976235268029e-01 +9.9999975728479662e-01 +9.9999976176395300e-01 +9.9999976377360233e-01 +5.3465728030170950e-05 +7.2115307096262289e-05 +8.7165868376081921e-05 +9.4275536281763207e-05 +9.7097961249596043e-05
  9.50000000 +5.0000000000000000e+00 +1.9999979108140187e+00 +2.0307926185799655e-03 +9.9951136752275260e-01 +9.9999977813781582e-01 +9.9999970049727982e-01 +9.9999975439472688e-01 +9.9999970983259001e-01 +7.9514136561538307e-05 +9.2342912787889562e-05 +1.0627523184445396e-04 +1.0985127533493172e-04 +1.0170614187672786e-04
 10.00000000 +5.0000000000000000e+00 +1.9999978631549382e+00 +2.0479618989688994e-03 +9.9946397158950939e-01 +9.9999968903302217e-01 +9.9999968599683697e-01 +9.9999974532225411e-01 +9.9999968522437999e-01 +1.0971162955466942e-04 +1.1750802276734611e-04 +1.1535838397169709e-04 +1.0484278379851257e-04 +8.9801991829095921e-05
 10.50000000 +5.0000000000000000e+00 +1.9999974742971285e+00 +2.0481003595075264e-03 +9.9945951511768971e-01 +9.9999973378794904e-01 +9.9999964918683182e-01 +9.9999965763417875e-01 +9.9999960319506032e-01 +1.3127182954559636e-04 +1.2600916089859445e-04 +1.2084747105543795e-04 +9.2231102843102027e-05 +7.1481478246263394e-05
 11.00000000 +5.0000000000000000e+00 +1.9999968719262537e+00 +2.0287487620187657e-03 +9.9950493560639264e-01 +9.9999969997744897e-01 +9.9999962599647296e-01 +9.9999965333992102e-01 +9.9999957653934113e-01 +1.4210010172152393e-04 +1.2399360550239167e-04 +1.0525840069928335e-04 +7.9215105376282874e-05 +4.5941407073796803e-05
 11.50000000 +5.0000000000000000e+00 +1.9999975840244890e+00 +1.9959660352387304e-03 +9.9958578890267236e-01 +9.9999961438738771e-01 +9.9999959849737419e-01 +9.9999950718401609e-01 +9.9999947131009148e-01 +1.4359319304766682e-04 +1.1279505481657759e-04 +8.7127061988495318e-05 +5.0737016406519093e-05 +2.1767395798777579e-05
 12.00000000 +5.0000000000000000e+00 +1.9999976532077668e+00 +1.9603173187075491e-03 +9.9967565684425197e-01 +9.9999949259382503e-01 +9.9999948322840515e-01 +9.9999942875563852e-01 +9.9999927380812093e-01 +1.2859090537400226e-04 +9.5282163059226535e-05 +6.0688355246745058e-05 +2.8569126373926447e-05 +1.3534178479562084e-05
 12.50000000 +5.0000000000000000e+00 +1.9999980799315273e+00 +1.9238745067343310e-03 +9.9976988177958415e-01 +9.9999951800745190e-01 +9.9999947506750553e-01 +9.9999934502067289e-01 +9.9999936559031299e-01 +1.0947551122477904e-04 +7.2263516293792735e-05 +3.0310973693351888e-05 +1.5793971953370506e-05 +4.5705379941060198e-06
 13.00000000 +5.0000000000000000e+00 +1.9999982447969198e+00 +1.8981307734777530e-03 +9.9983797008033715e-01 +9.9999953011005460e-01 +9.9999942182112111e-01 +9.9999929849367020e-01 +9.9999930381483637e-01 +8.2354222670892959e-05 +4.9172447556651166e-05 +2.3354253878745779e-05 +6.5977829116539138e-06 +2.9970686231951584e-06
 13.50000000 +5.0000000000000000e+00 +1.9999979842462934e+00 +1.8870748823847708e-03 +9.9987050018202195e-01 +9.9999942738077163e-01 +9.9999928824942097e-01 +9.9999925508728915e-01 +9.9999932220275101e-01 +5.3875569578059788e-05 +1.9492682994689219e-05 +2.0111756832497786e-05 +1.3407784359713609e-05 +2.5319162422374039e-05
 14.00000000 +5.0000000000000000e+00 +1.9999979268718364e+00 +1.8883645306418618e-03 +9.9987168462429921e-01 +9.9999941121878477e-01 +9.9999928908224511e-01 +9.9999926665397587e-01 +9.9999924895791958e-01 +2.8845342183081396e-05 +1.2579857714267990e-05 +1.1119883509487431e-05 +2.8113769201768012e-05 +5.0440589455543212e-05
 14.50000000 +5.0000000000000000e+00 +1.9999984543556801e+00 +1.8975809834433236e-03 +9.9985171763320568e-01 +9.9999939700392182e-01 +9.9999930787703417e-01 +9.9999919335667686e-01 +9.9999944505021565e-01 +1.5644153000648492e-05 +9.6610183062126921e-06 +1.0134938391732502e-05 +4.8171399523826745e-05 +6.7327555275495561e-05
 15.00000000 +5.0000000000000000e+00 +1.9999986662643507e+00 +1.9191507267837084e-03 +9.9979984218686724e-01 +9.9999926273980888e-01 +9.9999942156077837e-01 +9.9999930399533288e-01 +9.9999920952771282e-01 +1.0880997065632410e-05 +5.6247579929556827e-06 +4.0979870934114970e-05 +6.0711217121794402e-05 +8.4763128051605182e-05
 15.50000000 +5.0000000000000000e+00 +1.9999970718201083e+00 +1.9549137693707901e-03 +9.9970886225918409e-01 +9.9999970226466206e-01 +9.9999941203687592e-01 +9.9999926035589892e-01 +9.9999928480715738e-01 +1.6886087391180891e-05 +2.5720324886386637e-05 +5.3831802675790940e-05 +9.6484694150777379e-05 +1.0055542126282505e-04
 16.00000000 +5.0000000000000000e+00 +1.9999974121859054e+00 +1.9870296440626864e-03 +9.9962604499765984e-01 +9.9999944943429520e-01 +9.9999931981243051e-01 +9.9999918558457257e-01 +9.9999941362167455e-01 +2.7035140010078087e-05 +6.3674900435241154e-05 +9.4493131052779107e-05 +1.0332996783785568e-04 +8.8053356210162338e-05
 16.50000000 +5.0000000000000000e+00 +1.9999945200031601e+00 +2.0017137097474271e-03 +9.9958523654107057e-01 +9.9999964557962639e-01 +9.9999914894222341e-01 +9.9999930974152751e-01 +9.9999950423770334e-01 +4.0557543990481694e-05 +8.4811234096170520e-05 +1.0269514772797831e-04 +1.0225956723430397e-04 +8.6831482876120663e-05
 17.00000000 +5.0000000000000000e+00 +1.9999950873014496e+00 +2.0092157621550595e-03 +9.9956202776122005e-01 +9.9999947127503708e-01 +9.9999954655049106e-01 +9.9999947165954106e-01 +9.9999909613838178e-01 +7.9283217388931827e-05 +9.7761237534727281e-05 +1.1392175168972011e-04 +8.2343753767129206e-05 +6.7076707448831456e-05
 17.50000000 +5.0000000000000000e+00 +1.9999973882189539e+00 +2.0097240293797591e-03 +9.9955773376727464e-01 +9.9999973186350533e-01 +9.9999922465890889e-01 +9.9999920871122572e-01 +9.9999910497442035e-01 +1.0472089818644886e-04 +1.0439851629734033e-04 +1.0629137734396231e-04 +9.5369336459437095e-05 +3.4215979233441672e-05
 18.00000000 +5.0000000000000000e+00 +1.9999970962681952e+00 +2.0050999994244150e-03 +9.9956639424187621e-01 +9.9999949297847102e-01 +9.9999916279434919e-01 +9.9999919563687922e-01 +9.9999903008382418e-01 +1.2482110228027299e-04 +1.2760261182750762e-04 +9.4447043630759486e-05 +5.8904313723100175e-05 +3.0949193316107423e-05
 18.50000000 +5.0000000000000000e+00 +1.9999958348127809e+00 +1.9703869882586188e-03 +9.9965178064080329e-01 +9.9999940744923077e-01 +9.9999937890211044e-01 +9.9999929594183568e-01 +9.9999908170737273e-01 +1.3380106554594960e-04 +1.0555265294565908e-04 +7.0654686798348002e-05 +2.7928381618149483e-05 +1.3118661375824919e-05
 19.00000000 +5.0000000000000000e+00 +1.9999957094785175e+00 +1.9572583646739299e-03 +9.9968555374865231e-01 +9.9999941384855995e-01 +9.9999929386688802e-01 +9.9999914876089246e-01 +9.9999910891520816e-01 +1.4215911910069688e-04 +9.7497929115984174e-05 +5.5849471935775425e-05 +1.0622593942837926e-05 +1.1351745336115433e-05
 19.50000000 +5.0000000000000000e+00 +1.9999971799237601e+00 +1.9372590725274654e-03 +9.9973844777059861e-01 +9.9999967829494540e-01 +9.9999889561881050e-01 +9.9999936702474657e-01 +9.9999877709981855e-01 +1.0801809726902738e-04 +7.3820805056313356e-05 +2.0211836143666336e-05 +2.2797554896797167e-05 +3.9985835152175285e-05
 20.00000000 +5.0000000000000000e+00 +1.9999955158320175e+00 +1.9205268585306440e-03 +9.9978255210267086e-01 +9.9999948032099650e-01 +9.9999903407040214e-01 +9.9999893704024634e-01 +9.9999940901529161e-01 +1.0075192724057169e-04 +5.5066948832517924e-05 +2.2243054227540712e-05 +1.8928906012486994e-05 +2.3596557944649896e-05
 20.50000000 +5.0000000000000000e+00 +1.9999936812578920e+00 +1.9230972295710648e-03 +9.9977808479570429e-01 +9.9999915589363420e-01 +9.9999936261061195e-01 +9.9999953778745088e-01 +9.9999900395926389e-01 +8.3888167692747526e-05 +3.7066690881381869e-05 +2.6420273107748556e-06 +2.2405792185087602e-05 +7.8852290591898414e-05
 21.00000000 +5.0000000000000000e+00 +1.9999949115413382e+00 +1.9358121256473782e-03 +9.9974934309292551e-01 +9.9999999261846084e-01 +9.9999932793671553e-01 +9.9999883660245492e-01 +9.9999906721898657e-01 +6.3390130293851501e-05 +3.5760078623044656e-05 +2.6916618831693938e-05 +5.1305420228634189e-05 +7.6060311500619637e-05
 21.50000000 +5.0000000000000000e+00 +1.9999948236798679e+00 +1.9423677725771864e-03 +9.9973444364475716e-01 +9.9999914288400316e-01 +9.9999945486665553e-01 +9.9999879799601266e-01 +9.9999903851099814e-01 +6.6495756599200032e-05 +2.5850299058303510e-05 +2.6152210332115924e-05 +5.7763122152827948e-05 +9.2860683676637698e-05
 22.00000000 +5.0000000000000000e+00 +1.9999987853660528e+00 +1.9304103608488393e-03 +9.9976752697196147e-01 +9.9999981713077257e-01 +9.9999965376403999e-01 +9.9999914208996976e-01 +9.9999802605396793e-01 +1.9029236540882961e-05 +1.4407704789919384e-05 +4.1157990476371459e-05 +7.1370970106018265e-05 +8.9868018287466079e-05
 22.50000000 +5.0000000000000000e+00 +1.9999973071320676e+00 +1.9480445412144631e-03 +9.9972228571047950e-01 +9.9999953045503343e-01 +9.9999957125683259e-01 +9.9999863548353218e-01 +9.9999862500267600e-01 +1.7967470959716950e-05 +3.8257568818113301e-05 +6.6612077731329205e-05 +8.0626818145174760e-05 +7.7888114951277809e-05
 23.00000000 +5.0000000000000000e+00 +1.9999958295451152e+00 +1.9656710029828501e-03 +9.9967706425139646e-01 +9.9999924390477435e-01 +9.9999948878573919e-01 +9.9999812909883945e-01 +9.9999922368921990e-01 +1.6906170120359755e-05 +6.2096993603271610e-05 +9.2055023564147594e-05 +8.9878614838501044e-05 +6.5913455297918132e-05
 23.50000000 +5.0000000000000000e+00 +1.9999942452494910e+00 +1.9720276131128932e-03 +9.9965880428813481e-01 +9.9999947887151686e-01 +9.9999942618455229e-01 +9.9999849951159958e-01 +9.9999889430379596e-01 +3.6560010388025837e-05 +6.9496271186904787e-05 +9.5837632845513851e-05 +8.8883655800650773e-05 +5.4119244768638248e-05
 24.00000000 +5.0000000000000000e+00 +1.9999926604373504e+00 +1.9783862956413737e-03 +9.9964053837171274e-01 +9.9999971391486342e-01 +9.9999936356295571e-01 +9.9999887004512222e-01 +9.9999856481098459e-01 +5.6220258251411623e-05 +7.6897961102109200e-05 +9.9621475342918808e-05 +8.7888372383687508e-05 +4.2321189060407273e-05
 24.50000000 +5.0000000000000000e+00 +1.9999917094041024e+00 +1.9755262896176112e-03 +9.9964569689508476e-01 +9.9999946902650483e-01 +9.9999893792363748e-01 +9.9999872227798436e-01 +9.9999913686040676e-01 +6.8617296476013807e-05 +9.3781540279194581e-05 +9.9547278319111194e-05 +7.0314657841591914e-05 +2.5776222842544021e-05
 25.00000000 +5.0000000000000000e+00 +1.9999907580620837e+00 +1.9726653550403385e-03 +9.9965085709326595e-01 +9.9999922405863872e-01 +9.9999851214612767e-01 +9.9999857446287133e-01 +9.9999970909555547e-01 +8.1018359626879507e-05 +1.1067060102050695e-04 +9.9473057205876376e-05 +5.2735237670141410e-05 +9.2258849973732541e-06
 25.50000000 +5.0000000000000000e+00 +1.9999913216030691e+00 +1.9578445230042474e-03 +9.9968859277411037e-01 +9.9999966320637801e-01 +9.9999896666596377e-01 +9.9999838809463770e-01 +9.9999911923717610e-01 +9.7346765390573091e-05 +8.9009093054670510e-05 +7.8468318660196288e-05 +2.2845875437367894e-05 +2.7600001749258080e-05
 26.00000000 +5.0000000000000000e+00 +1.9999918850558478e+00 +1.9430260107468407e-03 +9.9972632254850946e-01 +1.0000001022853813e+00 +9.9999942111465767e-01 +9.9999820175557474e-01 +9.9999852947112222e-01 +1.1367261540789815e-04 +6.7350975580295460e-05 +5.7466867807450596e-05 -7.0388084679504664e-06 +4.5971242557046298e-05
 26.50000000 +5.0000000000000000e+00 +1.9999919089440124e+00 +1.9461283820182550e-03 +9.9971889396108393e-01 +1.0000005846242974e+00 +9.9999906238520353e-01 +9.9999876760898943e-01 +9.9999927584470283e-01 +1.1440077727867312e-04 +7.6077708884297423e-05 +3.9408505111467551e-05 -3.5747672498390566e-07 +5.3886102386866887e-05
 27.00000000 +5.0000000000000000e+00 +1.9999919328336933e+00 +1.9492309501359750e-03 +9.9971146490231255e-01 +1.0000010669938182e+00 +9.9999870363298793e-01 +9.9999933349830772e-01 +1.0000000222656409e+00 +1.1512898535151800e-04 +8.4804995901914927e-05 +2.1348996607431180e-05 +6.3242789503095734e-06 +6.1801464416708961e-05
 27.50000000 +5.0000000000000000e+00 +1.9999895809598955e+00 +1.9646789226092222e-03 +9.9967131619386329e-01 +1.0000003803312663e+00 +9.9999880506339234e-01 +1.0000000874195494e+00 +9.9999960109833863e-01 +1.0996298534400271e-04 +7.4318032413124419e-05 +3.0921929164665359e-05 +4.2219531353084433e-05 +7.2387406468424616e-05
 28.00000000 +5.0000000000000000e+00 +1.9999872308966382e+00 +1.9801150027885751e-03 +9.9963119839304548e-01 +9.9999969419732704e-01 +9.9999890641571265e-01 +1.0000008407604006e+00 +9.9999918025526302e-01 +1.0480096227200160e-04 +6.3839142090705165e-05 +4.0487492202850696e-05 +7.8087150557279466e-05 +8.2965199157222116e-05
 28.50000000 +5.0000000000000000e+00 +1.9999874687613666e+00 +1.9799939367593600e-03 +9.9963318135538770e-01 +9.9999955068797730e-01 +1.0000000168419196e+00 +9.9999991992900283e-01 +9.9999830455794358e-01 +9.0260519094799974e-05 +4.4809310974989938e-05 +5.7314559201486129e-05 +9.3953317656978250e-05 +8.2688883738516101e-05
 29.00000000 +5.0000000000000000e+00 +1.9999877066473617e+00 +1.9798728599057297e-03 +9.9963516449502499e-01 +9.9999940716579649e-01 +1.0000011273674085e+00 +9.9999899901527423e-01 +9.9999742878232911e-01 +7.5718775868406342e-05 +2.5777778417560404e-05 +7.4143130694488677e-05 +1.0982090333776614e-04 +8.2412543614673387e-05
 29.50000000 +5.0000000000000000e+00 +1.9999840111696428e+00 +1.9685242352055986e-03 +9.9966352896512978e-01 +1.0000004217358971e+00 +1.0000005884553520e+00 +9.9999871013162200e-01 +9.9999826844589834e-01 +6.5811110837287642e-05 +4.3266580892993316e-05 +8.0341441923396012e-05 +9.8011011539293115e-05 +5.1052106259493865e-05
 30.00000000 +5.0000000000000000e+00 +1.9999803140287773e+00 +1.9571705030704853e-03 +9.9969190620063031e-01 +1.0000014367626033e+00 +1.0000000493007584e+00 +9.9999842111795778e-01 +9.9999910848735696e-01 +5.5898986873363715e-05 +6.0763254183076985e-05 +8.6542542694863453e-05 +8.6195804713131807e-05 +1.9677555176965864e-05
 30.50000000 +5.0000000000000000e+00 +1.9999798974253127e+00 +1.9613055238929542e-03 +9.9968096527670103e-01 +9.9999993573589208e-01 +9.9999974870665109e-01 +9.9999853585275433e-01 +9.9999841594814953e-01 +3.7786396615744940e-05 +7.5241993329991876e-05 +9.2549275876474766e-05 +9.3553084101051214e-05 +2.3267752059827468e-05
 31.00000000 +5.0000000000000000e+00 +1.9999794809814055e+00 +1.9654389610290488e-03 +9.9967002854307518e-01 +9.9999843528406451e-01 +9.9999944822766962e-01 +9.9999865054360848e-01 +9.9999772367418027e-01 +1.9680743363676846e-05 +8.9715187212955022e-05 +9.8553708517918750e-05 +1.0090754569829432e-04 +2.6856573920378620e-05
 31.50000000 +5.0000000000000000e+00 +1.9999825155212658e+00 +1.9825162412678552e-03 +9.9962916169288285e-01 +9.9999966471112312e-01 +9.9999977258495121e-01 +9.9999836688915056e-01 +9.9999861700743453e-01 +6.2550324549593623e-05 +1.0762460350290276e-04 +9.2861578877394483e-05 +6.9586066747406668e-05 +4.1794537865603944e-05
 32.00000000 +5.0000000000000000e+00 +1.9999855496057335e+00 +1.9995909587246920e-03 +9.9958830097556528e-01 +1.0000008939536820e+00 +1.0000000968935567e+00 +9.9999808327726070e-01 +9.9999951020662659e-01 +1.0541347231120839e-04 +1.2553133213249069e-04 +8.7170303452940124e-05 +3.8269288200821642e-05 +5.6730260075370007e-05
 32.50000000 +5.0000000000000000e+00 +1.9999885622269178e+00 +1.9792702061197523e-03 +9.9963909871991208e-01 +1.0000006764013274e+00 +9.9999791866834431e-01 +9.9999766680324642e-01 +1.0000000981138601e+00 +9.0902356808498171e-05 +1.0293696062287858e-04 +7.0038139246578524e-05 +3.5165873072112219e-05 +6.5497949738089402e-05
 33.00000000 +5.0000000000000000e+00 +1.9999915748534405e+00 +1.9589494175085401e-03 +9.9968989655426732e-01 +1.0000004588485876e+00 +9.9999574043927242e-01 +9.9999725032849440e-01 +1.0000006860221353e+00 +7.6391215593591869e-05 +8.0342549078376636e-05 +5.2905944683793596e-05 +3.2062452444472118e-05 +7.4265654936248241e-05
 33.50000000 +5.0000000000000000e+00 +1.9999931151334445e+00 +1.9701540587407219e-03 +9.9966156899340408e-01 +1.0000001792259083e+00 +9.9999733385235612e-01 +9.9999918944751609e-01 +1.0000001419341733e+00 +9.7076982201405187e-05 +9.6323774960012373e-05 +3.9530028660365289e-05 +4.4475093099164029e-05 +6.4180658514774406e-05
 34.00000000 +5.0000000000000000e+00 +1.9999946555834240e+00 +1.9813599364435774e-03 +9.9963323830649742e-01 +9.9999989957237156e-01 +9.9999892744127838e-01 +1.0000011287805264e+00 +9.9999959778616954e-01 +1.1776503155466622e-04 +1.1230676442485593e-04 +2.6152636558627203e-05 +5.6889103531417763e-05 +5.4094549179280638e-05
 34.50000000 +5.0000000000000000e+00 +1.9999912655128016e+00 +1.9891205750164217e-03 +9.9961094899363323e-01 +1.0000001396053151e+00 +9.9999771335378662e-01 +1.0000016554299105e+00 +9.9999836879835002e-01 +9.0733585013631220e-05 +1.0322912450603112e-04 +4.6686842822395974e-05 +6.9560083406150359e-05 +8.0964164364992800e-05
 35.00000000 +5.0000000000000000e+00 +1.9999878762479026e+00 +1.9968793691044133e-03 +9.9958866497830978e-01 +1.0000003795812091e+00 +9.9999649955484904e-01 +1.0000021819541243e+00 +9.9999714010262630e-01 +6.3708563084850930e-05 +9.4153642086124386e-05 +6.7216168684629322e-05 +8.2228051746429569e-05 +1.0782739340119794e-04
 35.50000000 +5.0000000000000000e+00 +1.9999859472580419e+00 +1.9753814200032084e-03 +9.9964241947425103e-01 +1.0000002272238810e+00 +9.9999811732618982e-01 +1.0000017162797057e+00 +9.9999882631757042e-01 +5.7380261170247188e-05 +7.2341099315678312e-05 +5.1069383608782694e-05 +9.9451038883063524e-05 +7.8451582827317981e-05
 36.00000000 +5.0000000000000000e+00 +1.9999840181011888e+00 +1.9538816098150450e-03 +9.9969617862374283e-01 +1.0000000748533635e+00 +9.9999973523758201e-01 +1.0000012505649740e+00 +1.0000005126784912e+00 +5.1051411411748564e-05 +5.0526668223759885e-05 +3.4921200698612541e-05 +1.1667551702130933e-04 +4.9073229176527727e-05
 36.50000000 +5.0000000000000000e+00 +1.9999864218565320e+00 +1.9627307663059369e-03 +9.9967713581574513e-01 +1.0000004848231410e+00 +1.0000002123687441e+00 +9.9999861489346364e-01 +9.9999898031844181e-01 +5.7056600582301600e-05 +7.5739487244103057e-05 +6.1459053164268420e-05 +9.4832959697991679e-05 +3.5483668816378425e-05
 37.00000000 +5.0000000000000000e+00 +1.9999888261510130e+00 +1.9715819075717855e-03 +9.9965808873664130e-01 +1.0000008948848704e+00 +1.0000006896069218e+00 +9.9999597863079914e-01 +9.9999744761469977e-01 +6.3063136655137214e-05 +1.0095796124092144e-04 +8.8002857797798655e-05 +7.2985503313298896e-05 +2.1891060457348743e-05
 37.50000000 +5.0000000000000000e+00 +1.9999840340938990e+00 +1.9904221538919516e-03 +9.9960852630547536e-01 +1.0000006574325155e+00 +1.0000010018537069e+00 +9.9999905512940857e-01 +9.9999838440534172e-01 +9.7858804031116138e-05 +9.4285938137126098e-05 +9.3783875688185084e-05 +7.6209690193248530e-05 +3.0236551717502836e-05
 38.00000000 +5.0000000000000000e+00 +1.9999792450889233e+00 +2.0092504005553222e-03 +9.9955899544142113e-01 +1.0000004201313974e+00 +1.0000013139016171e+00 +1.0000021296685462e+00 +9.9999932059932650e-01 +1.3263230948525149e-04 +8.7618164552472492e-05 +9.9561211555023016e-05 +7.9431823536564686e-05 +3.8576727599651520e-05
 38.50000000 +5.0000000000000000e+00 +1.9999806243671863e+00 +2.0008107980797394e-03 +9.9958391950238246e-01 +1.0000014542526172e+00 +1.0000040326255122e+00 +1.0000008497980981e+00 +9.9999729656466230e-01 +1.0756305880563145e-04 +1.2722255913014859e-04 +7.7842350085936156e-05 +5.5950666441156273e-05 +4.3868599117721573e-05
 39.00000000 +5.0000000000000000e+00 +1.9999820043028504e+00 +1.9923671730647831e-03 +9.9960885544281541e-01 +1.0000024888667267e+00 +1.0000067526452241e+00 +9.9999956931762957e-01 +9.9999527156528978e-01 +8.2481859453282453e-05 +1.6684583021735764e-04 +5.6113136828873816e-05 +3.2458317600728601e-05 +4.9162992882734764e-05
 39.50000000 +5.0000000000000000e+00 +1.9999867286447661e+00 +1.9788392434673275e-03 +9.9964382130127405e-01 +1.0000003967059701e+00 +1.0000018430260422e+00 +9.9999701225793236e-01 +9.9999727825451579e-01 +7.6936285789337911e-05 +1.4197877668756069e-04 +4.6698875960042029e-05 +3.7439769557616232e-05 +5.6594720094678297e-05
 40.00000000 +5.0000000000000000e+00 +1.9999914561776093e+00 +1.9653021768028475e-03 +9.9967881077645759e-01 +9.9999830313212157e-01 +9.9999693009079371e-01 +9.9999445347114024e-01 +9.9999928629910462e-01 +7.1386966520576786e-05 +1.1709492739214599e-04 +3.7278256488297050e-05 +4.2424586098868642e-05 +6.4031466861843276e-05
 40.50000000 +5.0000000000000000e+00 +1.9999881849503276e+00 +1.9734272745018720e-03 +9.9965541823774540e-01 +9.9999928854292541e-01 +9.9999698506859580e-01 +9.9999637278680431e-01 +9.9999696871404309e-01 +1.0216109365865737e-04 +1.1579661087983672e-04 +4.5796008133088143e-05 +2.4051757076381089e-05 +6.7161178003178511e-05
 41.00000000 +5.0000000000000000e+00 +1.9999849141813857e+00 +1.9815512337723433e-03 +9.9963202897662240e-01 +1.0000002738156606e+00 +9.9999704003869461e-01 +9.9999829183354771e-01 +9.9999465145370436e-01 +1.3293090895381360e-04 +1.1449847627802784e-04 +5.4312566333561662e-05 +5.6815023187123258e-06 +7.0290450632552723e-05
 41.50000000 +5.0000000000000000e+00 +1.9999812149491649e+00 +1.9808308315646694e-03 +9.9962987157412164e-01 +9.9999895527055882e-01 +9.9999896834175805e-01 +9.9999720919633384e-01 +9.9999551064425918e-01 +1.3566325158967884e-04 +9.0998613590238269e-05 +5.1453592751973438e-05 +5.3224803623790279e-05 +4.8144716748371834e-05
 42.00000000 +5.0000000000000000e+00 +1.9999775170952812e+00 +1.9801106977795236e-03 +9.9962771497547054e-01 +9.9999763721674784e-01 +1.0000008959263338e+00 +9.9999612696251161e-01 +9.9999636951467874e-01 +1.3839457615215148e-04 +6.7507506973015071e-05 +4.8595684426585216e-05 +1.0075039025084147e-04 +2.6007234385113020e-05
 42.50000000 +5.0000000000000000e+00 +1.9999807779200940e+00 +1.9857100119258296e-03 +9.9961472290561237e-01 +9.9999952410341131e-01 +9.9999939875627109e-01 +9.9999874640456654e-01 +9.9999640685323965e-01 +1.2610241009568352e-04 +4.3191903318480685e-05 +7.3194438170302726e-05 +1.1519190444551524e-04 +3.3520304754293311e-05
 43.00000000 +5.0000000000000000e+00 +1.9999840374980811e+00 +1.9913071850898986e-03 +9.9960173580346823e-01 +1.0000014102685952e+00 +9.9999790215867401e-01 +1.0000013648450381e+00 +9.9999644417752365e-01 +1.1381494413434996e-04 +1.8885597101834817e-05 +9.7783786209423420e-05 +1.2962789670936843e-04 +4.1030502387673900e-05
 43.50000000 +5.0000000000000000e+00 +1.9999868006057711e+00 +1.9923066630647261e-03 +9.9960495260408655e-01 +1.0000016267744865e+00 +1.0000012135251364e+00 +9.9999770924049824e-01 +9.9999790659094512e-01 +1.0203130480809444e-04 +4.0967550961870097e-05 +7.8647852512739731e-05 +1.0653348500006149e-04 +6.8411075235132461e-05
 44.00000000 +5.0000000000000000e+00 +1.9999895633761637e+00 +1.9933060190317738e-03 +9.9960816901202521e-01 +1.0000018432539486e+00 +1.0000045244873750e+00 +9.9999405408220310e-01 +9.9999936882584739e-01 +9.0249103928420133e-05 +6.3046809244575030e-05 +5.9514254768272674e-05 +8.3441892460337798e-05 +9.5788305694869021e-05
 44.50000000 +5.0000000000000000e+00 +1.9999877074653820e+00 +1.9786204114315624e-03 +9.9964462090155082e-01 +1.0000022653647216e+00 +1.0000031537341132e+00 +9.9999593695819533e-01 +9.9999948458665266e-01 +1.0358232683466816e-04 +4.9517547534071366e-05 +4.5175457171685010e-05 +6.3649890729763168e-05 +9.2613257764411611e-05
 45.00000000 +5.0000000000000000e+00 +1.9999858515431319e+00 +1.9639347130906439e-03 +9.9968107301630760e-01 +1.0000026874781023e+00 +1.0000017829723811e+00 +9.9999781984582092e-01 +9.9999960034817281e-01 +1.1691563212539115e-04 +3.5988202227791060e-05 +3.0836570977290108e-05 +4.3857766706650246e-05 +8.9438190215692393e-05
 45.50000000 +5.0000000000000000e+00 +1.9999839956094145e+00 +1.9492489240081775e-03 +9.9971752535629943e-01 +1.0000031095940916e+00 +1.0000004122021795e+00 +9.9999970274508132e-01 +9.9999971611040861e-01 +1.3024901980135281e-04 +2.2458773324959381e-05 +1.6497596184266866e-05 +2.4065520389865657e-05 +8.6263103048529627e-05
 46.00000000 +5.0000000000000000e+00 +1.9999821396642297e+00 +1.9345630441833220e-03 +9.9975397792152709e-01 +1.0000035317126890e+00 +9.9999904142350793e-01 +1.0000015856559756e+00 +9.9999983187335928e-01 +1.4358248986331659e-04 +8.9292608248014799e-06 +2.1585327917940754e-06 +4.2731517782758729e-06 +8.3087996262741452e-05
 46.50000000 +5.0000000000000000e+00 +1.9999802837075766e+00 +1.9198770736152363e-03 +9.9979043071199336e-01 +1.0000039538338945e+00 +9.9999767063636635e-01 +1.0000034685785046e+00 +9.9999994763702549e-01 +1.5691604231204615e-04 -4.6003352734574369e-06 -1.2180619200949412e-05 -1.5519339129252548e-05 +7.9912869858146033e-05
 47.00000000 +5.0000000000000000e+00 +1.9999813660522661e+00 +1.9262514555109037e-03 +9.9977207447050409e-01 +1.0000034971103255e+00 +9.9999621852877907e-01 +1.0000039487685330e+00 +9.9999994020837302e-01 +1.3805904914034295e-04 +1.2160733194150266e-05 +6.8421150197202301e-06 +1.7355544666882609e-05 +4.9903483935226046e-05
 47.50000000 +5.0000000000000000e+00 +1.9999824484143849e+00 +1.9326259400510287e-03 +9.9975371793343093e-01 +1.0000030403794027e+00 +9.9999476639780938e-01 +1.0000044289662942e+00 +9.9999993277960131e-01 +1.1920175232103116e-04 +2.8922071559419426e-05 +2.5865155556869073e-05 +5.0230957835848287e-05 +1.9893614781592124e-05
 48.00000000 +5.0000000000000000e+00 +1.9999835307939315e+00 +1.9390005272380880e-03 +9.9973536110076588e-01 +1.0000025836411244e+00 +9.9999331424345583e-01 +1.0000049091717871e+00 +9.9999992535070936e-01 +1.0034415184677623e-04 +4.5683679828869173e-05 +4.4888502417895916e-05 +8.3106900390430983e-05 -1.0116737614427787e-05
 48.50000000 +5.0000000000000000e+00 +1.9999846131909087e+00 +1.9453752170745639e-03 +9.9971700397250285e-01 +1.0000021268954917e+00 +9.9999186206571866e-01 +1.0000053893850132e+00 +9.9999991792169818e-01 +8.1486247710243727e-05 +6.2445558009018904e-05 +6.3912155610199850e-05 +1.1598337234341778e-04 -4.0127573264506107e-05
 49.00000000 +5.0000000000000000e+00 +1.9999856956053153e+00 +1.9517500095629344e-03 +9.9969864654863394e-01 +1.0000016701425039e+00 +9.9999040986459709e-01 +1.0000058696059722e+00 +9.9999991049256720e-01 +6.2628039904098781e-05 +7.9207706106388165e-05 +8.2936115141180139e-05 +1.4886037370759596e-04 -7.0138892180315600e-05
 49.50000000 +5.0000000000000000e+00 +1.9999828262889685e+00 +1.9336678661775353e-03 +9.9974340898045733e-01 +1.0000029261873724e+00 +9.9999312041936816e-01 +1.0000060675060780e+00 +1.0000006917391129e+00 +6.3069335052779401e-05 +5.2848741339260521e-05 +8.0599725403821204e-05 +1.1018232552354952e-04 -5.2914963691244455e-05
 50.00000000 +5.0000000000000000e+00 +1.9999799563087550e+00 +1.9155815391697511e-03 +9.9978818176885786e-01 +1.0000041825228492e+00 +9.9999583160127403e-01 +1.0000062654519719e+00 +1.0000014731664140e+00 +6.3510732302866004e-05 +2.6483677961325944e-05 +7.8262795101541495e-05 +7.1495328491749351e-05 -3.5687050142921193e-05
 50.50000000 +5.0000000000000000e+00 +1.9999770856644434e+00 +1.8974910270874805e-03 +9.9983296491742957e-01 +1.0000054391490347e+00 +9.9999854341053163e-01 +1.0000064634436687e+00 +1.0000022547745324e+00 +6.3952231689797095e-05 +1.1251385580799509e-07 +7.5925324046715434e-05 +3.2799379506125827e-05 -1.8455150152165321e-05
 51.00000000 +5.0000000000000000e+00 +1.9999742143558052e+00 +1.8793963284779525e-03 +9.9987775842977022e-01 +1.0000066960660305e+00 +1.0000012558473599e+00 +1.0000066614811858e+00 +1.0000030365635320e+00 +6.4393833249027670e-05 -2.6264753095049495e-05 +7.3587312051630709e-05 -5.9055245408283695e-06 -1.2192623351561585e-06
 51.50000000 +5.0000000000000000e+00 +1.9999713423826078e+00 +1.8612974418877218e-03 +9.9992256230947663e-01 +1.0000079532739368e+00 +1.0000039689119757e+00 +1.0000068595645377e+00 +1.0000038185334748e+00 +6.4835537016029029e-05 -5.2648125009982971e-05 +7.1248758928488013e-05 -4.4619386758058936e-05 +1.6020614692567543e-05
 52.00000000 +5.0000000000000000e+00 +1.9999765661644655e+00 +1.8844520411128748e-03 +9.9986857385902617e-01 +1.0000076014566122e+00 +1.0000020803923930e+00 +1.0000054949345132e+00 +1.0000047171977036e+00 +5.6984025031445614e-05 -1.1846174179102632e-05 +6.9707555794671058e-05 -2.1098307159143156e-05 +1.7785054746148834e-05
 52.50000000 +5.0000000000000000e+00 +1.9999817898277366e+00 +1.9076061147017672e-03 +9.9981458663417577e-01 +1.0000072496472738e+00 +1.0000001919156813e+00 +1.0000041303354670e+00 +1.0000056158415314e+00 +4.9132691285291579e-05 +2.8954850400165577e-05 +6.8166387647952933e-05 +2.4222384839824331e-06 +1.9549454744894239e-05
 53.00000000 +5.0000000000000000e+00 +1.9999870133724262e+00 +1.9307596626722975e-03 +9.9976060063488470e-01 +1.0000068978459224e+00 +9.9999830348184005e-01 +1.0000027657673987e+00 +1.0000065144649593e+00 +4.1281535771497737e-05 +6.9754948759361774e-05 +6.6625254487142331e-05 +2.5942250189499729e-05 +2.1313814690167684e-05
 53.50000000 +5.0000000000000000e+00 +1.9999922367985377e+00 +1.9539126850423635e-03 +9.9970661586110998e-01 +1.0000065460525565e+00 +9.9999641509086745e-01 +1.0000014012303069e+00 +1.0000074130679877e+00 +3.3430558483995063e-05 +1.1055412093002463e-04 +6.5084156311047916e-05 +4.9461727975589843e-05 +2.3078134583333032e-05
 54.00000000 +5.0000000000000000e+00 +1.9999974601060755e+00 +1.9770651818298629e-03 +9.9965263231281087e-01 +1.0000061942671770e+00 +9.9999452674276201e-01 +1.0000000367241906e+00 +1.0000083116506178e+00 +2.5579759416714863e-05 +1.5135236694369144e-04 +6.3543093118478448e-05 +7.2980671860433034e-05 +2.4842414425754077e-05
 54.50000000 +5.0000000000000000e+00 +1.9999940339844660e+00 +1.9808942086900561e-03 +9.9963981582081585e-01 +1.0000066789513493e+00 +9.9999655330086734e-01 +1.0000001147465747e+00 +1.0000072318636737e+00 +4.7916810703729185e-05 +1.3934496623439180e-04 +7.4779007720603626e-05 +7.3549268014734873e-05 +1.4015267552817208e-05
 55.00000000 +5.0000000000000000e+00 +1.9999906080801491e+00 +1.9847229927043080e-03 +9.9962700014167316e-01 +1.0000071636047818e+00 +9.9999857973044326e-01 +1.0000001927640103e+00 +1.0000061521452124e+00 +7.0252445322112645e-05 +1.2733832706284854e-04 +8.6014209714446187e-05 +7.4117828107323595e-05 +3.1888073631466006e-06
 55.50000000 +5.0000000000000000e+00 +1.9999871823931044e+00 +1.9885515338957213e-03 +9.9961418527530521e-01 +1.0000076482274773e+00 +1.0000006060315025e+00 +1.0000002707764981e+00 +1.0000050724952267e+00 +9.2586663406633689e-05 +1.1533244935661633e-04 +9.7248699167796983e-05 +7.4686352141629763e-05 -7.6369662085822718e-06
 56.00000000 +5.0000000000000000e+00 +1.9999837569233110e+00 +1.9923798322873947e-03 +9.9960137122163495e-01 +1.0000081328194392e+00 +1.0000026322040572e+00 +1.0000003487840385e+00 +1.0000039929137110e+00 +1.1491946509204366e-04 +1.0332733304325875e-04 +1.0848247614843818e-04 +7.5254840121083522e-05 -1.8462053227685677e-05
 56.50000000 +5.0000000000000000e+00 +1.9999803316707483e+00 +1.9962078879024246e-03 +9.9958855798058499e-01 +1.0000086173806699e+00 +1.0000046582481190e+00 +1.0000004267866320e+00 +1.0000029134006585e+00 +1.3725085051307677e-04 +9.1322978050348736e-05 +1.1971554072414340e-04 +7.5823292049114556e-05 -2.9286453759471590e-05
 57.00000000 +5.0000000000000000e+00 +1.9999789828277323e+00 +2.0050054367054433e-03 +9.9956993241174075e-01 +1.0000059803038561e+00 +1.0000029041137461e+00 +9.9999848289536719e-01 +9.9999929334797732e-01 +1.4173293073343395e-04 +1.0378216526420056e-04 +1.0664446133555432e-04 +7.2647877178052333e-05 -1.4005050423809447e-06
 57.50000000 +5.0000000000000000e+00 +1.9999776344806661e+00 +2.0137997507827412e-03 +9.9955131369123662e-01 +1.0000033441966558e+00 +1.0000011506243418e+00 +9.9999653971884150e-01 +9.9999567462633454e-01 +1.4621336296064027e-04 +1.1623677142323316e-04 +9.3578187985288432e-05 +6.9473629859042124e-05 +2.6475190432859633e-05
 58.00000000 +5.0000000000000000e+00 +1.9999762866292752e+00 +2.0225908319180304e-03 +9.9953270181529641e-01 +1.0000007090585339e+00 +9.9999939777955038e-01 +9.9999459725666140e-01 +9.9999205723499662e-01 +1.5069214810344190e-04 +1.2868679905355906e-04 +8.0516718023171464e-05 +6.6300549448265449e-05 +5.4340638320153792e-05
 58.50000000 +5.0000000000000000e+00 +1.9999749392732868e+00 +2.0313786818937103e-03 +9.9951409678014624e-01 +9.9999807488895642e-01 +9.9999764557901683e-01 +9.9999265550843253e-01 +9.9998844117322983e-01 +1.5516928706991710e-04 +1.4113225067943381e-04 +6.7460048800977292e-05 +6.3128635302377054e-05 +8.2195844269249003e-05
 59.00000000 +5.0000000000000000e+00 +1.9999735924124276e+00 +2.0401633024908724e-03 +9.9949549858201558e-01 +9.9999544168738941e-01 +9.9999589402238576e-01 +9.9999071447376175e-01 +9.9998482644030162e-01 +1.5964478076747657e-04 +1.5357312882325778e-04 +5.4408177672426188e-05 +5.9957886778504566e-05 +1.1004081392574036e-04
 59.50000000 +5.0000000000000000e+00 +1.9999733622838989e+00 +2.0299799698405012e-03 +9.9951872955626742e-01 +9.9999563725924867e-01 +9.9999930502252365e-01 +9.9999366044549443e-01 +9.9998653177454433e-01 +1.7021549374883190e-04 +1.2956187093541004e-04 +4.1351587746494321e-05 +5.4591577614972514e-05 +1.1041540658531239e-04
 60.00000000 +5.0000000000000000e+00 +1.9999731322269025e+00 +2.0197998025809978e-03 +9.9954195330939499e-01 +9.9999583277031578e-01 +1.0000027149623849e+00 +9.9999660550150005e-01 +9.9998823657870006e-01 +1.8078292092587494e-04 +1.0555807671579826e-04 +2.8299056335778729e-05 +4.9226936516955199e-05 +1.1078988280636433e-04
 60.50000000 +5.0000000000000000e+00 +1.9999729022414070e+00 +2.0096227992366942e-03 +9.9956516984476407e-01 +9.9999602822062006e-01 +1.0000061238424640e+00 +9.9999954964220550e-01 +9.9998994085301629e-01 +1.9134706383040865e-04 +8.1561742684949117e-05 +1.5250581548247958e-05 +4.3863962706820332e-05 +1.1116424264317837e-04
 61.00000000 +5.0000000000000000e+00 +1.9999726723273774e+00 +1.9994489583328402e-03 +9.9958837916573939e-01 +9.9999622361018914e-01 +1.0000095316632549e+00 +1.0000024928680378e+00 +9.9999164459774004e-01 +2.0190792399328380e-04 +5.7572865365551790e-05 +2.2061614930463625e-06 +3.8502655407418914e-05 +1.1153848615000308e-04
 61.50000000 +5.0000000000000000e+00 +1.9999724424847813e+00 +1.9892782783956023e-03 +9.9961158127568295e-01 +9.9999641893905156e-01 +1.0000129384252512e+00 +1.0000054351794230e+00 +9.9999334781311777e-01 +2.1246550294440003e-04 +3.3591441282456232e-05 -1.0834205719506681e-05 +3.3143013842084858e-05 +1.1191261338105325e-04
 62.00000000 +5.0000000000000000e+00 +1.9999612466738925e+00 +1.9772871251717296e-03 +9.9963516322720125e-01 +9.9999308229610551e-01 +1.0000061353099168e+00 +1.0000060028524231e+00 +9.9999153245842087e-01 +1.6316578266795375e-04 +3.5152770524054796e-05 +1.9326975309716870e-05 +5.0079436737891694e-05 +1.0035888715571576e-04
 62.50000000 +5.0000000000000000e+00 +1.9999500515180508e+00 +1.9652966735293396e-03 +9.9965874379898045e-01 +9.9998974584838030e-01 +9.9999933259262030e-01 +1.0000065704922094e+00 +9.9998971720993701e-01 +1.1386894683224931e-04 +3.6714008414999615e-05 +4.9486391660786133e-05 +6.7014868713102043e-05 +8.8805836918770398e-05
 63.00000000 +5.0000000000000000e+00 +1.9999388570171990e+00 +1.9533069234068637e-03 +9.9968232299114190e-01 +9.9998640959585927e-01 +9.9999253027332768e-01 +1.0000071380987854e+00 +9.9998790206765698e-01 +6.4574995184148816e-05 +3.8275154963307637e-05 +7.9644043488568946e-05 +8.3949309854678935e-05 +7.7253462610892655e-05
 63.50000000 +5.0000000000000000e+00 +1.9999276631712799e+00 +1.9413178747427374e-03 +9.9970590080380672e-01 +9.9998307353852522e-01 +9.9998572835200372e-01 +1.0000077056721537e+00 +9.9998608703157188e-01 +1.5283927470543809e-05 +3.9836210176994816e-05 +1.0979993094791504e-04 +1.0088276024957519e-04 +6.5701764172764794e-05
 64.00000000 +5.0000000000000000e+00 +1.9999164699802354e+00 +1.9293295274754039e-03 +9.9972947723709571e-01 +9.9997973767636084e-01 +9.9997892682861311e-01 +1.0000082732123168e+00 +9.9998427210167184e-01 -3.4004256561644415e-05 +4.1397174064076206e-05 +1.3995405419365596e-04 +1.1781521998473347e-04 +5.4150741545076098e-05
 64.50000000 +5.0000000000000000e+00 +1.9999235715238550e+00 +1.9267598180263200e-03 +9.9974582928626077e-01 +9.9998396530670464e-01 +9.9998904481141260e-01 +1.0000083103248614e+00 +9.9998394871992236e-01 -8.6459327335889748e-06 +4.3615078747775758e-05 +1.3564030056659559e-04 +8.2283889071271883e-05 +3.6008206239460600e-05
 65.00000000 +5.0000000000000000e+00 +1.9999306686125040e+00 +1.9241917206179575e-03 +9.9976217107739063e-01 +9.9998819028495389e-01 +9.9999915644695725e-01 +1.0000083474141239e+00 +9.9998362554103770e-01 +1.6696483206256739e-05 +4.5831592086368760e-05 +1.3132925306123819e-04 +4.6774847818749501e-05 +1.7877052183861448e-05
 65.50000000 +5.0000000000000000e+00 +1.9999377612503746e+00 +1.9216252337338844e-03 +9.9977850262013523e-01 +9.9999241261360305e-01 +1.0000092617412180e+00 +1.0000083844801271e+00 +9.9998330256482759e-01 +4.2023006222301931e-05 +4.8046715388681223e-05 +1.2702090913195918e-04 +1.1288075259480183e-05 -2.4273132796218655e-07
 66.00000000 +5.0000000000000000e+00 +1.9999448494416519e+00 +1.9190603558595703e-03 +9.9979482392413221e-01 +9.9999663229514479e-01 +1.0000193607001584e+00 +1.0000084215228924e+00 +9.9998297979110118e-01 +6.7333651260192558e-05 +5.0260449961898047e-05 +1.2271526623632576e-04 -2.4176449547931697e-05 -1.8351154988827041e-05
 66.50000000 +5.0000000000000000e+00 +1.9999519331905160e+00 +1.9164970854823812e-03 +9.9981113499900698e-01 +1.0000008493320669e+00 +1.0000294533297340e+00 +1.0000084585424418e+00 +9.9998265721966817e-01 +9.2628433246840565e-05 +5.2472797111565612e-05 +1.1841232183509196e-04 -5.9618747518632298e-05 -3.6448229478146691e-05
 67.00000000 +5.0000000000000000e+00 +1.9999632046883744e+00 +1.9038178271603727e-03 +9.9984457919220104e-01 +9.9999925057114503e-01 +1.0000242978482148e+00 +1.0000088217540699e+00 +9.9998418911523479e-01 +8.8543498089927467e-05 +2.1019428216147820e-05 +9.2832788668488597e-05 -4.4850952658458026e-05 -1.8683246542236527e-05
 67.50000000 +5.0000000000000000e+00 +1.9999744804369644e+00 +1.8911337872091151e-03 +9.9987803599794123e-01 +9.9999765120729489e-01 +1.0000191404224492e+00 +1.0000091851026733e+00 +9.9998572158851307e-01 +8.4457022413456272e-05 -1.0445802441596698e-05 +6.7243608893159166e-05 -3.0077588535630058e-05 -9.1156403764025831e-07
 68.00000000 +5.0000000000000000e+00 +1.9999857604386910e+00 +1.8784449629232105e-03 +9.9991150542336371e-01 +9.9999605124017565e-01 +1.0000139810513373e+00 +1.0000095485883291e+00 +9.9998725463982996e-01 +8.0369005345816552e-05 -4.1922901572933506e-05 +4.1644777051149659e-05 -1.5298651999115767e-05 +1.6866821826190546e-05
 68.50000000 +5.0000000000000000e+00 +1.9999970446959605e+00 +1.8657513515952199e-03 +9.9994498747560989e-01 +9.9999445066944537e-01 +1.0000088197337780e+00 +1.0000099122111152e+00 +9.9998878826951210e-01 +7.6279446014740175e-05 -7.3411875894192061e-05 +1.6036287680387897e-05 -5.1413989550488814e-07 +3.4651914842664417e-05
 69.00000000 +5.0000000000000000e+00 +2.0000083332111824e+00 +1.8530529505156616e-03 +9.9997848216182683e-01 +9.9999284949476308e-01 +1.0000036564686698e+00 +1.0000102759711091e+00 +9.9999032247788788e-01 +7.2188343547300804e-05 -1.0491273212677036e-04 -9.5818646853203379e-06 +1.4275950930992566e-05 +5.2443718808052637e-05
 69.50000000 +5.0000000000000000e+00 +1.9999995145578704e+00 +1.8748118528112464e-03 +9.9992184178347188e-01 +9.9999648222913395e-01 +1.0000131229763363e+00 +1.0000065105450793e+00 +9.9999199020210705e-01 +4.6448178662437925e-05 -8.6920724378578403e-05 +4.5502210368427023e-05 +1.4900418183261775e-05 +5.0122173414421155e-05
 70.00000000 +5.0000000000000000e+00 +1.9999907035618296e+00 +1.8965518617664546e-03 +9.9986525058617992e-01 +1.0000001118091875e+00 +1.0000225812641965e+00 +1.0000027483885838e+00 +9.9999365647823446e-01 +2.0730364063904088e-05 -6.8944339161423267e-05 +1.0053845570332336e-04 +1.5524343208161661e-05 +4.7802643827778682e-05
 70.50000000 +5.0000000000000000e+00 +1.9999819002130903e+00 +1.9182730019783498e-03 +9.9980870850592241e-01 +1.0000037382390294e+00 +1.0000320313429523e+00 +9.9999898949736576e-01 +9.9999532130815538e-01 -4.9651293459300872e-06 -5.0983556136477429e-05 +1.5552693358843368e-04 +1.6147726711612991e-05 +4.5485127423764915e-05
 71.00000000 +5.0000000000000000e+00 +1.9999731045017026e+00 +1.9399752980013185e-03 +9.9975221547878279e-01 +1.0000073615227603e+00 +1.0000414732232863e+00 +9.9999523386717626e-01 +9.9999698469375242e-01 -3.0638330614206680e-05 -3.3038355000203338e-05 +2.1046770618477997e-04 +1.6770569398311670e-05 +4.3169621582573044e-05
 71.50000000 +5.0000000000000000e+00 +1.9999643164177310e+00 +1.9616587743471582e-03 +9.9969577144095401e-01 +1.0000109816644716e+00 +1.0000509069158627e+00 +9.9999148149377326e-01 +9.9999864663690363e-01 -5.6289268737689819e-05 -1.5108715484276835e-05 +2.6536083554557508e-04 +1.7392871971731421e-05 +4.0856123688939946e-05
 72.00000000 +5.0000000000000000e+00 +1.9999686428820345e+00 +1.9424535467321912e-03 +9.9974618762663625e-01 +1.0000083973754761e+00 +1.0000275371792748e+00 +9.9999379449235892e-01 +9.9999693973734194e-01 -4.4108255810922746e-06 -1.8551971236617348e-06 +2.2331878665607458e-04 +9.2160082103278971e-07 +9.1692232058570445e-06
 72.50000000 +5.0000000000000000e+00 +1.9999729700774120e+00 +1.9232450738699881e-03 +9.9979661233150841e-01 +1.0000058126497944e+00 +1.0000041634937320e+00 +9.9999610788178872e-01 +9.9999523254935307e-01 +4.7476383854021747e-05 +1.1400560780513330e-05 +1.8126963361526297e-04 -1.5552453600358669e-05 -2.2523031643665113e-05
 73.00000000 +5.0000000000000000e+00 +1.9999772980040491e+00 +1.9040333549379207e-03 +9.9984704555773063e-01 +1.0000032274873161e+00 +9.9998078585823380e-01 +9.9999842166216180e-01 +9.9999352507286376e-01 +9.9372361789792891e-05 +2.4658558795944311e-05 +1.3921337462232785e-04 -3.2029291997966850e-05 -5.4220642216890656e-05
 73.50000000 +5.0000000000000000e+00 +1.9999816266621313e+00 +1.8848183891130811e-03 +9.9989748730746242e-01 +1.0000006418879299e+00 +9.9995740427177826e-01 +1.0000007358335772e+00 +9.9999181730780085e-01 +1.5127711044911300e-04 +3.7918797490519048e-05 +9.7150007875848008e-05 -4.8508915077554154e-05 -8.5923609871542492e-05
 74.00000000 +5.0000000000000000e+00 +1.9999859560518436e+00 +1.8656001755722842e-03 +9.9994793758286526e-01 +9.9999805585152557e-01 +9.9993401873336440e-01 +1.0000030503961344e+00 +9.9999010925409137e-01 +2.0319063205562516e-04 +5.1181277432317350e-05 +5.5079531573793364e-05 -6.4991323545121496e-05 -1.1763193596580250e-04
 74.50000000 +5.0000000000000000e+00 +1.9999580231790648e+00 +1.8517884819161229e-03 +9.9995120126133241e-01 +1.0000138007382462e+00 +9.9998200428879369e-01 +9.9998391791670171e-01 +1.0000027810772467e+00 +1.1860567811126890e-04 -9.0617966185874014e-05 -9.0403323589176364e-05 +1.7011238999121850e-04 -4.1402061685547777e-05
 75.00000000 +5.0000000000000000e+00 +1.9999300886564995e+00 +1.8379759725065830e-03 +9.9995446513256037e-01 +1.0000295465548990e+00 +1.0000299926783707e+00 +9.9996478430725677e-01 +1.0000154536488317e+00 +3.4015728366712252e-05 -2.3242558482416815e-04 -2.3589477133561487e-04 +4.0522998934441380e-04 +3.4832314922880499e-05
