#discretizing the bath
#     0 0.0000000000000000e+00 -6.3189999999999946e-01
#     1 5.7735026918962571e-03 -2.3887059414175743e-01
#     2 5.7735026918962571e-03 -2.2257645869094916e-01
#     3 5.7735026918962571e-03 -2.0564704689784702e-01
#     4 5.7735026918962571e-03 -1.8810536043638598e-01
#     5 5.7735026918962571e-03 -1.6997206898338796e-01
#     6 5.7735026918962571e-03 -1.5126587962474453e-01
#     7 5.7735026918962571e-03 -1.3200382916273876e-01
#     8 5.7735026918962571e-03 -1.1220151886193480e-01
#     9 5.7735026918962571e-03 -9.1873305439137520e-02
  0.00000000 +1.0000000000000000e+00 +1.9999999999999989e+00 +1.8374661879283103e-03 +1.0000000000000000e+00 +1.0000000000000000e+00 +1.0000000000000000e+00 +1.0000000000000000e+00 +1.0000000000000000e+00 +0.0000000000000000e+00 +0.0000000000000000e+00 +0.0000000000000000e+00 +0.0000000000000000e+00 +0.0000000000000000e+00
  0.50000000 +1.0000000000000009e+00 +1.9999999999648341e+00 +1.8538780044883277e-03 +9.9995833437499060e-01 +9.9999999991319632e-01 +9.9999999991319632e-01 +9.9999999991319632e-01 +9.9999999991319632e-01 +8.3331944456597279e-06 +8.3331944456597313e-06 +8.3331944456597279e-06 +8.3331944456597313e-06 +8.3331944456597296e-06
  1.00000000 +1.0000000000000036e+00 +1.9999999995849258e+00 +1.8998471379278246e-03 +9.9984156357167875e-01 +9.9999999867226452e-01 +9.9999999867328937e-01 +9.9999999867438882e-01 +9.9999999867556510e-01 +3.1825717232425477e-05 +3.1760382041667068e-05 +3.1691725535411127e-05 +3.1619690486003223e-05 +3.1544217536049810e-05
  1.50000000 +1.0000000000000053e+00 +1.9999999980912166e+00 +1.9662315458294664e-03 +9.9967272450163680e-01 +9.9999999362632153e-01 +9.9999999363672987e-01 +9.9999999364795256e-01 +9.9999999366001768e-01 +6.6231087459599726e-05 +6.5863306496586130e-05 +6.5477933286581301e-05 +6.5074812220151278e-05 +6.4653787905399716e-05
  2.00000000 +1.0000000000000062e+00 +1.9999999943716886e+00 +2.0398506925257951e-03 +9.9948507191534219e-01 +9.9999998125340606e-01 +9.9999998130576462e-01 +9.9999998136231927e-01 +9.9999998142321567e-01 +1.0533705072719492e-04 +1.0421739760325756e-04 +1.0304902846675229e-04 +1.0183216981921460e-04 +1.0056709337308411e-04
  2.50000000 +1.0000000000000100e+00 +1.9999999871903209e+00 +2.1061300538017269e-03 +9.9931545902717944e-01 +9.9999995826697297e-01 +9.9999995844591638e-01 +9.9999995863922964e-01 +9.9999995884737469e-01 +1.4209614411086691e-04 +1.3961123787746432e-04 +1.3703259267040747e-04 +1.3436266993934137e-04 +1.3160412877940276e-04
  3.00000000 +1.0000000000000115e+00 +1.9999999754297857e+00 +2.1520167965503583e-03 +9.9919702315590664e-01 +9.9999992274671989e-01 +9.9999992322072062e-01 +9.9999992373238245e-01 +9.9999992428276019e-01 +1.6990585187574378e-04 +1.6541278665748254e-04 +1.6078376926628802e-04 +1.5602745803708592e-04 +1.5115299573126677e-04
  3.50000000 +1.0000000000000129e+00 +1.9999999583096904e+00 +2.1685772879748181e-03 +9.9915264327626374e-01 +9.9999987499589393e-01 +9.9999987603951135e-01 +9.9999987716443761e-01 +9.9999987837250870e-01 +1.8380403604925942e-04 +1.7682163788719889e-04 +1.6969412029382711e-04 +1.6244235793083788e-04 +1.5508799928845807e-04
  4.00000000 +1.0000000000000153e+00 +1.9999999355372999e+00 +2.1527541867292039e-03 +9.9919047465427047e-01 +9.9999981788332881e-01 +9.9999981987392150e-01 +9.9999982201547510e-01 +9.9999982431037659e-01 +1.8136155294850120e-04 +1.7176914373581305e-04 +1.6209255437909777e-04 +1.5237153278719936e-04 +1.4264647885231692e-04
  4.50000000 +1.0000000000000171e+00 +1.9999999073613330e+00 +2.1079340415553335e-03 +9.9930244095805842e-01 +9.9999975654400119e-01 +9.9999975991976153e-01 +9.9999976354306452e-01 +9.9999976741581420e-01 +1.6311028283575699e-04 +1.5129641732200194e-04 +1.3956100341748563e-04 +1.2796703219429277e-04 +1.1657688361500457e-04
  5.00000000 +1.0000000000000200e+00 +1.9999998745188847e+00 +2.0432195375547795e-03 +9.9946596412844257e-01 +9.9999969746142003e-01 +9.9999970263605997e-01 +9.9999970817535666e-01 +9.9999971407865640e-01 +1.3243065375521024e-04 +1.1934073876825362e-04 +1.0660493507315597e-04 +9.4307682954828504e-05 +8.2529509611352895e-05
  5.50000000 +1.0000000000000211e+00 +1.9999998380868478e+00 +1.9715635599335556e-03 +9.9964855985307621e-01 +9.9999964710514888e-01 +9.9999965434703242e-01 +9.9999966207677327e-01 +9.9999967028825154e-01 +9.4922147591013220e-05 +8.1974241905759907e-05 +6.9747618791587043e-05 +5.8336632361144770e-05 +4.7825689173565875e-05
  6.00000000 +1.0000000000000226e+00 +1.9999997992680532e+00 +1.9071511455320471e-03 +9.9981435451431788e-01 +9.9999961041289753e-01 +9.9999961970981510e-01 +9.9999962960361299e-01 +9.9999964007990105e-01 +5.7374816808355866e-05 +4.6243079542688270e-05 +3.6231413439163594e-05 +2.7421203151475504e-05 +1.9875166627106747e-05
  6.50000000 +1.0000000000000244e+00 +1.9999997591550411e+00 +1.8625636739079032e-03 +9.9993120327908880e-01 +9.9999958946121692e-01 +9.9999960040250746e-01 +9.9999961201498977e-01 +9.9999962427511147e-01 +2.6532098172364240e-05 +1.8830543192514844e-05 +1.2586370042659273e-05 +7.8356900721171605e-06 +4.5858657280827396e-06
  7.00000000 +1.0000000000000264e+00 +1.9999997185183014e+00 +1.8462978112444848e-03 +9.9997698290691639e-01 +9.9999958264762090e-01 +9.9999959435935781e-01 +9.9999960676926558e-01 +9.9999961984817431e-01 +7.8720047450315096e-06 +4.7995682813461106e-06 +3.3509499264376501e-06 +3.4815400349600951e-06 +5.1094058096299875e-06
  7.50000000 +1.0000000000000280e+00 +1.9999996776604481e+00 +1.8611331717603107e-03 +9.9994381541695965e-01 +9.9999958461175942e-01 +9.9999959577589936e-01 +9.9999960762215223e-01 +9.9999962012649068e-01 +4.6285865456272252e-06 +6.6528649757199619e-06 +1.0197120640280107e-05 +1.5107586024951725e-05 +2.1190288692382861e-05
  8.00000000 +1.0000000000000302e+00 +1.9999996363641666e+00 +1.9036648335167157e-03 +9.9983940954291173e-01 +9.9999958697266955e-01 +9.9999959594702326e-01 +9.9999960557285472e-01 +9.9999961585145980e-01 +1.7229670078323656e-05 +2.3886276723009221e-05 +3.1629485324832512e-05 +4.0186989886233357e-05 +4.9253691219633171e-05
  8.50000000 +1.0000000000000322e+00 +1.9999995939427557e+00 +1.9650773099379910e-03 +9.9968529547879348e-01 +9.9999957978412513e-01 +9.9999958481882878e-01 +9.9999959051508613e-01 +9.9999959692978746e-01 +4.3249129448804451e-05 +5.3115311303436983e-05 +6.3312403743970351e-05 +7.3469902029901942e-05 +8.3205727013487864e-05
  9.00000000 +1.0000000000000338e+00 +1.9999995493817622e+00 +2.0329850426479019e-03 +9.9951235348129686e-01 +9.9999955344812641e-01 +9.9999955297008758e-01 +9.9999955328235868e-01 +9.9999955453606526e-01 +7.7876931791355010e-05 +8.8744788750296525e-05 +9.8953744665720986e-05 +1.0809059694694953e-04 +1.1576622008091588e-04
  9.50000000 +1.0000000000000362e+00 +1.9999995015422245e+00 +2.0939523809614482e-03 +9.9935457151260743e-01 +9.9999950071305266e-01 +9.9999949362813467e-01 +9.9999948766980795e-01 +9.9999948312588649e-01 +1.1481560514970029e-04 +1.2404846047552620e-04 +1.3156413897588582e-04 +1.3699428065204255e-04 +1.4004086543793851e-04
 10.00000000 +1.0000000000000382e+00 +1.9999994493844893e+00 +2.1361758982460818e-03 +9.9924230472694320e-01 +9.9999941834420891e-01 +9.9999940429335299e-01 +9.9999939199420762e-01 +9.9999938191042759e-01 +1.4743500022463841e-04 +1.5244897121886666e-04 +1.5483816244628664e-04 +1.5438528297133535e-04 +1.5099131418957700e-04
 10.50000000 +1.0000000000000397e+00 +1.9999993921682315e+00 +2.1517888198955655e-03 +9.9919638547039691e-01 +9.9999930810122428e-01 +9.9999928760572188e-01 +9.9999926982779541e-01 +9.9999925543426038e-01 +1.6997217171409542e-04 +1.6875301211754980e-04 +1.6438281149852235e-04 +1.5689759533174465e-04 +1.4648797013814863e-04
 11.00000000 +1.0000000000000413e+00 +1.9999993295898348e+00 +2.1383340129830105e-03 +9.9922423611162869e-01 +9.9999917678212091e-01 +9.9999915122688254e-01 +9.9999912969776905e-01 +9.9999911307225098e-01 +1.7855777683149576e-04 +1.7010824786385114e-04 +1.5855251680915500e-04 +1.4425007383695921e-04 +1.2772449421330468e-04
 11.50000000 +1.0000000000000437e+00 +1.9999992618315441e+00 +2.0991286365257935e-03 +9.9931871340661038e-01 +9.9999903527411471e-01 +9.9999900670492237e-01 +9.9999898375132212e-01 +9.9999896748408712e-01 +1.7188505231576032e-04 +1.5650472342780696e-04 +1.3873127927520651e-04 +1.1925850230267983e-04 +9.8913821841057075e-05
 12.00000000 +1.0000000000000451e+00 +1.9999991895147031e+00 +2.0424724100375374e-03 +9.9945985235505674e-01 +9.9999889675061371e-01 +9.9999886749765210e-01 +9.9999884560328334e-01 +9.9999883228973185e-01 +1.5140525954443913e-04 +1.3073260234934149e-04 +1.0901441270259649e-04 +8.7211550478522522e-05 +6.6341678814475313e-05
 12.50000000 +1.0000000000000471e+00 +1.9999991135684980e+00 +1.9798849011343537e-03 +9.9961909563983897e-01 +9.9999877433181961e-01 +9.9999874651036069e-01 +9.9999872776401699e-01 +9.9999871940750673e-01 +1.2102153735164189e-04 +9.7812712061837856e-05 +7.5362058665705595e-05 +5.4749038787374504e-05 +3.6990999826855419e-05
 13.00000000 +1.0000000000000491e+00 +1.9999990350420382e+00 +1.9237477608142375e-03 +9.9976510945634134e-01 +9.9999867864573999e-01 +9.9999865361753637e-01 +9.9999863914984222e-01 +9.9999863658852883e-01 +8.6344898988256001e-05 +6.4016215709312952e-05 +4.4400105286670863e-05 +2.8481550458077171e-05 +1.7039771814345925e-05
 13.50000000 +1.0000000000000515e+00 +1.9999989548980095e+00 +1.8848378143125266e-03 +9.9986999323430858e-01 +9.9999861576161275e-01 +9.9999859365960087e-01 +9.9999858318256363e-01 +9.9999858566437771e-01 +5.3654748425235155e-05 +3.5665774491398869e-05 +2.2111019177039075e-05 +1.3639877149601228e-05 +1.0557078550621844e-05
 14.00000000 +1.0000000000000526e+00 +1.9999988738287862e+00 +1.8702460592669660e-03 +9.9991464364643623e-01 +9.9999858590950685e-01 +9.9999856532827547e-01 +9.9999855688475503e-01 +9.9999856189891945e-01 +2.8757569389351734e-05 +1.7948670402640070e-05 +1.2674669332991893e-05 +1.3031620489588586e-05 +1.8673802755893828e-05
 14.50000000 +1.0000000000000551e+00 +1.9999987921303897e+00 +1.8820867152983776e-03 +9.9989223542261452e-01 +9.9999858325809599e-01 +9.9999856119123187e-01 +9.9999855119097703e-01 +9.9999855462341114e-01 +1.5952437096110980e-05 +1.3965908193496809e-05 +1.7684843410901854e-05 +2.6513875481272268e-05 +3.9397249763294833e-05
 15.00000000 +1.0000000000000557e+00 +1.9999987096571976e+00 +1.9172306557404145e-03 +9.9980918541856367e-01 +9.9999859682385406e-01 +9.9999856888910932e-01 +9.9999855245814040e-01 +9.9999854907793517e-01 +1.7288632815956552e-05 +2.4192352167273938e-05 +3.5888622645526249e-05 +5.1080538987054497e-05 +6.8097186061837834e-05
 15.50000000 +1.0000000000000582e+00 +1.9999986258638762e+00 +1.9680854592770474e-03 +9.9968348523428396e-01 +9.9999861236796417e-01 +9.9999857330862185e-01 +9.9999854491810358e-01 +9.9999852913411513e-01 +3.2243915939850498e-05 +4.6441633483486850e-05 +6.3489562622892599e-05 +8.1534130030778675e-05 +9.8545795125728537e-05
 16.00000000 +1.0000000000000600e+00 +1.9999985399235838e+00 +2.0242341218564526e-03 +9.9954081384859028e-01 +9.9999861494432329e-01 +9.9999855933986026e-01 +9.9999851362088887e-01 +9.9999848038524430e-01 +5.7872972929492116e-05 +7.6332045492718317e-05 +9.4943406114786320e-05 +1.1159214040693384e-04 +1.2427729644922945e-04
 16.50000000 +1.0000000000000617e+00 +1.9999984508969264e+00 +2.0745786353434967e-03 +9.9940926937881425e-01 +9.9999859163172322e-01 +9.9999851470382284e-01 +9.9999844730822363e-01 +9.9999839300094706e-01 +8.9389140639849221e-05 +1.0815486470368507e-04 +1.2407927834051568e-04 +1.3519154546593119e-04 +1.3996914762884726e-04
 17.00000000 +1.0000000000000637e+00 +1.9999983579170137e+00 +2.1095452995367769e-03 +9.9931380549849935e-01 +9.9999853394132554e-01 +9.9999843231259722e-01 +9.9999834065764737e-01 +9.9999826377447554e-01 +1.2106466159868136e-04 +1.3597251158639748e-04 +1.4531868364288245e-04 +1.4771940857636470e-04 +1.4254855037062995e-04
 17.50000000 +1.0000000000000668e+00 +1.9999982603539241e+00 +2.1229113415195933e-03 +9.9927147976052222e-01 +9.9999843944603006e-01 +9.9999831170565834e-01 +9.9999819544905422e-01 +9.9999809693796338e-01 +1.4727951891484498e-04 +1.5473435699093270e-04 +1.5475042227745798e-04 +1.4691880707090531e-04 +1.3179359585191073e-04
 18.00000000 +1.0000000000000688e+00 +1.9999981579273545e+00 +2.1129035097055674e-03 +9.9928842132706386e-01 +9.9999831232082770e-01 +9.9999815927631075e-01 +9.9999802040746222e-01 +9.9999790355645557e-01 +1.6352589959429901e-04 +1.6119955809814363e-04 +1.5085355394033954e-04 +1.3329190062058143e-04 +1.1031219997027733e-04
 18.50000000 +1.0000000000000702e+00 +1.9999980507473440e+00 +2.0823773081636815e-03 +9.9935905215790233e-01 +9.9999816268564445e-01 +9.9999798722987576e-01 +9.9999782972901829e-01 +9.9999769958921148e-01 +1.6718799803493804e-04 +1.5449781356394648e-04 +1.3473487771044153e-04 +1.0992963039065231e-04 +8.2918288998458310e-05
 19.00000000 +1.0000000000000728e+00 +1.9999979392779026e+00 +2.0380761412777488e-03 +9.9946762960180713e-01 +9.9999800486557311e-01 +9.9999781145572053e-01 +9.9999764055213836e-01 +9.9999750297117551e-01 +1.5796202547826321e-04 +1.3623150061725062e-04 +1.0984635234138120e-04 +8.1817149505451943e-05 +5.5553526007678964e-05
 19.50000000 +1.0000000000000746e+00 +1.9999978242336438e+00 +1.9891531887656407e-03 +9.9959171631285104e-01 +9.9999785488512982e-01 +9.9999764870210195e-01 +9.9999746984205196e-01 +9.9999733026547843e-01 +1.3784988723948720e-04 +1.1011171805334664e-04 +8.1251203308110105e-05 +5.4770593807068945e-05 +3.3996590351857119e-05
 20.00000000 +1.0000000000000753e+00 +1.9999977064321863e+00 +1.9452785875531324e-03 +9.9970681775562265e-01 +9.9999772765483252e-01 +9.9999751357599831e-01 +9.9999733127401036e-01 +9.9999719352913807e-01 +1.1073891146803319e-04 +8.1208946650028168e-05 +5.4594548177529607e-05 +3.4232504677211724e-05 +2.2641299803068617e-05
 20.50000000 +1.0000000000000773e+00 +1.9999975866328352e+00 +1.9147240183537209e-03 +9.9979122760098649e-01 +9.9999763436348998e-01 +9.9999741592398395e-01 +9.9999723270468277e-01 +9.9999709799953063e-01 +8.1654593591160804e-05 +5.4969606109584311e-05 +3.4988376342330344e-05 +2.4176191370783417e-05 +2.3602640300865137e-05
 21.00000000 +1.0000000000000799e+00 +1.9999974653934676e+00 +1.9028049197173710e-03 +9.9983012031053209e-01 +9.9999758054846755e-01 +9.9999735907863940e-01 +9.9999717471185345e-01 +9.9999704105494347e-01 +5.5830077421733520e-05 +3.6189795267756063e-05 +2.6031825777066866e-05 +2.6340122329423370e-05 +3.6332475167627390e-05
 21.50000000 +1.0000000000000817e+00 +1.9999973429725735e+00 +1.9109730572190627e-03 +9.9981812008958770e-01 +9.9999756518764549e-01 +9.9999733929210433e-01 +9.9999715048056870e-01 +9.9999701265845575e-01 +3.7765175269841875e-05 +2.8140191177759128e-05 +2.9154887384977866e-05 +3.9939527497710935e-05 +5.7812510717297712e-05
 22.00000000 +1.0000000000000844e+00 +1.9999972192934916e+00 +1.9367098985303248e-03 +9.9975991008519927e-01 +9.9999758096598756e-01 +9.9999734645582372e-01 +9.9999714705862586e-01 +9.9999699720842061e-01 +3.0444621861899277e-05 +3.2001997287117513e-05 +4.3404672874889101e-05 +6.1900298692724404e-05 +8.3266635645972542e-05
 22.50000000 +1.0000000000000868e+00 +1.9999970939748490e+00 +1.9742052075930098e-03 +9.9966885206283773e-01 +9.9999761565338796e-01 +9.9999736596619138e-01 +9.9999714774535753e-01 +9.9999697644722019e-01 +3.4851461855270705e-05 +4.6710507558776528e-05 +6.5702907611734265e-05 +8.7551881628501814e-05 +1.0722536678378541e-04
 23.00000000 +1.0000000000000875e+00 +1.9999969664182606e+00 +2.0156499256124174e-03 +9.9956398051837503e-01 +9.9999765432943077e-01 +9.9999738138507677e-01 +9.9999713516477418e-01 +9.9999693287596747e-01 +4.9854053369477573e-05 +6.9223175617614361e-05 +9.1509892172695646e-05 +1.1162371357636972e-04 +1.2470489207718700e-04
 23.50000000 +1.0000000000000893e+00 +1.9999968359335170e+00 +2.0528584809313098e-03 +9.9946603833389702e-01 +9.9999768204204731e-01 +9.9999737740161188e-01 +9.9999709444796403e-01 +9.9999685302620100e-01 +7.2475296931256397e-05 +9.5148654973008708e-05 +1.1575237926132346e-04 +1.2933238664774240e-04 +1.3224603091341067e-04
 24.00000000 +1.0000000000000917e+00 +1.9999967018751836e+00 +2.0788840944684617e-03 +9.9939337751337343e-01 +9.9999768641710962e-01 +9.9999734255282779e-01 +9.9999701593344770e-01 +9.9999672996868694e-01 +9.8483466200743536e-05 +1.1960737775677415e-04 +1.3382552989211376e-04 +1.3733485929775252e-04 +1.2859638186609601e-04
 24.50000000 +1.0000000000000941e+00 +1.9999965637636512e+00 +2.0893087641229106e-03 +9.9935853416155107e-01 +9.9999765975596833e-01 +9.9999727121349602e-01 +9.9999689689001703e-01 +9.9999656458800312e-01 +1.2318798845801319e-04 +1.3815489039644121e-04 +1.4247071796713985e-04 +1.3435769856445014e-04 +1.1490209604816633e-04
 25.00000000 +1.0000000000000955e+00 +1.9999964213679884e+00 +2.0829703357866892e-03 +9.9936611300906009e-01 +9.9999760026157014e-01 +9.9999716450784781e-01 +9.9999674195458144e-01 +9.9999636538964742e-01 +1.4229044858815360e-04 +1.4759295449543608e-04 +1.4036184105710258e-04 +1.2138486603136858e-04 +9.4384767598830414e-05
 25.50000000 +1.0000000000000975e+00 +1.9999962747366584e+00 +2.0620130362669908e-03 +9.9941232612200792e-01 +9.9999751219985911e-01 +9.9999702999948070e-01 +9.9999656222083722e-01 +9.9999614688728888e-01 +1.5263621205045390e-04 +1.4652042389642526e-04 +1.2829556629922740e-04 +1.0138077410503519e-04 +7.1589594662055853e-05
 26.00000000 +1.0000000000000997e+00 +1.9999961241729354e+00 +2.0312879564015622e-03 +9.9948618684961943e-01 +9.9999740499919243e-01 +9.9999688024126665e-01 +9.9999637316609791e-01 +9.9999592688660754e-01 +1.5273530600968681e-04 +1.3552988662434958e-04 +1.0896212705746030e-04 +7.8621113361014211e-05 +5.1379424661931498e-05
 26.50000000 +1.0000000000001013e+00 +1.9999959701628631e+00 +1.9972572913867967e-03 +9.9957203469895006e-01 +9.9999729147976457e-01 +9.9999673047215831e-01 +9.9999619181569477e-01 +9.9999572318739161e-01 +1.4296736883934879e-04 +1.1702586772749187e-04 +8.6356237945001591e-05 +5.7781530828030899e-05 +3.7897341206841271e-05
 27.00000000 +1.0000000000001030e+00 +1.9999958132722622e+00 +1.9666458516330140e-03 +9.9965282338554595e-01 +9.9999718555317685e-01 +9.9999659589495271e-01 +9.9999603367784418e-01 +9.9999555032856180e-01 +1.2544538980463656e-04 +9.4712267265042980e-05 +6.4955996280513685e-05 +4.2978312414683981e-05 +3.3719194669607142e-05
 27.50000000 +1.0000000000001048e+00 +1.9999956540344770e+00 +1.9451195620982195e-03 +9.9971348665058368e-01 +9.9999709981394802e-01 +9.9999648903281091e-01 +9.9999591001328836e-01 +9.9999541698342453e-01 +1.0357525486332840e-04 +7.2856997834102572e-05 +4.8838354646916654e-05 +3.6957935957955398e-05 +3.9368963167538239e-05
 28.00000000 +1.0000000000001068e+00 +1.9999954928509838e+00 +1.9362491397127782e-03 +9.9974372084107899e-01 +9.9999704344771734e-01 +9.9999641763348390e-01 +9.9999582592988756e-01 +9.9999532448019901e-01 +8.1401415302468293e-05 +5.5479525162745968e-05 +4.0905873974428434e-05 +4.0594672535145580e-05 +5.3286181192549677e-05
 28.50000000 +1.0000000000001081e+00 +1.9999953299232325e+00 +1.9409455080977571e-03 +9.9973967669866393e-01 +9.9999702080779440e-01 +9.9999638347695918e-01 +9.9999577962914021e-01 +9.9999526670301075e-01 +6.2863987140286448e-05 +4.5615922806330424e-05 +4.2371087465383573e-05 +5.2786570559159054e-05 +7.2235117001312978e-05
 29.00000000 +1.0000000000001101e+00 +1.9999951652269510e+00 +1.9574490473213500e-03 +9.9970429725797150e-01 +9.9999703087911307e-01 +9.9999638226836374e-01 +9.9999576291213310e-01 +9.9999523136492730e-01 +5.1103636637021599e-05 +4.4795547711759783e-05 +5.2588822650655311e-05 +7.0755475137064400e-05 +9.2051835905183928e-05
 29.50000000 +1.0000000000001124e+00 +1.9999949985311640e+00 +1.9818403386503195e-03 +9.9964632026158207e-01 +9.9999706768305252e-01 +9.9999640459730954e-01 +9.9999576281925551e-01 +9.9999520238819672e-01 +4.7936644763892304e-05 +5.2818539283434757e-05 +6.9255325831188040e-05 +9.0674201152343906e-05 +1.0855754013444928e-04
 30.00000000 +1.0000000000001144e+00 +1.9999948294554846e+00 +2.0089391336969718e-03 +9.9957822395607621e-01 +9.9999712150936626e-01 +9.9999643775517355e-01 +9.9999576407476565e-01 +9.9999516292624768e-01 +5.3587088616277755e-05 +6.7863473874849826e-05 +8.8920682551190476e-05 +1.0848043268578018e-04 +1.1843810121268981e-04
 30.50000000 +1.0000000000001152e+00 +1.9999946575521041e+00 +2.0333901795905221e-03 +9.9951358421172132e-01 +9.9999718072256583e-01 +9.9999646805702624e-01 +9.9999575187085810e-01 +9.9999509845373380e-01 +6.6713408042851294e-05 +8.6891556605421996e-05 +1.0770208304175265e-04 +1.2070462651548728e-04 +1.1990501046605466e-04
 31.00000000 +1.0000000000001172e+00 +1.9999944823952533e+00 +2.0507107843906690e-03 +9.9946439566083256e-01 +9.9999723380295680e-01 +9.9999648323960832e-01 +9.9999571447918201e-01 +9.9999499935305725e-01 +8.4712300632101581e-05 +1.0625968843248880e-04 +1.2205097364877881e-04 +1.2514349350658543e-04 +1.1300700873016501e-04
 31.50000000 +1.0000000000001197e+00 +1.9999943036603125e+00 +2.0580974831832456e-03 +9.9943887993059144e-01 +9.9999727125982985e-01 +9.9999647451142670e-01 +9.9999564522642048e-01 +9.9999486253484260e-01 +1.0423391445310749e-04 +1.2241941379248719e-04 +1.2942282299296677e-04 +1.2124911864308040e-04 +9.9541267606486193e-05
 32.00000000 +1.0000000000001212e+00 +1.9999941211782304e+00 +2.0548503338609042e-03 +9.9944017345479785e-01 +9.9999728709651037e-01 +9.9999643791136805e-01 +9.9999554350203712e-01 +9.9999469182213274e-01 +1.2180729998581995e-04 +1.3256798976763631e-04 +1.2872368366010319e-04 +1.1016713584556382e-04 +8.2600104501179345e-05
 32.50000000 +1.0000000000001235e+00 +1.9999939349565199e+00 +2.0423584317781698e-03 +9.9946608841562856e-01 +9.9999727960282070e-01 +9.9999637477004155e-01 +9.9999541465337838e-01 +9.9999449706490184e-01 +1.3445975501198676e-04 +1.3513258799806500e-04 +1.2045667332609719e-04 +9.4431567233509625e-05 +6.5864910276796734e-05
 33.00000000 +1.0000000000001248e+00 +1.9999937451651326e+00 +2.0236805860374251e-03 +9.9950991713396742e-01 +9.9999725137978202e-01 +9.9999629123591249e-01 +9.9999526882943135e-01 +9.9999429218692371e-01 +1.4021995031866851e-04 +1.3000504983959267e-04 +1.0655330965980560e-04 +7.7393322354050634e-05 +5.2807602435131468e-05
 33.50000000 +1.0000000000001270e+00 +1.9999935520925569e+00 +2.0028323628885122e-03 +9.9956204855549857e-01 +9.9999720863929142e-01 +9.9999619699447240e-01 +9.9999511902119909e-01 +9.9999409255720106e-01 +1.3842047075341975e-04 +1.1849485763316594e-04 +8.9936625345390976e-05 +6.2509961281546748e-05 +4.5972317958627180e-05
 34.00000000 +1.0000000000001281e+00 +1.9999933560826377e+00 +1.9839403991855713e-03 +9.9961202373551228e-01 +9.9999715994307603e-01 +9.9999610344356282e-01 +9.9999497868049858e-01 +9.9999391218884270e-01 +1.2975512382116641e-04 +1.0302199655511199e-04 +7.3913010645763847e-05 +5.2646662154485143e-05 +4.6485215973318439e-05
 34.50000000 +1.0000000000001308e+00 +1.9999931574656926e+00 +1.9704391031934907e-03 +9.9965059912252596e-01 +9.9999711463035867e-01 +9.9999602166915080e-01 +9.9999485935806465e-01 +9.9999376128203310e-01 +1.1609226096521793e-04 +8.6618847278153999e-05 +6.1518534766315150e-05 +4.9529130092377036e-05 +5.3885165418392556e-05
 35.00000000 +1.0000000000001330e+00 +1.9999929564975116e+00 +1.9644633600075885e-03 +9.9967141733705467e-01 +9.9999708121982112e-01 +9.9999596058184481e-01 +9.9999476877867266e-01 +9.9999364454533568e-01 +1.0008887482555477e-04 +7.2342565687162917e-05 +5.4948432970586890e-05 +5.3451783568088290e-05 +6.6295880884726491e-05
 35.50000000 +1.0000000000001343e+00 +1.9999927533172477e+00 +1.9665405890860544e-03 +9.9967199229727000e-01 +9.9999706605593996e-01 +9.9999592552620720e-01 +9.9999470967374560e-01 +9.9999356057041555e-01 +8.4683660703525733e-05 +6.2711225817795157e-05 +5.5176160385519408e-05 +6.3287915705796270e-05 +8.0886914481353514e-05
 36.00000000 +1.0000000000001359e+00 +1.9999925479307787e+00 +1.9756186527945785e-03 +9.9965387200342626e-01 +9.9999707240889013e-01 +9.9999591757472250e-01 +9.9999467954179488e-01 +9.9999350233175432e-01 +7.2565035181904584e-05 +5.9267092740587088e-05 +6.1826471106715854e-05 +7.6785121840389385e-05 +9.4512419222335346e-05
 36.50000000 +1.0000000000001386e+00 +1.9999923402206243e+00 +1.9893972730836637e-03 +9.9962201334884304e-01 +9.9999710014511212e-01 +9.9999593358709837e-01 +9.9999467133377951e-01 +9.9999345867474576e-01 +6.5709849549773090e-05 +6.2341667845684467e-05 +7.3314534681960541e-05 +9.1072363607665703e-05 +1.0438449542821052e-04
 37.00000000 +1.0000000000001406e+00 +1.9999921299783809e+00 +2.0048736356836532e-03 +9.9958355404887600e-01 +9.9999714598059197e-01 +9.9999596697842141e-01 +9.9999467489662530e-01 +9.9999341648140028e-01 +6.5071158565552386e-05 +7.1055919396079766e-05 +8.7210914189387128e-05 +1.0326588166789771e-04 +1.0863774096809802e-04
 37.50000000 +1.0000000000001434e+00 +1.9999919169516234e+00 +2.0189781392237057e-03 +9.9954626902892063e-01 +9.9999720423008598e-01 +9.9999600902113661e-01 +9.9999467888262228e-01 +9.9999336309329989e-01 +7.0462884871950416e-05 +8.3543722045201660e-05 +1.0075047794799708e-04 +1.1104686176876169e-04 +1.0667179801608721e-04
 38.00000000 +1.0000000000001439e+00 +1.9999917008951045e+00 +2.0291688847846943e-03 +9.9951703612808707e-01 +9.9999726788944088e-01 +9.9999605042534023e-01 +9.9999467276572163e-01 +9.9999328854374037e-01 +8.0651702353818182e-05 +9.7345686006753028e-05 +1.1137962021174232e-04 +1.1309595725244501e-04 +9.9211282564848075e-05
 38.50000000 +1.0000000000001454e+00 +1.9999914816161704e+00 +2.0338727106384426e-03 +9.9950060668162966e-01 +9.9999732984598366e-01 +9.9999608291114883e-01 +9.9999464860659204e-01 +9.9999318720640873e-01 +9.3629039626866493e-05 +1.0989166615819430e-04 +1.1723422040781760e-04 +1.0930463441366914e-04 +8.8085188358322261e-05
 39.00000000 +1.0000000000001477e+00 +1.9999912590062334e+00 +2.0327003130333129e-03 +9.9949889181425278e-01 +9.9999738400789406e-01 +9.9999610050759602e-01 +9.9999460227252834e-01 +9.9999305859216769e-01 +1.0700548397662868e-04 +1.1897808239121566e-04 +1.1745982314918772e-04 +1.0073256806768742e-04 +7.5786848714726098e-05
 39.50000000 +1.0000000000001499e+00 +1.9999910330535866e+00 +2.0264136093006810e-03 +9.9951085654313898e-01 +9.9999742617495602e-01 +9.9999610037760289e-01 +9.9999453393093363e-01 +9.9999290719256229e-01 +1.1845117584435100e-04 +1.2315214384573289e-04 +1.1232075225277930e-04 +8.9333202836849198e-05 +6.4918506776378394e-05
 40.00000000 +1.0000000000001510e+00 +1.9999908038368275e+00 +2.0166739900051305e-03 +9.9953298742027330e-01 +9.9999745453141442e-01 +9.9999608306333987e-01 +9.9999444777292246e-01 +9.9999274144557149e-01 +1.2610173427409947e-04 +1.2193706851167700e-04 +1.0308855468136728e-04 +7.7515173176722371e-05 +5.7643236588628832e-05
 40.50000000 +1.0000000000001525e+00 +1.9999905715018644e+00 +2.0056404448437616e-03 +9.9956019104266403e-01 +9.9999746971457637e-01 +9.9999605215220488e-01 +9.9999435106079415e-01 +9.9999257205325021e-01 +1.2885977593619336e-04 +1.1586545000022219e-04 +9.1743342803154277e-05 +6.7636682396689503e-05 +5.5258726138691594e-05
 41.00000000 +1.0000000000001543e+00 +1.9999903362284914e+00 +1.9955096185399995e-03 +9.9958691011154543e-01 +9.9999747448648946e-01 +9.9999601346156897e-01 +9.9999425270520503e-01 +9.9999240998522887e-01 +1.2654450093153359e-04 +1.0632526884312751e-04 +8.0555892360745644e-05 +6.1538094436543566e-05 +5.7975494163087111e-05
 41.50000000 +1.0000000000001570e+00 +1.9999900981937651e+00 +1.9880926358942989e-03 +9.9960822134633154e-01 +9.9999747309821774e-01 +9.9999597391415018e-01 +9.9999416164685662e-01 +9.9999226454046874e-01 +1.1987144733949825e-04 +9.5257472821691155e-05 +7.1637582609259317e-05 +6.0204415634130935e-05 +6.4934536356074990e-05
 42.00000000 +1.0000000000001585e+00 +1.9999898575395092e+00 +1.9845073436275742e-03 +9.9962070542869297e-01 +9.9999747047743315e-01 +9.9999594031458694e-01 +9.9999408533377487e-01 +9.9999214180868745e-01 +1.1027565913323178e-04 +8.4769305550254018e-05 +6.6546541757868069e-05 +6.3618008886060954e-05 +7.4447122290427297e-05
 42.50000000 +1.0000000000001605e+00 +1.9999896143496383e+00 +1.9850344438090339e-03 +9.9962294365319759e-01 +9.9999747138578843e-01 +9.9999591823785705e-01 +9.9999402854975239e-01 +9.9999204378230711e-01 +9.9618516401292137e-05 +7.6739461106035270e-05 +6.6022457598348942e-05 +7.0820148073555224e-05 +8.4393808721973032e-05
 43.00000000 +1.0000000000001625e+00 +1.9999893686406323e+00 +1.9891491665621291e-03 +9.9961558269800599e-01 +9.9999747968266384e-01 +9.9999591120462894e-01 +9.9999399277177614e-01 +9.9999196823924941e-01 +8.9836757317459013e-05 +7.2488238242477586e-05 +6.9893507071291250e-05 +8.0156937711513862e-05 +9.2689964146701028e-05
 43.50000000 +1.0000000000001639e+00 +1.9999891203656246e+00 +1.9957046136065103e-03 +9.9960099864012131e-01 +9.9999749780094549e-01 +9.9999592025667938e-01 +9.9999397613104635e-01 +9.9999190937261395e-01 +8.2599022799173790e-05 +7.2569564067634157e-05 +7.7163142946543511e-05 +8.9649492380971710e-05 +9.7716577219645085e-05
 44.00000000 +1.0000000000001670e+00 +1.9999888694299022e+00 +2.0032156345910295e-03 +9.9958266602497325e-01 +9.9999752649574047e-01 +9.9999594396977420e-01 +9.9999397394316325e-01 +9.9999185901184595e-01 +7.9030040771670783e-05 +7.6715877565656726e-05 +8.6249375601636172e-05 +9.7406864245528071e-05 +9.8628397153794638e-05
 44.50000000 +1.0000000000001683e+00 +1.9999886157137285e+00 +2.0101776797771141e-03 +9.9956438420796390e-01 +9.9999756487730251e-01 +9.9999597886592007e-01 +9.9999397967782033e-01 +9.9999180818444988e-01 +7.9546984554153808e-05 +8.3936791858675477e-05 +9.5321473264571688e-05 +1.0199650780349289e-04 +9.5482429904398286e-05
 45.00000000 +1.0000000000001712e+00 +1.9999883590973577e+00 +2.0153550763945191e-03 +9.9954952500641381e-01 +9.9999761069353776e-01 +9.9999602012441313e-01 +9.9999398617234692e-01 +9.9999174872253038e-01 +8.3829993030991082e-05 +9.2744032992219340e-05 +1.0266360188586296e-04 +1.0270076080127985e-04 +8.9170892903313694e-05
 45.50000000 +1.0000000000001730e+00 +1.9999880994833079e+00 +2.0179861216634526e-03 +9.9954044414538123e-01 +9.9999766079218455e-01 +9.9999606245068251e-01 +9.9999398686593632e-01 +9.9999167462903804e-01 +9.0923771785109004e-05 +1.0145356162574136e-04 +1.0699406955656267e-04 +9.9615074126440487e-05 +8.1184640547911208e-05
 46.00000000 +1.0000000000001752e+00 +1.9999878368119861e+00 +2.0178743469155529e-03 +9.9953815178618399e-01 +9.9999771167266815e-01 +9.9999610094861480e-01 +9.9999397684434477e-01 +9.9999158297938395e-01 +9.9444224697146257e-05 +1.0850461020110833e-04 +1.0768179949718062e-04 +9.3578202373223571e-05 +7.3266932911090148e-05
 46.50000000 +1.0000000000001759e+00 +1.9999875710684909e+00 +2.0153609554822826e-03 +9.9954227663488959e-01 +9.9999776003385588e-01 +9.9999613185512315e-01 +9.9999395353273368e-01 +9.9999147423048429e-01 +1.0784715265479837e-04 +1.1273603598079771e-04 +1.0482506125579162e-04 +8.5958861211437036e-05 +6.7036602690525240e-05
 47.00000000 +1.0000000000001790e+00 +1.9999873022802828e+00 +2.0111972637004254e-03 +9.9955129722652036e-01 +9.9999780323530674e-01 +9.9999615303091394e-01 +9.9999391694629591e-01 +9.9999135192209709e-01 +1.1470782720463592e-04 +1.1357202934061613e-04 +9.9186156308597801e-05 +7.8350560308598882e-05 +6.3661066597015242e-05
 47.50000000 +1.0000000000001799e+00 +1.9999870305072880e+00 +2.0063534262995076e-03 +9.9956296503628628e-01 +9.9999783961221000e-01 +9.9999616415043413e-01 +9.9999386949001934e-01 +9.9999122186297662e-01 +1.1896161202917513e-04 +1.1108896982911409e-04 +9.2003804353376785e-05 +7.2241396995995378e-05 +6.3644065765967341e-05
 48.00000000 +1.0000000000001821e+00 +1.9999867558271289e+00 +2.0018080280647986e-03 +9.9957481545282822e-01 +9.9999786861329820e-01 +9.9999616658776969e-01 +9.9999381537571408e-01 +9.9999109097845162e-01 +1.2006590338263175e-04 +1.0595890676873570e-04 +8.4727029354201839e-05 +6.8726286993687081e-05 +6.6764866349239933e-05
 48.50000000 +1.0000000000001843e+00 +1.9999864783189072e+00 +1.9983616450956940e-03 +9.9958465774593064e-01 +9.9999789076105905e-01 +9.9999616304425798e-01 +9.9999375978338401e-01 +9.9999096604297721e-01 +1.1806012958533120e-04 +9.9288114061795045e-05 +7.8726530351813333e-05 +6.8316209565048489e-05 +7.2171639748150543e-05
 49.00000000 +1.0000000000001843e+00 +1.9999861980487190e+00 +1.9965076346026836e-03 +9.9959095223616201e-01 +9.9999790746006167e-01 +9.9999615700058286e-01 +9.9999370792686726e-01 +9.9999085252568121e-01 +1.1352004606195103e-04 +9.2387224394988222e-05 +7.5040136913101556e-05 +7.0876044597162989e-05 +7.8599399600947828e-05
 49.50000000 +1.0000000000001874e+00 +1.9999859150594383e+00 +1.9963781430829284e-03 +9.9959301598456707e-01 +9.9999792069847371e-01 +9.9999615209613335e-01 +9.9999366418673696e-01 +9.9999075374097690e-01 +1.0742142495647727e-04 +8.6519572106932144e-05 +7.4198642185503461e-05 +7.5694776652629467e-05 +8.4658878147284627e-05
 50.00000000 +1.0000000000001894e+00 +1.9999856293661133e+00 +1.9977663271978849e-03 +9.9959103899355395e-01 +9.9999793269799486e-01 +9.9999615154006094e-01 +9.9999363144892439e-01 +9.9999067042936729e-01 +1.0094316368787956e-04 +8.2675226534095739e-05 +7.6159797777943818e-05 +8.1665149871398154e-05 +8.9131553174119058e-05
 50.50000000 +1.0000000000001916e+00 +1.9999853409571346e+00 +2.0002106751124192e-03 +9.9958593214323699e-01 +9.9999794556836086e-01 +9.9999615764343908e-01 +9.9999361074191062e-01 +9.9999060080977265e-01 +9.5248445636948994e-05 +8.1410249446889558e-05 +8.0355667101097777e-05 +8.7529568387335037e-05 +9.1209163665078615e-05
 51.00000000 +1.0000000000001927e+00 +1.9999850498001408e+00 +2.0031169024127054e-03 +9.9957905823451187e-01 +9.9999796101512339e-01 +9.9999617153415843e-01 +9.9999360120796010e-01 +9.9999054105985274e-01 +9.1283785353884274e-05 +8.2776031939200858e-05 +8.5836497855699357e-05 +9.2138788909963064e-05 +9.0631845299368323e-05
 51.50000000 +1.0000000000001945e+00 +1.9999847558509547e+00 +2.0058886903518932e-03 +9.9957191367501896e-01 +9.9999798013614249e-01 +9.9999619308165111e-01 +9.9999360038561647e-01 +9.9999048611004948e-01 +8.9629880027281101e-05 +8.6345333247219995e-05 +9.1476995015640631e-05 +9.4671110430105803e-05 +8.7703293774372068e-05
 52.00000000 +1.0000000000001965e+00 +1.9999844590634548e+00 +2.0080406028638023e-03 +9.9956582904883817e-01 +9.9999800332552902e-01 +9.9999622102318808e-01 +9.9999360473118648e-01 +9.9999043059152304e-01 +9.0426710966008808e-05 +9.1323469364667080e-05 +9.6201346639828355e-05 +9.4771303285004103e-05 +8.3188450462613097e-05
 52.50000000 +1.0000000000001985e+00 +1.9999841593983456e+00 +2.0092736440806861e-03 +9.9956174388609320e-01 +9.9999803028666223e-01 +9.9999625325308072e-01 +9.9999361027376088e-01 +9.9999036976388200e-01 +9.3380716569823474e-05 +9.6718331238591926e-05 +9.9182863394934134e-05 +9.2587391213667675e-05 +7.8123235096472181e-05
 53.00000000 +1.0000000000002007e+00 +1.9999838568294186e+00 +2.0095040028976436e-03 +9.9956008875607816e-01 +9.9999806014065895e-01 +9.9999628721477585e-01 +9.9999361328546865e-01 +9.9999030026555980e-01 +9.7846901100221605e-05 +1.0153403107310697e-04 +9.9982090880825969e-05 +8.8705300595629455e-05 +7.3582014812659225e-05
 53.50000000 +1.0000000000002023e+00 +1.9999835513464475e+00 +2.0088461406681767e-03 +9.9956078203450405e-01 +9.9999809160515074e-01 +9.9999632032595653e-01 +9.9999361085643235e-01 +9.9999022057242770e-01 +1.0296611915223483e-04 +1.0495119466162800e-04 +9.8601595736148279e-05 +8.4001714482960437e-05 +7.0453982507891056e-05
 54.00000000 +1.0000000000002047e+00 +1.9999832429547268e+00 +2.0075602853631669e-03 +9.9956332502231471e-01 +9.9999812321150705e-01 +9.9999635036860357e-01 +9.9999360128911197e-01 +9.9999013110928814e-01 +1.0782954517284764e-04 +1.0646205111283305e-04 +9.5453098310094964e-05 +7.9450258530415602e-05 +6.9274047071947713e-05
 54.50000000 +1.0000000000002067e+00 +1.9999829316718329e+00 +2.0059800162120934e-03 +9.9956696202598616e-01 +9.9999815352688237e-01 +9.9999637578801159e-01 +9.9999358426365315e-01 +9.9999003402267095e-01 +1.1163963255554866e-04 +1.0593906832592352e-04 +9.1249643971729383e-05 +7.5922844817392769e-05 +7.0139184158855185e-05
 55.00000000 +1.0000000000002078e+00 +1.9999826175226734e+00 +2.0044372619533383e-03 +9.9957086410022400e-01 +9.9999818135042318e-01 +9.9999639586410383e-01 +9.9999356076734291e-01 +9.9998993268051417e-01 +1.1383975732421018e-04 +1.0362959040741898e-04 +8.6848840160895071e-05 +7.4025863760967628e-05 +7.2721186779260187e-05
 55.50000000 +1.0000000000002101e+00 +1.9999823005340380e+00 +2.0031999165716478e-03 +9.9957429672895970e-01 +9.9999820585953814e-01 +9.9999641074127388e-01 +9.9999353282012204e-01 +9.9998983100549399e-01 +1.1419230078964468e-04 +1.0008299978357389e-04 +8.3080554316028717e-05 +7.4001028074703314e-05 +7.6365962698970758e-05
 56.00000000 +1.0000000000002114e+00 +1.9999819807297383e+00 +2.0024323723860826e-03 +9.9957674110400796e-01 +9.9999822669118077e-01 +9.9999642132564859e-01 +9.9999350305821277e-01 +9.9998973276832204e-01 +1.1279547050717808e-04 +9.6028740023743709e-05 +8.0592904855124710e-05 +7.5705593772501376e-05 +8.0252344527809077e-05
 56.50000000 +1.0000000000002145e+00 +1.9999816581271543e+00 +2.0021830008564775e-03 +9.9957795279210926e-01 +9.9999824395318160e-01 +9.9999642907773834e-01 +9.9999347425526919e-01 +9.9998964096366316e-01 +1.1004060521573126e-04 +9.2231096301492366e-05 +7.9744324773994266e-05 +7.8669817158722851e-05 +8.3573115661187124e-05
 57.00000000 +1.0000000000002156e+00 +1.9999813327355780e+00 +2.0023964819720764e-03 +9.9957795684241713e-01 +9.9999825817037447e-01 +9.9999643574135455e-01 +9.9999344886332997e-01 +9.9998955736711437e-01 +1.0652197262304460e-04 +8.9348876057066448e-05 +8.0558589804604296e-05 +8.2214357779706031e-05 +8.5699220224148508e-05
 57.50000000 +1.0000000000002172e+00 +1.9999810045563402e+00 +2.0029441545570781e-03 +9.9957699143968837e-01 +9.9999827017854781e-01 +9.9999644305534063e-01 +9.9999342864532326e-01 +9.9998948233280549e-01 +1.0291843378936171e-04 +8.7825060640394907e-05 +8.2746436355016001e-05 +8.5599796383574285e-05 +8.6294622213580813e-05
 58.00000000 +1.0000000000002187e+00 +1.9999806735843306e+00 +2.0036630141294590e-03 +9.9957542066161409e-01 +9.9999828098501131e-01 +9.9999645249271973e-01 +9.9999341444966638e-01 +9.9998941484550907e-01 +9.9869744286438974e-05 +8.7824086390598076e-05 +8.5784470660815921e-05 +8.8176248469730147e-05 +8.5362016767590721e-05
 58.50000000 +1.0000000000002212e+00 +1.9999803398103948e+00 +2.0043938243261626e-03 +9.9957363968321411e-01 +9.9999829161754439e-01 +9.9999646506365036e-01 +9.9999340615029220e-01 +9.9998935279711965e-01 +9.7869404359310583e-05 +8.9224359770783001e-05 +8.9031932981180318e-05 +8.9503555149697100e-05 +8.3215437025616605e-05
 59.00000000 +1.0000000000002232e+00 +1.9999800032239274e+00 +2.0050106930528068e-03 +9.9957199318330048e-01 +9.9999830298324421e-01 +9.9999648120566786e-01 +9.9999340274691273e-01 +9.9998929342219822e-01 +9.7191345223334537e-05 +9.1662966484239229e-05 +9.1860245540724490e-05 +8.9420696742175369e-05 +8.0391205803144271e-05
 59.50000000 +1.0000000000002245e+00 +1.9999796638151497e+00 +2.0054376648907441e-03 +9.9957072115249368e-01 +9.9999831575583142e-01 +9.9999650076959556e-01 +9.9999340259533775e-01 +9.9998923380623128e-01 +9.7860459105732735e-05 +9.4620294980090361e-05 +9.3769857151444416e-05 +8.8054823790866855e-05 +7.7520486606542254e-05
 60.00000000 +1.0000000000002272e+00 +1.9999793215767117e+00 +2.0056514902731300e-03 +9.9956993782979975e-01 +9.9999833030467111e-01 +9.9999652309457165e-01 +9.9999340371972778e-01 +9.9998917137555410e-01 +9.9668537928370679e-05 +9.7526038134584115e-05 +9.4473360783787165e-05 +8.5773008416591351e-05 +7.5192731548639409e-05
 60.50000000 +1.0000000000002278e+00 +1.9999789765044769e+00 +2.0056728911352320e-03 +9.9956964126261771e-01 +9.9999834667207199e-01 +9.9999654715302400e-01 +9.9999340415004989e-01 +9.9998910428892362e-01 +1.0222915511303456e-04 +9.9865665597109363e-05 +9.3931956083841565e-05 +8.3090880425677369e-05 +7.3838817234658926e-05
 61.00000000 +1.0000000000002303e+00 +1.9999786285975387e+00 +2.0055507248910739e-03 +9.9956974476796945e-01 +9.9999836459831970e-01 +9.9999657173781842e-01 +9.9999340222917510e-01 +9.9998903167416209e-01 +1.0505878128252096e-04 +1.0126808920961302e-04 +9.2342216976476084e-05 +8.0559662682531339e-05 +7.3656243557165553e-05
 61.50000000 +1.0000000000002311e+00 +1.9999782778576594e+00 +2.0053441639583986e-03 +9.9957011842510024e-01 +9.9999838358722837e-01 +9.9999659565997079e-01 +9.9999339684384292e-01 +9.9998895368409468e-01 +1.0766791466916235e-04 +1.0156024761873136e-04 +9.0079773609944391e-05 +7.8655603980533459e-05 +7.4588261043734112e-05
 62.00000000 +1.0000000000002340e+00 +1.9999779242884337e+00 +2.0051074207418679e-03 +9.9957062885476045e-01 +9.9999840299990339e-01 +9.9999661792659111e-01 +9.9999338754991707e-01 +9.9998887137838888e-01 +1.0964561863397032e-04 +1.0078151989759337e-04 +8.7614110575732427e-05 +7.7693335633546485e-05 +7.6356706870207101e-05
 62.50000000 +1.0000000000002351e+00 +1.9999775678944083e+00 +2.0048800102679711e-03 +9.9957116836660764e-01 +9.9999842216118795e-01 +9.9999663787422510e-01 +9.9999337458162851e-01 +9.9998878646618850e-01 +1.1072339860835204e-04 +9.9158748259851136e-05 +8.5412946767946134e-05 +7.7778155503960077e-05 +7.8537302200366575e-05
 63.00000000 +1.0000000000002369e+00 +1.9999772086803769e+00 +2.0046835729432937e-03 +9.9957166897864780e-01 +9.9999844046265052e-01 +9.9999665524159420e-01 +9.9999335875374751e-01 +9.9998870096444503e-01 +1.1080912762044171e-04 +9.7049713409391592e-05 +8.3855066328356452e-05 +7.8803305641703716e-05 +8.0658387101925952e-05
 63.50000000 +1.0000000000002400e+00 +1.9999768466509058e+00 +2.0045244192105661e-03 +9.9957210152189413e-01 +9.9999845744751559e-01 +9.9999667017605065e-01 +9.9999334128158879e-01 +9.9998861683583695e-01 +1.0998771789774123e-04 +9.4867943715014241e-05 +8.3167266075047017e-05 +8.0488934417562565e-05 +8.2300876208966258e-05
 64.00000000 +1.0000000000002411e+00 +1.9999764818101358e+00 +2.0043996404348419e-03 +9.9957246385832776e-01 +9.9999847286666499e-01 +9.9999668317848278e-01 +9.9999332355447001e-01 +9.9998853566780521e-01 +1.0849128547177147e-04 +9.3004006960546240e-05 +8.3395190404452008e-05 +8.2451516331124165e-05 +8.3178876287918471e-05
 64.50000000 +1.0000000000002423e+00 +1.9999761141617518e+00 +2.0043040960947291e-03 +9.9957276436548970e-01 +9.9999848669980451e-01 +9.9999669500017041e-01 +9.9999330690233146e-01 +9.9998845844188544e-01 +1.0664660325996287e-04 +9.1757757097705271e-05 +8.4410591323250172e-05 +8.4287484946581116e-05 +8.3186154904668437e-05
 65.00000000 +1.0000000000002442e+00 +1.9999757437090340e+00 +2.0042358512357976e-03 +9.9957300700311025e-01 +9.9999849914141736e-01 +9.9999670651114014e-01 +9.9999329239272983e-01 +9.9998838542312041e-01 +1.0481089139696357e-04 +9.1292767320341970e-05 +8.5950468156068127e-05 +8.5653457794342949e-05 +8.2401945037193153e-05
 65.50000000 +1.0000000000002465e+00 +1.9999753704548535e+00 +2.0041985163400202e-03 +9.9957318272059492e-01 +9.9999851055636990e-01 +9.9999671856222883e-01 +9.9999328068733673e-01 +9.9998831617691297e-01 +1.0330804123963610e-04 +9.1619189115307430e-05 +8.7677938885347975e-05 +8.6327650004278757e-05 +8.1058478545202538e-05
 66.00000000 +1.0000000000002476e+00 +1.9999749944016454e+00 +2.0042001216774002e-03 +9.9957326932577950e-01 +9.9999852141413637e-01 +9.9999673186214588e-01 +9.9999327197513277e-01 +9.9998824969900046e-01 +1.0237622343074119e-04 +9.2605596652607677e-05 +8.9251504390420872e-05 +8.6242130183004329e-05 +7.9480270388760133e-05
 66.50000000 +1.0000000000002498e+00 +1.9999746155512395e+00 +2.0042492906410586e-03 +9.9957323904242601e-01 +9.9999853221310697e-01 +9.9999674688676743e-01 +9.9999326598592686e-01 +9.9998818462699879e-01 +1.0213488545096661e-04 +9.4015100202102529e-05 +9.0388978116833909e-05 +8.5482215969545788e-05 +7.8010066285991609e-05
 67.00000000 +1.0000000000002514e+00 +1.9999742339046915e+00 +2.0043502657983540e-03 +9.9957307062950407e-01 +9.9999854340699368e-01 +9.9999676383159042e-01 +9.9999326207490069e-01 +9.9998811949144129e-01 +1.0257507432188526e-04 +9.5557062934057644e-05 +9.0914589578663997e-05 +8.4256083465976414e-05 +7.6937756528877249e-05
 67.50000000 +1.0000000000002534e+00 +1.9999738494621517e+00 +2.0044986120829654e-03 +9.9957276168832110e-01 +9.9999855534407467e-01 +9.9999678261081237e-01 +9.9999325935858063e-01 +9.9998805296168392e-01 +1.0357263555650769e-04 +9.6943729548336358e-05 +9.0781970672048121e-05 +8.2843224658959058e-05 +7.6446477360584376e-05
 68.00000000 +1.0000000000002554e+00 +1.9999734622228529e+00 +2.0046791492632481e-03 +9.9957233687274383e-01 +9.9999856822716227e-01 +9.9999680289910053e-01 +9.9999325687629159e-01 +9.9998798404696143e-01 +1.0491993162406933e-04 +9.7941165376843760e-05 +9.0070926047783795e-05 +8.1533743679897402e-05 +7.6585312292074958e-05
 68.50000000 +1.0000000000002571e+00 +1.9999730721852771e+00 +2.0048669677574320e-03 +9.9957184901031870e-01 +9.9999858209839365e-01 +9.9999682420595748e-01 +9.9999325374947379e-01 +9.9998791222391203e-01 +1.0636892808373224e-04 +9.8405900927386287e-05 +8.8961000499298551e-05 +8.0571176011398447e-05 +7.7271707711373960e-05
 69.00000000 +1.0000000000002596e+00 +1.9999726793475101e+00 +2.0050314742513587e-03 +9.9957137221051051e-01 +9.9999859684881620e-01 +9.9999684596845095e-01 +9.9999324931402589e-01 +9.9998783747656150e-01 +1.0767719643876023e-04 +9.8302041950239569e-05 +8.7688929164943762e-05 +8.0109653334499323e-05 +7.8320362045997127e-05
 69.50000000 +1.0000000000002611e+00 +1.9999722837077265e+00 +2.0051425491392004e-03 +9.9957098829041868e-01 +9.9999861224898423e-01 +9.9999686764647278e-01 +9.9999324320728511e-01 +9.9998776025033209e-01 +1.0864866652732410e-04 +9.7697602667556319e-05 +8.6499417707020502e-05 +8.0192424275353925e-05 +7.9490246637380847e-05
 70.00000000 +1.0000000000002627e+00 +1.9999718852647326e+00 +2.0051773002098261e-03 +9.9957076969385950e-01 +9.9999862799395955e-01 +9.9999688880569915e-01 +9.9999323540003660e-01 +9.9998768133555616e-01 +1.0916263074024154e-04 +9.6742667282751694e-05 +8.5599063838137906e-05 +8.0753910583123705e-05 +8.0538499760790308e-05
 70.50000000 +1.0000000000002647e+00 +1.9999714840184377e+00 +2.0051257080545815e-03 +9.9957076306347603e-01 +9.9999864375452974e-01 +9.9999690917657535e-01 +9.9999322617345332e-01 +9.9998760170599055e-01 +1.0918713749332941e-04 +9.5635000527759126e-05 +8.5121717849083440e-05 +8.1642675391827591e-05 +8.1269596038752829e-05
 71.00000000 +1.0000000000002669e+00 +1.9999710799701584e+00 +2.0049937097266399e-03 +9.9957097753540181e-01 +9.9999865922634712e-01 +9.9999692868241885e-01 +9.9999321604954450e-01 +9.9998752234280797e-01 +1.0877596373146273e-04 +9.4580445494920609e-05 +8.5110651390046615e-05 +8.2658846870793903e-05 +8.1570257330034756e-05
 71.50000000 +1.0000000000002689e+00 +1.9999706731226772e+00 +2.0048028792914873e-03 +9.9957138072462759e-01 +9.9999867416981714e-01 +9.9999694743510736e-01 +9.9999320569026828e-01 +9.9998744407403228e-01 +1.0805125698143463e-04 +9.3755679862270240e-05 +8.5519247274607195e-05 +8.3597337552153458e-05 +8.1424385822304645e-05
 72.00000000 +1.0000000000002700e+00 +1.9999702634800367e+00 +2.0045866742804150e-03 +9.9957190356063563e-01 +9.9999868843575779e-01 +9.9999696570200469e-01 +9.9999319578403811e-01 +9.9998736745407224e-01 +1.0717619868569231e-04 +9.3279750352351893e-05 +8.6228296861180388e-05 +8.4287903056664103e-05 +8.0906915888189361e-05
 72.50000000 +1.0000000000002716e+00 +1.9999698510470691e+00 +2.0043840233884879e-03 +9.9957245307469722e-01 +9.9999870197450136e-01 +9.9999698385190250e-01 +9.9999318693866168e-01 +9.9998729269915299e-01 +1.0632333258029377e-04 +9.3198611392422920e-05 +8.7075075035524373e-05 +8.4624567758641894e-05 +8.0159875678956812e-05
 73.00000000 +1.0000000000002738e+00 +1.9999694358287938e+00 +2.0042316416342943e-03 +9.9957293042634354e-01 +9.9999871482895009e-01 +9.9999700229032529e-01 +9.9999317959699596e-01 +9.9998721968386095e-01 +1.0564439546773623e-04 +9.3484154564462888e-05 +8.7887635396732822e-05 +8.4579744832146431e-05 +7.9357244634513025e-05
 73.50000000 +1.0000000000002758e+00 +1.9999690178297629e+00 +2.0041567383860676e-03 +9.9957325029972766e-01 +9.9999872711443782e-01 +9.9999702139523150e-01 +9.9999317398655385e-01 +9.9998714799359500e-01 +1.0524665697408070e-04 +9.4046477724637790e-05 +8.8517438138031884e-05 +8.4201816278260279e-05 +7.8666822720708084e-05
 74.00000000 +1.0000000000002776e+00 +1.9999685970535057e+00 +2.0041716784905241e-03 +9.9957335754228083e-01 +9.9999873898996339e-01 +9.9999704146303603e-01 +9.9999317010784861e-01 +9.9998707701910339e-01 +1.0517916431743371e-04 +9.4755899638442637e-05 +8.8864414563717483e-05 +8.3598278357268314e-05 +7.8217122282837366e-05
 74.50000000 +1.0000000000002800e+00 +1.9999681735021513e+00 +2.0042717053102305e-03 +9.9957323758303618e-01 +9.9999875062613353e-01 +9.9999706267232580e-01 +9.9999316775971048e-01 +9.9998700607375679e-01 +1.0543025330103759e-04 +9.5469832369040017e-05 +8.8890567932598747e-05 +8.2909155073050052e-05 +7.8075477763794144e-05
 75.00000000 +1.0000000000002807e+00 +1.9999677471763451e+00 +2.0044361515897430e-03 +9.9957291857197150e-01 +9.9999876217500971e-01 +9.9999708506912321e-01 +9.9999316659407400e-01 +9.9998693451236720e-01 +1.0593562130181401e-04 +9.6059245415102353e-05 +8.8620735622799100e-05 +8.2276802828266753e-05 +7.8240673695200073e-05
#
#Timing:
#    proc        CPU Pre        CPU all       Wall Pre       Wall all
#       0           0.16          65.69           0.16          65.69
