#PATCH_CHECK: SepMBpoisson v0.61 exact-bernoulli stratified-backward active
#discretizing the bath:
#     0 0.0000000000000000e+00 -6.3189999999999946e-01
#     1 1.0540925533894598e-02 -1.7455928033436119e-01
#     2 1.0540925533894598e-02 -1.7229302915984551e-01
#     3 1.0540925533894598e-02 -1.7001797349920397e-01
#     4 1.0540925533894598e-02 -1.6773414729494232e-01
#     5 1.0540925533894598e-02 -1.6544158410000598e-01
#     6 1.0540925533894598e-02 -1.6314031708517523e-01
#     7 1.0540925533894598e-02 -1.6083037904626560e-01
#     8 1.0540925533894598e-02 -1.5851180241113905e-01
#     9 1.0540925533894598e-02 -1.5618461924653376e-01
#sampling: jump_strength=2.6352313834736501e-02 jump_probability=2.5675699737331869e-02 log_scale=2.6011073609002566e-02 back_replicas=4 stratify_forward=0
#adaptive measurement: gap=2.2925631949363423e-03 period_steps=5482 nmeas=100 nwf=100 tmax=5.0000000000000000e+01 forced_stride=0
  0.00000000 +5.0000000000000000e+00 +1.9999999999999998e+00 +1.8374661879283106e-03 +1.0000000000000000e+00 +1.0000000000000000e+00 +1.0000000000000000e+00 +1.0000000000000000e+00 +1.0000000000000000e+00 +0.0000000000000000e+00 +0.0000000000000000e+00 +0.0000000000000000e+00 +0.0000000000000000e+00 +0.0000000000000000e+00
  0.50000000 +5.0000000000000000e+00 +1.9999999995180793e+00 +1.8926608768405574e-03 +9.9985987405623378e-01 +9.9999999999558797e-01 +9.9999999999558797e-01 +9.9999999999558797e-01 +9.9999999999558797e-01 +2.7644334407995610e-05 +2.8639746840690560e-05 +2.7958105718301628e-05 +2.7882367815813965e-05 +2.8001384519723142e-05
  1.00000000 +5.0000000000000000e+00 +1.9999999981478183e+00 +2.0474066578945183e-03 +9.9946679577963426e-01 +9.9999999578366583e-01 +9.9999999636891335e-01 +9.9999999625186409e-01 +9.9999999654448768e-01 +1.0462575667759006e-04 +1.0900630653116295e-04 +1.0701176070820514e-04 +1.0683200129139887e-04 +1.0574343353907258e-04
  1.50000000 +5.0000000000000000e+00 +2.0000000279586603e+00 +2.2732861659363209e-03 +9.9889234680830630e-01 +9.9999996595496798e-01 +9.9999996351401355e-01 +9.9999996489359644e-01 +9.9999997018330478e-01 +2.1728518807386332e-04 +2.3022247205036752e-04 +2.2130934657439835e-04 +2.2047359495377177e-04 +2.1849809331918194e-04
  2.00000000 +5.0000000000000000e+00 +1.9999999398638779e+00 +2.5289573403712235e-03 +9.9824076898751013e-01 +9.9999987406572333e-01 +9.9999986609473779e-01 +9.9999986640205940e-01 +9.9999988271753715e-01 +3.4860273142600483e-04 +3.6185048584165503e-04 +3.5239432119610488e-04 +3.4968749684715126e-04 +3.4720667274307687e-04
  2.50000000 +5.0000000000000000e+00 +1.9999998394373868e+00 +2.7678263590108824e-03 +9.9762984963963774e-01 +9.9999968550188090e-01 +9.9999967095782583e-01 +9.9999967187901329e-01 +9.9999968782845250e-01 +4.7184019026568294e-04 +4.8568635215281926e-04 +4.7695052008128210e-04 +4.6931342168133580e-04 +4.6764366221122477e-04
  3.00000000 +5.0000000000000000e+00 +1.9999998220153143e+00 +2.9424776664044579e-03 +9.9717986113589929e-01 +9.9999935630093650e-01 +9.9999933402657815e-01 +9.9999936142059975e-01 +9.9999937307788511e-01 +5.5889632480951004e-04 +5.7971109755227161e-04 +5.7043496727367368e-04 +5.6302612197285564e-04 +5.5064554723105051e-04
  3.50000000 +5.0000000000000000e+00 +1.9999999831733735e+00 +3.0211142412179645e-03 +9.9697199956972704e-01 +9.9999888345063526e-01 +9.9999884991641008e-01 +9.9999889618818405e-01 +9.9999889335828540e-01 +6.1101562368479241e-04 +6.2246151318821614e-04 +6.0668220683258566e-04 +5.9841473097673717e-04 +5.9390346382569422e-04
  4.00000000 +5.0000000000000000e+00 +1.9999994328884805e+00 +2.9959848785910833e-03 +9.9702731456497140e-01 +9.9999829165847942e-01 +9.9999823689695988e-01 +9.9999828200427621e-01 +9.9999834380018038e-01 +5.9780851267960788e-04 +6.1072886803751746e-04 +5.9664358457412435e-04 +5.9386118354596705e-04 +5.8048890494499772e-04
  4.50000000 +5.0000000000000000e+00 +1.9999990054534129e+00 +2.8644779412195127e-03 +9.9735390357720688e-01 +9.9999761941229537e-01 +9.9999754648360084e-01 +9.9999768561670677e-01 +9.9999770651356101e-01 +5.3537356620487694e-04 +5.3985990003272593e-04 +5.3669250954871536e-04 +5.1597107746359635e-04 +5.2764135133518254e-04
  5.00000000 +5.0000000000000000e+00 +1.9999990242974863e+00 +2.6439752619742919e-03 +9.9790958598108026e-01 +9.9999682753272645e-01 +9.9999684214175077e-01 +9.9999702552048120e-01 +9.9999696088812007e-01 +4.3290029945177420e-04 +4.2745217685361464e-04 +4.3635704727120752e-04 +3.9850229567191465e-04 +4.0754616910063736e-04
  5.50000000 +5.0000000000000000e+00 +1.9999994379396842e+00 +2.3908430736096446e-03 +9.9855284076818740e-01 +9.9999628374026162e-01 +9.9999627953036907e-01 +9.9999640213127927e-01 +9.9999645602645237e-01 +3.0087100292795771e-04 +2.9071521450611896e-04 +3.0455808257847386e-04 +2.8434391985785254e-04 +2.8124958221778426e-04
  6.00000000 +5.0000000000000000e+00 +1.9999997390635298e+00 +2.1662469928589207e-03 +9.9912933949870542e-01 +9.9999578161841240e-01 +9.9999583741086351e-01 +9.9999578748437090e-01 +9.9999592290111849e-01 +1.9537397220309712e-04 +1.8239920011375437e-04 +1.7854060414159925e-04 +1.6288724002813416e-04 +1.6813004609972536e-04
  6.50000000 +5.0000000000000000e+00 +1.9999992720264699e+00 +1.9771345139167865e-03 +9.9962094288618264e-01 +9.9999565326491713e-01 +9.9999529274311894e-01 +9.9999546470670608e-01 +9.9999572975314577e-01 +7.5482796544714282e-05 +8.3896738879296571e-05 +8.5561930671452965e-05 +6.0455544452506879e-05 +9.1519630041531305e-05
  7.00000000 +5.0000000000000000e+00 +1.9999987127215779e+00 +1.8686527605748851e-03 +9.9991107279650338e-01 +9.9999555432086096e-01 +9.9999521649826528e-01 +9.9999554868689300e-01 +9.9999531487428950e-01 +2.7966229483568456e-05 +3.6220967519519880e-05 +1.5171824408110137e-05 +2.8033859566676542e-06 +2.5130405590365962e-05
  7.50000000 +5.0000000000000000e+00 +1.9999980222767253e+00 +1.8796181310135360e-03 +9.9989983196204624e-01 +9.9999527971560198e-01 +9.9999538641304353e-01 +9.9999542070007630e-01 +9.9999507401952892e-01 +2.4148100793046506e-05 +2.9361333842409225e-05 +1.5239635498228757e-05 +2.4313946952715127e-05 +2.5944222928041652e-05
  8.00000000 +5.0000000000000000e+00 +1.9999993550024131e+00 +1.9770066438396725e-03 +9.9966834414010597e-01 +9.9999602617806471e-01 +9.9999470275487368e-01 +9.9999550792819925e-01 +9.9999564593181112e-01 +6.1640651309845533e-05 +5.5406089730191055e-05 +8.0418928071289091e-05 +7.9659336857096258e-05 +7.2648072035632870e-05
  8.50000000 +5.0000000000000000e+00 +2.0000004249003602e+00 +2.2015234169382313e-03 +9.9910831944462719e-01 +9.9999528718402608e-01 +9.9999482447994392e-01 +9.9999507237080121e-01 +9.9999583315150142e-01 +1.7389446985283726e-04 +2.0827054416676938e-04 +1.6466611965077957e-04 +2.0268239655457402e-04 +1.6114981894128428e-04
  9.00000000 +5.0000000000000000e+00 +1.9999997393633266e+00 +2.4037541870326352e-03 +9.9859753562915965e-01 +9.9999479329880347e-01 +9.9999488087130184e-01 +9.9999487754115923e-01 +9.9999472787153487e-01 +2.8069430947372557e-04 +2.8750851632592089e-04 +2.8785588692339730e-04 +2.7201700168515234e-04 +2.9510908200945711e-04
  9.50000000 +5.0000000000000000e+00 +2.0000041738771093e+00 +2.6459172375366759e-03 +9.9797755862168247e-01 +9.9999373124539348e-01 +9.9999405965374166e-01 +9.9999488351800880e-01 +9.9999466681433591e-01 +4.0873277234903458e-04 +4.3870242665512260e-04 +3.8503741130409513e-04 +4.2998665353201934e-04 +3.8264086694748717e-04
 10.00000000 +5.0000000000000000e+00 +2.0000032605704861e+00 +2.8007603554622527e-03 +9.9756975578274321e-01 +9.9999314354278124e-01 +9.9999326852447712e-01 +9.9999331767751864e-01 +9.9999333144081926e-01 +5.0258286995756584e-04 +4.9034120797239651e-04 +4.8739088319037840e-04 +4.6878481747739993e-04 +5.0808322353858770e-04
 10.50000000 +5.0000000000000000e+00 +2.0000009096815181e+00 +3.0090049093694695e-03 +9.9702077793420618e-01 +9.9999150054568631e-01 +9.9999108191969943e-01 +9.9999249854672034e-01 +9.9999167197883576e-01 +5.7987510050226958e-04 +6.5029445885698696e-04 +6.2145795017691042e-04 +5.7745683633466944e-04 +5.8338473552893783e-04
 11.00000000 +5.0000000000000000e+00 +1.9999985875505104e+00 +2.9626738332753440e-03 +9.9711347824283680e-01 +9.9999096508938479e-01 +9.9999084437502184e-01 +9.9999131955993070e-01 +9.9998977478783935e-01 +5.8655605888312506e-04 +5.9773072839737951e-04 +6.1995010665602448e-04 +5.8354409076602346e-04 +5.3583697486015249e-04
 11.50000000 +5.0000000000000000e+00 +2.0000017053848609e+00 +2.9312928743237972e-03 +9.9716960698057067e-01 +9.9998738641861984e-01 +9.9998782447896972e-01 +9.9999155058494682e-01 +9.9998898263345326e-01 +5.4532010534252384e-04 +5.7965400786880790e-04 +5.8916298895120734e-04 +6.1927921335684351e-04 +5.4123257023976415e-04
 12.00000000 +5.0000000000000000e+00 +2.0000046144514090e+00 +2.7553601668367728e-03 +9.9760036944993047e-01 +9.9998651940173733e-01 +9.9998510666524243e-01 +9.9998758508242558e-01 +9.9998502937780764e-01 +4.8074430721838101e-04 +4.9690199130893219e-04 +5.0081096590274849e-04 +5.0842148509447544e-04 +4.6851129181194956e-04
 12.50000000 +5.0000000000000000e+00 +1.9999975497888944e+00 +2.5052828619170683e-03 +9.9822680368849293e-01 +9.9998456244632794e-01 +9.9998378432031554e-01 +9.9998417183865929e-01 +9.9998548379449881e-01 +3.7757573691625962e-04 +3.7166348671055608e-04 +4.1990034090026528e-04 +3.6047844665805908e-04 +3.0557589152888776e-04
 13.00000000 +5.0000000000000000e+00 +2.0000094624846962e+00 +2.2977709282143021e-03 +9.9875854368829875e-01 +9.9998387089210994e-01 +9.9998491259962463e-01 +9.9998474852486419e-01 +9.9998452246012237e-01 +2.8273870256765877e-04 +2.8217852329993703e-04 +3.1095773197554604e-04 +2.4994039617934203e-04 +1.7758646859600011e-04
 13.50000000 +5.0000000000000000e+00 +2.0000091244469362e+00 +2.0712187068397106e-03 +9.9935070061926756e-01 +9.9998554318296717e-01 +9.9998522624672892e-01 +9.9998401015014871e-01 +9.9998243325497782e-01 +1.6784809113769359e-04 +1.6599264751761099e-04 +1.6384130515579133e-04 +9.9723124230160956e-05 +1.1468139373218514e-04
 14.00000000 +5.0000000000000000e+00 +2.0000086055167121e+00 +1.9306770503599371e-03 +9.9973035198766258e-01 +9.9997878664613848e-01 +9.9998339352266841e-01 +9.9998242163706308e-01 +9.9998139944552233e-01 +1.1061016478194497e-04 +8.0785192594914090e-05 +5.6657475720278955e-05 +6.9004430372281180e-05 +2.6589503629717278e-05
 14.50000000 +5.0000000000000000e+00 +2.0000127176610123e+00 +1.9132979083285686e-03 +9.9980258702527269e-01 +9.9998597806912293e-01 +9.9998239200511574e-01 +9.9998049757061913e-01 +9.9998300449645072e-01 +4.3110214862982067e-05 -1.8690813366017420e-05 +9.0604319443265366e-05 +4.1409798429488814e-05 +1.0910731407023596e-04
 15.00000000 +5.0000000000000000e+00 +2.0000070201768403e+00 +1.9914700088029761e-03 +9.9963552994941651e-01 +9.9998302079625634e-01 +9.9997757242645291e-01 +9.9998277120034174e-01 +9.9998128822833809e-01 +6.9943011047888628e-05 +1.0837158371527376e-04 +9.1282976766838430e-05 +1.2579584120789015e-04 +4.4424004665308308e-05
 15.50000000 +5.0000000000000000e+00 +2.0000136209499635e+00 +2.1868587051773096e-03 +9.9916271612429763e-01 +9.9998125570454710e-01 +9.9998416156911352e-01 +9.9997898331679114e-01 +9.9998215955227487e-01 +1.2708888079511620e-04 +1.5091120746651848e-04 +1.3920829087949466e-04 +2.5721481522967583e-04 +2.3630054092752702e-04
 16.00000000 +5.0000000000000000e+00 +2.0000112814530993e+00 +2.3449664315385449e-03 +9.9877590977187825e-01 +9.9998129337017683e-01 +9.9997869634786518e-01 +9.9998210748075533e-01 +9.9998135019884449e-01 +2.0778958935383367e-04 +2.2708728654609594e-04 +2.4210102599993887e-04 +2.7341669554207555e-04 +3.5024824957566585e-04
 16.50000000 +5.0000000000000000e+00 +2.0000140990687441e+00 +2.5313628994452727e-03 +9.9829898364010883e-01 +9.9998276951469445e-01 +9.9997138050011292e-01 +9.9998140371702604e-01 +9.9997923469622985e-01 +3.8895607903431613e-04 +2.8795392196358417e-04 +3.9245081504575579e-04 +3.9029751665128762e-04 +3.2656958293137057e-04
 17.00000000 +5.0000000000000000e+00 +2.0000112151288780e+00 +2.7875454643782986e-03 +9.9763547363177940e-01 +9.9997872870393556e-01 +9.9997773030787729e-01 +9.9997641754204847e-01 +9.9998133499825725e-01 +4.9345647909699848e-04 +5.9205754254859253e-04 +4.7281821893156636e-04 +4.2347228527483808e-04 +4.6851028365172304e-04
 17.50000000 +5.0000000000000000e+00 +2.0000118005056673e+00 +2.8626667256802323e-03 +9.9742331180824950e-01 +9.9998576564043873e-01 +9.9998145353967027e-01 +9.9997898671923136e-01 +9.9997901460642513e-01 +5.6109138086052595e-04 +4.3387209014392349e-04 +5.0636953177847662e-04 +6.1367391582777550e-04 +5.3646078141917405e-04
 18.00000000 +5.0000000000000000e+00 +2.0000146654950561e+00 +2.9782002600332656e-03 +9.9708855429519794e-01 +9.9997653413762522e-01 +9.9997674975631601e-01 +9.9998052778911262e-01 +9.9997395047506166e-01 +6.3141772035060816e-04 +5.2237087515181546e-04 +6.8517660057834076e-04 +7.1263887137746045e-04 +4.5207947898167152e-04
 18.50000000 +5.0000000000000000e+00 +2.0000177678813738e+00 +2.9587916870780725e-03 +9.9710421868661103e-01 +9.9997519844196625e-01 +9.9996874052193652e-01 +9.9996974418135764e-01 +9.9997251029582501e-01 +6.2814818038761070e-04 +6.4039909025755245e-04 +5.7800521037385769e-04 +5.3013402852587473e-04 +6.3290137712327169e-04
 19.00000000 +5.0000000000000000e+00 +2.0000169279486677e+00 +2.6835664043585962e-03 +9.9777583724299790e-01 +9.9997111401537342e-01 +9.9996789915526518e-01 +9.9996719673263912e-01 +9.9997018637720514e-01 +4.4844622314943060e-04 +5.8642710150830029e-04 +4.5391919225066445e-04 +4.2186323460597584e-04 +4.3711072939279323e-04
 19.50000000 +5.0000000000000000e+00 +2.0000010291728287e+00 +2.5960912448491202e-03 +9.9796794918860976e-01 +9.9996413071166279e-01 +9.9996139564417175e-01 +9.9997886130058700e-01 +9.9997112704634616e-01 +4.3178590147568166e-04 +4.7955706110986248e-04 +4.7550050571059732e-04 +3.8833405591253334e-04 +3.8135858102998925e-04
 20.00000000 +5.0000000000000000e+00 +2.0000422156816033e+00 +2.4725711839454936e-03 +9.9829363422764217e-01 +9.9997466534394941e-01 +9.9995788689476461e-01 +9.9996842070106318e-01 +9.9997969496424199e-01 +3.4294160368634579e-04 +3.8006791264213997e-04 +5.5350157881866517e-04 +2.6544344706172317e-04 +2.8374330975499307e-04
 20.50000000 +5.0000000000000000e+00 +2.0000424245123627e+00 +2.1512747457404411e-03 +9.9911680429878003e-01 +9.9996938112327083e-01 +9.9995525013877562e-01 +9.9996772629681274e-01 +9.9996199407720565e-01 +4.2107001240834568e-04 -3.9080711952219305e-05 +2.9137375302532525e-04 +1.1675540859205463e-04 +2.3872560563848252e-04
 21.00000000 +5.0000000000000000e+00 +2.0000310533257410e+00 +2.0256196758333747e-03 +9.9946857119683763e-01 +9.9996631779299749e-01 +9.9994619110374539e-01 +9.9996025409056777e-01 +9.9997092738862681e-01 +2.4816672322843349e-04 +1.5391017927117096e-05 +1.2636187345286152e-04 +2.3563975807023996e-04 +6.2179064586408232e-05
 21.50000000 +5.0000000000000000e+00 +2.0000211465143241e+00 +2.0729012228852309e-03 +9.9936968991998198e-01 +9.9995654445342774e-01 +9.9995076147726880e-01 +9.9995021556857855e-01 +9.9995262448690925e-01 +2.3676400552157873e-04 +7.3483679706721843e-05 +1.8496467409076780e-04 +1.7972233870861009e-04 +1.4522938483670252e-04
 22.00000000 +5.0000000000000000e+00 +2.0000310828442887e+00 +1.9474420737778848e-03 +9.9974232065726698e-01 +9.9997368065834447e-01 +9.9996062553085996e-01 +9.9995764789705555e-01 +9.9995600734674128e-01 +6.1185310571499553e-05 +1.9480291079634413e-04 +3.1142269233823514e-04 -1.3647762242708188e-04 -2.1215384041117540e-05
 22.50000000 +5.0000000000000000e+00 +2.0000450199632258e+00 +2.0827280588903898e-03 +9.9943945792657862e-01 +9.9995593651419379e-01 +9.9996434503970744e-01 +9.9996550415845775e-01 +9.9993982218464583e-01 +1.3060968660246500e-04 -6.5135312258401108e-05 +1.6190105221263051e-04 +2.8223745787057903e-04 +2.2532128435761258e-04
 23.00000000 +5.0000000000000000e+00 +2.0000395648750251e+00 +2.2312463125111165e-03 +9.9907444057928518e-01 +9.9997286006945763e-01 +9.9995787204724673e-01 +9.9997322947263312e-01 +9.9997471666051130e-01 +2.4276504513170630e-04 +8.4749855331269947e-05 +4.0682941373569148e-04 +1.3610223880310157e-04 +1.7643460849976270e-04
 23.50000000 +5.0000000000000000e+00 +2.0000295819840859e+00 +2.4668880965384270e-03 +9.9846914097860806e-01 +9.9996764498209378e-01 +9.9995531050989850e-01 +9.9995813827589153e-01 +9.9995951507818881e-01 +2.0188900848815635e-04 +3.8611185528295228e-04 +3.6811301718277299e-04 +3.4226127114649209e-04 +3.9187501535928321e-04
 24.00000000 +5.0000000000000000e+00 +2.0000441631411849e+00 +2.7233897331146845e-03 +9.9782452928411047e-01 +9.9996377365133071e-01 +9.9996308888464946e-01 +9.9996034485640461e-01 +9.9995575864826081e-01 +3.9225964503136502e-04 +3.0372770971700885e-04 +3.3171619395723240e-04 +5.9347288075092103e-04 +7.1132824174713859e-04
 24.50000000 +5.0000000000000000e+00 +2.0000418256542218e+00 +2.8160191828493419e-03 +9.9755585671582725e-01 +9.9994713500490517e-01 +9.9994801701961622e-01 +9.9992475717396390e-01 +9.9997080716958764e-01 +3.3203048548947412e-04 +6.5974605588966346e-04 +7.0800727326621020e-04 +5.3554111976853792e-04 +4.1810197975673227e-04
 25.00000000 +5.0000000000000000e+00 +2.0000523103273133e+00 +2.6936158343655999e-03 +9.9784975292033551e-01 +9.9994216899802868e-01 +9.9994849455228163e-01 +9.9996207879802224e-01 +9.9996048667483350e-01 +6.4011893116288211e-04 +5.4017529614496895e-04 +3.0536592485178640e-04 +3.5699175849868386e-04 +4.9436614503748852e-04
 25.50000000 +5.0000000000000000e+00 +2.0000542134253791e+00 +3.0333065689217560e-03 +9.9693943936462004e-01 +9.9994812310841708e-01 +9.9992264029014122e-01 +9.9994066031432016e-01 +9.9997282286214328e-01 +7.3986466099555247e-04 +6.9623614712695909e-04 +5.5906698140236659e-04 +6.7671991034196413e-04 +6.0442636067361752e-04
 26.00000000 +5.0000000000000000e+00 +2.0000492977092028e+00 +2.8622246064824528e-03 +9.9732647698887167e-01 +9.9994862893974468e-01 +9.9991819197419052e-01 +9.9995544771014755e-01 +9.9996501987637088e-01 +4.7250133634073283e-04 +8.4426911079528476e-04 +4.8987202222767546e-04 +3.2178930481026487e-04 +7.5780274337146011e-04
 26.50000000 +5.0000000000000000e+00 +2.0000975158392373e+00 +2.6345075355372321e-03 +9.9791417859364973e-01 +9.9995371851139769e-01 +9.9989586984942247e-01 +9.9996379905622290e-01 +9.9995446450509073e-01 +3.5767219725643500e-04 +4.0772446455958664e-04 +5.0224146090778151e-04 +6.0147136750714073e-04 +4.4885999319077931e-04
 27.00000000 +5.0000000000000000e+00 +2.0000446254936688e+00 +2.4209236089196783e-03 +9.9840171621746210e-01 +9.9996435449274912e-01 +9.9991641515438257e-01 +9.9992506426868843e-01 +9.9990777847594126e-01 +3.1563363287955069e-04 +2.5848831141975031e-04 +4.8279159888157979e-04 +6.5530447794145703e-04 +1.7245337719191741e-04
 27.50000000 +5.0000000000000000e+00 +2.0000617008505359e+00 +2.3526400587950578e-03 +9.9860103280985635e-01 +9.9994104754440560e-01 +9.9991313053820186e-01 +9.9992032017916310e-01 +9.9992757777022168e-01 +2.9009635458311124e-04 +2.0390386567515180e-04 +2.9879943219700695e-04 +4.0633659085418956e-04 +4.9775492306113175e-04
 28.00000000 +5.0000000000000000e+00 +2.0000778991382901e+00 +2.0034600321619635e-03 +9.9947860025894897e-01 +9.9994949788652554e-01 +9.9990129871609379e-01 +9.9993703202054207e-01 +9.9994735668706380e-01 +3.7000656945913114e-04 +2.7347718157985816e-05 +8.6597753299446338e-05 +1.6138727659583129e-04 +1.4087510900492168e-04
 28.50000000 +5.0000000000000000e+00 +2.0000509661944439e+00 +2.2026600612961448e-03 +9.9901559784348903e-01 +9.9993610343284112e-01 +9.9992793268609537e-01 +9.9989775354612698e-01 +9.9989822823586449e-01 +2.5098401520487636e-04 +1.4322435213443024e-04 +5.6074708799818838e-04 -1.0711795156871414e-04 +4.7654675023791281e-04
 29.00000000 +5.0000000000000000e+00 +2.0000464104859028e+00 +2.0697330621786505e-03 +9.9939245806218757e-01 +9.9998621362771301e-01 +9.9990614191573746e-01 +9.9996137263316831e-01 +9.9993044135405507e-01 -1.5995439758703642e-04 +4.8945746513553339e-04 +2.2101725530473527e-05 +3.0776612661224538e-04 +1.6400148802557025e-04
 29.50000000 +5.0000000000000000e+00 +2.0000362971100238e+00 +2.1243642848446731e-03 +9.9932143654524463e-01 +9.9988834790019543e-01 +9.9994488054598007e-01 +9.9992235096671600e-01 +9.9996453642909733e-01 +1.4581283698794791e-05 +5.8346528347415075e-04 +2.0850839481127646e-04 -2.3037349943651422e-04 +3.8226614554510757e-04
 30.00000000 +5.0000000000000000e+00 +2.0000413202963809e+00 +2.4780523448239633e-03 +9.9842488748588476e-01 +9.9990752331121457e-01 +9.9986570829423771e-01 +9.9988908106352170e-01 +9.9990949058303724e-01 +8.8481036124231558e-05 +7.2663442050994477e-04 +4.8383530806806856e-04 +5.3682075162021434e-04 +1.6753774491850911e-04
 30.50000000 +5.0000000000000000e+00 +2.0000676359175862e+00 +2.2345012686836967e-03 +9.9908769537455400e-01 +9.9991509625790631e-01 +9.9991543721748055e-01 +9.9987090206444695e-01 +9.9995696515319166e-01 +3.9891336953091702e-04 +5.0734604620011252e-04 +2.0217591892253685e-05 +1.4963266575636992e-04 +1.7779425561041106e-04
 31.00000000 +5.0000000000000000e+00 +2.0000538868801656e+00 +2.2655246429156822e-03 +9.9898195118718824e-01 +9.9993100899977760e-01 +9.9993953317627116e-01 +9.9993476611847454e-01 +9.9993408044811793e-01 +2.4468701015129961e-04 +6.4943939232408709e-04 +6.8590523035427718e-05 -1.9298748628472629e-04 +5.0893062770418626e-04
 31.50000000 +5.0000000000000000e+00 +2.0000097350004822e+00 +2.4929486073633636e-03 +9.9836481579254022e-01 +9.9989645140571126e-01 +9.9987891971333787e-01 +9.9988993649146496e-01 +9.9982239823687413e-01 +5.1579467613993395e-04 +8.4073022210610904e-04 +3.6127420146101440e-04 +1.2121895976011355e-04 +3.0846030180999706e-04
 32.00000000 +5.0000000000000000e+00 +2.0000134587787413e+00 +2.8580488004159507e-03 +9.9744257726954144e-01 +9.9993608517485100e-01 +9.9986705836671141e-01 +9.9986052449703078e-01 +9.9989815252602920e-01 +9.9738343177034009e-04 +5.9386301468315164e-04 +4.1358758468544316e-04 +6.0925753046037873e-04 +3.8151060267894857e-04
 32.50000000 +5.0000000000000000e+00 +2.0000931904809036e+00 +2.4883791783687015e-03 +9.9838218390025557e-01 +9.9994589496204334e-01 +9.9990065183280485e-01 +9.9988896370107605e-01 +9.9999138568797430e-01 +7.6199983399082970e-04 +1.6014771214548391e-04 +9.4365250648535220e-05 +3.5747422305846399e-04 +5.1693289517687241e-04
 33.00000000 +5.0000000000000000e+00 +2.0000899513392913e+00 +3.0143708642841197e-03 +9.9701107673798717e-01 +9.9986594416198027e-01 +9.9989453796344274e-01 +9.9991211229016708e-01 +9.9996961115038563e-01 +9.2620022622309653e-04 +3.2665338641620361e-04 +7.2140603545184140e-04 +5.7457773174800024e-04 +7.9788032177662775e-04
 33.50000000 +5.0000000000000000e+00 +2.0000646138745868e+00 +2.4406243967924749e-03 +9.9843389109262637e-01 +9.9994281204295221e-01 +9.9992698421143589e-01 +9.9995087931729854e-01 +9.9993087907409894e-01 +3.4291222745685209e-04 +1.4304496294850007e-04 +2.6717363542860275e-04 +3.4343640527234300e-04 +7.1798703082330225e-04
 34.00000000 +5.0000000000000000e+00 +2.0000423307221622e+00 +2.7520213932059707e-03 +9.9760638784449984e-01 +9.9983326775087034e-01 +1.0000074485980401e+00 +9.9983906061986116e-01 +9.9994626494089689e-01 +1.6921204213645640e-04 +1.0032416533648186e-03 +2.5027810771491321e-04 +1.0439897373245985e-03 +3.0084870282752002e-04
 34.50000000 +5.0000000000000000e+00 +2.0000559461332061e+00 +2.4269972736099938e-03 +9.9844031007803069e-01 +9.9994505528357536e-01 +9.9987080899752612e-01 +9.9989022118960613e-01 +9.9991037024107576e-01 +1.9746176881266781e-04 +6.9887433250398891e-04 +4.7797522320379979e-04 -8.5838816692407495e-05 +6.5476170054722344e-04
 35.00000000 +5.0000000000000000e+00 +2.0000653750190409e+00 +2.1528628148078776e-03 +9.9919155450331254e-01 +9.9990204770669699e-01 +9.9989590296251873e-01 +9.9990869570568075e-01 +9.9990918980820198e-01 -6.3374520386965839e-05 +2.7103651849112059e-04 +2.8493084762471708e-04 -6.1665434119556966e-05 +7.6168189952750809e-04
 35.50000000 +5.0000000000000000e+00 +2.0000135856178280e+00 +2.2689788342277694e-03 +9.9885779176053346e-01 +9.9981835944016628e-01 +1.0000174216368554e+00 +9.9986673647109758e-01 +9.9979826787529269e-01 +2.1026840229402299e-04 -3.8615178376760555e-04 +2.8636970083777076e-04 +8.1278139292837782e-04 +7.1815510105860251e-04
 36.00000000 +5.0000000000000000e+00 +2.0000171303066216e+00 +2.5987830468397299e-03 +9.9800766227181492e-01 +9.9983438879255682e-01 +9.9993162829582594e-01 +9.9991646165783432e-01 +9.9989750658534238e-01 +8.5474302641067631e-04 +1.2290290049726804e-04 +7.2839188338113766e-04 +6.3603681374714300e-04 +7.0277772366801082e-05
 36.50000000 +5.0000000000000000e+00 +1.9999562267638873e+00 +2.2198804119008841e-03 +9.9907219438277395e-01 +9.9990137146749669e-01 +1.0000137937190305e+00 +9.9991502283112521e-01 +9.9999633810936195e-01 -8.3247999972396335e-05 +2.2091538983826827e-04 +1.2596954098103029e-04 +5.5484942281764282e-04 +2.8279313620391906e-04
 37.00000000 +5.0000000000000000e+00 +2.0000197011657468e+00 +2.5457922934481983e-03 +9.9825130650683658e-01 +9.9989595780232676e-01 +9.9985235842786557e-01 +9.9985908596378181e-01 +9.9981347996387204e-01 +2.8118138165890319e-04 +8.6129465648009356e-04 +2.3943829287026268e-04 +5.9282542765729397e-04 +3.5307157665551798e-04
 37.50000000 +5.0000000000000000e+00 +1.9999320674670440e+00 +2.2271203656969735e-03 +9.9905157215484119e-01 +9.9989113863578882e-01 +9.9985026679921485e-01 +9.9992243317851481e-01 +9.9992670737572231e-01 +1.5589042944540385e-04 +4.3886403354550201e-04 +5.3393567156139030e-04 +4.1283783863386303e-04 -1.8364611877154952e-04
 38.00000000 +5.0000000000000000e+00 +1.9998769745699325e+00 +2.8213081442025729e-03 +9.9751300164177714e-01 +1.0000706799905827e+00 +9.9993243606676763e-01 +9.9979796136055787e-01 +9.9984995579828362e-01 -6.8654557069975039e-05 +4.1749956566111419e-04 +6.6884808929235377e-04 +7.0601465301340630e-04 +1.1122573895606940e-03
 38.50000000 +5.0000000000000000e+00 +1.9999571380367656e+00 +2.5152172007459187e-03 +9.9837667432852772e-01 +9.9996219031841627e-01 +9.9980943604027794e-01 +1.0000131434294548e+00 +9.9977539697858453e-01 -1.8678340370341571e-04 +6.3352387361683381e-04 +8.9417391930420194e-04 +3.1649897799323313e-06 +7.1907952510715195e-04
 39.00000000 +5.0000000000000000e+00 +1.9999751174505216e+00 +2.5574563294419820e-03 +9.9822067092045152e-01 +9.9988689884218229e-01 +9.9976605178336986e-01 +9.9981735097715430e-01 +9.9984360070063705e-01 -6.0292647932718002e-05 +8.9799743364322060e-04 +9.5389864920575405e-05 +7.6443834484360852e-04 +7.6789378049733274e-04
 39.50000000 +5.0000000000000000e+00 +1.9998465886856707e+00 +2.3237088538065162e-03 +9.9877785074987602e-01 +9.9992898967700761e-01 +9.9985513057391384e-01 +9.9986481754112277e-01 +9.9984768155703418e-01 +6.0152348876168289e-04 +1.0269770067882914e-04 +6.3636728126630830e-04 +5.7767351780779969e-04 -1.9273208633893170e-04
 40.00000000 +5.0000000000000000e+00 +1.9997994996167137e+00 +2.5711180988843923e-03 +9.9798412037041284e-01 +1.0001040019342042e+00 +9.9982118965161337e-01 +9.9987616948511582e-01 +1.0000880588373435e+00 +4.1465296287142430e-04 +1.3278392738169366e-04 +8.1690613113045681e-04 -2.2342163327024626e-04 +9.8553833401449596e-04
 40.50000000 +5.0000000000000000e+00 +2.0000107570506658e+00 +2.3248001636576353e-03 +9.9873072692658571e-01 +9.9979695817093439e-01 +9.9980884378553947e-01 +9.9967120931648623e-01 +9.9999128987107322e-01 +4.5041413428835350e-04 +1.2789889578428725e-03 +9.0901727898196866e-05 -4.0184009317601729e-04 +5.8250720376665168e-04
 41.00000000 +5.0000000000000000e+00 +1.9999918406051065e+00 +3.4420766377966988e-03 +9.9587005519413274e-01 +1.0002088731864578e+00 +9.9980560317660083e-01 +9.9972230985743482e-01 +9.9978495417157098e-01 +6.7070286131231456e-04 +9.1759517759022562e-04 +1.3971129771526874e-03 +5.2542361567319538e-04 +1.0973697823688146e-03
 41.50000000 +5.0000000000000000e+00 +1.9999788875089868e+00 +2.9154038405269970e-03 +9.9723543414500460e-01 +9.9992699950014785e-01 +1.0000113515457050e+00 +9.9981579417512312e-01 +9.9983081650415462e-01 +7.9103661254951931e-04 +7.9477694416969509e-04 -3.1840542425292908e-04 +1.4144042732338869e-03 +4.9779172521593963e-04
 42.00000000 +5.0000000000000000e+00 +1.9998854014572796e+00 +2.6240915231091192e-03 +9.9788945304966581e-01 +9.9990573767286661e-01 +9.9987750680072907e-01 +9.9982213772358364e-01 +1.0000246526741257e+00 +3.7857591071473602e-04 +1.2907403222254461e-04 +1.2710076917352897e-03 +8.3081044388349178e-04 -1.2895599780080686e-04
 42.50000000 +5.0000000000000000e+00 +2.0000645577210832e+00 +2.8171285450252254e-03 +9.9753109735221435e-01 +9.9985894243503648e-01 +9.9992026156231206e-01 +9.9972016970860744e-01 +9.9960982245672680e-01 +7.8822352810425594e-05 -1.0685878748787769e-04 +1.3865368780166232e-03 +6.3073159855873463e-04 +1.3704744427710208e-03
 43.00000000 +5.0000000000000000e+00 +1.9999665125674033e+00 +1.6572727653319350e-03 +1.0004779585163344e+00 +9.9994072102702292e-01 +9.9990443381573224e-01 +9.9987291780041965e-01 +9.9977672821929242e-01 -3.1065662549021038e-04 +6.0375545353682548e-04 +1.1993522461236773e-03 -7.7018673330106100e-04 -6.9502371858644167e-04
 43.50000000 +5.0000000000000000e+00 +1.9999572249586646e+00 +2.6629284143180366e-03 +9.9782003978127887e-01 +9.9975663557454508e-01 +1.0000083567043963e+00 +9.9968239327050701e-01 +9.9984619644210060e-01 +7.3185526673786921e-04 +9.1699527644134571e-04 +1.4892423317700019e-03 +1.2886748249618887e-04 -3.8058213023548935e-04
 44.00000000 +5.0000000000000000e+00 +2.0001560555481799e+00 +2.0113428557088776e-03 +9.9968241435631156e-01 +9.9974885472178543e-01 +9.9987845719185253e-01 +9.9963616986560933e-01 +9.9975965612987583e-01 +2.9803118297804085e-04 -1.0352669659560211e-03 -2.2694157086550402e-04 +8.3738665330692534e-04 +1.4212384349348457e-03
 44.50000000 +5.0000000000000000e+00 +1.9998710859885676e+00 +1.6543622970625730e-03 +1.0005094639109318e+00 +9.9958217923367143e-01 +9.9962603069120581e-01 +9.9954848069734048e-01 +9.9969115352839266e-01 +1.1656878806039662e-03 -8.4942352036863948e-05 -1.2359131548905727e-03 +4.3788336486524898e-04 +7.5997619893250446e-04
 45.00000000 +5.0000000000000000e+00 +1.9998905891096892e+00 +1.9096483109062254e-03 +9.9979020372447369e-01 +9.9960615941597841e-01 +9.9977505056667726e-01 +1.0001353551351040e+00 +9.9958671115177511e-01 -3.8665589523313731e-04 +1.7844404506383068e-03 +1.1851234958255442e-03 -7.0092885305828706e-04 -7.7545919344266872e-04
 45.50000000 +5.0000000000000000e+00 +1.9999667439760522e+00 +2.2525815986592103e-03 +9.9892381360645932e-01 +9.9970050822746426e-01 +9.9999620874058204e-01 +1.0001165664545557e+00 +9.9992910164856619e-01 +4.3388506622813670e-04 +8.1927625827098150e-04 -2.1504531573549135e-04 -2.8814202062710741e-04 +5.8382733341776918e-04
 46.00000000 +5.0000000000000000e+00 +1.9999775506586031e+00 +2.0769150027281332e-03 +9.9937432512931923e-01 +9.9999661729724121e-01 +9.9970759389615482e-01 +9.9940319458560600e-01 +9.9979776978363333e-01 -9.1147923959996311e-04 +1.6570841931663953e-03 +4.4165703983650294e-04 +4.6342796858297487e-04 +6.9809344727525993e-05
 46.50000000 +5.0000000000000000e+00 +1.9998753982339486e+00 +2.3776081986966297e-03 +9.9875821773998363e-01 +9.9988649420569276e-01 +9.9976273369997648e-01 +1.0001866308629155e+00 +9.9988446566680322e-01 -3.3077101478476661e-04 +6.5009176322561714e-04 +1.5902191436035519e-03 +3.7480618179421270e-04 -7.6288825047220502e-04
 47.00000000 +5.0000000000000000e+00 +1.9997903619123418e+00 +1.6611865105259252e-03 +1.0003950283071958e+00 +9.9991705622881100e-01 +1.0004494020927548e+00 +9.9952140966649172e-01 +9.9986377667116522e-01 +1.3352264450572831e-04 -1.9240506344092899e-03 +2.3007328917262096e-03 -8.4356160828150692e-04 +1.8668374015627168e-04
 47.50000000 +5.0000000000000000e+00 +2.0000805715156709e+00 +1.8682472870694411e-03 +9.9996225154307428e-01 +9.9980161529981604e-01 +9.9971600943076122e-01 +9.9998646722104445e-01 +9.9971618511616844e-01 -8.2543900413659186e-04 +1.8367298381293693e-03 +9.8118704282946795e-04 +1.0185552949674734e-03 -2.1935617830402582e-03
 48.00000000 +5.0000000000000000e+00 +1.9998064831290134e+00 +2.7321543240175997e-03 +9.9754383274230340e-01 +9.9957898835358983e-01 +9.9954191917461732e-01 +9.9940197110260587e-01 +9.9980129935167916e-01 -1.5982266358429125e-04 +2.0783808529853988e-03 +8.9259673890803573e-04 +9.3241858202921211e-04 +3.8841576388595208e-04
 48.50000000 +5.0000000000000000e+00 +1.9999699689518524e+00 +1.1902997455197309e-03 +1.0015048072664126e+00 +9.9947324606898691e-01 +1.0000038682625583e+00 +1.0000969118772853e+00 +1.0004742719886266e+00 -2.6013358317701783e-05 -2.2709129171093068e-03 +1.5993787864222587e-03 -1.7692158523635176e-03 +9.1365787850578310e-04
 49.00000000 +5.0000000000000000e+00 +1.9998948879714478e+00 +7.3821430130285263e-04 +1.0024623559887218e+00 +9.9934545815673503e-01 +9.9938218312820626e-01 +9.9950867225359463e-01 +9.9999315102588071e-01 +3.5157083107335634e-04 -1.7557426552796443e-04 +6.2594359704075571e-05 -5.9252205706470350e-04 -3.3788942106400399e-04
 49.50000000 +5.0000000000000000e+00 +2.0000420201239093e+00 +1.4537968171916382e-03 +1.0010481690409601e+00 +9.9992596010669788e-01 +1.0002192395776075e+00 +9.9922521828282396e-01 +1.0002707108091160e+00 -1.2821233298771801e-03 +6.6832144877853293e-04 -3.7806844547950498e-05 -1.4367643055302162e-04 +1.0598733983546440e-04
 50.00000000 +5.0000000000000000e+00 +2.0002124126290228e+00 +1.8929283860860942e-03 +9.9975914465439142e-01 +1.0000721266102581e+00 +9.9945448899409084e-01 +9.9990548972919646e-01 +9.9986526116145535e-01 -4.5335106050052826e-04 -1.8354871074170919e-03 +6.0297994004817473e-04 +1.4847590256972408e-03 +1.1445880528335821e-03
