#PATCH_CHECK: SepMBpoisson v0.60 fullmb-kondo adaptive-t500 active
#discretizing the bath:
#     0 0.0000000000000000e+00 -9.1873305439137479e-02
#     1 1.8708286933869706e-03 -1.6867938878625641e-01
#     2 1.8708286933869706e-03 -1.6785648105670456e-01
#     3 1.8708286933869706e-03 -1.6703244108745563e-01
#     4 1.8708286933869706e-03 -1.6620727043208683e-01
#     5 1.8708286933869706e-03 -1.6538097063779769e-01
#     6 1.8708286933869706e-03 -1.6455354324545376e-01
#     7 1.8708286933869706e-03 -1.6372498978962952e-01
#     8 1.8708286933869706e-03 -1.6289531179865102e-01
#     9 1.8708286933869706e-03 -1.6206451079463852e-01
#adaptive measurement: gap=8.2629979428913702e-04 period_steps=15209 nmeas=300 nwf=300 tmax=1.5000000000000000e+02 forced_stride=1
  0.00000000 +5.0000000000000000e+00 +1.9999999999999998e+00 +1.8374661879283106e-03 +1.0000000000000000e+00 +1.0000000000000000e+00 +1.0000000000000000e+00 +1.0000000000000000e+00 +1.0000000000000000e+00 +0.0000000000000000e+00 +0.0000000000000000e+00 +0.0000000000000000e+00 +0.0000000000000000e+00 +0.0000000000000000e+00
  0.50000000 +5.0000000000000000e+00 +1.9999999999562883e+00 +1.8391914720113183e-03 +9.9999561990730845e-01 +9.9999999998555489e-01 +9.9999999998555489e-01 +9.9999999998555489e-01 +9.9999999998555489e-01 +8.6463820753825751e-07 +8.8328587840790618e-07 +8.8753471480858549e-07 +8.6723471867200606e-07 +8.7738471674029567e-07
  1.00000000 +5.0000000000000000e+00 +2.0000000000053313e+00 +1.8443559544515662e-03 +9.9998250593600513e-01 +1.0000000000061557e+00 +1.0000000000072755e+00 +1.0000000000064917e+00 +1.0000000000058200e+00 +3.4765066223633540e-06 +3.5415123479878233e-06 +3.5173602564777696e-06 +3.4826263472705291e-06 +3.4760852880261552e-06
  1.50000000 +5.0000000000000000e+00 +2.0000000004385248e+00 +1.8528163878141683e-03 +9.9996101405744886e-01 +9.9999999997142253e-01 +9.9999999997516598e-01 +9.9999999997410416e-01 +9.9999999997212008e-01 +7.8199202523400605e-06 +7.8652315136368730e-06 +7.8026395574637809e-06 +7.7540862135475118e-06 +7.7442107877383575e-06
  2.00000000 +5.0000000000000000e+00 +1.9999999979883516e+00 +1.8644428089396588e-03 +9.9993146177222803e-01 +9.9999999985109567e-01 +9.9999999985231414e-01 +9.9999999985607946e-01 +9.9999999984751908e-01 +1.3740287139892618e-05 +1.3764498071710085e-05 +1.3685054948888018e-05 +1.3696102137054399e-05 +1.3652837732306540e-05
  2.50000000 +5.0000000000000000e+00 +2.0000000043467669e+00 +1.8789301311581011e-03 +9.9989460623289450e-01 +9.9999999960143782e-01 +9.9999999961429364e-01 +9.9999999963928821e-01 +9.9999999959947394e-01 +2.1201217880296324e-05 +2.1152582501025154e-05 +2.0985785759380860e-05 +2.1034574208574981e-05 +2.1021131996440597e-05
  3.00000000 +5.0000000000000000e+00 +1.9999999927052914e+00 +1.8958397974826332e-03 +9.9985154322687431e-01 +9.9999999919151905e-01 +9.9999999918636540e-01 +9.9999999922341198e-01 +9.9999999913244741e-01 +2.9805422086676730e-05 +2.9769398133503744e-05 +2.9503047578365528e-05 +2.9689991129100798e-05 +2.9692250769090551e-05
  3.50000000 +5.0000000000000000e+00 +1.9999999825732511e+00 +1.9149045839324842e-03 +9.9980292728974984e-01 +9.9999999839337506e-01 +9.9999999842658516e-01 +9.9999999835292486e-01 +9.9999999828438368e-01 +3.9622663844132145e-05 +3.9505788731861895e-05 +3.9244674279896240e-05 +3.9384779417842578e-05 +3.9321350080411151e-05
  4.00000000 +5.0000000000000000e+00 +1.9999999659472738e+00 +1.9353704222717103e-03 +9.9975064585487716e-01 +9.9999999715829047e-01 +9.9999999719770705e-01 +9.9999999712877297e-01 +9.9999999699417452e-01 +5.0071481545089728e-05 +5.0062564953380962e-05 +4.9606018573398284e-05 +4.9913865933063848e-05 +4.9711707902065308e-05
  4.50000000 +5.0000000000000000e+00 +1.9999999754974078e+00 +1.9572110477837955e-03 +9.9969474921449042e-01 +9.9999999534064055e-01 +9.9999999557898833e-01 +9.9999999527574635e-01 +9.9999999518195415e-01 +6.1330501378883192e-05 +6.1196655725742532e-05 +6.0693823219746158e-05 +6.1182655009095978e-05 +6.0865706238126066e-05
  5.00000000 +5.0000000000000000e+00 +1.9999999812123650e+00 +1.9793557331791740e-03 +9.9963793429551473e-01 +9.9999999273183193e-01 +9.9999999307997123e-01 +9.9999999297266529e-01 +9.9999999262801542e-01 +7.2765794928612761e-05 +7.2604584758683381e-05 +7.1976957162837112e-05 +7.2719615426698202e-05 +7.2027349885138582e-05
  5.50000000 +5.0000000000000000e+00 +1.9999999573013147e+00 +2.0015745729078569e-03 +9.9958076059233791e-01 +9.9999998956603220e-01 +9.9999998987370142e-01 +9.9999998987872796e-01 +9.9999998944510449e-01 +8.4468907748296850e-05 +8.4047894309912234e-05 +8.3284227544083481e-05 +8.4018405544416822e-05 +8.3461157745891280e-05
  6.00000000 +5.0000000000000000e+00 +1.9999999164232112e+00 +2.0230161396481783e-03 +9.9952538992891704e-01 +9.9999998550026648e-01 +9.9999998569946114e-01 +9.9999998581514837e-01 +9.9999998558712699e-01 +9.5567713774262543e-05 +9.5157382419829999e-05 +9.4557014964039525e-05 +9.5153145081924530e-05 +9.4232224614229345e-05
  6.50000000 +5.0000000000000000e+00 +1.9999998565460735e+00 +2.0431560657346967e-03 +9.9947312734524840e-01 +9.9999998043434946e-01 +9.9999998078606744e-01 +9.9999998084015806e-01 +9.9999998062799789e-01 +1.0621663320007557e-04 +1.0587233425519585e-04 +1.0500886854874742e-04 +1.0569964103744350e-04 +1.0415251536145990e-04
  7.00000000 +5.0000000000000000e+00 +1.9999997670058032e+00 +2.0615914121375556e-03 +9.9942501378018722e-01 +9.9999997422345421e-01 +9.9999997481472824e-01 +9.9999997498486692e-01 +9.9999997420326947e-01 +1.1551722554188019e-04 +1.1566104541286223e-04 +1.1434192632957091e-04 +1.1541587210069311e-04 +1.1415200256833542e-04
  7.50000000 +5.0000000000000000e+00 +1.9999996867937992e+00 +2.0782345901797154e-03 +9.9938128174035279e-01 +9.9999996707497085e-01 +9.9999996779823708e-01 +9.9999996768767019e-01 +9.9999996729309071e-01 +1.2454530123921364e-04 +1.2431749641517655e-04 +1.2300899063226562e-04 +1.2403915398993205e-04 +1.2293747821387919e-04
  8.00000000 +5.0000000000000000e+00 +1.9999995648269071e+00 +2.0921422337094532e-03 +9.9934431982914207e-01 +9.9999995809252074e-01 +9.9999996014240411e-01 +9.9999995953954723e-01 +9.9999995933646313e-01 +1.3249376699650761e-04 +1.3184613975372758e-04 +1.3069445157253874e-04 +1.3093206316258513e-04 +1.2987667480213931e-04
  8.50000000 +5.0000000000000000e+00 +1.9999995857361343e+00 +2.1032922311966669e-03 +9.9931422788203428e-01 +9.9999994912489842e-01 +9.9999995015904686e-01 +9.9999995031790245e-01 +9.9999994978559936e-01 +1.3835755642343920e-04 +1.3797800794290566e-04 +1.3669926488351367e-04 +1.3755177756724220e-04 +1.3538608752267122e-04
  9.00000000 +5.0000000000000000e+00 +1.9999994713013025e+00 +2.1103452357604312e-03 +9.9929439722256919e-01 +9.9999993776726193e-01 +9.9999993891400951e-01 +9.9999994009804150e-01 +9.9999993884258387e-01 +1.4242063753782994e-04 +1.4212284376213794e-04 +1.4035258979095089e-04 +1.4101656478988253e-04 +1.3993451633522006e-04
  9.50000000 +5.0000000000000000e+00 +1.9999993808395311e+00 +2.1143747247704355e-03 +9.9928217126859153e-01 +9.9999992618188926e-01 +9.9999992727229225e-01 +9.9999992820269223e-01 +9.9999992815067784e-01 +1.4515654122691543e-04 +1.4382239110267593e-04 +1.4316469444325679e-04 +1.4407333290362038e-04 +1.4190196839123208e-04
 10.00000000 +5.0000000000000000e+00 +1.9999991381566875e+00 +2.1150076268340520e-03 +9.9927854653847237e-01 +9.9999991344746808e-01 +9.9999991587082282e-01 +9.9999991714583514e-01 +9.9999991469475502e-01 +1.4566380088746735e-04 +1.4564106491134671e-04 +1.4449300210384435e-04 +1.4351184661567012e-04 +1.4248257918157261e-04
 10.50000000 +5.0000000000000000e+00 +1.9999991003983539e+00 +2.1126960747150651e-03 +9.9928241381698413e-01 +9.9999990194655952e-01 +9.9999990314382170e-01 +9.9999990458334542e-01 +9.9999990322343801e-01 +1.4596641225887052e-04 +1.4511024275329232e-04 +1.4245094435265569e-04 +1.4326955816929980e-04 +1.4117615454944195e-04
 11.00000000 +5.0000000000000000e+00 +1.9999989884769143e+00 +2.1085000010119541e-03 +9.9929116338422752e-01 +9.9999988610085999e-01 +9.9999988842839316e-01 +9.9999989118886068e-01 +9.9999988779504057e-01 +1.4328694043181956e-04 +1.4309875002876138e-04 +1.4192731447306293e-04 +1.4199786776784940e-04 +1.3897219513006755e-04
 11.50000000 +5.0000000000000000e+00 +1.9999987152195795e+00 +2.0986174631527355e-03 +9.9931443129505271e-01 +9.9999987252210021e-01 +9.9999987328969986e-01 +9.9999987529570145e-01 +9.9999987276508417e-01 +1.3960792296949777e-04 +1.3923348937954112e-04 +1.3662002765296041e-04 +1.3586167114602006e-04 +1.3475169504304475e-04
 12.00000000 +5.0000000000000000e+00 +1.9999984448478683e+00 +2.0875804604066333e-03 +9.9934084837062154e-01 +9.9999985792536206e-01 +9.9999986314099509e-01 +9.9999986228525617e-01 +9.9999986009504527e-01 +1.3354188467836880e-04 +1.3520347386038837e-04 +1.3150263486822291e-04 +1.3104123922949289e-04 +1.2841893462607070e-04
 12.50000000 +5.0000000000000000e+00 +1.9999982382719168e+00 +2.0738937082806323e-03 +9.9937419392289273e-01 +9.9999984129418362e-01 +9.9999984486050730e-01 +9.9999984678494513e-01 +9.9999984773938311e-01 +1.2844155462265634e-04 +1.2683528407172453e-04 +1.2358137476441454e-04 +1.2495431186952457e-04 +1.2261282479004374e-04
 13.00000000 +5.0000000000000000e+00 +1.9999981020956825e+00 +2.0574410154200512e-03 +9.9941493252699865e-01 +9.9999983283997562e-01 +9.9999983418701088e-01 +9.9999983620749044e-01 +9.9999983377127555e-01 +1.1869932024213516e-04 +1.1793915842881115e-04 +1.1733808238964055e-04 +1.1609319772200273e-04 +1.1566068162536290e-04
 13.50000000 +5.0000000000000000e+00 +1.9999980493675529e+00 +2.0420636313164338e-03 +9.9945322106226553e-01 +9.9999982206583204e-01 +9.9999981541178973e-01 +9.9999982326840642e-01 +9.9999981298289287e-01 +1.1154521266719793e-04 +1.1205431443414153e-04 +1.1014200870273679e-04 +1.0904952520346941e-04 +1.0471410965953337e-04
 14.00000000 +5.0000000000000000e+00 +1.9999980976238441e+00 +2.0198647361548169e-03 +9.9950915551831077e-01 +9.9999980546899947e-01 +9.9999980593254156e-01 +9.9999980441432179e-01 +9.9999979958354346e-01 +1.0180978285715742e-04 +9.9127431582678708e-05 +9.6607572893227817e-05 +9.9375334626899828e-05 +9.4708931259680266e-05
 14.50000000 +5.0000000000000000e+00 +1.9999978858847032e+00 +2.0020523602748553e-03 +9.9955448617740517e-01 +9.9999979022000585e-01 +9.9999979185658783e-01 +9.9999980293799828e-01 +9.9999978921855692e-01 +9.3056601385437703e-05 +9.0761621349957360e-05 +8.9749557362435797e-05 +8.9242112131644854e-05 +8.3529707542898381e-05
 15.00000000 +5.0000000000000000e+00 +1.9999978447853841e+00 +1.9830722638670790e-03 +9.9960309188054020e-01 +9.9999977056981959e-01 +9.9999977870029111e-01 +9.9999978690398073e-01 +9.9999977783700034e-01 +8.3268151212262427e-05 +8.0385163819675514e-05 +7.9534174699797585e-05 +7.9133944250094404e-05 +7.5472601251888377e-05
 15.50000000 +5.0000000000000000e+00 +1.9999975291728396e+00 +1.9604441563168067e-03 +9.9966153578195271e-01 +9.9999976532359114e-01 +9.9999976896698972e-01 +9.9999978312278615e-01 +9.9999977348546332e-01 +6.9636364696758790e-05 +6.8040645030060918e-05 +6.8368196573842687e-05 +6.5348849120602049e-05 +6.7979226604609203e-05
 16.00000000 +5.0000000000000000e+00 +1.9999975114685937e+00 +1.9438847142996369e-03 +9.9970479770618326e-01 +9.9999975905051053e-01 +9.9999975488048909e-01 +9.9999977044624433e-01 +9.9999975876031300e-01 +6.4026623992220186e-05 +5.8769937785532510e-05 +5.7188434123075611e-05 +5.8640517282095855e-05 +5.7533647041351941e-05
 16.50000000 +5.0000000000000000e+00 +1.9999974253994546e+00 +1.9259222161232849e-03 +9.9975230513446689e-01 +9.9999975035531041e-01 +9.9999975170336197e-01 +9.9999975124250051e-01 +9.9999974628667621e-01 +5.0697486828366213e-05 +5.1209457908833678e-05 +5.0881997258647592e-05 +4.8645052059692026e-05 +4.7261280909006668e-05
 17.00000000 +5.0000000000000000e+00 +1.9999972165899844e+00 +1.9126018524657485e-03 +9.9978830599864854e-01 +9.9999973310556234e-01 +9.9999974389485102e-01 +9.9999975512780570e-01 +9.9999975104569283e-01 +4.4001522479804106e-05 +4.3770335696608182e-05 +4.0317383271885468e-05 +4.4309811451200760e-05 +4.0311751670922284e-05
 17.50000000 +5.0000000000000000e+00 +1.9999977791932113e+00 +1.8992041874119549e-03 +9.9982507290577927e-01 +9.9999973166371425e-01 +9.9999974168587757e-01 +9.9999973770079842e-01 +9.9999973508409989e-01 +3.6332798799458922e-05 +3.6781012584352138e-05 +3.4432373907067870e-05 +3.5024562795729543e-05 +3.3410207764746190e-05
 18.00000000 +5.0000000000000000e+00 +1.9999976827196608e+00 +1.8910184028763364e-03 +9.9984839903762868e-01 +9.9999973059055636e-01 +9.9999972728065545e-01 +9.9999973189321512e-01 +9.9999973894021943e-01 +3.1717267668788442e-05 +3.4263319955586928e-05 +2.9627430523375897e-05 +2.9467093752975795e-05 +2.7597145727747771e-05
 18.50000000 +5.0000000000000000e+00 +1.9999981293548379e+00 +1.8840942491117982e-03 +9.9986916187148267e-01 +9.9999969946879208e-01 +9.9999973089290284e-01 +9.9999972962839812e-01 +9.9999973647399587e-01 +2.8338782031684458e-05 +2.6684435509829630e-05 +2.6520604272794146e-05 +2.6859503478929509e-05 +2.3538382224375350e-05
 19.00000000 +5.0000000000000000e+00 +1.9999978220907373e+00 +1.8759374681368533e-03 +9.9989326071247064e-01 +9.9999970888523815e-01 +9.9999971508840879e-01 +9.9999971753205097e-01 +9.9999969557223956e-01 +2.4270167337933166e-05 +2.1429146909718956e-05 +2.0138866895665003e-05 +2.1335587746730274e-05 +2.0728499225238360e-05
 19.50000000 +5.0000000000000000e+00 +1.9999982523192046e+00 +1.8748842152534093e-03 +9.9989925831296911e-01 +9.9999971252835462e-01 +9.9999970346623401e-01 +9.9999969697522850e-01 +9.9999970990992681e-01 +2.2260216154333646e-05 +2.3080816769057176e-05 +1.9542030690314653e-05 +1.7848274005175753e-05 +1.9187527485129114e-05
 20.00000000 +5.0000000000000000e+00 +1.9999986100047464e+00 +1.8777765479720994e-03 +9.9989533849992707e-01 +9.9999971162529022e-01 +9.9999971870048343e-01 +9.9999970482337563e-01 +9.9999970149757278e-01 +2.0323441862421254e-05 +2.1842280210340362e-05 +2.4010256963112459e-05 +2.0858784212108153e-05 +1.8790100464801566e-05
 20.50000000 +5.0000000000000000e+00 +1.9999980873324088e+00 +1.8781742994937684e-03 +9.9989742787628444e-01 +9.9999968687550145e-01 +9.9999969740395400e-01 +9.9999968897302349e-01 +9.9999969327494265e-01 +1.6624696709416896e-05 +2.1146911755023464e-05 +2.2308273622696753e-05 +2.2265490243256497e-05 +2.1460227165706016e-05
 21.00000000 +5.0000000000000000e+00 +1.9999989189283627e+00 +1.8831751015500903e-03 +9.9988804687503297e-01 +9.9999968218521940e-01 +9.9999970435769614e-01 +9.9999969903714259e-01 +9.9999973314993640e-01 +2.2159266312074734e-05 +2.0552814144391198e-05 +2.2566321519293838e-05 +2.6657654819728482e-05 +2.1198280937862826e-05
 21.50000000 +5.0000000000000000e+00 +1.9999993868559358e+00 +1.8960650797909223e-03 +9.9985804199466988e-01 +9.9999969752421081e-01 +9.9999968840176878e-01 +9.9999968887443558e-01 +9.9999969488103713e-01 +3.2251515973407284e-05 +2.5220505292127803e-05 +2.9132256111418089e-05 +2.9369049414755172e-05 +2.7214963540958898e-05
 22.00000000 +5.0000000000000000e+00 +1.9999990366345224e+00 +1.9042870405857801e-03 +9.9983970951622247e-01 +9.9999970095692559e-01 +9.9999967656814115e-01 +9.9999968810289497e-01 +9.9999968224591274e-01 +2.7864345596936163e-05 +3.2052528912676214e-05 +3.4115433842320428e-05 +3.4724046307569184e-05 +3.2786258818645614e-05
 22.50000000 +5.0000000000000000e+00 +1.9999986729458581e+00 +1.9198974283085016e-03 +9.9980237514344195e-01 +9.9999965690007619e-01 +9.9999968012027074e-01 +9.9999966667690976e-01 +9.9999969957185342e-01 +3.3145673785211620e-05 +4.3376530801741854e-05 +4.0604552342070037e-05 +4.6065053253667481e-05 +3.5729811863643468e-05
 23.00000000 +5.0000000000000000e+00 +1.9999994989426806e+00 +1.9311783900235508e-03 +9.9977525568006365e-01 +9.9999965292150206e-01 +9.9999965170862215e-01 +9.9999969753228590e-01 +9.9999968413908613e-01 +4.3776166647001675e-05 +4.3515372139657251e-05 +4.5848127304635087e-05 +4.6444699139461830e-05 +4.6473604745322701e-05
 23.50000000 +5.0000000000000000e+00 +1.9999999939578095e+00 +1.9437543448717505e-03 +9.9974471894357786e-01 +9.9999964676279918e-01 +9.9999969577977665e-01 +9.9999965501779575e-01 +9.9999966342857183e-01 +5.5061195278760034e-05 +5.0910704313043433e-05 +5.0007812877382895e-05 +4.9572084037391038e-05 +5.1068287561411443e-05
 24.00000000 +5.0000000000000000e+00 +2.0000000136538434e+00 +1.9610402163031332e-03 +9.9970114864209181e-01 +9.9999960054128756e-01 +9.9999964999775792e-01 +9.9999960711282176e-01 +9.9999963816273774e-01 +5.8956643677909682e-05 +5.5271405486136624e-05 +6.5521722206655250e-05 +6.0202755702419814e-05 +6.0403028988261523e-05
 24.50000000 +5.0000000000000000e+00 +1.9999989173588815e+00 +1.9802348835558786e-03 +9.9965253616722538e-01 +9.9999967111210486e-01 +9.9999963271549175e-01 +9.9999962144184340e-01 +9.9999962973005785e-01 +7.0033436943240919e-05 +6.9542065319040398e-05 +6.7559537161612467e-05 +7.1775611885598650e-05 +6.9998130862052764e-05
 25.00000000 +5.0000000000000000e+00 +1.9999996829825410e+00 +1.9988156869023498e-03 +9.9960468878589681e-01 +9.9999958173271475e-01 +9.9999964375777073e-01 +9.9999959916959757e-01 +9.9999963133805492e-01 +7.6027503794500010e-05 +7.6435766804696138e-05 +8.2424481233224625e-05 +8.2742635249359397e-05 +7.9224875112115869e-05
 25.50000000 +5.0000000000000000e+00 +2.0000002183863677e+00 +2.0081907020393073e-03 +9.9958016531842364e-01 +9.9999960542737265e-01 +9.9999959505237279e-01 +9.9999962361390227e-01 +9.9999959369941216e-01 +8.3300228945718360e-05 +8.5874092647030182e-05 +8.4594520708503940e-05 +8.2267710150642559e-05 +8.5380372544348763e-05
 26.00000000 +5.0000000000000000e+00 +1.9999995904079875e+00 +2.0252710913212200e-03 +9.9953495411328497e-01 +9.9999959487999424e-01 +9.9999955519576322e-01 +9.9999957269274420e-01 +9.9999955117436878e-01 +8.8292757050011765e-05 +9.3131509865065952e-05 +9.3071574587311789e-05 +9.6179492282650017e-05 +9.6096563950113357e-05
 26.50000000 +5.0000000000000000e+00 +1.9999987192922299e+00 +2.0388385876338108e-03 +9.9949873265446554e-01 +9.9999953328104552e-01 +9.9999952673052650e-01 +9.9999960912681496e-01 +9.9999956602653350e-01 +9.9126451592407484e-05 +1.0305773040651201e-04 +1.0041679463842575e-04 +9.9674904876689076e-05 +1.0075635041900871e-04
 27.00000000 +5.0000000000000000e+00 +1.9999988211842368e+00 +2.0458095711571676e-03 +9.9947812710417672e-01 +9.9999955931868489e-01 +9.9999954030938254e-01 +9.9999954387500578e-01 +9.9999948280791573e-01 +1.0656498519718496e-04 +1.0116292780279160e-04 +1.0866672522990981e-04 +1.0457734918767503e-04 +1.0277461296387263e-04
 27.50000000 +5.0000000000000000e+00 +1.9999977767177559e+00 +2.0634872689163698e-03 +9.9942997151260837e-01 +9.9999950970853246e-01 +9.9999958103706510e-01 +9.9999954322951623e-01 +9.9999955486572523e-01 +1.1202146563921802e-04 +1.1484182950361709e-04 +1.1688647422650018e-04 +1.0703977047195227e-04 +1.2105007530544251e-04
 28.00000000 +5.0000000000000000e+00 +1.9999977580958708e+00 +2.0646531377151596e-03 +9.9942409764892559e-01 +9.9999942699188471e-01 +9.9999954451060036e-01 +9.9999947775685993e-01 +9.9999945771240595e-01 +1.1632358505415905e-04 +1.1616675665970871e-04 +1.1508538515221610e-04 +1.1646064455902072e-04 +1.1395899086559820e-04
 28.50000000 +5.0000000000000000e+00 +1.9999972454490911e+00 +2.0752693108435864e-03 +9.9939342781519758e-01 +9.9999939038657648e-01 +9.9999944809810848e-01 +9.9999945967098969e-01 +9.9999945549082281e-01 +1.2057963355668122e-04 +1.2559783465367869e-04 +1.2724590291416448e-04 +1.1910561590317462e-04 +1.1628956994727245e-04
 29.00000000 +5.0000000000000000e+00 +1.9999968652104276e+00 +2.0851470790429114e-03 +9.9936449844486042e-01 +9.9999944861537282e-01 +9.9999945527921941e-01 +9.9999937356772306e-01 +9.9999940623801586e-01 +1.2418242934557276e-04 +1.3151119603540108e-04 +1.3125326321578495e-04 +1.2512038371058289e-04 +1.2575059668158437e-04
 29.50000000 +5.0000000000000000e+00 +1.9999953064476104e+00 +2.0777608477629741e-03 +9.9937953907659072e-01 +9.9999946377320159e-01 +9.9999942585033463e-01 +9.9999938306705771e-01 +9.9999942755679772e-01 +1.2359966727008425e-04 +1.3043449268384624e-04 +1.2361346785278568e-04 +1.2438906654876081e-04 +1.2072401678946128e-04
 30.00000000 +5.0000000000000000e+00 +1.9999958372212501e+00 +2.0748399235644885e-03 +9.9938385421017384e-01 +9.9999937212102097e-01 +9.9999940859755398e-01 +9.9999947842190184e-01 +9.9999939252997294e-01 +1.2509951203238192e-04 +1.2211994745706475e-04 +1.2020620551386419e-04 +1.2237646429287432e-04 +1.2869192812096390e-04
 30.50000000 +5.0000000000000000e+00 +1.9999937169399096e+00 +2.0716559095901089e-03 +9.9938759167147118e-01 +9.9999936210330131e-01 +9.9999935893440728e-01 +9.9999923723283790e-01 +9.9999935021952058e-01 +1.1843362947589647e-04 +1.2489804144579097e-04 +1.2609428537646773e-04 +1.2336302921558262e-04 +1.2231081813164071e-04
 31.00000000 +5.0000000000000000e+00 +1.9999934321626978e+00 +2.0678789495364902e-03 +9.9939394279006422e-01 +9.9999929630643813e-01 +9.9999934415445668e-01 +9.9999933256151352e-01 +9.9999929029346846e-01 +1.1803725221761327e-04 +1.1830443228064123e-04 +1.2612373718267052e-04 +1.2650497793113136e-04 +1.1982348054013224e-04
 31.50000000 +5.0000000000000000e+00 +1.9999918094471554e+00 +2.0621824913279064e-03 +9.9940501933975334e-01 +9.9999920858444613e-01 +9.9999925398245826e-01 +9.9999931215121474e-01 +9.9999912962390802e-01 +1.2318613853288946e-04 +1.1554750874371734e-04 +1.2025044046509809e-04 +1.1874080167656407e-04 +1.2035141435917375e-04
 32.00000000 +5.0000000000000000e+00 +1.9999930834351956e+00 +2.0585253689378879e-03 +9.9941259881945654e-01 +9.9999919191183351e-01 +9.9999926483018697e-01 +9.9999922432911847e-01 +9.9999918287287715e-01 +1.2287071129665861e-04 +1.1908078330941716e-04 +1.1697894136209561e-04 +1.1786230795929843e-04 +1.1374452740951656e-04
 32.50000000 +5.0000000000000000e+00 +1.9999907530634868e+00 +2.0558656375989116e-03 +9.9941589260723174e-01 +9.9999916980871562e-01 +9.9999918241331631e-01 +9.9999916941267275e-01 +9.9999924463696988e-01 +1.1558148227680297e-04 +1.2074406260845097e-04 +1.1786654835653378e-04 +1.2338017470495379e-04 +1.0976890032103105e-04
 33.00000000 +5.0000000000000000e+00 +1.9999906233039977e+00 +2.0357971990936051e-03 +9.9946560125565720e-01 +9.9999902640434257e-01 +9.9999926381168958e-01 +9.9999915067101131e-01 +9.9999918620939987e-01 +1.0500900332328210e-04 +1.0886162800409133e-04 +1.1201214437957146e-04 +1.1092894077389670e-04 +1.0095991838526781e-04
 33.50000000 +5.0000000000000000e+00 +1.9999922598380226e+00 +2.0287901275683551e-03 +9.9948299836681087e-01 +9.9999911669950214e-01 +9.9999913300778087e-01 +9.9999916227315255e-01 +9.9999899496151623e-01 +1.1456026456891891e-04 +1.0747229057539067e-04 +1.0017343777677271e-04 +1.0316633901064908e-04 +9.5222406273400058e-05
 34.00000000 +5.0000000000000000e+00 +1.9999898135522258e+00 +2.0185573212036581e-03 +9.9950658666742265e-01 +9.9999917548058237e-01 +9.9999903060015993e-01 +9.9999910308932105e-01 +9.9999904246445137e-01 +1.0907044531889322e-04 +1.0355434599477050e-04 +9.5962176461293806e-05 +9.5445921156814148e-05 +9.3028856213283139e-05
 34.50000000 +5.0000000000000000e+00 +1.9999903630735929e+00 +2.0033334100701800e-03 +9.9954535029678004e-01 +9.9999907289400147e-01 +9.9999900920743490e-01 +9.9999908692722239e-01 +9.9999910003738357e-01 +9.6047563204213149e-05 +9.1969609762141590e-05 +9.7684122189400886e-05 +9.0856208988503314e-05 +8.1823177191943388e-05
 35.00000000 +5.0000000000000000e+00 +1.9999894456653309e+00 +2.0011160430735276e-03 +9.9955218301835413e-01 +9.9999898850812774e-01 +9.9999893344907254e-01 +9.9999908843265906e-01 +9.9999901051675011e-01 +9.8971507061837720e-05 +1.0023363817673340e-04 +8.3382908361145127e-05 +8.2297452888360781e-05 +8.6910535570899756e-05
 35.50000000 +5.0000000000000000e+00 +1.9999894450730569e+00 +1.9733251744126759e-03 +9.9962311063818143e-01 +9.9999906971318975e-01 +9.9999894298838388e-01 +9.9999906416254714e-01 +9.9999884822646767e-01 +7.4523018291272893e-05 +8.7696521726909730e-05 +7.6150429196544076e-05 +7.3201767243167605e-05 +6.9392516589501823e-05
 36.00000000 +5.0000000000000000e+00 +1.9999887687742544e+00 +1.9751841980628930e-03 +9.9961946198326246e-01 +9.9999900201799774e-01 +9.9999900717223311e-01 +9.9999897231975943e-01 +9.9999896396359000e-01 +7.9407113838009474e-05 +7.5352014114375500e-05 +7.1057865302046264e-05 +7.5276555482997967e-05 +8.3499037275991113e-05
 36.50000000 +5.0000000000000000e+00 +1.9999908518264260e+00 +1.9740678872044674e-03 +9.9962442157065956e-01 +9.9999896034478541e-01 +9.9999887068901538e-01 +9.9999906848369002e-01 +9.9999895169922182e-01 +7.9800333232857989e-05 +7.8213827448301044e-05 +7.4319152242209133e-05 +7.1701383188777268e-05 +7.5692488042673257e-05
 37.00000000 +5.0000000000000000e+00 +1.9999901157162643e+00 +1.9654822493581424e-03 +9.9964923645350934e-01 +9.9999882247852778e-01 +9.9999890653968215e-01 +9.9999888373898838e-01 +9.9999890699958904e-01 +6.9136254179690286e-05 +7.6526847047861938e-05 +7.6849729202801124e-05 +6.1103885110773426e-05 +7.1627073156325775e-05
 37.50000000 +5.0000000000000000e+00 +1.9999907429717736e+00 +1.9675293644412580e-03 +9.9964655986459361e-01 +9.9999889261287322e-01 +9.9999895015717755e-01 +9.9999902321413137e-01 +9.9999888415067295e-01 +7.0613637824961233e-05 +8.0876935931907946e-05 +6.7798338656927578e-05 +7.7761298989822189e-05 +6.0639818458750006e-05
 38.00000000 +5.0000000000000000e+00 +1.9999911968219182e+00 +1.9580777494400971e-03 +9.9967213997612137e-01 +9.9999877194119791e-01 +9.9999912197347007e-01 +9.9999893664470629e-01 +9.9999881441183014e-01 +6.7237339897576983e-05 +6.9282039975476615e-05 +6.1838487731518204e-05 +7.4531665117483328e-05 +5.9325533941940153e-05
 38.50000000 +5.0000000000000000e+00 +1.9999917512466017e+00 +1.9595889458076912e-03 +9.9967224182899161e-01 +9.9999886452110687e-01 +9.9999889830643640e-01 +9.9999885591820714e-01 +9.9999892854669281e-01 +7.3215389638805117e-05 +6.0483554014055115e-05 +7.3318427863959816e-05 +6.4088128773126223e-05 +6.1105363997771220e-05
 39.00000000 +5.0000000000000000e+00 +1.9999924511825882e+00 +1.9392615748767756e-03 +9.9972718617399581e-01 +9.9999867534267561e-01 +9.9999885106923203e-01 +9.9999880772752625e-01 +9.9999883434761827e-01 +5.0175816014466386e-05 +5.7575763472747700e-05 +5.7273949435007351e-05 +5.4024500230765491e-05 +5.8595351255593944e-05
 39.50000000 +5.0000000000000000e+00 +1.9999915872000713e+00 +1.9476180776765548e-03 +9.9970974705941085e-01 +9.9999856534529219e-01 +9.9999858840822442e-01 +9.9999890069650843e-01 +9.9999910612337517e-01 +7.1049891003809921e-05 +5.1326865397036241e-05 +5.8437881938341323e-05 +5.0842654341503824e-05 +6.3435038453863620e-05
 40.00000000 +5.0000000000000000e+00 +1.9999941046097367e+00 +1.9502197185465189e-03 +9.9970666816081133e-01 +9.9999872391348643e-01 +9.9999896113995046e-01 +9.9999883916430155e-01 +9.9999864784391157e-01 +4.7224776264943873e-05 +5.5530981225130484e-05 +7.1831075324580432e-05 +6.4045101372473540e-05 +5.9527851750025227e-05
 40.50000000 +5.0000000000000000e+00 +1.9999919402840698e+00 +1.9434638416543392e-03 +9.9972555515852390e-01 +9.9999885672162936e-01 +9.9999874310703185e-01 +9.9999887451454383e-01 +9.9999870139488445e-01 +6.3512803929742029e-05 +5.4719890284981135e-05 +5.3617909717786194e-05 +5.4417758685328413e-05 +5.3000794323174700e-05
 41.00000000 +5.0000000000000000e+00 +1.9999926067089671e+00 +1.9665359024409463e-03 +9.9966971511746072e-01 +9.9999864369946578e-01 +9.9999855621311673e-01 +9.9999885222425600e-01 +9.9999848737276908e-01 +6.0110600258003505e-05 +7.3598690765271151e-05 +7.1744839835807448e-05 +6.5651975499208130e-05 +6.4639270951774325e-05
 41.50000000 +5.0000000000000000e+00 +1.9999948095889466e+00 +1.9710893013169324e-03 +9.9966106629479445e-01 +9.9999874791925714e-01 +9.9999867575650525e-01 +9.9999891498385252e-01 +9.9999890202326081e-01 +7.8139542196191595e-05 +7.2948635194595198e-05 +6.6956837914544865e-05 +6.7552809172699202e-05 +5.8095194355339032e-05
 42.00000000 +5.0000000000000000e+00 +1.9999951144338843e+00 +1.9750771129246683e-03 +9.9965351332037855e-01 +9.9999865934143095e-01 +9.9999864004426553e-01 +9.9999869948999387e-01 +9.9999870048073525e-01 +7.7849061650519250e-05 +5.7543181603009704e-05 +6.6933780734562616e-05 +6.8709694606599082e-05 +8.0751582277513030e-05
 42.50000000 +5.0000000000000000e+00 +1.9999908541827904e+00 +1.9701364123283758e-03 +9.9966734205633967e-01 +9.9999873171788134e-01 +9.9999865059275617e-01 +9.9999850221006348e-01 +9.9999874073184336e-01 +6.7899735869483480e-05 +6.7372533082892192e-05 +6.3003545156680181e-05 +7.3366094931730312e-05 +6.6390778485967713e-05
 43.00000000 +5.0000000000000000e+00 +1.9999946982465815e+00 +1.9832820997227104e-03 +9.9963467024695007e-01 +9.9999847547027176e-01 +9.9999862314770183e-01 +9.9999842701203412e-01 +9.9999849995659895e-01 +8.4488397683611731e-05 +6.2203555945663407e-05 +6.5002378251057197e-05 +7.9226206967779791e-05 +8.0383632102742144e-05
 43.50000000 +5.0000000000000000e+00 +1.9999899641409673e+00 +1.9827356389069692e-03 +9.9963584767501246e-01 +9.9999829870097989e-01 +9.9999852869385841e-01 +9.9999861147415126e-01 +9.9999831075439916e-01 +6.8694181943619896e-05 +7.6021401251127833e-05 +7.6932122108371701e-05 +8.2395169250980486e-05 +6.6359776988993157e-05
 44.00000000 +5.0000000000000000e+00 +1.9999931550870480e+00 +1.9970937554755703e-03 +9.9960227456976647e-01 +9.9999829672025720e-01 +9.9999844952413297e-01 +9.9999844560336060e-01 +9.9999852076590245e-01 +8.3383581073801297e-05 +9.1745944660612534e-05 +7.5813013179468016e-05 +7.3051097008837096e-05 +8.0019212991647032e-05
 44.50000000 +5.0000000000000000e+00 +1.9999942020148362e+00 +2.0015410749566294e-03 +9.9958942908878368e-01 +9.9999841849898730e-01 +9.9999827229287130e-01 +9.9999868445486761e-01 +9.9999855111852087e-01 +8.2314327597085891e-05 +8.7165406917766663e-05 +7.9607884483450631e-05 +9.5985187168511833e-05 +7.1571769664744071e-05
 45.00000000 +5.0000000000000000e+00 +1.9999913835815610e+00 +2.0109798520906636e-03 +9.9956515688736935e-01 +9.9999831208855827e-01 +9.9999864359716473e-01 +9.9999840787365657e-01 +9.9999813545247673e-01 +8.8073239128701441e-05 +8.7049877327216314e-05 +8.0398745058502034e-05 +9.4983379302523047e-05 +9.0838819357235299e-05
 45.50000000 +5.0000000000000000e+00 +1.9999933694978171e+00 +2.0272835913176454e-03 +9.9952517963088405e-01 +9.9999834518071129e-01 +9.9999871666909268e-01 +9.9999851881828750e-01 +9.9999842190701216e-01 +8.9494059138123130e-05 +9.7292413377995682e-05 +9.2890271547499655e-05 +1.0762643242293439e-04 +9.3514587587835063e-05
 46.00000000 +5.0000000000000000e+00 +1.9999953630086724e+00 +2.0093590347020260e-03 +9.9956992376741294e-01 +9.9999830686198421e-01 +9.9999847739870562e-01 +9.9999844242442137e-01 +9.9999839920069467e-01 +8.3910859232114943e-05 +7.9922634480540615e-05 +9.8758130512159570e-05 +8.5743598137135100e-05 +8.8115080719328918e-05
 46.50000000 +5.0000000000000000e+00 +1.9999925256496280e+00 +2.0409351117529123e-03 +9.9948780681876903e-01 +9.9999816779883377e-01 +9.9999854871313476e-01 +9.9999848430021732e-01 +9.9999834930838483e-01 +9.8628688273585998e-05 +9.6177145268106949e-05 +1.0547572377967462e-04 +1.1462258978405249e-04 +1.0373891732024007e-04
 47.00000000 +5.0000000000000000e+00 +1.9999914826481657e+00 +2.0410586066349516e-03 +9.9948514699112301e-01 +9.9999831592362243e-01 +9.9999828159715343e-01 +9.9999861544035129e-01 +9.9999818787251604e-01 +1.0663873519958459e-04 +1.0267970035347797e-04 +9.2680438077196494e-05 +1.1884440204933929e-04 +1.0060889846670621e-04
 47.50000000 +5.0000000000000000e+00 +1.9999903592115935e+00 +2.0500698168585520e-03 +9.9946134717176027e-01 +9.9999827054146917e-01 +9.9999853804680328e-01 +9.9999813462397080e-01 +9.9999798869244805e-01 +9.8230846119015943e-05 +1.1759077325416551e-04 +1.0714384901451463e-04 +1.1315161468630183e-04 +1.0960381560494494e-04
 48.00000000 +5.0000000000000000e+00 +1.9999889265601856e+00 +2.0373004026123659e-03 +9.9949165989664690e-01 +9.9999800328165245e-01 +9.9999797416753400e-01 +9.9999850787991396e-01 +9.9999852644711706e-01 +1.0254569881486237e-04 +1.1318506334760825e-04 +9.5413674960795957e-05 +1.0291313760830559e-04 +1.0127074373637758e-04
 48.50000000 +5.0000000000000000e+00 +1.9999878461048508e+00 +2.0434764971952357e-03 +9.9947233189503426e-01 +9.9999819123759182e-01 +9.9999831539097550e-01 +9.9999846075890075e-01 +9.9999826403711578e-01 +1.0171681895918083e-04 +1.1739616870707773e-04 +1.1283001913983735e-04 +1.0021607944294462e-04 +1.0227761386883211e-04
 49.00000000 +5.0000000000000000e+00 +1.9999882287308957e+00 +2.0285854722634292e-03 +9.9950974454014963e-01 +9.9999813212922406e-01 +9.9999825266217868e-01 +9.9999819398013856e-01 +9.9999803081721650e-01 +1.0098363227266527e-04 +9.8076241938856537e-05 +1.0317926404339233e-04 +9.2948521517724193e-05 +1.0245823044597081e-04
 49.50000000 +5.0000000000000000e+00 +1.9999863899647696e+00 +2.0421701237430842e-03 +9.9947222650756806e-01 +9.9999781541118538e-01 +9.9999792402023491e-01 +9.9999809869747391e-01 +9.9999772036376233e-01 +1.1316649809189910e-04 +1.1783925942563380e-04 +9.6482493333559905e-05 +1.0766352743465163e-04 +1.0106324929132313e-04
 50.00000000 +5.0000000000000000e+00 +1.9999864214367185e+00 +2.0353691523829292e-03 +9.9948698838205252e-01 +9.9999793916586677e-01 +9.9999803040343649e-01 +9.9999796338439417e-01 +9.9999767557887997e-01 +1.1873354264281067e-04 +1.1042742280941022e-04 +1.1521098068567938e-04 +1.0593914389515757e-04 +7.1092015215856207e-05
 50.50000000 +5.0000000000000000e+00 +1.9999843572194975e+00 +2.0429736011388627e-03 +9.9946566642279522e-01 +9.9999762494508826e-01 +9.9999783134337406e-01 +9.9999817586728168e-01 +9.9999784390802371e-01 +1.0457593691806507e-04 +1.2317360186627442e-04 +1.1054430734548763e-04 +9.8542940437750453e-05 +1.0602076805749016e-04
 51.00000000 +5.0000000000000000e+00 +1.9999823085006108e+00 +2.0378798682187901e-03 +9.9947522557903179e-01 +9.9999769950575657e-01 +9.9999748863820015e-01 +9.9999765065332746e-01 +9.9999747014488727e-01 +1.3513597638730557e-04 +9.2400853239077140e-05 +9.9539168703642253e-05 +1.1271750815932880e-04 +9.4671990435703655e-05
 51.50000000 +5.0000000000000000e+00 +1.9999808839479263e+00 +2.0472176645573181e-03 +9.9945005299704293e-01 +9.9999798064564016e-01 +9.9999789172688480e-01 +9.9999804682464444e-01 +9.9999808023774017e-01 +1.1335856753753888e-04 +1.2420130993116187e-04 +1.0459929776826789e-04 +1.1096971728923181e-04 +1.0481865541901528e-04
 52.00000000 +5.0000000000000000e+00 +1.9999822367216702e+00 +2.0454727576289231e-03 +9.9945340470627764e-01 +9.9999792750654892e-01 +9.9999773682977611e-01 +9.9999772333761361e-01 +9.9999737632743113e-01 +1.2615528613170571e-04 +1.0811055099020715e-04 +9.1730748901204211e-05 +1.2277407327110549e-04 +1.0706063821882258e-04
 52.50000000 +5.0000000000000000e+00 +1.9999828008819935e+00 +2.0283576009622246e-03 +9.9949581202069604e-01 +9.9999783667962872e-01 +9.9999836473266457e-01 +9.9999782685873151e-01 +9.9999737498084407e-01 +1.0559189122362929e-04 +1.0680059774857436e-04 +1.1373567257249942e-04 +9.3840863517883821e-05 +9.2815664610901671e-05
 53.00000000 +5.0000000000000000e+00 +1.9999833462984515e+00 +2.0077419240181289e-03 +9.9954715884375733e-01 +9.9999826022767635e-01 +9.9999722535098545e-01 +9.9999818025293508e-01 +9.9999786550653325e-01 +8.1230264389045765e-05 +8.6144995756112501e-05 +8.2448666449749100e-05 +1.2153328021095363e-04 +8.9952609335341971e-05
 53.50000000 +5.0000000000000000e+00 +1.9999786765565453e+00 +2.0212766325923646e-03 +9.9951205810724786e-01 +9.9999715311407367e-01 +9.9999780645063574e-01 +9.9999792970957380e-01 +9.9999777800555045e-01 +1.0061596703790684e-04 +1.0405128290047382e-04 +9.7477859640490006e-05 +8.4986243134399552e-05 +1.1014326483520516e-04
 54.00000000 +5.0000000000000000e+00 +1.9999786746526524e+00 +2.0339422147547252e-03 +9.9947717854806817e-01 +9.9999737430976310e-01 +9.9999772196060821e-01 +9.9999781836445722e-01 +9.9999757412695622e-01 +1.2594713798585235e-04 +9.3625846883004139e-05 +1.0791449027077768e-04 +9.4213476174679020e-05 +1.1063173730404948e-04
 54.50000000 +5.0000000000000000e+00 +1.9999795800570250e+00 +2.0113649984411321e-03 +9.9953684235771945e-01 +9.9999770361985951e-01 +9.9999774806265140e-01 +9.9999719111176177e-01 +9.9999755749372954e-01 +1.0373622206177051e-04 +9.4936810250568408e-05 +9.5381976146584842e-05 +9.5483320844979024e-05 +8.3419028926670896e-05
 55.00000000 +5.0000000000000000e+00 +1.9999777513117103e+00 +2.0145572471938541e-03 +9.9952916233071110e-01 +9.9999787258537709e-01 +9.9999737973189695e-01 +9.9999754743724900e-01 +9.9999714879588275e-01 +9.3775090170414771e-05 +1.0079057025098448e-04 +8.0779382503923412e-05 +1.1083096732479216e-04 +9.4713125089727665e-05
 55.50000000 +5.0000000000000000e+00 +1.9999768349662490e+00 +2.0169062307472244e-03 +9.9952099251651993e-01 +9.9999700862305685e-01 +9.9999762954870208e-01 +9.9999778508063164e-01 +9.9999754409519692e-01 +9.5865246943725062e-05 +1.0334048787410328e-04 +1.0121260159995925e-04 +8.9410122884868201e-05 +9.9211653381368144e-05
 56.00000000 +5.0000000000000000e+00 +1.9999736419675556e+00 +2.0333935292323551e-03 +9.9947963876084556e-01 +9.9999735617457541e-01 +9.9999736847492759e-01 +9.9999752335429193e-01 +9.9999685587974940e-01 +1.0105435072037207e-04 +9.9783893048743642e-05 +1.2331832640192957e-04 +9.5756629931522115e-05 +1.1134417619032646e-04
 56.50000000 +5.0000000000000000e+00 +1.9999782665137615e+00 +2.0014054109084808e-03 +9.9956221164628001e-01 +9.9999779128134236e-01 +9.9999699744833903e-01 +9.9999760297181217e-01 +9.9999663931169358e-01 +6.6789821842140295e-05 +8.5854830412798917e-05 +8.6086098197086559e-05 +1.1769205292415641e-04 +9.2334560579920171e-05
 57.00000000 +5.0000000000000000e+00 +1.9999762486677808e+00 +2.0146150328971780e-03 +9.9953101018705326e-01 +9.9999702857790784e-01 +9.9999762332586750e-01 +9.9999776355135872e-01 +9.9999672685799590e-01 +1.1500650319969681e-04 +1.0009297789616803e-04 +8.9035849312940361e-05 +8.0210339381527174e-05 +9.5501849455677476e-05
 57.50000000 +5.0000000000000000e+00 +1.9999763272498752e+00 +2.0074839640556973e-03 +9.9954932906727634e-01 +9.9999706540752242e-01 +9.9999721529578312e-01 +9.9999762470743003e-01 +9.9999684969637359e-01 +9.4156498237940486e-05 +7.6454634521406904e-05 +9.4189878370397361e-05 +9.3904248041232181e-05 +1.0321056480786012e-04
 58.00000000 +5.0000000000000000e+00 +1.9999775514914475e+00 +2.0374074472063325e-03 +9.9947787984073799e-01 +9.9999731637543288e-01 +9.9999738754640899e-01 +9.9999723521958928e-01 +9.9999685202622790e-01 +1.0004976680284868e-04 +1.2896255518184824e-04 +1.0671910754296973e-04 +1.1185680139067219e-04 +8.5740744068743660e-05
 58.50000000 +5.0000000000000000e+00 +1.9999741069665364e+00 +2.0252959054668021e-03 +9.9950452735239326e-01 +9.9999702788202538e-01 +9.9999709728158270e-01 +9.9999740574286522e-01 +9.9999687237467894e-01 +1.0103109855472592e-04 +1.0472895222378420e-04 +1.0948648931438843e-04 +1.0747738861563681e-04 +8.4345455013627436e-05
 59.00000000 +5.0000000000000000e+00 +1.9999787087625858e+00 +2.0092663787969816e-03 +9.9954819994535382e-01 +9.9999702692567094e-01 +9.9999706760217921e-01 +9.9999721190766877e-01 +9.9999689642926437e-01 +9.3234903257547122e-05 +1.0070034260448769e-04 +8.0126881408529494e-05 +1.0045252856095774e-04 +8.9082499995527469e-05
 59.50000000 +5.0000000000000000e+00 +1.9999728350807320e+00 +2.0175747034552071e-03 +9.9952924221418893e-01 +9.9999626858453317e-01 +9.9999716681285478e-01 +9.9999722153538129e-01 +9.9999710157391908e-01 +9.6143285053147188e-05 +1.0347894385090831e-04 +9.1565320610358610e-05 +1.0247090323247215e-04 +8.9340810123820100e-05
 60.00000000 +5.0000000000000000e+00 +1.9999783353528064e+00 +2.0007318455478999e-03 +9.9957443860027928e-01 +9.9999639156332043e-01 +9.9999739712547397e-01 +9.9999691890896425e-01 +9.9999729813822691e-01 +7.3825959346377165e-05 +8.0363330235980640e-05 +8.6182985284884682e-05 +1.0642374212011079e-04 +9.0759651719710577e-05
 60.50000000 +5.0000000000000000e+00 +1.9999762692008174e+00 +2.0355251589437547e-03 +9.9948547477727667e-01 +9.9999721231080618e-01 +9.9999730424139033e-01 +9.9999645076962496e-01 +9.9999693912675014e-01 +1.0751885596547363e-04 +1.1282176997616618e-04 +8.5068153385608854e-05 +1.0824334595753458e-04 +1.1296662998735318e-04
 61.00000000 +5.0000000000000000e+00 +1.9999782326716056e+00 +2.0113593909650992e-03 +9.9954957156745894e-01 +9.9999671819270886e-01 +9.9999660314388628e-01 +9.9999753501721633e-01 +9.9999646670237918e-01 +1.0600454313174689e-04 +1.0540465751244734e-04 +8.1551045466718802e-05 +9.6844334212647096e-05 +7.3300794576465191e-05
 61.50000000 +5.0000000000000000e+00 +1.9999785612178356e+00 +1.9981162643864857e-03 +9.9958502071659272e-01 +9.9999710292886446e-01 +9.9999649798261647e-01 +9.9999695215842743e-01 +9.9999700496848964e-01 +8.8767333129426170e-05 +8.1038061924427492e-05 +9.3908435853162870e-05 +8.9693203729686329e-05 +7.4014210372333364e-05
 62.00000000 +5.0000000000000000e+00 +1.9999708679441559e+00 +1.9965050085487108e-03 +9.9958597540245686e-01 +9.9999667051421470e-01 +9.9999596227799525e-01 +9.9999698227585754e-01 +9.9999699083766536e-01 +6.6382905388446604e-05 +7.7656426901305609e-05 +1.0606284679049648e-04 +9.7895760013947417e-05 +7.9420752467749157e-05
 62.50000000 +5.0000000000000000e+00 +1.9999788819712261e+00 +2.0395042292421033e-03 +9.9948270181831333e-01 +9.9999692343459134e-01 +9.9999657377853313e-01 +9.9999651017122093e-01 +9.9999637415566922e-01 +9.8639106607476335e-05 +1.1364635808767498e-04 +1.1326811122545990e-04 +1.1440453983815179e-04 +9.0958557785656875e-05
 63.00000000 +5.0000000000000000e+00 +1.9999765457570293e+00 +2.0229567326027730e-03 +9.9952047321571991e-01 +9.9999683891168789e-01 +9.9999619720469557e-01 +9.9999654819398709e-01 +9.9999653624639384e-01 +8.0257188650463036e-05 +1.0612314530340067e-04 +1.0969732272623340e-04 +9.5394201189795240e-05 +1.0193435848594368e-04
 63.50000000 +5.0000000000000000e+00 +1.9999769550579987e+00 +2.0144526353631565e-03 +9.9954469307472060e-01 +9.9999690164364274e-01 +9.9999645581055796e-01 +9.9999646806233333e-01 +9.9999675342118743e-01 +9.3992574303237064e-05 +1.0644270254361110e-04 +7.3937249980399845e-05 +9.5385417460218150e-05 +9.8970079662044969e-05
 64.00000000 +5.0000000000000000e+00 +1.9999709078555359e+00 +2.0755556303250931e-03 +9.9938885708902925e-01 +9.9999563254504231e-01 +9.9999642009176759e-01 +9.9999671684109770e-01 +9.9999586850078781e-01 +1.2330744003742953e-04 +1.3000839767080658e-04 +1.2664276675229677e-04 +1.4261306942101111e-04 +1.0393325967140392e-04
 64.50000000 +5.0000000000000000e+00 +1.9999775901174304e+00 +2.0233628797109438e-03 +9.9952490808000272e-01 +9.9999638104223010e-01 +9.9999681869753709e-01 +9.9999604701104094e-01 +9.9999631201166261e-01 +1.0649597556508607e-04 +1.2703723251502336e-04 +8.1762453632903221e-05 +7.7239924846039497e-05 +9.6997565837741469e-05
 65.00000000 +5.0000000000000000e+00 +1.9999693821133646e+00 +2.0367380557801025e-03 +9.9948747383771652e-01 +9.9999490675631464e-01 +9.9999623502470847e-01 +9.9999679231281235e-01 +9.9999728946056876e-01 +1.0984033049133617e-04 +7.3516525769257930e-05 +1.2000855288963090e-04 +1.0005146108988926e-04 +1.2388575379160581e-04
 65.50000000 +5.0000000000000000e+00 +1.9999761915310563e+00 +2.0231718170108741e-03 +9.9952554873553601e-01 +9.9999637280270492e-01 +9.9999570618096423e-01 +9.9999605511941225e-01 +9.9999600251724330e-01 +9.6425581010097319e-05 +1.0909408266250886e-04 +8.9863832585201781e-05 +8.4070153226098056e-05 +1.1086096468980817e-04
 66.00000000 +5.0000000000000000e+00 +1.9999708995247696e+00 +2.0297603294787657e-03 +9.9950358485323954e-01 +9.9999538779759967e-01 +9.9999622507807817e-01 +9.9999711548144399e-01 +9.9999620635192366e-01 +1.0332966139944492e-04 +9.9279828373676981e-05 +8.3288045387158732e-05 +1.2214386340319054e-04 +1.0343904360838250e-04
 66.50000000 +5.0000000000000000e+00 +1.9999684411193399e+00 +2.0433965999965670e-03 +9.9946675423898190e-01 +9.9999683399275752e-01 +9.9999454810991850e-01 +9.9999579475144196e-01 +9.9999645011212979e-01 +1.1845068991643346e-04 +1.1884190044355880e-04 +1.0187686731466126e-04 +1.0445368559946221e-04 +1.0599563149256313e-04
 67.00000000 +5.0000000000000000e+00 +1.9999667957332938e+00 +2.0304545160948679e-03 +9.9950053654745796e-01 +9.9999457680983617e-01 +9.9999616394855240e-01 +9.9999633151477507e-01 +9.9999611350816087e-01 +9.8919801560328019e-05 +8.2132371523699926e-05 +1.1757181681597758e-04 +1.1839685958652966e-04 +9.9256834788924645e-05
 67.50000000 +5.0000000000000000e+00 +1.9999719542617638e+00 +2.0193077388337413e-03 +9.9953442757863331e-01 +9.9999510507230760e-01 +9.9999632270371985e-01 +9.9999567020217772e-01 +9.9999584688133603e-01 +6.7475207724240437e-05 +1.3594240042802907e-04 +8.1219658119456294e-05 +1.2196864009490999e-04 +7.6021647912003274e-05
 68.00000000 +5.0000000000000000e+00 +1.9999651291748177e+00 +2.0313984860150258e-03 +9.9949622630115464e-01 +9.9999608076576685e-01 +9.9999590580716824e-01 +9.9999542383079820e-01 +9.9999588612157397e-01 +7.7542172311740096e-05 +1.1183523419575482e-04 +1.0981156292685447e-04 +1.1741628238725661e-04 +1.0387191746738571e-04
 68.50000000 +5.0000000000000000e+00 +1.9999620659182900e+00 +2.0292389863259819e-03 +9.9950083641948506e-01 +9.9999467108867013e-01 +9.9999548717013431e-01 +9.9999664612969763e-01 +9.9999641629915559e-01 +9.3162724712071848e-05 +1.1743877142775739e-04 +1.0615341636947708e-04 +1.0482038863512265e-04 +9.4367587602806581e-05
 69.00000000 +5.0000000000000000e+00 +1.9999704760793282e+00 +2.0384210620253266e-03 +9.9948278216636954e-01 +9.9999530105025258e-01 +9.9999504854752930e-01 +9.9999613884040650e-01 +9.9999677568538270e-01 +1.3478270577230040e-04 +8.0353166767782141e-05 +1.2467152355684561e-04 +9.9111219016009274e-05 +9.5035078404618058e-05
 69.50000000 +5.0000000000000000e+00 +1.9999606537573114e+00 +2.0259358194054901e-03 +9.9950678419139549e-01 +9.9999516397957355e-01 +9.9999505822839252e-01 +9.9999580840249425e-01 +9.9999642487456486e-01 +1.1375986020139595e-04 +1.0263510448238136e-04 +1.0347355810579853e-04 +9.4825697371964186e-05 +9.6066072594206184e-05
 70.00000000 +5.0000000000000000e+00 +1.9999650376447369e+00 +2.0412899694407507e-03 +9.9947198885185184e-01 +9.9999564921638950e-01 +9.9999549396030674e-01 +9.9999538921890507e-01 +9.9999693734337791e-01 +9.5143121279020240e-05 +1.4810829386652702e-04 +1.0219034321073878e-04 +8.0554147644498747e-05 +1.1854549538570527e-04
 70.50000000 +5.0000000000000000e+00 +1.9999631286940911e+00 +2.0610900015994634e-03 +9.9941899706977266e-01 +9.9999537893289070e-01 +9.9999600671776701e-01 +9.9999496211605976e-01 +9.9999475666542093e-01 +1.2424443978539083e-04 +1.3633850243984589e-04 +1.0369125980521511e-04 +1.1104453168634693e-04 +1.2457977214920481e-04
 71.00000000 +5.0000000000000000e+00 +1.9999662852592721e+00 +2.0540732830877815e-03 +9.9943984551461973e-01 +9.9999607603256102e-01 +9.9999524627382030e-01 +9.9999614621690047e-01 +9.9999569909306174e-01 +8.9963399314850641e-05 +9.9090195432707820e-05 +1.0271128601255956e-04 +1.6071124121982814e-04 +1.2451072961500314e-04
 71.50000000 +5.0000000000000000e+00 +1.9999554564377555e+00 +2.0496474120593384e-03 +9.9944572895781092e-01 +9.9999536388822197e-01 +9.9999541589115681e-01 +9.9999594668434866e-01 +9.9999600377589937e-01 +1.1603421860159759e-04 +1.1356714582908673e-04 +1.1684581271550919e-04 +1.4477880169932393e-04 +8.0314833462421384e-05
 72.00000000 +5.0000000000000000e+00 +1.9999602553549043e+00 +2.0424268219922446e-03 +9.9946589255350271e-01 +9.9999598730091788e-01 +9.9999442926811810e-01 +9.9999535152743879e-01 +9.9999525334781136e-01 +9.4500388743763803e-05 +1.2114791996903125e-04 +1.2564173658708604e-04 +1.0467401241945032e-04 +1.0712196562915316e-04
 72.50000000 +5.0000000000000000e+00 +1.9999536232706157e+00 +2.0382007308568685e-03 +9.9947450421989636e-01 +9.9999573721186863e-01 +9.9999533373395100e-01 +9.9999574569263061e-01 +9.9999542812360387e-01 +9.8703478681388371e-05 +1.1121519283480914e-04 +1.1185480442404996e-04 +1.0433378061084847e-04 +1.1714373795927055e-04
 73.00000000 +5.0000000000000000e+00 +1.9999649131406205e+00 +2.0358736982928369e-03 +9.9948070946114242e-01 +9.9999432656233178e-01 +9.9999521513102396e-01 +9.9999452761351237e-01 +9.9999579637704539e-01 +9.7446347180820309e-05 +1.0228034543561160e-04 +1.1969982383627103e-04 +1.2695166095950990e-04 +9.3046666850718582e-05
 73.50000000 +5.0000000000000000e+00 +1.9999554163452145e+00 +2.0691342382721167e-03 +9.9939824911888153e-01 +9.9999494002718159e-01 +9.9999530609916709e-01 +9.9999350614629690e-01 +9.9999563630686628e-01 +1.1406328829791901e-04 +8.0244803637602834e-05 +1.4137601145821399e-04 +1.6808826915188922e-04 +1.1858994627840650e-04
 74.00000000 +5.0000000000000000e+00 +1.9999559572353531e+00 +2.0561094032761230e-03 +9.9943310625987924e-01 +9.9999538625442685e-01 +9.9999554099021459e-01 +9.9999612209825095e-01 +9.9999267031035888e-01 +1.1903722588324259e-04 +1.0051207253326588e-04 +1.4035216870167611e-04 +1.2374096017926612e-04 +1.0353164291541846e-04
 74.50000000 +5.0000000000000000e+00 +1.9999597428556422e+00 +2.0210773564751003e-03 +9.9952098157544211e-01 +9.9999489337817971e-01 +9.9999573712277490e-01 +9.9999624400454823e-01 +9.9999554033260385e-01 +9.6181823184332351e-05 +8.8014719506047598e-05 +1.0846308489706961e-04 +7.7187178863848488e-05 +1.2675679026398682e-04
 75.00000000 +5.0000000000000000e+00 +1.9999539275545124e+00 +2.0269892008291136e-03 +9.9950112203188579e-01 +9.9999466653137914e-01 +9.9999412761142636e-01 +9.9999354388198947e-01 +9.9999326704382219e-01 +9.5440884018633043e-05 +1.4417470554842102e-04 +1.1448610723839879e-04 +7.4048685257477857e-05 +9.5122549889697851e-05
 75.50000000 +5.0000000000000000e+00 +1.9999670851080880e+00 +2.0216831028178495e-03 +9.9952225842222453e-01 +9.9999435461952346e-01 +9.9999496487269879e-01 +9.9999494213199769e-01 +9.9999521869831454e-01 +8.6177330763708129e-05 +1.0651968390981081e-04 +9.6211042719510063e-05 +9.8753778032560708e-05 +1.1059940225716252e-04
 76.00000000 +5.0000000000000000e+00 +1.9999593915018301e+00 +2.0403181859597421e-03 +9.9947207019209139e-01 +9.9999556336278805e-01 +9.9999454021098133e-01 +9.9999472809299039e-01 +9.9999374400115137e-01 +1.4062258891882966e-04 +7.7258620750118867e-05 +8.8011512683683303e-05 +1.0666563359941753e-04 +1.3679577891323667e-04
 76.50000000 +5.0000000000000000e+00 +1.9999594110833838e+00 +2.0262664818176878e-03 +9.9950952523293934e-01 +9.9999431206687728e-01 +9.9999643770837887e-01 +9.9999544491409920e-01 +9.9999548328199717e-01 +1.2395431513285648e-04 +7.7472085752501081e-05 +1.0966207409150743e-04 +9.1225825032399734e-05 +1.0648249125145391e-04
 77.00000000 +5.0000000000000000e+00 +1.9999610069984461e+00 +2.0392280282265753e-03 +9.9947482499296814e-01 +9.9999578005063583e-01 +9.9999394297705002e-01 +9.9999555004889229e-01 +9.9999677874558668e-01 +9.3919727445917014e-05 +1.2265308917822998e-04 +9.7306121718417388e-05 +1.1664894301383240e-04 +1.1259531963389971e-04
 77.50000000 +5.0000000000000000e+00 +1.9999509530703676e+00 +2.0268702401016990e-03 +9.9950243413524997e-01 +9.9999329918250224e-01 +9.9999315809693856e-01 +9.9999434681449573e-01 +9.9999324533473699e-01 +7.1323083500992140e-05 +1.3751960427282111e-04 +1.1979581667826390e-04 +9.7647867607467066e-05 +9.7230064086513591e-05
 78.00000000 +5.0000000000000000e+00 +1.9999597565225360e+00 +2.0765019042912939e-03 +9.9938253214799977e-01 +9.9999314334493505e-01 +9.9999429314123489e-01 +9.9999584327182456e-01 +9.9999487780658169e-01 +1.5268259956423288e-04 +1.4089854983283779e-04 +1.2160221992805522e-04 +1.2117577037069107e-04 +1.0295113978441840e-04
 78.50000000 +5.0000000000000000e+00 +1.9999454226781119e+00 +2.0654481334386374e-03 +9.9940173437738533e-01 +9.9999337293443469e-01 +9.9999365047520061e-01 +9.9999591713950364e-01 +9.9999225298210059e-01 +1.2857079567002067e-04 +1.2681744904807722e-04 +1.3287166569876394e-04 +1.4046427245954476e-04 +9.4347920040184713e-05
 79.00000000 +5.0000000000000000e+00 +1.9999397624145354e+00 +2.0767310555852687e-03 +9.9937259640538101e-01 +9.9999456620960891e-01 +9.9999556092287545e-01 +9.9999489432662703e-01 +9.9999476716542224e-01 +1.2681209682121420e-04 +1.3129888759052852e-04 +1.2189842042661960e-04 +1.2244912710720698e-04 +1.4515642689225309e-04
 79.50000000 +5.0000000000000000e+00 +1.9999457431270631e+00 +2.0714757010938229e-03 +9.9939166401384349e-01 +9.9999178273552369e-01 +9.9999473787552706e-01 +9.9999592278388449e-01 +9.9999510354299370e-01 +1.3237971297832429e-04 +1.1405404962494824e-04 +1.5967592282421143e-04 +1.0370745847483762e-04 +1.2097191530211582e-04
 80.00000000 +5.0000000000000000e+00 +1.9999577625999936e+00 +2.0368629453291921e-03 +9.9948411449986407e-01 +9.9999535658885885e-01 +9.9999325617245993e-01 +9.9999277363901429e-01 +9.9999442430882934e-01 +8.4673882869959574e-05 +1.0795259146839722e-04 +1.2929781746291106e-04 +1.2883696961134441e-04 +8.9313528998134146e-05
 80.50000000 +5.0000000000000000e+00 +1.9999521337818054e+00 +2.0450162392570905e-03 +9.9945837640271762e-01 +9.9999303500406589e-01 +9.9999338616846911e-01 +9.9999416375260020e-01 +9.9999343393823892e-01 +1.1405860302115681e-04 +6.6710939209786824e-05 +1.4287653392602503e-04 +1.2371548949367825e-04 +1.2024315841463100e-04
 81.00000000 +5.0000000000000000e+00 +1.9999467597063016e+00 +2.0738644122400263e-03 +9.9939160282300332e-01 +9.9999465798141685e-01 +9.9999267976610196e-01 +9.9999354622871106e-01 +9.9999375496677878e-01 +1.3313851240856673e-04 +1.1230589530801227e-04 +1.6130976324613215e-04 +1.2727331926619555e-04 +9.9730739437840259e-05
 81.50000000 +5.0000000000000000e+00 +1.9999538046380410e+00 +1.9889885965278776e-03 +9.9960564719378919e-01 +9.9999304254850363e-01 +9.9999239505548043e-01 +9.9999407201033164e-01 +9.9999405742976677e-01 +6.2447476827031900e-05 +9.9570207118010822e-05 +7.4860445611030739e-05 +5.3969380213193474e-05 +1.2993825785659617e-04
 82.00000000 +5.0000000000000000e+00 +1.9999452306455245e+00 +2.0607274066024267e-03 +9.9942120432105730e-01 +9.9999371064996234e-01 +9.9999418576433652e-01 +9.9999646889944549e-01 +9.9999238905016052e-01 +1.1791990809882944e-04 +1.0781352993943418e-04 +1.1370858207717319e-04 +1.1525607699410855e-04 +1.4734322297399271e-04
 82.50000000 +5.0000000000000000e+00 +1.9999473253813034e+00 +2.0886543657994460e-03 +9.9935236290308938e-01 +9.9999459180943040e-01 +9.9999111673722174e-01 +9.9999337341252803e-01 +9.9999390540422906e-01 +1.5640155377820550e-04 +9.6709807629191658e-05 +1.4865534885037055e-04 +1.2763583497043046e-04 +1.4524719301978325e-04
 83.00000000 +5.0000000000000000e+00 +1.9999418960172817e+00 +2.0532315980793018e-03 +9.9943599288990315e-01 +9.9999407790487838e-01 +9.9999451308269327e-01 +9.9999296548893646e-01 +9.9999202867184733e-01 +1.1459498438890663e-04 +8.5337043517237014e-05 +1.7226923426388798e-04 +1.0713438987476049e-04 +1.1108632284044833e-04
 83.50000000 +5.0000000000000000e+00 +1.9999392838770040e+00 +2.1012681177726574e-03 +9.9931754932439010e-01 +9.9999153491491777e-01 +9.9998975250645172e-01 +9.9999104140574924e-01 +9.9999416953879972e-01 +1.6376906411420778e-04 +9.6125695606276036e-05 +1.2619332248600587e-04 +2.0770886266949671e-04 +1.2215537243830471e-04
 84.00000000 +5.0000000000000000e+00 +1.9999307078222628e+00 +2.0476226995655559e-03 +9.9944595823708315e-01 +9.9999427306339805e-01 +9.9999204076834480e-01 +9.9999240364368314e-01 +9.9999281119791739e-01 +1.3244116238823981e-04 +7.6381807254306044e-05 +1.1927690336368675e-04 +1.3287340966340898e-04 +1.2153982016313726e-04
 84.50000000 +5.0000000000000000e+00 +1.9999442976730262e+00 +2.0704740514506975e-03 +9.9939896558984975e-01 +9.9999254414196381e-01 +9.9999588066847112e-01 +9.9999154832528792e-01 +9.9999521919371870e-01 +1.5352767218262982e-04 +7.6519532320826338e-05 +1.5529075194001715e-04 +1.3210193121300967e-04 +1.0840219162162579e-04
 85.00000000 +5.0000000000000000e+00 +1.9999444901415533e+00 +2.0373048654115026e-03 +9.9948259308055309e-01 +9.9999029992696642e-01 +9.9999462913742998e-01 +9.9999514142933232e-01 +9.9999173612418002e-01 +1.2401406002675089e-04 +5.1186170206186270e-05 +1.4154282150710204e-04 +1.1955018709266992e-04 +1.0930707872668423e-04
 85.50000000 +5.0000000000000000e+00 +1.9999350285495225e+00 +2.0369187343716789e-03 +9.9947972852241485e-01 +9.9999062869390687e-01 +9.9999331803612534e-01 +9.9999469086848070e-01 +9.9999230290570573e-01 +1.2661221328264565e-04 +1.0253349747807038e-04 +8.8769543079513506e-05 +1.1782377961761096e-04 +1.1359191226121944e-04
 86.00000000 +5.0000000000000000e+00 +1.9999445921901664e+00 +2.0542294505923060e-03 +9.9943984612546277e-01 +9.9999198845931658e-01 +9.9999524861334521e-01 +9.9999409626522107e-01 +9.9999320164227512e-01 +1.1197402504319676e-04 +1.3150673351131222e-04 +1.3902997914518067e-04 +1.0937255693993269e-04 +9.3735599896666708e-05
 86.50000000 +5.0000000000000000e+00 +1.9999320807768195e+00 +2.0354768968583676e-03 +9.9947935109033970e-01 +9.9999184358748805e-01 +9.9999402950579419e-01 +9.9999257952582743e-01 +9.9999341941338249e-01 +1.1620114314257854e-04 +9.5238315251584615e-05 +1.3201752465715646e-04 +8.0829293950206578e-05 +1.2449058561537311e-04
 87.00000000 +5.0000000000000000e+00 +1.9999377745879681e+00 +2.0708325603102534e-03 +9.9939186788670620e-01 +9.9999450890703578e-01 +9.9999167537784395e-01 +9.9999436715319667e-01 +9.9999201087071388e-01 +1.1405202041180477e-04 +1.2888412974356816e-04 +1.3732757907464733e-04 +1.1968641168143256e-04 +1.3561966246930662e-04
 87.50000000 +5.0000000000000000e+00 +1.9999238083181199e+00 +2.1078629283051548e-03 +9.9929943860748038e-01 +9.9999215824176246e-01 +9.9999390287188994e-01 +9.9999070113257982e-01 +9.9999218327615380e-01 +1.6602941937551152e-04 +1.3478698567052631e-04 +1.0850286263818809e-04 +1.6895428990124247e-04 +1.5334229420645016e-04
 88.00000000 +5.0000000000000000e+00 +1.9999308134417819e+00 +2.0994725019843315e-03 +9.9932362301266264e-01 +9.9999143366612175e-01 +9.9999160381563212e-01 +9.9999349950767413e-01 +9.9999139150331240e-01 +1.5042575815111975e-04 +1.4878294396281457e-04 +9.5401968832434353e-05 +1.6463481955718279e-04 +1.4920302607732429e-04
 88.50000000 +5.0000000000000000e+00 +1.9999333306880052e+00 +2.1063836388409557e-03 +9.9930517229816251e-01 +9.9999191887273109e-01 +9.9999458533391450e-01 +9.9999305651634873e-01 +9.9999154745511409e-01 +1.2769638817704878e-04 +1.3890926634344263e-04 +1.5191542643973484e-04 +1.5436910496699865e-04 +1.5082935153860904e-04
 89.00000000 +5.0000000000000000e+00 +1.9999273482980489e+00 +2.0853441690470913e-03 +9.9935148764410620e-01 +9.9999147767992846e-01 +9.9999052437075775e-01 +9.9999144740318957e-01 +9.9999154297865722e-01 +1.1806814835828178e-04 +1.5832920923920769e-04 +1.0296156107322884e-04 +1.2524479371352703e-04 +1.7891621091127401e-04
 89.50000000 +5.0000000000000000e+00 +1.9999288157085882e+00 +2.0508871010999894e-03 +9.9944576584988387e-01 +9.9999348949503075e-01 +9.9999094385935350e-01 +9.9999241042587439e-01 +9.9999341878038073e-01 +1.0571418975788120e-04 +1.1709645950879522e-04 +1.7391587806320157e-04 +1.0855096605574638e-04 +7.8694091668868733e-05
 90.00000000 +5.0000000000000000e+00 +1.9999317601654758e+00 +2.0891258595959997e-03 +9.9934429000598080e-01 +9.9999344935585566e-01 +9.9999247080826215e-01 +9.9999253422253376e-01 +9.9999066706781492e-01 +1.9566680120464502e-04 +8.8818608691623515e-05 +1.0266762822048289e-04 +1.6009121406644093e-04 +1.3934430529918295e-04
 90.50000000 +5.0000000000000000e+00 +1.9999451867113773e+00 +2.0520401108427683e-03 +9.9944551755549316e-01 +9.9999320377536527e-01 +9.9999222937965460e-01 +9.9999373852126294e-01 +9.9999281599672507e-01 +1.0142515192063650e-04 +1.0847800511580978e-04 +1.2086223448419391e-04 +1.0400391829230412e-04 +1.4772548832724228e-04
 91.00000000 +5.0000000000000000e+00 +1.9999266913954439e+00 +2.0517026619758525e-03 +9.9944225298542222e-01 +9.9998959369208940e-01 +9.9999087485925120e-01 +9.9999330611264270e-01 +9.9999152463331020e-01 +1.4374522376941345e-04 +1.0718247309287289e-04 +1.1784873158777361e-04 +1.2940246212611383e-04 +9.4268804925692288e-05
 91.50000000 +5.0000000000000000e+00 +1.9999241529787342e+00 +2.0582063489397373e-03 +9.9942343232581210e-01 +9.9999248189773760e-01 +9.9999098298969269e-01 +9.9999352834761646e-01 +9.9999362895979438e-01 +1.0640665175430245e-04 +1.5151300398617200e-04 +1.7473163629373934e-04 +1.3390703081880010e-04 +3.9387174045474749e-05
 92.00000000 +5.0000000000000000e+00 +1.9999320351776269e+00 +2.0604059241413862e-03 +9.9942403734152796e-01 +9.9999565581724348e-01 +9.9998924313098536e-01 +9.9999278257746460e-01 +9.9999301998489254e-01 +1.3502759078886674e-04 +1.5354885322671236e-04 +1.3459183339996564e-04 +1.3849092003583637e-04 +4.3601955382103017e-05
 92.50000000 +5.0000000000000000e+00 +1.9999131241270369e+00 +2.1015605178027912e-03 +9.9931811393541259e-01 +9.9999275253477127e-01 +9.9999335383392596e-01 +9.9999260497083475e-01 +9.9998780686563959e-01 +1.2911768233353377e-04 +1.1828636611117812e-04 +1.0821333947167109e-04 +1.5068341768996425e-04 +2.0906704989754869e-04
 93.00000000 +5.0000000000000000e+00 +1.9999191975812212e+00 +2.0437796455632300e-03 +9.9946580259066387e-01 +9.9999200243383002e-01 +9.9998866605354908e-01 +9.9999159265771764e-01 +9.9998978484098722e-01 +1.4101007546452138e-04 +1.2083663251674637e-04 +6.5856558270796929e-05 +1.2280819685610135e-04 +1.2163997771329863e-04
 93.50000000 +5.0000000000000000e+00 +1.9999307344275408e+00 +2.0171944637871909e-03 +9.9953067662787765e-01 +9.9999327138623029e-01 +9.9999030114097642e-01 +9.9999185110146427e-01 +9.9998975739689067e-01 +1.3717678152936409e-04 +6.4465256357533590e-05 +1.2644781235254102e-04 +1.2521138532439600e-04 +5.0841095061151276e-05
 94.00000000 +5.0000000000000000e+00 +1.9999065453986735e+00 +2.0998676017277740e-03 +9.9931597146397766e-01 +9.9998941020912846e-01 +9.9999259676980856e-01 +9.9999140184696700e-01 +9.9998827831798365e-01 +1.1573685809517883e-04 +1.3951541629406744e-04 +1.5171867313032162e-04 +1.8543793820308512e-04 +1.2993251152231875e-04
 94.50000000 +5.0000000000000000e+00 +1.9999076396315854e+00 +2.0766432637172446e-03 +9.9937412853891316e-01 +9.9999202306193680e-01 +9.9998891699479209e-01 +9.9999314734914668e-01 +9.9999029670701667e-01 +1.8191996185703340e-04 +1.2826623745918576e-04 +1.5824398221147659e-04 +9.6114592694287226e-05 +9.6942574307065413e-05
 95.00000000 +5.0000000000000000e+00 +1.9999128535245583e+00 +2.0126200308235647e-03 +9.9954359993818820e-01 +9.9998593807796221e-01 +9.9998972142577203e-01 +9.9999144018441510e-01 +9.9999106243532532e-01 +1.3165808034294472e-04 +1.1884799365386327e-04 +5.7374825280551786e-05 +6.7272155542661097e-05 +1.2308488529425875e-04
 95.50000000 +5.0000000000000000e+00 +1.9999237198439970e+00 +2.0658873536594890e-03 +9.9941094056069235e-01 +9.9999135602325373e-01 +9.9999009027728880e-01 +9.9998818873958184e-01 +9.9999185219884790e-01 +1.5320074775378485e-04 +9.1301548755857146e-05 +1.2572475517518155e-04 +1.2763864386208579e-04 +1.2970650093201646e-04
 96.00000000 +5.0000000000000000e+00 +1.9999230942641051e+00 +2.0931075392033858e-03 +9.9934661726162954e-01 +9.9999116885577632e-01 +9.9999369751568612e-01 +9.9999234549610416e-01 +9.9998920997722240e-01 +1.3607724085215454e-04 +1.3794745622217107e-04 +1.5772993265268073e-04 +1.1494310501286567e-04 +1.4026317084126950e-04
 96.50000000 +5.0000000000000000e+00 +1.9999195967086494e+00 +1.9991406751862315e-03 +9.9957016773647045e-01 +9.9998966334918660e-01 +9.9999059734108597e-01 +9.9998680848328847e-01 +9.9999333009558655e-01 +9.5061236249651044e-05 +8.2236206994246887e-05 +1.3083716994390595e-04 +9.3179038503279202e-05 +6.8119325953875086e-05
 97.00000000 +5.0000000000000000e+00 +1.9999105830485633e+00 +2.0433916088572861e-03 +9.9946056825799912e-01 +9.9999308800057696e-01 +9.9999498210361848e-01 +9.9999095804442006e-01 +9.9998772749010112e-01 +9.4379077722637841e-05 +1.1471302203925975e-04 +8.6585462300734165e-05 +1.6005105201984444e-04 +1.1694747712776803e-04
 97.50000000 +5.0000000000000000e+00 +1.9999142905063687e+00 +2.0959289947049351e-03 +9.9933610415838148e-01 +9.9999063765309482e-01 +9.9998779626354417e-01 +9.9999076524869823e-01 +9.9998919950965126e-01 +1.2747551746752805e-04 +1.7088670545880230e-04 +7.3938008924916140e-05 +1.6089315908125189e-04 +1.7230378659690508e-04
 98.00000000 +5.0000000000000000e+00 +1.9999061764489097e+00 +2.0902318619781899e-03 +9.9934744536008369e-01 +9.9998729842920953e-01 +9.9999003262212760e-01 +9.9998880969131332e-01 +9.9999275983844260e-01 +1.4269226896602765e-04 +1.5052317676453900e-04 +1.5240311436558803e-04 +9.2008594079484544e-05 +1.5602688209345169e-04
 98.50000000 +5.0000000000000000e+00 +1.9998899877083649e+00 +2.0894126386204657e-03 +9.9934732025477124e-01 +9.9998898909951683e-01 +9.9999258558661375e-01 +9.9998914028623431e-01 +9.9998880280830271e-01 +1.2119271477826136e-04 +9.8443232519219149e-05 +1.2803933855411718e-04 +1.5842341465710115e-04 +1.8706325810514957e-04
 99.00000000 +5.0000000000000000e+00 +1.9998913125569893e+00 +2.1358238376124362e-03 +9.9922249069162028e-01 +9.9998696026266509e-01 +9.9999159840517882e-01 +9.9998815552330234e-01 +9.9998683976666669e-01 +1.1979888740204348e-04 +1.9669799291913221e-04 +1.9450510946769913e-04 +1.4991976603824424e-04 +1.6303359955467341e-04
 99.50000000 +5.0000000000000000e+00 +1.9999014946700762e+00 +2.0479398325082333e-03 +9.9944652355375641e-01 +9.9999077835505112e-01 +9.9998905725875831e-01 +9.9998732690833714e-01 +9.9999355200640960e-01 +1.0546236459137855e-04 +1.4659361994815234e-04 +1.1053730176648183e-04 +6.4622537622627358e-05 +1.6554609967376686e-04
100.00000000 +5.0000000000000000e+00 +1.9999075405885232e+00 +2.0720339457916547e-03 +9.9939233702711772e-01 +9.9999160222289596e-01 +9.9998821514984559e-01 +9.9998908558536692e-01 +9.9998984611543018e-01 +7.9792010236213242e-05 +1.3062172372442808e-04 +1.2011659379941121e-04 +1.2650796634120913e-04 +1.9187562122014755e-04
100.50000000 +5.0000000000000000e+00 +1.9999004326508778e+00 +2.0731436008560407e-03 +9.9937843217310718e-01 +9.9998481913929671e-01 +9.9999020405099437e-01 +9.9998720246878370e-01 +9.9998748258353565e-01 +1.0573913537705960e-04 +1.6295603723242831e-04 +1.3913210234779133e-04 +1.5588686007086649e-04 +1.0814543791389090e-04
101.00000000 +5.0000000000000000e+00 +1.9999178771747281e+00 +2.0315269834312471e-03 +9.9949755723624656e-01 +9.9999065431566669e-01 +9.9999131710737299e-01 +9.9999045694648059e-01 +9.9999257906931260e-01 +1.5481084491649394e-04 +1.3033152574471821e-04 +6.2287132575779099e-05 +8.8492764596204552e-05 +1.0151307283255843e-04
101.50000000 +5.0000000000000000e+00 +1.9998981192963159e+00 +2.0654919418765919e-03 +9.9940449232726147e-01 +9.9999153890890990e-01 +9.9999144042711907e-01 +9.9998697429818373e-01 +9.9998858961862658e-01 +1.4557136870347261e-04 +1.0349652677730808e-04 +1.5164427259784080e-04 +1.0484003422484536e-04 +1.3141221096443605e-04
102.00000000 +5.0000000000000000e+00 +1.9998841861880932e+00 +2.0979776868646528e-03 +9.9932672463595196e-01 +9.9998841173356312e-01 +9.9998876338240661e-01 +9.9998983717331935e-01 +9.9998978063617849e-01 +1.4808553387682321e-04 +7.1672817797050796e-05 +2.1809890529512785e-04 +1.2369887063617968e-04 +1.5492629366930087e-04
102.50000000 +5.0000000000000000e+00 +1.9998896813310085e+00 +2.1047665319103175e-03 +9.9930555702536694e-01 +9.9999136053515836e-01 +9.9998567285875239e-01 +9.9999070020486402e-01 +9.9998753891542014e-01 +1.4592503561164515e-04 +1.9799346215555090e-04 +2.2581800745956649e-04 +9.7952087955809587e-05 +7.1481862222912292e-05
103.00000000 +5.0000000000000000e+00 +1.9998852248142953e+00 +2.0896525095400503e-03 +9.9934473715252303e-01 +9.9999031016637074e-01 +9.9998842263021137e-01 +9.9999015664566049e-01 +9.9998914714253206e-01 +1.1005510982563564e-04 +1.9911471747615690e-04 +1.1277908309476968e-04 +1.3034815845449190e-04 +1.4492918257438708e-04
103.50000000 +5.0000000000000000e+00 +1.9998928680561090e+00 +2.1247243855923841e-03 +9.9926081002782263e-01 +9.9998527270701265e-01 +9.9999079376478894e-01 +9.9999080641926719e-01 +9.9998653756370925e-01 +1.4577704010557309e-04 +1.5515913161677744e-04 +1.3729359608896993e-04 +2.0098374484270662e-04 +1.4656602620754370e-04
104.00000000 +5.0000000000000000e+00 +1.9998986464843105e+00 +2.0410973664073415e-03 +9.9946808548234678e-01 +9.9999147898081120e-01 +9.9999226927476825e-01 +9.9998924263553979e-01 +9.9998724985007637e-01 +6.9930916493812065e-05 +1.3708241269233296e-04 +1.3474433961674888e-04 +6.7870670397109773e-05 +1.6204545261943595e-04
104.50000000 +5.0000000000000000e+00 +1.9998916937132827e+00 +2.0340166079168961e-03 +9.9948258481596675e-01 +9.9998832362629653e-01 +9.9999515798417227e-01 +9.9999606691193443e-01 +9.9998503487630030e-01 +4.3045837051060428e-05 +1.1755729811536718e-04 +7.7945345996861628e-05 +2.1038910860711005e-04 +1.0389418000513933e-04
105.00000000 +5.0000000000000000e+00 +1.9998841308938482e+00 +2.0561400742162756e-03 +9.9941913685074868e-01 +9.9998540620327470e-01 +9.9999261220049007e-01 +9.9998989243523728e-01 +9.9998873932864774e-01 +1.0689748316617741e-04 +1.5036555558918996e-04 +1.5040455207070665e-04 +1.1932574265342992e-04 +9.7219668933196601e-05
105.50000000 +5.0000000000000000e+00 +1.9998758763812303e+00 +2.0957168719961529e-03 +9.9933069931092045e-01 +9.9999114449354509e-01 +9.9998754423125791e-01 +9.9999155241868298e-01 +9.9998601190593828e-01 +1.6718307644313072e-04 +1.0935672634717789e-04 +1.3646199125960017e-04 +1.0535545849962516e-04 +1.9469037511020418e-04
106.00000000 +5.0000000000000000e+00 +1.9998980386172640e+00 +2.1221719574231386e-03 +9.9926904747134726e-01 +9.9999289261223900e-01 +9.9998353149543096e-01 +9.9998523910878889e-01 +9.9998388087672019e-01 +8.5950828419006491e-05 +2.2624475422685383e-04 +1.3251286953229805e-04 +1.4346051111089315e-04 +1.9723947225533652e-04
106.50000000 +5.0000000000000000e+00 +1.9998847853081003e+00 +2.0939598313545588e-03 +9.9934066602418536e-01 +9.9999585902864241e-01 +9.9998507593812025e-01 +9.9998808824749619e-01 +9.9998682148054185e-01 +1.1063295723921623e-04 +1.5939246759984156e-04 +2.0314048438329355e-04 +1.5753852381279672e-04 +7.2784833064715667e-05
107.00000000 +5.0000000000000000e+00 +1.9998879780591461e+00 +2.1110182292011382e-03 +9.9929929549744889e-01 +9.9998943121365713e-01 +9.9998640843496989e-01 +9.9998606757140140e-01 +9.9998765020841218e-01 +1.4629929312748286e-04 +1.4771036852521114e-04 +2.4463268931962964e-04 +1.0254761946294660e-04 +1.0995708489023000e-04
107.50000000 +5.0000000000000000e+00 +1.9998806217791056e+00 +2.0934712109720644e-03 +9.9932932823924903e-01 +9.9998907275352678e-01 +9.9998923276040130e-01 +9.9998753813416952e-01 +9.9998621201659343e-01 +8.3022434463759991e-05 +1.4938785315111652e-04 +1.7148671761620080e-04 +1.8398306002980681e-04 +1.3073604244979661e-04
108.00000000 +5.0000000000000000e+00 +1.9998882460573719e+00 +2.0870625651047124e-03 +9.9935504269207887e-01 +9.9998868717666589e-01 +9.9998571971700490e-01 +9.9998728337520160e-01 +9.9998816435835580e-01 +2.9258628782378612e-05 +1.3612063908574422e-04 +1.9905621237469089e-04 +1.4008453964844457e-04 +1.9058266934452226e-04
108.50000000 +5.0000000000000000e+00 +1.9998703103494706e+00 +2.1196386035895586e-03 +9.9926930499169486e-01 +9.9998249464629829e-01 +9.9998808365021008e-01 +9.9998551533920599e-01 +9.9998340471257652e-01 +1.6726712797067978e-04 +1.6138843480521827e-04 +1.0238235030340388e-04 +1.2315137128385029e-04 +2.3700739060371240e-04
109.00000000 +5.0000000000000000e+00 +1.9998766968908723e+00 +2.0937915857319237e-03 +9.9933134404904911e-01 +9.9999169451726910e-01 +9.9998761216599941e-01 +9.9999194953125470e-01 +9.9998994086636384e-01 +7.8769904085524507e-05 +1.4783577590715046e-04 +1.8525420285456560e-04 +1.1007866092627070e-04 +1.8552031486703688e-04
109.50000000 +5.0000000000000000e+00 +1.9998708868090509e+00 +2.0752172666160650e-03 +9.9937399770113078e-01 +9.9998443784492164e-01 +9.9998464450251368e-01 +9.9998917356268291e-01 +9.9998530060236490e-01 +2.2727496647134734e-04 +1.1634216434139706e-04 +9.3167314951879421e-05 +1.6649198998205033e-04 +7.9169344524758969e-05
110.00000000 +5.0000000000000000e+00 +1.9998631422906439e+00 +2.1240901271472930e-03 +9.9925096059348095e-01 +9.9998603577881329e-01 +9.9998974102217797e-01 +9.9998954962599185e-01 +9.9999027273907493e-01 +7.0521366381256603e-05 +1.6940595020004191e-04 +1.7085882224545670e-04 +3.0758933440180945e-04 +7.5064768403288547e-05
110.50000000 +5.0000000000000000e+00 +1.9998938474251171e+00 +2.0850752041406640e-03 +9.9936281003246519e-01 +9.9998247280385455e-01 +9.9999053931999105e-01 +9.9998503905219838e-01 +9.9999036089947202e-01 +1.7053477165387881e-04 +1.6163124683722855e-04 +6.4818062382236585e-05 +1.8386135659309610e-04 +1.0793244977143854e-04
111.00000000 +5.0000000000000000e+00 +1.9998590259887241e+00 +2.0997319561763057e-03 +9.9931173118094241e-01 +9.9998706352539146e-01 +9.9998961240270068e-01 +9.9998904711325665e-01 +9.9998376303087944e-01 +1.3508763560862608e-04 +8.2193078770968864e-05 +1.7265203234385055e-04 +1.1521574246766509e-04 +2.3363427528313996e-04
111.50000000 +5.0000000000000000e+00 +1.9998512615138020e+00 +2.1164917133596611e-03 +9.9927040372097264e-01 +9.9998270915093668e-01 +9.9998558060851617e-01 +9.9998816253356859e-01 +9.9998472709007435e-01 +9.4873187821609703e-05 +1.7283304285151143e-04 +2.2398655815764621e-04 +2.0536303048960898e-04 +9.1361075111543255e-05
112.00000000 +5.0000000000000000e+00 +1.9998762483927108e+00 +2.0436170263413858e-03 +9.9946701703683927e-01 +9.9998258517109950e-01 +9.9998648915291422e-01 +9.9999192100375001e-01 +9.9998854630177669e-01 +1.9559974720253633e-04 +1.2638118384444713e-04 +9.5575781994424082e-05 +7.5828386049886333e-05 +9.0056245293579725e-05
112.50000000 +5.0000000000000000e+00 +1.9998884238186636e+00 +2.0100661190212707e-03 +9.9954732937968283e-01 +9.9998183283196374e-01 +9.9998294385128372e-01 +9.9998568394648379e-01 +9.9998819889231128e-01 +9.6914948770380959e-05 +1.0180594516785771e-04 +1.1439799882090323e-04 +1.6198174477054925e-04 +3.8910442785294797e-05
113.00000000 +5.0000000000000000e+00 +1.9998532706189318e+00 +2.0775064346076158e-03 +9.9937061202053634e-01 +9.9998934060869915e-01 +9.9998265200880676e-01 +9.9998732412045432e-01 +9.9998789411276401e-01 +1.3453083031533076e-04 +1.6738613254335566e-04 +8.7425138493647998e-05 +6.5864703629132923e-05 +2.2697032494050842e-04
113.50000000 +5.0000000000000000e+00 +1.9998685793370976e+00 +2.1317879701504821e-03 +9.9924160471275203e-01 +9.9998891989624927e-01 +9.9998756049663207e-01 +9.9998750935171254e-01 +9.9998585126613193e-01 +1.6755167511497897e-04 +1.0495673599901610e-04 +2.0683397127977654e-04 +1.7410261820906744e-04 +1.5510926292836203e-04
114.00000000 +5.0000000000000000e+00 +1.9998709598770887e+00 +2.0822545424580168e-03 +9.9935800701393318e-01 +9.9998483337261079e-01 +9.9998609608491351e-01 +9.9998747739521854e-01 +9.9998704758158818e-01 +9.7923186702132112e-05 +1.2003695997278819e-04 +1.5668751325310636e-04 +1.3260498929770214e-04 +1.8928589364035583e-04
114.50000000 +5.0000000000000000e+00 +1.9998419738901705e+00 +2.2004301029366611e-03 +9.9906927930101619e-01 +9.9998384238038529e-01 +9.9998329455666557e-01 +9.9997945769573737e-01 +9.9998447196495122e-01 +2.4055416068750237e-04 +2.2306527354686216e-04 +2.3063711454407459e-04 +1.9999357495761083e-04 +1.0540396880867626e-04
115.00000000 +5.0000000000000000e+00 +1.9998386930861620e+00 +2.0830169525792733e-03 +9.9933889954484034e-01 +9.9998102261617428e-01 +9.9998352426038706e-01 +9.9998358013712096e-01 +9.9998375757201230e-01 +7.5383563280072250e-05 +2.0727883097328010e-04 +1.2533041931477907e-04 +1.7540836504099442e-04 +1.4581468332119850e-04
115.50000000 +5.0000000000000000e+00 +1.9998412146380629e+00 +2.2232473019797375e-03 +9.9900853310445881e-01 +9.9998543199298917e-01 +9.9998849570672965e-01 +9.9998411264579612e-01 +9.9998331160533926e-01 +1.3469629523105676e-04 +1.5410858880463460e-04 +2.9838602633488521e-04 +2.2529170634595882e-04 +2.3763232681419668e-04
116.00000000 +5.0000000000000000e+00 +1.9998755303367242e+00 +2.1585073866713183e-03 +9.9917433175348880e-01 +9.9999031895364277e-01 +9.9998495255444186e-01 +9.9998442704868784e-01 +9.9998071527071286e-01 +2.4693343537269950e-04 +1.6170366104862179e-04 +2.2742751243123036e-04 +1.4785189605225584e-04 +1.0133790451486945e-04
116.50000000 +5.0000000000000000e+00 +1.9998500682924838e+00 +2.1442476959929670e-03 +9.9920518846278528e-01 +9.9998566199094951e-01 +9.9998574593883094e-01 +9.9998893008393142e-01 +9.9998313203638056e-01 +2.0513994178994799e-04 +1.5555781698534034e-04 +1.6445174230973983e-04 +1.9259481336508612e-04 +1.3359717248931651e-04
117.00000000 +5.0000000000000000e+00 +1.9998337413284952e+00 +2.1546246253721195e-03 +9.9917951322974330e-01 +9.9998754390160494e-01 +9.9998491522944288e-01 +9.9999109498309302e-01 +9.9998493501824881e-01 +1.1955191176224953e-04 +1.0379470515200454e-04 +2.2071702963770182e-04 +2.2288632956459712e-04 +2.0504765122803488e-04
117.50000000 +5.0000000000000000e+00 +1.9998339576884847e+00 +2.1452555827822933e-03 +9.9920188121043985e-01 +9.9997894175510305e-01 +9.9997686875953495e-01 +9.9998501569756759e-01 +9.9998560520413105e-01 +1.7546537340910114e-04 +5.4186504735134201e-05 +2.2979158537738981e-04 +2.2799479413880335e-04 +1.8424910024605700e-04
118.00000000 +5.0000000000000000e+00 +1.9998475467514205e+00 +2.0418533425536826e-03 +9.9945646807506072e-01 +9.9998188035698887e-01 +9.9998282489390700e-01 +9.9998158346360033e-01 +9.9998755631652181e-01 +5.6061162378831177e-05 +1.6974926963447793e-04 +8.8632444033437190e-05 +1.5575109873434314e-04 +1.3949292225411472e-04
118.50000000 +5.0000000000000000e+00 +1.9998575209553111e+00 +2.0963581035673786e-03 +9.9934317349934976e-01 +9.9998228223575747e-01 +9.9998455948666864e-01 +9.9998485345413302e-01 +9.9998741615801323e-01 +1.3986106556121251e-04 +8.3254860908312710e-05 +1.4888561172338277e-04 +2.1689769288689315e-04 +1.2881594905922569e-04
119.00000000 +5.0000000000000000e+00 +1.9998268782170738e+00 +2.0972241898312032e-03 +9.9933530930030789e-01 +9.9997942517785166e-01 +9.9998215423233483e-01 +9.9997997982731324e-01 +9.9998471729192506e-01 +1.6913766885249141e-04 +2.0745056924611512e-04 +8.9125548472463367e-05 +1.0824542373673218e-04 +1.6445495207035251e-04
119.50000000 +5.0000000000000000e+00 +1.9998397393090399e+00 +2.0992014356373137e-03 +9.9932053665964404e-01 +9.9998752976772043e-01 +9.9998590564980216e-01 +9.9998950797005870e-01 +9.9998255974281369e-01 +1.5010733832927943e-04 +8.6335289567102222e-05 +1.8139336510442132e-04 +1.8315979060674030e-04 +1.3296441836547541e-04
120.00000000 +5.0000000000000000e+00 +1.9998287441628573e+00 +2.1749360604035551e-03 +9.9913375503295510e-01 +9.9998505766858392e-01 +9.9998900990417516e-01 +9.9998454615462073e-01 +9.9998346160446283e-01 +1.9042132141975341e-04 +2.2521897433307793e-04 +1.8230614521896812e-04 +2.1150433737051876e-04 +1.1471886619300980e-04
120.50000000 +5.0000000000000000e+00 +1.9998329329516107e+00 +2.1272629324755547e-03 +9.9924487885620983e-01 +9.9997766981742375e-01 +9.9999418031781084e-01 +9.9999139946660076e-01 +9.9998932458366552e-01 +1.3981796196749769e-04 +1.2638714311495041e-04 +1.7039905157385413e-04 +1.5262311467978203e-04 +2.1331968191150725e-04
121.00000000 +5.0000000000000000e+00 +1.9998186347796789e+00 +2.0898813801530271e-03 +9.9933527892342933e-01 +9.9998050930727422e-01 +9.9998502910200771e-01 +9.9997975701179453e-01 +9.9998249972582709e-01 +8.4218527891753055e-05 +7.2826728189652969e-05 +2.2221854860043685e-04 +1.6572998567082725e-04 +1.9193212903282630e-04
121.50000000 +5.0000000000000000e+00 +1.9998560008380812e+00 +2.0723996186798477e-03 +9.9938719570363554e-01 +9.9998336365444018e-01 +9.9997929801793406e-01 +9.9997805426999842e-01 +9.9998420749340011e-01 +1.4114136762837166e-04 +1.6350998034891115e-04 +8.8746607492767794e-05 +1.0565309039732206e-04 +1.8882981436168001e-04
122.00000000 +5.0000000000000000e+00 +1.9998256812485526e+00 +2.1908161201246701e-03 +9.9910465026625150e-01 +9.9997957203220478e-01 +9.9998221349802152e-01 +9.9998885480376298e-01 +9.9998365194469152e-01 +2.1596297720531134e-04 +1.9721257023186254e-04 +1.3016968852456640e-04 +1.5420171260217342e-04 +2.6351052017133282e-04
122.50000000 +5.0000000000000000e+00 +1.9998407996637322e+00 +2.1419325413069091e-03 +9.9921355993606675e-01 +9.9997987381803455e-01 +9.9998898518787360e-01 +9.9998625129131069e-01 +9.9997307968152505e-01 +2.4824272649882754e-04 +1.0300299004965626e-04 +2.4368471789207452e-04 +2.2710997799157664e-04 +3.6209674225681977e-05
123.00000000 +5.0000000000000000e+00 +1.9998128368605195e+00 +2.0674262976936994e-03 +9.9938745047593103e-01 +9.9998416061238860e-01 +9.9998672650154741e-01 +9.9998629079301915e-01 +9.9996578098516520e-01 +1.0519205054308001e-04 +1.8889618143350863e-04 +1.6339604430473239e-04 +2.1488689772266025e-04 +1.7219444406959030e-05
123.50000000 +5.0000000000000000e+00 +1.9998629316799454e+00 +2.0471854340800301e-03 +9.9946392846967047e-01 +9.9997527392021457e-01 +9.9999357388247045e-01 +9.9998410063316701e-01 +9.9998006986362942e-01 +2.6218438951174848e-04 +1.5922713552825893e-04 +9.0738089269507020e-06 +7.2760042198092908e-05 +9.9807857157028896e-05
124.00000000 +5.0000000000000000e+00 +1.9998335996016088e+00 +2.2015917799379659e-03 +9.9906715377857647e-01 +9.9998244665774327e-01 +9.9997098780029980e-01 +9.9998278490030490e-01 +9.9998223828583988e-01 +2.2927800695204156e-04 +2.0960936243247103e-04 +1.2829777840539633e-04 +1.8968137222788266e-04 +2.5752204811832464e-04
124.50000000 +5.0000000000000000e+00 +1.9997976647499203e+00 +2.2103056127957903e-03 +9.9903380149945686e-01 +9.9997797962377233e-01 +9.9999471965989195e-01 +9.9998034170719374e-01 +9.9997546461984532e-01 +3.0474285191858802e-04 +9.1469922039658791e-05 +2.0406474044136689e-04 +1.6293712255487536e-04 +2.7447826097757542e-04
125.00000000 +5.0000000000000000e+00 +1.9998541222705546e+00 +1.9343970026502800e-03 +9.9975273208490867e-01 +9.9998391275281084e-01 +9.9997931274554486e-01 +9.9998685441018709e-01 +9.9998546856336357e-01 +2.4582222028774289e-04 +2.8587666172810752e-05 +3.8500996109982754e-05 -4.6530800341464668e-05 +4.5339352792806986e-05
125.50000000 +5.0000000000000000e+00 +1.9998166004890370e+00 +2.1698722714840225e-03 +9.9913865323511286e-01 +9.9998943900232418e-01 +9.9997710942094387e-01 +9.9998500816007885e-01 +9.9998305651917729e-01 +1.6241526347941920e-04 +2.3368671856557674e-04 +1.3277527436422059e-04 +1.6926936621204143e-04 +2.2858704625048723e-04
126.00000000 +5.0000000000000000e+00 +1.9998414606020198e+00 +2.0931917393346572e-03 +9.9934496898874459e-01 +9.9998335754127121e-01 +9.9999103263162126e-01 +9.9999047152590637e-01 +9.9997898610716007e-01 +1.0143129643837436e-04 +1.7379974270545894e-04 +1.0281598471194757e-04 +2.0509802188546647e-04 +1.2803815793379809e-04
126.50000000 +5.0000000000000000e+00 +1.9998498292426536e+00 +2.0091505975876013e-03 +9.9956146071478857e-01 +9.9997581218753040e-01 +9.9997463936158937e-01 +9.9998526168354807e-01 +9.9998382021854049e-01 +1.1781835865986844e-04 +1.6293299691835182e-04 +1.3975992147441141e-04 +2.8971726520495248e-05 +6.9522838674459297e-05
127.00000000 +5.0000000000000000e+00 +1.9997818257610851e+00 +2.2248990327429228e-03 +9.9899650068489143e-01 +9.9998239497012575e-01 +9.9999147911671193e-01 +9.9997958671022336e-01 +9.9997198868159975e-01 +2.2677638716291342e-04 +2.3631159531854883e-04 +1.7493832878809196e-04 +1.8753821626858481e-04 +2.5248531690275349e-04
127.50000000 +5.0000000000000000e+00 +1.9998348936925960e+00 +2.1542081443800911e-03 +9.9919487011660790e-01 +9.9998233889191845e-01 +9.9998215511901689e-01 +9.9998273268865101e-01 +9.9998301758282782e-01 +2.2366906531363416e-04 +1.9917789877287390e-04 +1.2364956021306030e-04 +1.4061334762656622e-04 +1.8777572099993171e-04
128.00000000 +5.0000000000000000e+00 +1.9997781460500641e+00 +2.1094692253048773e-03 +9.9928464587530708e-01 +9.9998138772736112e-01 +9.9997210375813050e-01 +9.9997850056030291e-01 +9.9999125799613797e-01 +1.2567636150456833e-04 +1.4476892126620973e-04 +3.0895941473174394e-04 +2.1746187650117135e-04 -4.7624992874371912e-06
128.50000000 +5.0000000000000000e+00 +1.9998320926411635e+00 +2.0200992338173561e-03 +9.9951244022765007e-01 +9.9998581909413264e-01 +9.9998034243928402e-01 +9.9997791031753280e-01 +9.9997615370208592e-01 +7.0165557575916133e-05 +1.2012997705361778e-04 +2.0779482357463828e-04 +5.8416543798001730e-05 +1.1082731220750650e-04
129.00000000 +5.0000000000000000e+00 +1.9998088106750789e+00 +2.0523537764615845e-03 +9.9942600210013610e-01 +9.9998566932033572e-01 +9.9997496225848248e-01 +9.9998352072342023e-01 +9.9997817172457903e-01 +1.5604465670373142e-04 +1.7807831317252310e-04 +6.3079118535245432e-05 +2.7736737278668889e-05 +2.2673505312381098e-04
129.50000000 +5.0000000000000000e+00 +1.9998669423357791e+00 +2.0133061030938298e-03 +9.9955050754562202e-01 +9.9998135496124518e-01 +9.9997590198558273e-01 +9.9998336336764748e-01 +9.9997479614929174e-01 +1.3120825520601575e-04 +1.3133761080639928e-04 +1.7704591499444222e-04 +9.1813903509637912e-05 +2.6703012304173256e-06
130.00000000 +5.0000000000000000e+00 +1.9997574382643197e+00 +2.2078560483297285e-03 +9.9904811840914920e-01 +9.9997670438049480e-01 +9.9998372677767355e-01 +9.9998516210819166e-01 +9.9997771372620126e-01 +2.4962210646554679e-04 +2.2385351367487348e-04 +2.3860400513031792e-04 +1.5711271174796384e-04 +1.5938226752252601e-04
130.50000000 +5.0000000000000000e+00 +1.9997944445274685e+00 +2.1199322301430120e-03 +9.9924840910184065e-01 +9.9997255496994508e-01 +9.9998275083828614e-01 +9.9997945233780605e-01 +9.9997728225789440e-01 +6.3651259139417462e-05 +1.4415291519790903e-04 +2.1627508556936403e-04 +3.5083362725656130e-04 +6.4637601108890174e-05
131.00000000 +5.0000000000000000e+00 +1.9997861659088298e+00 +2.1003632918097587e-03 +9.9931413005379088e-01 +9.9998341485974462e-01 +9.9998160068305697e-01 +9.9997896903797223e-01 +9.9997489390984340e-01 +1.3178641211185969e-04 +7.2004621088047173e-05 +2.2641120454707699e-04 +9.7352274701730424e-05 +2.3943694227857213e-04
131.50000000 +5.0000000000000000e+00 +1.9997673228433723e+00 +2.1763853070589571e-03 +9.9911258232060418e-01 +9.9998171233763811e-01 +9.9998731638016636e-01 +9.9997820420496408e-01 +9.9997862728595677e-01 +3.4123553716382450e-04 +2.3894569985710869e-04 +1.8217874239497223e-04 +1.2123386052497209e-04 +7.7963631335682991e-05
132.00000000 +5.0000000000000000e+00 +1.9997994848067433e+00 +2.0352882930742226e-03 +9.9947064373809202e-01 +9.9997880849720411e-01 +9.9997480208166234e-01 +9.9997681855275555e-01 +9.9997439106494934e-01 +1.5079716706435588e-04 +1.5767638582632807e-04 +9.9701249556547912e-05 +1.4105712688103510e-04 +7.5304141200081991e-05
132.50000000 +5.0000000000000000e+00 +1.9997897662711070e+00 +2.0908826642482958e-03 +9.9933105259122224e-01 +9.9997533038578090e-01 +9.9997739770451999e-01 +9.9997678676486834e-01 +9.9997071636787105e-01 +1.0726037417812185e-04 +1.9143905978898017e-04 +1.5982302317701168e-04 +1.5670604993557222e-04 +1.5348768560797556e-04
133.00000000 +5.0000000000000000e+00 +1.9997744132808770e+00 +2.0542475627881346e-03 +9.9941838540988692e-01 +9.9997980054192981e-01 +9.9997814214557612e-01 +9.9998278843165689e-01 +9.9996297863570149e-01 +5.0271454395869327e-05 +2.0086800988680612e-04 +8.1291696145685861e-05 +1.3941848672819013e-04 +2.0605518281647695e-04
133.50000000 +5.0000000000000000e+00 +1.9997971746834631e+00 +2.1311196887700869e-03 +9.9923687909294612e-01 +9.9997747785541657e-01 +9.9997206746363376e-01 +9.9998788734706856e-01 +9.9997551042804445e-01 +1.3637292399471980e-04 +1.6488421873274246e-04 +2.3874387879850922e-04 +1.9430077489178521e-04 +1.1587602155746909e-04
134.00000000 +5.0000000000000000e+00 +1.9998269109070299e+00 +1.9936263634447973e-03 +9.9960766556153891e-01 +9.9997643168929906e-01 +9.9998086571269174e-01 +9.9997712535508743e-01 +9.9997568083659005e-01 +6.0525866417308342e-05 +1.3228279807665341e-04 +1.8172807265400410e-04 +1.6961094079515093e-04 -6.1916839918270766e-05
134.50000000 +5.0000000000000000e+00 +1.9997537894469959e+00 +2.0962539497710385e-03 +9.9930536422177363e-01 +9.9998286553349292e-01 +9.9997933948602891e-01 +9.9998084668601006e-01 +9.9996874576026440e-01 +1.6178112507494519e-04 -1.4064001775591341e-05 +1.1716953246721366e-04 +2.6044346920155750e-04 +2.5750819225932970e-04
135.00000000 +5.0000000000000000e+00 +1.9997844883656672e+00 +2.0049005144159603e-03 +9.9953521020802472e-01 +9.9997877824192305e-01 +9.9996822460917201e-01 +9.9996915955603838e-01 +9.9997207708522051e-01 +5.7013333493105111e-05 +8.6070126641004806e-05 +1.4830640576073628e-04 +1.4384591527820360e-04 +1.4131450703482406e-04
135.50000000 +5.0000000000000000e+00 +1.9998101880839989e+00 +2.0458532991377578e-03 +9.9946811319093065e-01 +9.9997515977791529e-01 +9.9997537952837523e-01 +9.9997646619619329e-01 +9.9997945532798893e-01 +1.3727663871202408e-04 +1.1878393955240779e-04 +2.3496880560114580e-04 +7.1587932372385195e-05 +6.2808652347732201e-05
136.00000000 +5.0000000000000000e+00 +1.9998429994410141e+00 +2.0420451309312365e-03 +9.9947183440252263e-01 +9.9999024368313760e-01 +9.9999503421164837e-01 +9.9998088831075038e-01 +9.9997935545069916e-01 +7.7000384156825032e-05 -4.3036308239420065e-05 +2.6639205453924612e-04 +4.9869945895199379e-05 +2.3241785938869547e-04
136.50000000 +5.0000000000000000e+00 +1.9998207047105478e+00 +2.0585503952432380e-03 +9.9941312950496852e-01 +9.9998659491345687e-01 +9.9997663967754302e-01 +9.9998143368923798e-01 +9.9997298881739327e-01 +1.6027203495074853e-04 +4.0558618097674497e-05 +1.1327173745513479e-04 +8.8383081410628344e-05 +2.6672793031262893e-04
137.00000000 +5.0000000000000000e+00 +1.9998057209151916e+00 +2.0977964146439597e-03 +9.9933328953997058e-01 +9.9998524109461562e-01 +9.9997641565371798e-01 +9.9998471989447446e-01 +9.9996524136829013e-01 +1.1782844016171887e-04 +1.0838560351589587e-04 +1.3890225467701507e-04 +2.2789449184875985e-04 +1.6208166356710869e-04
137.50000000 +5.0000000000000000e+00 +1.9997589877598103e+00 +2.1399844253597532e-03 +9.9920913631024044e-01 +9.9997001748599601e-01 +9.9998810268903215e-01 +9.9997156291270961e-01 +9.9998393110086670e-01 +1.0912980237075330e-04 +1.8399646224278020e-04 +1.7684108501928402e-04 +3.0714080730399066e-04 +1.0014135550595984e-04
138.00000000 +5.0000000000000000e+00 +1.9997974850591846e+00 +2.0071300818066021e-03 +9.9953244752781090e-01 +9.9998027999456163e-01 +9.9997428718015724e-01 +9.9997527399396124e-01 +9.9997930072867536e-01 +1.9531747501749412e-04 +9.4020539025270678e-05 +1.8874359681213539e-04 +6.2200322930457515e-05 +1.8128632705220918e-05
138.50000000 +5.0000000000000000e+00 +1.9998053415637347e+00 +1.9984549138672833e-03 +9.9955318168150153e-01 +9.9998616953160291e-01 +9.9998936012974282e-01 +9.9997110806113232e-01 +9.9997003789663164e-01 +2.7808655118889924e-04 +1.7267536799753488e-04 +9.8694071066997380e-05 +3.5856042568516986e-05 -5.5169329229237405e-05
139.00000000 +5.0000000000000000e+00 +1.9998602929598168e+00 +1.8516015050876731e-03 +9.9995236527844689e-01 +9.9997635745657565e-01 +9.9997103347544303e-01 +9.9997062013261873e-01 +9.9997985769507935e-01 -1.4664072717337374e-05 -7.2198918902032226e-05 +1.4269292103319845e-04 +5.2128379900910365e-05 +4.1807657479220300e-05
139.50000000 +5.0000000000000000e+00 +1.9997534883517811e+00 +2.2142497115896173e-03 +9.9905868862090719e-01 +9.9997571980975097e-01 +9.9997900155609898e-01 +9.9996124445028556e-01 +9.9995441930235540e-01 +9.6106380471890719e-05 +3.5756944566966758e-04 +2.5811912842996638e-04 +1.9492811487531212e-04 +1.6420318850805343e-04
140.00000000 +5.0000000000000000e+00 +1.9998321543972346e+00 +2.0576086960206901e-03 +9.9943395160566795e-01 +9.9998013750540471e-01 +9.9997698866798079e-01 +9.9998095510272489e-01 +9.9996773848450127e-01 +5.4430573766128121e-05 -1.1087053009904979e-04 +3.9552571274028100e-04 +3.3091429981426572e-04 -9.7714169241485257e-06
140.50000000 +5.0000000000000000e+00 +1.9997283811486377e+00 +2.1937810146138571e-03 +9.9907118597991929e-01 +9.9997048305893199e-01 +9.9997095339215469e-01 +9.9996402954422048e-01 +9.9997144203855670e-01 +2.4025710955374361e-04 +2.4379155148416453e-04 +1.7695903083507207e-04 +1.4828490385069009e-04 +2.4261339206201125e-04
141.00000000 +5.0000000000000000e+00 +1.9997483428464535e+00 +2.1480464406307873e-03 +9.9916754869760238e-01 +9.9998024198480540e-01 +9.9996396983483615e-01 +9.9995644362779967e-01 +9.9998376188280458e-01 +5.2781739551486892e-05 +1.2747086494647124e-04 +2.5001574698697322e-04 +2.7218580572855455e-04 +2.4557981007465466e-04
141.50000000 +5.0000000000000000e+00 +1.9998029142812885e+00 +2.0839474327316049e-03 +9.9937351360953519e-01 +9.9996686755724928e-01 +9.9997411331678976e-01 +9.9996146980843281e-01 +9.9997716282799098e-01 +1.7548483336452309e-04 +8.0602018410640510e-05 +2.1066985282085403e-04 +2.5604245121648187e-04 +2.4073718977726643e-05
142.00000000 +5.0000000000000000e+00 +1.9997514395817688e+00 +2.1697469944860692e-03 +9.9914046400674617e-01 +9.9996574087952694e-01 +9.9997371668924284e-01 +9.9997798781894465e-01 +9.9996601809193275e-01 +1.9489693324200143e-04 +1.3432149268652408e-04 +1.5328810459273122e-04 +2.4398381226809016e-04 +2.4958216824417281e-04
142.50000000 +5.0000000000000000e+00 +1.9997548766088955e+00 +2.1325905197234719e-03 +9.9921450634622977e-01 +9.9996874797248303e-01 +9.9998673571609908e-01 +9.9998058214172125e-01 +9.9997852290128131e-01 +3.3003947213413698e-05 +2.5774945695726401e-04 +3.2060496410446835e-04 +7.3391930829279814e-05 +1.8615462395239467e-04
143.00000000 +5.0000000000000000e+00 +1.9997619238707234e+00 +2.1091655143598812e-03 +9.9928074789824406e-01 +9.9997643583690166e-01 +9.9997779746521376e-01 +9.9996952635878222e-01 +9.9997993909381200e-01 +1.7872954246309756e-04 +2.7444001798758135e-04 +2.8029410012184901e-04 +5.1244945777101186e-05 +3.0844738543211299e-05
143.50000000 +5.0000000000000000e+00 +1.9997231014812540e+00 +2.1740866333333319e-03 +9.9912286649268589e-01 +9.9997774045501897e-01 +9.9998414131825120e-01 +9.9995750810974382e-01 +9.9998906188157866e-01 +1.6517688167758240e-04 +1.3398050872702401e-04 +2.9795817363604729e-04 +1.5160715586095359e-04 +2.1995902538127777e-04
144.00000000 +5.0000000000000000e+00 +1.9997187808415302e+00 +2.2605521980473427e-03 +9.9893439388073269e-01 +9.9997558015425492e-01 +9.9999000044482145e-01 +9.9995879554812972e-01 +9.9997078776462722e-01 +3.2872496698902782e-04 +2.8039338615589549e-04 +1.8724188710849099e-04 +1.2170435642784565e-04 +2.5237760699529937e-04
144.50000000 +5.0000000000000000e+00 +1.9997077648744239e+00 +2.3281571839242439e-03 +9.9877008447283500e-01 +9.9996988025187228e-01 +9.9996066790137617e-01 +9.9998209858552511e-01 +9.9998826303417543e-01 +2.3943606825455269e-04 +3.4576904215468458e-04 +4.1187901892026296e-04 +6.0921289782490547e-05 +2.7100033759318754e-04
145.00000000 +5.0000000000000000e+00 +1.9997761685572943e+00 +2.1668549842564708e-03 +9.9916322661367585e-01 +9.9998315536307558e-01 +9.9997334208732336e-01 +9.9996967280350957e-01 +9.9996865079283392e-01 +1.7165915174337313e-04 +5.6905673278921728e-05 +2.2070207577187998e-04 +2.2382357374538936e-04 +2.6886186706347230e-04
145.50000000 +5.0000000000000000e+00 +1.9997284971297991e+00 +2.2255083728703780e-03 +9.9901507778404464e-01 +9.9996825284499224e-01 +9.9997925181057679e-01 +9.9997369016430104e-01 +9.9999114338916362e-01 +9.3234166223534430e-05 +2.4236607319773776e-04 +3.6080044440396425e-04 +2.2508308658323659e-04 +1.5110024658656084e-04
146.00000000 +5.0000000000000000e+00 +1.9996634664898203e+00 +2.2224106041886901e-03 +9.9897549403148567e-01 +9.9997273915909257e-01 +9.9997802188145080e-01 +9.9995842456913553e-01 +9.9996629133982473e-01 +2.6096430093785361e-04 +2.7292943347864820e-04 +2.2231918575482424e-04 +1.2673919749111261e-04 +2.6607690653889795e-04
146.50000000 +5.0000000000000000e+00 +1.9996823734857461e+00 +2.1050351194452127e-03 +9.9927521565431188e-01 +9.9998274410663957e-01 +9.9999401240812635e-01 +9.9997591178569434e-01 +9.9997008628550921e-01 +6.9989933595979845e-05 +1.2361530819368088e-04 +2.0580405159061814e-04 +1.9333270603615123e-04 +2.0928776258779698e-04
147.00000000 +5.0000000000000000e+00 +1.9997049091297003e+00 +2.1124353458737027e-03 +9.9927135249097321e-01 +9.9996796621794548e-01 +9.9995188955355330e-01 +9.9997233126308382e-01 +9.9997180805244190e-01 +8.9299155713663253e-06 +1.7838031585780159e-04 +2.8598141140060237e-04 +1.7055100381215677e-04 +2.2080976889534033e-04
147.50000000 +5.0000000000000000e+00 +1.9997341069948262e+00 +2.1570365166165557e-03 +9.9914458837408737e-01 +9.9995107403082595e-01 +9.9997583969509551e-01 +9.9997733254440779e-01 +9.9997238934430244e-01 +3.5288316070710058e-04 +1.5980407641396830e-04 +1.3456196616675909e-04 +5.1697765120437395e-05 +2.7982904449504024e-04
148.00000000 +5.0000000000000000e+00 +1.9996665302446304e+00 +2.2630395069947054e-03 +9.9891953732079641e-01 +9.9995534406628384e-01 +9.9996272419729981e-01 +9.9998302820993734e-01 +9.9999462678345197e-01 +3.9205496243611141e-04 +2.0699646556856629e-04 -6.0071758925348924e-05 +4.1481909729302230e-04 +2.3094064612559227e-04
148.50000000 +5.0000000000000000e+00 +1.9997043278625681e+00 +2.1491124117455958e-03 +9.9919382623775777e-01 +9.9996345325786429e-01 +9.9997116327795521e-01 +9.9996393529332384e-01 +9.9995449345241327e-01 +5.9378018981063357e-05 +1.5611091694283061e-04 +3.1894312423505093e-04 +3.1961359073515806e-04 +9.9082831580932720e-05
149.00000000 +5.0000000000000000e+00 +1.9996527603232992e+00 +2.2850700251235744e-03 +9.9883894439585652e-01 +9.9995148004776158e-01 +9.9998574233911264e-01 +9.9998411740676807e-01 +9.9996317420366787e-01 +4.8467283669159932e-04 +2.1590043256551860e-04 +1.8843191440319178e-04 +1.9620547573094874e-04 +1.9133095540026292e-04
149.50000000 +5.0000000000000000e+00 +1.9997382528639445e+00 +2.1444340633680389e-03 +9.9921838156310183e-01 +9.9996985050298304e-01 +9.9998303668242849e-01 +9.9997680203478667e-01 +9.9997802689655257e-01 +1.5240858819725738e-04 +8.0250525003456940e-05 +3.3226535657723398e-04 +2.7288877338229835e-04 +3.6089086103642960e-05
150.00000000 +5.0000000000000000e+00 +1.9997801794722780e+00 +2.0165734840982123e-03 +9.9951938992551903e-01 +9.9995545524444807e-01 +1.0000103227955468e+00 +9.9995518742975975e-01 +9.9997874503247763e-01 +7.6921553365495019e-05 -3.8596527674616378e-05 +1.6322417764954643e-05 +2.2363663448862748e-04 +3.0261549102588304e-04
