#PATCH_CHECK: SepMBpoisson v0.61 exact-bernoulli stratified-backward active
#discretizing the bath:
#     0 0.0000000000000000e+00 -6.3189999999999946e-01
#     1 4.7140452079103166e-03 -2.7561991631741245e-01
#     2 4.7140452079103166e-03 -2.5306107598991895e-01
#     3 4.7140452079103166e-03 -2.2890897275141478e-01
#     4 4.7140452079103166e-03 -2.0326252372014117e-01
#     5 4.7140452079103166e-03 -1.7620421537377490e-01
#     6 4.7140452079103166e-03 -1.4780420725879517e-01
#     7 4.7140452079103166e-03 -1.1812312887388349e-01
#     8 4.7140452079103166e-03 -8.7214060873365695e-02
#     9 4.7140452079103166e-03 -5.5123983263482501e-02
#sampling: jump_strength=1.1785113019775794e-02 jump_probability=1.1647841886704504e-02 log_scale=1.1716209404909925e-02 back_replicas=4 stratify_forward=0
#adaptive measurement: gap=2.7058308346366272e-02 period_steps=465 nmeas=84 nwf=150 tmax=7.5000000000000000e+01 forced_stride=0
  0.00000000 +5.0000000000000000e+00 +1.9999999999999998e+00 +1.8374661879283106e-03 +1.0000000000000000e+00 +1.0000000000000000e+00 +1.0000000000000000e+00 +1.0000000000000000e+00 +1.0000000000000000e+00 +0.0000000000000000e+00 +0.0000000000000000e+00 +0.0000000000000000e+00 +0.0000000000000000e+00 +0.0000000000000000e+00
  0.50000000 +5.0000000000000000e+00 +1.9999999999045415e+00 +1.8483614278962716e-03 +9.9997233962496923e-01 +9.9999999999896116e-01 +9.9999999999896116e-01 +9.9999999999896116e-01 +9.9999999999896116e-01 +5.5418517248485551e-06 +5.5895440804840830e-06 +5.4965439869948028e-06 +5.5609286671027666e-06 +5.4715055002861507e-06
  1.00000000 +5.0000000000000000e+00 +1.9999999990795001e+00 +1.8788789183253457e-03 +9.9989481831099147e-01 +9.9999999982294063e-01 +9.9999999980303744e-01 +9.9999999983715759e-01 +9.9999999980872423e-01 +2.1012786801125728e-05 +2.1251447140898262e-05 +2.1170015035787050e-05 +2.1077175610801679e-05 +2.0670889105708698e-05
  1.50000000 +5.0000000000000000e+00 +2.0000000092462287e+00 +1.9229545945041854e-03 +9.9978271476963521e-01 +9.9999999857961308e-01 +9.9999999878481471e-01 +9.9999999885524971e-01 +9.9999999857490485e-01 +4.3949084109096345e-05 +4.4266131029922982e-05 +4.3676742294615782e-05 +4.3164669582476645e-05 +4.2233837509118779e-05
  2.00000000 +5.0000000000000000e+00 +1.9999999806951554e+00 +1.9711483991655086e-03 +9.9965985766324761e-01 +9.9999999497806102e-01 +9.9999999532301176e-01 +9.9999999540335138e-01 +9.9999999488414659e-01 +6.9788719848183980e-05 +6.9698375513731014e-05 +6.8658768246216960e-05 +6.6888844720251417e-05 +6.5127013241056975e-05
  2.50000000 +5.0000000000000000e+00 +1.9999999508534307e+00 +2.0137686278381690e-03 +9.9955075857540077e-01 +9.9999998705291515e-01 +9.9999998750898056e-01 +9.9999998739234541e-01 +9.9999998731517659e-01 +9.4034963351595857e-05 +9.3631204055903371e-05 +9.0702253744488122e-05 +8.7233285568392511e-05 +8.3690531713018348e-05
  3.00000000 +5.0000000000000000e+00 +1.9999999932787123e+00 +2.0421195417886797e-03 +9.9947749761275673e-01 +9.9999997344119151e-01 +9.9999997320276290e-01 +9.9999997388011486e-01 +9.9999997498328308e-01 +1.1352382964348541e-04 +1.1069621022020303e-04 +1.0517250104792403e-04 +9.9197703441531823e-05 +9.4016691555273417e-05
  3.50000000 +5.0000000000000000e+00 +1.9999999999291767e+00 +2.0513730436386088e-03 +9.9945249048251528e-01 +9.9999995402657227e-01 +9.9999995365222949e-01 +9.9999995595454494e-01 +9.9999995746058756e-01 +1.2483735366726411e-04 +1.1770726379048641e-04 +1.0998540873364116e-04 +1.0174458061917463e-04 +9.3413917788865802e-05
  4.00000000 +5.0000000000000000e+00 +2.0000000350673752e+00 +2.0393637623811684e-03 +9.9948148644147794e-01 +9.9999992896049628e-01 +9.9999992908898583e-01 +9.9999993369131679e-01 +9.9999993520211872e-01 +1.2295582672152281e-04 +1.1525078556099098e-04 +1.0315708752912508e-04 +9.3930528275834973e-05 +8.3492457719341439e-05
  4.50000000 +5.0000000000000000e+00 +1.9999999563567610e+00 +2.0083283495039958e-03 +9.9955917595207022e-01 +9.9999990230853064e-01 +9.9999990189570098e-01 +9.9999990642752445e-01 +9.9999990886311851e-01 +1.1196778530738566e-04 +1.0148984466228141e-04 +8.7836511654723273e-05 +7.4217156385978248e-05 +6.5693380466848926e-05
  5.00000000 +5.0000000000000000e+00 +1.9999998586388599e+00 +1.9654472181044372e-03 +9.9966765644706124e-01 +9.9999987168815441e-01 +9.9999987370528043e-01 +9.9999987821113301e-01 +9.9999988746072810e-01 +9.3665470867054378e-05 +7.8923546233899383e-05 +6.6613762059804604e-05 +5.1183183864500747e-05 +4.2446425834095443e-05
  5.50000000 +5.0000000000000000e+00 +1.9999996877041060e+00 +1.9175495027488612e-03 +9.9978985185671720e-01 +9.9999984155106958e-01 +9.9999984146954390e-01 +9.9999985764798638e-01 +9.9999986475392888e-01 +6.7346982044480582e-05 +5.2600160482750073e-05 +4.1996785140665125e-05 +2.7736338583628013e-05 +2.1062528536180363e-05
  6.00000000 +5.0000000000000000e+00 +1.9999996256562298e+00 +1.8775320711198406e-03 +9.9989304330604900e-01 +9.9999981896082191e-01 +9.9999982149323152e-01 +9.9999983214031629e-01 +9.9999984380208995e-01 +4.0989939205174743e-05 +2.9801702877969245e-05 +1.8633422846627490e-05 +1.2833313085678491e-05 +5.3818415642717911e-06
  6.50000000 +5.0000000000000000e+00 +1.9999996289586648e+00 +1.8520305538938962e-03 +9.9996025282807754e-01 +9.9999981957534723e-01 +9.9999980082694140e-01 +9.9999982086667971e-01 +9.9999983018193650e-01 +1.7931305597558033e-05 +1.3385603715043661e-05 +4.5975398204925823e-06 +5.1766089417512935e-06 -6.1543094853745204e-07
  7.00000000 +5.0000000000000000e+00 +1.9999995939029842e+00 +1.8450533256194959e-03 +9.9998085186371666e-01 +9.9999980305429415e-01 +9.9999981924569348e-01 +9.9999982412799959e-01 +9.9999982792836772e-01 +3.5702646216001095e-06 +9.3553976968649663e-07 +1.8001017551106537e-06 +4.4336178171550392e-06 +9.1342774601782656e-06
  7.50000000 +5.0000000000000000e+00 +1.9999996368579525e+00 +1.8595472351933537e-03 +9.9994680172126382e-01 +9.9999980930203902e-01 +9.9999980294808077e-01 +9.9999982328069270e-01 +9.9999982821481803e-01 +2.1721752138851108e-06 +6.3743641530758791e-06 +9.4491849590450963e-06 +1.4936936116291923e-05 +2.1002009144542050e-05
  8.00000000 +5.0000000000000000e+00 +1.9999996537460027e+00 +1.8881526252703953e-03 +9.9987628186328736e-01 +9.9999982397556897e-01 +9.9999980192396531e-01 +9.9999981356973766e-01 +9.9999982518404640e-01 +8.9673003714700494e-06 +1.6712170754966934e-05 +2.2336242398957431e-05 +3.4890609272661307e-05 +4.1547188361763816e-05
  8.50000000 +5.0000000000000000e+00 +1.9999995248564069e+00 +1.9306674089603353e-03 +9.9976925941748152e-01 +9.9999979063765210e-01 +9.9999979630744784e-01 +9.9999980202731686e-01 +9.9999982929884934e-01 +2.6399788820287379e-05 +3.8964087645495586e-05 +4.7210877183117345e-05 +5.6245842201503525e-05 +6.2701719711640458e-05
  9.00000000 +5.0000000000000000e+00 +1.9999996514775291e+00 +1.9727569808866844e-03 +9.9966166284959213e-01 +9.9999982142779975e-01 +9.9999981510275815e-01 +9.9999980303957525e-01 +9.9999981307332542e-01 +5.0705392728289318e-05 +6.0001306490928378e-05 +6.8421092943727246e-05 +7.6740553863303135e-05 +8.3216098438050148e-05
  9.50000000 +5.0000000000000000e+00 +1.9999994783799557e+00 +2.0056145857780760e-03 +9.9957588238136919e-01 +9.9999980953970591e-01 +9.9999979423167540e-01 +9.9999975355326409e-01 +9.9999977747653701e-01 +7.4039291708497066e-05 +8.2688119452473797e-05 +9.0032445800784927e-05 +9.0375388257847274e-05 +8.7847656044782261e-05
 10.00000000 +5.0000000000000000e+00 +1.9999994267982972e+00 +2.0329733539886626e-03 +9.9950304426300685e-01 +9.9999978887984575e-01 +9.9999976120538692e-01 +9.9999974949548309e-01 +9.9999975268789609e-01 +9.7418144045990842e-05 +1.0583046204515497e-04 +1.0602449826956382e-04 +1.0309055788280188e-04 +8.5539720304970843e-05
 10.50000000 +5.0000000000000000e+00 +1.9999986807415751e+00 +2.0358768037428815e-03 +9.9949157351374029e-01 +9.9999975143091968e-01 +9.9999972309154728e-01 +9.9999968526383509e-01 +9.9999972204165510e-01 +1.1657699824329962e-04 +1.1638736640183957e-04 +1.0409976303558015e-04 +8.7718702183936352e-05 +8.4761792562610685e-05
 11.00000000 +5.0000000000000000e+00 +1.9999982789435511e+00 +2.0216646292828440e-03 +9.9952392444229032e-01 +9.9999970060153487e-01 +9.9999963404876502e-01 +9.9999962951544397e-01 +9.9999964290149468e-01 +1.1892449619851041e-04 +1.1526289990147668e-04 +1.0666538451716969e-04 +7.7458299669397535e-05 +5.9157385442179926e-05
 11.50000000 +5.0000000000000000e+00 +1.9999977057021601e+00 +1.9958525205108005e-03 +9.9958690821335539e-01 +9.9999962777030427e-01 +9.9999960039075664e-01 +9.9999958861973415e-01 +9.9999960759282991e-01 +1.1905972004679830e-04 +1.1006951575806454e-04 +8.5848965791723324e-05 +6.0524992964792813e-05 +3.9164157463434008e-05
 12.00000000 +5.0000000000000000e+00 +1.9999977907987643e+00 +1.9567033704048411e-03 +9.9968510537130428e-01 +9.9999960966210699e-01 +9.9999949137383637e-01 +9.9999954468944563e-01 +9.9999949717208336e-01 +1.0169199709745995e-04 +8.6252397322725692e-05 +6.5959100252646581e-05 +4.1127132138881212e-05 +2.1721207531627907e-05
 12.50000000 +5.0000000000000000e+00 +1.9999978698788101e+00 +1.9174097124265983e-03 +9.9978566728374962e-01 +9.9999955827116294e-01 +9.9999941532492320e-01 +9.9999938209277650e-01 +9.9999955021433196e-01 +8.6913774216995431e-05 +5.9905714285626011e-05 +3.3089715246229432e-05 +2.3733417554803713e-05 +1.2784306476372822e-05
 13.00000000 +5.0000000000000000e+00 +1.9999981062830046e+00 +1.8891394705653527e-03 +9.9986074641417599e-01 +9.9999945376293553e-01 +9.9999944624278259e-01 +9.9999945643193300e-01 +9.9999947157556313e-01 +6.2591486492175752e-05 +4.2021955171050330e-05 +1.8686060254731963e-05 +1.0545010605563333e-05 +7.5811124150812677e-06
 13.50000000 +5.0000000000000000e+00 +1.9999981736303112e+00 +1.8707105203234328e-03 +9.9991115092679250e-01 +9.9999947122353183e-01 +9.9999941510300083e-01 +9.9999946762270153e-01 +9.9999940022524025e-01 +4.1499918069291227e-05 +1.7463149348477760e-05 +8.3513636994869583e-06 +8.7850590867447215e-06 +1.4995388444625144e-05
 14.00000000 +5.0000000000000000e+00 +1.9999984378004267e+00 +1.8706433425733351e-03 +9.9991602930691925e-01 +9.9999956315161598e-01 +9.9999942594441926e-01 +9.9999942788956231e-01 +9.9999950292804274e-01 +2.0408435542663528e-05 +1.9145000477953889e-05 +8.4121440454858089e-06 +9.1228534337670395e-06 +2.8962396860715787e-05
 14.50000000 +5.0000000000000000e+00 +1.9999974639904137e+00 +1.8761575698952838e-03 +9.9990584340930355e-01 +9.9999954123740431e-01 +9.9999939141005345e-01 +9.9999932263577507e-01 +9.9999947137183109e-01 +3.9109359377105881e-06 +1.1264866463630422e-05 +1.4398577706415209e-05 +2.8121025038059930e-05 +3.8734515370914800e-05
 15.00000000 +5.0000000000000000e+00 +1.9999967017506901e+00 +1.9133319877536338e-03 +9.9981432524320291e-01 +9.9999946251960992e-01 +9.9999925046754423e-01 +9.9999944488783032e-01 +9.9999930732448572e-01 +2.7029804005604300e-05 +2.2520768985326494e-05 +2.6408215472937854e-05 +4.6267249895733836e-05 +6.5983459217237270e-05
 15.50000000 +5.0000000000000000e+00 +1.9999968456835042e+00 +1.9430509045188140e-03 +9.9973973928626203e-01 +9.9999957790376803e-01 +9.9999938588531978e-01 +9.9999925285064373e-01 +9.9999946254569161e-01 +1.5454825309050913e-05 +3.9189873172587735e-05 +5.5833412128029537e-05 +7.4640170451400028e-05 +7.7463210530509991e-05
 16.00000000 +5.0000000000000000e+00 +1.9999970101820943e+00 +1.9607311164913589e-03 +9.9969423740138552e-01 +9.9999940022833633e-01 +9.9999955935908946e-01 +9.9999928596607357e-01 +9.9999948148705908e-01 +3.1300839137162692e-05 +4.8873613588884920e-05 +6.7087906538803284e-05 +7.6922509079792095e-05 +8.3850726853677390e-05
 16.50000000 +5.0000000000000000e+00 +1.9999974211714959e+00 +1.9937584177343016e-03 +9.9960733420248149e-01 +9.9999950440141927e-01 +9.9999943743244302e-01 +9.9999949259058707e-01 +9.9999940730081360e-01 +4.7989463197493454e-05 +7.3081320410134311e-05 +7.7671233371996460e-05 +9.2418837030884717e-05 +1.0366325751204333e-04
 17.00000000 +5.0000000000000000e+00 +1.9999965681606895e+00 +2.0038202865549515e-03 +9.9957724932808478e-01 +9.9999937618490864e-01 +9.9999937513163151e-01 +9.9999914953765578e-01 +9.9999921096191946e-01 +7.5217956158018398e-05 +8.8669536447342481e-05 +9.5809824098311880e-05 +9.6098835609108410e-05 +6.9842795752456875e-05
 17.50000000 +5.0000000000000000e+00 +1.9999980260714434e+00 +1.9893444835705036e-03 +9.9961027332605878e-01 +9.9999948272981742e-01 +9.9999953056366042e-01 +9.9999925681062940e-01 +9.9999910186516794e-01 +7.4755408281178314e-05 +9.3834100466935901e-05 +9.1929066482941284e-05 +8.2835846628283581e-05 +4.9000320354653637e-05
 18.00000000 +5.0000000000000000e+00 +1.9999974196994241e+00 +2.0027099131052755e-03 +9.9957154222856370e-01 +9.9999952430040573e-01 +9.9999917873567712e-01 +9.9999910244448886e-01 +9.9999910400336778e-01 +1.0907871841345518e-04 +1.1146491600129181e-04 +9.5170542323434667e-05 +7.5215420728168590e-05 +4.0618711612365737e-05
 18.50000000 +5.0000000000000000e+00 +1.9999953771132215e+00 +1.9760533159747734e-03 +9.9963630409652959e-01 +9.9999966344465907e-01 +9.9999918784466924e-01 +9.9999950550756167e-01 +9.9999911953208509e-01 +1.2314416887915586e-04 +9.7876170324928311e-05 +7.6655233810296743e-05 +3.9873744904803838e-05 +2.8670210153429538e-05
 19.00000000 +5.0000000000000000e+00 +1.9999951960974396e+00 +1.9487040737457616e-03 +9.9970458821186337e-01 +9.9999966562273646e-01 +9.9999919425864792e-01 +9.9999903237184240e-01 +9.9999901030607063e-01 +1.0230854875572079e-04 +8.7684863823736902e-05 +6.4253528810257745e-05 +3.0582831233239961e-05 +1.3679473962039858e-05
 19.50000000 +5.0000000000000000e+00 +1.9999956219423829e+00 +1.9332039529516283e-03 +9.9974515405098585e-01 +9.9999924421884012e-01 +9.9999928169631480e-01 +9.9999906842921404e-01 +9.9999863396473643e-01 +1.0459567146294107e-04 +8.2123173167579356e-05 +5.2448709977269748e-05 +1.0105947544976715e-05 +9.3441823656590871e-06
 20.00000000 +5.0000000000000000e+00 +1.9999967427709047e+00 +1.8993692807861256e-03 +9.9983331195714076e-01 +9.9999850161746684e-01 +9.9999949995372495e-01 +9.9999875510308733e-01 +9.9999922546351405e-01 +7.4311225549821930e-05 +6.2102382024418877e-05 +1.7053704173162862e-05 +2.4990902564565700e-06 +1.4739521091570256e-05
 20.50000000 +5.0000000000000000e+00 +1.9999980680540943e+00 +1.8999190883757248e-03 +9.9983541534747422e-01 +9.9999919040108332e-01 +9.9999903657473732e-01 +9.9999908590018194e-01 +9.9999889806165554e-01 +6.8400241525897842e-05 +3.5452987520065333e-05 +1.7926013364666400e-05 +1.9068604613027648e-05 +2.7525880916038416e-05
 21.00000000 +5.0000000000000000e+00 +1.9999949765918923e+00 +1.9000789155450529e-03 +9.9983910192717473e-01 +9.9999926113426651e-01 +9.9999896200057981e-01 +9.9999866785298774e-01 +9.9999920278220944e-01 +4.6415735170507955e-05 +2.6731290785566198e-05 +1.9345642883274931e-05 +2.2035565776721993e-05 +5.0276100762292713e-05
 21.50000000 +5.0000000000000000e+00 +1.9999969866453853e+00 +1.9054045402863229e-03 +9.9983166495051834e-01 +9.9999879926461788e-01 +9.9999909647596152e-01 +9.9999839294936044e-01 +9.9999871175441990e-01 +1.5264621821173726e-05 +1.6028991137764668e-05 +1.8240191922658387e-05 +5.2769791571956822e-05 +7.1031006294228069e-05
 22.00000000 +5.0000000000000000e+00 +1.9999972724100055e+00 +1.9419468821533510e-03 +9.9974055071534629e-01 +9.9999937065546762e-01 +9.9999920176497481e-01 +9.9999904002849893e-01 +9.9999919278349580e-01 +3.9290358965998214e-05 +3.3386552615520633e-05 +4.9221869629330009e-05 +7.4631215687871654e-05 +6.6114043601862488e-05
 22.50000000 +5.0000000000000000e+00 +1.9999993574818049e+00 +1.9406798764649458e-03 +9.9974633332459750e-01 +9.9999991857248050e-01 +9.9999942794370800e-01 +9.9999852709820303e-01 +9.9999871244003369e-01 +1.9317344924449688e-05 +2.2133482639013343e-05 +5.2143057703958696e-05 +8.4098350051676116e-05 +7.9388430640062245e-05
 23.00000000 +5.0000000000000000e+00 +1.9999965639717283e+00 +1.9414506811227588e-03 +9.9974108209477286e-01 +9.9999931698052280e-01 +9.9999878875377313e-01 +9.9999935838845577e-01 +9.9999870067252661e-01 +2.4173503378257873e-05 +3.0785680025139929e-05 +4.7314620057922055e-05 +8.3027977155385445e-05 +7.7451317257377569e-05
 23.50000000 +5.0000000000000000e+00 +1.9999932311167963e+00 +1.9826986709367278e-03 +9.9963322547445332e-01 +9.9999969131087296e-01 +9.9999941787180369e-01 +9.9999893743635004e-01 +9.9999902374164140e-01 +4.5653129517567052e-05 +5.7128667020199964e-05 +9.2654237916553182e-05 +7.1214370385698809e-05 +1.0305377256771255e-04
 24.00000000 +5.0000000000000000e+00 +1.9999955355730612e+00 +1.9995029347080269e-03 +9.9959005673776768e-01 +9.9999858774020933e-01 +9.9999867968226241e-01 +9.9999862853883026e-01 +9.9999889417717469e-01 +6.5315800148859409e-05 +9.3129170659388323e-05 +1.0068891899371649e-04 +1.0869898070446236e-04 +4.7320185685641004e-05
 24.50000000 +5.0000000000000000e+00 +1.9999956505431411e+00 +1.9906540832203192e-03 +9.9960757434670078e-01 +9.9999888117168334e-01 +9.9999959042136000e-01 +9.9999902757253767e-01 +9.9999971782073993e-01 +8.6061854099258347e-05 +7.9332099027005853e-05 +1.0910544473344674e-04 +7.8341663708525179e-05 +4.2367650169892313e-05
 25.00000000 +5.0000000000000000e+00 +1.9999944281653876e+00 +2.0030366504553811e-03 +9.9957227183310582e-01 +1.0000000652748338e+00 +9.9999894536509015e-01 +9.9999915862852717e-01 +9.9999842494291935e-01 +8.4105869520931516e-05 +9.7042530880602415e-05 +1.1512461141972461e-04 +6.8141408761511235e-05 +6.6719510157875955e-05
 25.50000000 +5.0000000000000000e+00 +1.9999964843654403e+00 +1.9516453884571283e-03 +9.9970051996120524e-01 +9.9999889691730837e-01 +9.9999936439866555e-01 +9.9999949689375234e-01 +9.9999845842749202e-01 +9.9539404124064288e-05 +1.0001926533206339e-04 +8.4050903333047195e-05 +1.7555033986018285e-05 +2.0987828303578611e-06
 26.00000000 +5.0000000000000000e+00 +1.9999973119618975e+00 +1.9570169989126624e-03 +9.9968681611802324e-01 +1.0000003368221342e+00 +9.9999954216494813e-01 +9.9999850471036689e-01 +9.9999799938806311e-01 +9.3175619836194227e-05 +8.8112531618013865e-05 +4.4290410547631940e-05 +5.7314445099805212e-05 +3.3907799307557383e-05
 26.50000000 +5.0000000000000000e+00 +1.9999947648756902e+00 +1.9375022398508959e-03 +9.9973672348668419e-01 +9.9999916208518314e-01 +9.9999797431367488e-01 +9.9999932622900789e-01 +9.9999771636696688e-01 +1.0756355744775294e-04 +7.6263627384804371e-05 +4.0574123859343349e-05 +3.1257707984066483e-05 +1.3438463120144479e-05
 27.00000000 +5.0000000000000000e+00 +1.9999996717352491e+00 +1.9109530685709618e-03 +9.9980605077422979e-01 +9.9999998181531802e-01 +9.9999895844969511e-01 +9.9999940084670047e-01 +9.9999948726633980e-01 +7.1664460723683959e-05 +2.0136352631471344e-05 +4.1711318790119839e-05 +2.0750751297652474e-05 +4.1858027491300853e-05
 27.50000000 +5.0000000000000000e+00 +1.9999987028199506e+00 +1.9278677025407278e-03 +9.9976605168133093e-01 +9.9999904176394516e-01 +9.9999951247962526e-01 +9.9999797507435351e-01 +9.9999881785143485e-01 +6.8252865238332502e-05 +3.5127083263068828e-05 +4.3695618821782344e-05 +2.7951769966096361e-05 +6.3573766943356353e-05
 28.00000000 +5.0000000000000000e+00 +1.9999944611312941e+00 +1.9281310631626841e-03 +9.9976763820024706e-01 +9.9999948429023999e-01 +9.9999896561935409e-01 +9.9999841554579971e-01 +9.9999939655366554e-01 +6.4323178557372041e-05 +4.2537977430164031e-05 +3.2538380019376067e-05 +1.9264118971367226e-05 +7.7436139392984807e-05
 28.50000000 +5.0000000000000000e+00 +2.0000002091618332e+00 +1.9196094452911465e-03 +9.9979430609952424e-01 +9.9999943618952492e-01 +9.9999833145565720e-01 +9.9999870897106491e-01 +9.9999812119548648e-01 +8.0730519815020653e-05 +2.3395986249097976e-05 +1.1248142760933993e-05 +3.2655384078741486e-05 +6.3066054035449288e-05
 29.00000000 +5.0000000000000000e+00 +1.9999926065414870e+00 +1.9165509339564694e-03 +9.9980156281266930e-01 +9.9999943755428400e-01 +9.9999916388486487e-01 +9.9999825142323584e-01 +9.9999829348494873e-01 +1.8608960465104570e-05 +3.7371953746432523e-05 +2.5994414597425160e-05 +5.0405563721234619e-05 +7.0909963114840262e-05
 29.50000000 +5.0000000000000000e+00 +1.9999972437598610e+00 +1.9490309376323936e-03 +9.9971990831982571e-01 +9.9999794832154587e-01 +9.9999902617951464e-01 +9.9999929835853296e-01 +9.9999744428990556e-01 +7.1705747415989443e-05 +4.3715610909210796e-05 +4.2146430700843323e-05 +6.7230841113894942e-05 +6.1575900658762542e-05
 30.00000000 +5.0000000000000000e+00 +1.9999978562260965e+00 +1.9588977058609979e-03 +9.9969331504271131e-01 +9.9999822571068553e-01 +9.9999880284231424e-01 +9.9999928534839333e-01 +9.9999773943352888e-01 +7.0468022719348542e-05 +5.6646833265121737e-05 +5.7916825970595887e-05 +6.9629754101894014e-05 +5.7970207594940996e-05
 30.50000000 +5.0000000000000000e+00 +1.9999984687415540e+00 +1.9687652670338099e-03 +9.9966671962842468e-01 +9.9999850312211780e-01 +9.9999857948716542e-01 +9.9999927233720809e-01 +9.9999803460087155e-01 +6.9230198552789498e-05 +6.9579094840523529e-05 +7.3688488630367088e-05 +7.2028859878870455e-05 +5.4364224759092736e-05
 31.00000000 +5.0000000000000000e+00 +1.9999990813062376e+00 +1.9786336212464198e-03 +9.9964012207670794e-01 +9.9999878055584501e-01 +9.9999835611406607e-01 +9.9999925932497724e-01 +9.9999832979193659e-01 +6.7992274904320996e-05 +8.2512395760696715e-05 +8.9461418832944011e-05 +7.4428158468065465e-05 +5.0757952116285006e-05
 31.50000000 +5.0000000000000000e+00 +1.9999979769120029e+00 +1.9757712358083757e-03 +9.9964610465236103e-01 +9.9999960225743034e-01 +9.9999934935942225e-01 +9.9999957854467336e-01 +9.9999851983312682e-01 +7.4604022194376673e-05 +8.9828783205992378e-05 +8.6559534487093144e-05 +6.5616396087850971e-05 +4.0236639763750161e-05
 32.00000000 +5.0000000000000000e+00 +1.9999968728770101e+00 +1.9729097814601324e-03 +9.9965208528197458e-01 +1.0000004236917284e+00 +1.0000003422816910e+00 +9.9999989766053199e-01 +9.9999870981249961e-01 +8.1213618785093419e-05 +9.7142790743382990e-05 +8.3658594079428423e-05 +5.6807500037926261e-05 +2.9718749831723604e-05
 32.50000000 +5.0000000000000000e+00 +1.9999957692010852e+00 +1.9700492577474612e-03 +9.9965806396649814e-01 +1.0000012448588704e+00 +1.0000013348810304e+00 +1.0000002166726043e+00 +9.9999889973008527e-01 +8.7821065725684577e-05 +1.0445441953390066e-04 +8.0758597149451972e-05 +4.8001468919959255e-05 +1.9204280650586058e-05
 33.00000000 +5.0000000000000000e+00 +1.9999966282232522e+00 +1.9650212256889202e-03 +9.9967096476265704e-01 +1.0000017286667879e+00 +1.0000004867593815e+00 +9.9999941135022619e-01 +9.9999834113748909e-01 +8.7626513228925048e-05 +8.5942626655130332e-05 +7.8381633536887902e-05 +4.6594697491418471e-05 +3.0521811268649977e-05
 33.50000000 +5.0000000000000000e+00 +1.9999974869144646e+00 +1.9599951307783963e-03 +9.9968386058853109e-01 +1.0000022122883090e+00 +9.9999963896448807e-01 +9.9999860633811455e-01 +9.9999778276010198e-01 +8.7432035687332645e-05 +6.7437965807826616e-05 +7.6005585696199143e-05 +4.5188468049175848e-05 +4.1834981585957467e-05
 34.00000000 +5.0000000000000000e+00 +1.9999983452749130e+00 +1.9549709718966178e-03 +9.9969675144699222e-01 +1.0000026957235413e+00 +9.9999879149616167e-01 +9.9999780163608998e-01 +9.9999722459779916e-01 +8.7237633057598766e-05 +4.8940432871150683e-05 +7.3630453098258970e-05 +4.3782780280075438e-05 +5.3143794121860355e-05
 34.50000000 +5.0000000000000000e+00 +1.9999986193110879e+00 +1.9386176830654231e-03 +9.9973948951219127e-01 +1.0000008128699676e+00 +9.9999866929397352e-01 +9.9999820085858782e-01 +9.9999763221250815e-01 +6.5450113998600563e-05 +4.2847510040471729e-05 +6.7911453317598676e-05 +4.3243870258844018e-05 +4.5742288557941901e-05
 35.00000000 +5.0000000000000000e+00 +1.9999988933345278e+00 +1.9222651542608251e-03 +9.9978222559111962e-01 +9.9999893010390062e-01 +9.9999854709746516e-01 +9.9999860006253183e-01 +9.9999803980827284e-01 +4.3663607524540459e-05 +3.6754870381174998e-05 +6.2192719330075448e-05 +4.2704985283702943e-05 +3.8341126982388205e-05
 35.50000000 +5.0000000000000000e+00 +1.9999991673452322e+00 +1.9059133854298412e-03 +9.9982495968391494e-01 +9.9999704742533424e-01 +9.9999842490663571e-01 +9.9999899924792290e-01 +9.9999844738509525e-01 +2.1878113564829574e-05 +3.0662513873520185e-05 +5.6474251117160372e-05 +4.2166125352906192e-05 +3.0940309371219301e-05
 36.00000000 +5.0000000000000000e+00 +1.9999948165537318e+00 +1.9297421631868984e-03 +9.9976441975225416e-01 +9.9999866201752619e-01 +9.9999880094371996e-01 +9.9999870456066386e-01 +9.9999942341988957e-01 +4.2048305330950899e-05 +3.9890027942372658e-05 +7.3383502304466018e-05 +3.9809781555852220e-05 +4.4857665350027502e-05
 36.50000000 +5.0000000000000000e+00 +1.9999904655887828e+00 +1.9535718909016440e-03 +9.9970387740710931e-01 +1.0000002766740852e+00 +9.9999917699579532e-01 +9.9999840986165678e-01 +1.0000003994935942e+00 +6.2219301201627721e-05 +4.9117909875159439e-05 +9.0293427595720073e-05 +3.7453343820832572e-05 +5.8775576157935637e-05
 37.00000000 +5.0000000000000000e+00 +1.9999861144503743e+00 +1.9774025686308855e-03 +9.9964333264833571e-01 +1.0000018913950153e+00 +9.9999955306286248e-01 +9.9999811515090087e-01 +1.0000013756062116e+00 +8.2391101224945639e-05 +5.8346159693878835e-05 +1.0720402703123406e-04 +3.5096812142229753e-05 +7.2694041828122582e-05
 37.50000000 +5.0000000000000000e+00 +1.9999874843102534e+00 +1.9618107263858161e-03 +9.9968214654655618e-01 +1.0000007155776618e+00 +9.9999932778395606e-01 +9.9999838617544745e-01 +1.0000006415063825e+00 +6.0542741835957718e-05 +4.4030269611887940e-05 +1.0407754046625891e-04 +3.9277853480253854e-05 +7.0853999808344453e-05
 38.00000000 +5.0000000000000000e+00 +1.9999888539227628e+00 +1.9462216997203719e-03 +9.9972095343575096e-01 +9.9999953997263735e-01 +9.9999910254573054e-01 +9.9999865715105229e-01 +9.9999990753911716e-01 +3.8698327830366255e-05 +2.9716964697690629e-05 +1.0095161848318042e-04 +4.3458139804559025e-05 +6.9014290063914985e-05
 38.50000000 +5.0000000000000000e+00 +1.9999902232879694e+00 +1.9306354878719624e-03 +9.9975975331781863e-01 +9.9999836457988522e-01 +9.9999887734817483e-01 +9.9999892807772839e-01 +9.9999917370437985e-01 +1.6857858139579939e-05 +1.5406244251104542e-05 +9.7826260929083836e-05 +4.7637671319637709e-05 +6.7174912504838730e-05
 39.00000000 +5.0000000000000000e+00 +1.9999932690127631e+00 +1.9420129436750148e-03 +9.9973189038023824e-01 +9.9999821391885613e-01 +9.9999798692648745e-01 +9.9999874143162648e-01 +9.9999872200056805e-01 +3.7252174114146998e-05 +5.0940264843162826e-05 +8.1494659128264016e-05 +5.3264720066469616e-05 +5.1493507854800582e-05
 39.50000000 +5.0000000000000000e+00 +1.9999963143097488e+00 +1.9533888013760718e-03 +9.9970403135634633e-01 +9.9999806327898966e-01 +9.9999709662987057e-01 +9.9999855481174182e-01 +9.9999827036020361e-01 +5.7643625459078427e-05 +8.6469294250001225e-05 +6.5165351299479107e-05 +5.8890978425890581e-05 +3.5814305848702328e-05
 40.00000000 +5.0000000000000000e+00 +1.9999993591790146e+00 +1.9647630613118167e-03 +9.9967617624531813e-01 +9.9999791266028049e-01 +9.9999620645829801e-01 +9.9999836821806753e-01 +9.9999781878327276e-01 +7.8032212777889886e-05 +1.2199333352315485e-04 +4.8838336959438605e-05 +6.4516446564418165e-05 +2.0137306022494333e-05
 40.50000000 +5.0000000000000000e+00 +1.9999973379674161e+00 +1.9561757779861929e-03 +9.9969647256135341e-01 +9.9999912919893907e-01 +9.9999904620391511e-01 +9.9999781077380567e-01 +1.0000011100229860e+00 +6.8628419902472867e-05 +1.0112213386096727e-04 +4.9457811462153742e-05 +6.1095893466238301e-05 +2.6126978704477487e-05
 41.00000000 +5.0000000000000000e+00 +1.9999953160070183e+00 +1.9475853133252080e-03 +9.9971677639657552e-01 +1.0000003461882896e+00 +1.0000018870015743e+00 +9.9999725312302734e-01 +1.0000044024820065e+00 +5.9221143198973249e-05 +8.0243202034485588e-05 +5.0077515461913077e-05 +5.7674073153956732e-05 +3.2118870383643122e-05
 41.50000000 +5.0000000000000000e+00 +1.9999932932974045e+00 +1.9389916655606473e-03 +9.9973708775516357e-01 +1.0000015636285822e+00 +1.0000047288518601e+00 +9.9999669526561730e-01 +1.0000076961610120e+00 +4.9810380731048921e-05 +5.9356533746105221e-05 +5.0697449086273037e-05 +5.4250984923244739e-05 +3.8112982293329248e-05
 42.00000000 +5.0000000000000000e+00 +1.9999950959593622e+00 +1.9601326325714478e-03 +9.9968616386900866e-01 +1.0000007112583378e+00 +1.0000051623506208e+00 +9.9999694398745065e-01 +1.0000056750666872e+00 +4.9414064800512326e-05 +6.0799719539588622e-05 +7.8579404120888941e-05 +6.7374185688366778e-05 +4.9176092563602933e-05
 42.50000000 +5.0000000000000000e+00 +1.9999968991658625e+00 +1.9812799857832691e-03 +9.9963522459991605e-01 +9.9999985863061169e-01 +1.0000055959803313e+00 +9.9999719278441701e-01 +1.0000036533618362e+00 +4.9017629152027197e-05 +6.2243341286384048e-05 +1.0646978165432541e-04 +8.0501350671307429e-05 +6.0242544745628763e-05
 43.00000000 +5.0000000000000000e+00 +1.9999987029171522e+00 +2.0024337280902362e-03 +9.9958426994091454e-01 +9.9999900574528733e-01 +1.0000060297410511e+00 +9.9999744165655058e-01 +1.0000016310461819e+00 +4.8621073731339286e-05 +6.3687399184058586e-05 +1.3436858550352438e-04 +9.3632481668586880e-05 +7.1312340353907775e-05
 43.50000000 +5.0000000000000000e+00 +1.9999951140038841e+00 +2.0089410792808026e-03 +9.9956660800722397e-01 +1.0000004960300373e+00 +1.0000050383227970e+00 +9.9999820744055967e-01 +9.9999871939700635e-01 +8.0849407221878679e-05 +6.1215834844182150e-05 +1.1599817946850746e-04 +8.7753617289060089e-05 +8.5113763489555997e-05
 44.00000000 +5.0000000000000000e+00 +1.9999915255616649e+00 +2.0154475763723900e-03 +9.9954894839168673e-01 +1.0000019861191851e+00 +1.0000040470346676e+00 +9.9999897312405839e-01 +9.9999580812998856e-01 +1.1307351069840913e-04 +5.8744594900594618e-05 +9.7630184575068810e-05 +8.1875524518735125e-05 +9.8913375169044858e-05
 44.50000000 +5.0000000000000000e+00 +1.9999879375904037e+00 +2.0219532195331420e-03 +9.9953129109384720e-01 +1.0000034760127696e+00 +1.0000030558766382e+00 +9.9999973870706704e-01 +9.9999289724505391e-01 +1.4529338499366892e-04 +5.6273679289433989e-05 +7.9264600348541054e-05 +7.5998203205709854e-05 +1.1271117574898522e-04
 45.00000000 +5.0000000000000000e+00 +1.9999881266759370e+00 +2.0025059045157673e-03 +9.9958081259848963e-01 +1.0000022738843888e+00 +1.0000028175127260e+00 +9.9999953109152595e-01 +9.9999579186693366e-01 +1.1695298123587135e-04 +4.3421719000927213e-05 +8.2010863494013565e-05 +6.9582716663781161e-05 +1.0680475037291443e-04
 45.50000000 +5.0000000000000000e+00 +1.9999883157836884e+00 +1.9830563044331766e-03 +9.9963033992192341e-01 +1.0000010716147576e+00 +1.0000025791208063e+00 +9.9999932345159026e-01 +9.9999868682893223e-01 +8.8609247472323780e-05 +3.0568248603318767e-05 +8.4757449326210816e-05 +6.3166476300302975e-05 +1.0089763099013038e-04
 46.00000000 +5.0000000000000000e+00 +1.9999885049136616e+00 +1.9636044188826034e-03 +9.9967987306517436e-01 +9.9999986920385153e-01 +1.0000023407008740e+00 +9.9999911578725564e-01 +1.0000015821311099e+00 +6.0262183116076745e-05 +1.7713267830435623e-05 +8.7504357902009794e-05 +5.6749481982406143e-05 +9.4989817478306938e-05
 46.50000000 +5.0000000000000000e+00 +1.9999873873552771e+00 +1.9362549813957020e-03 +9.9974925939201476e-01 +9.9999897339875932e-01 +1.0000025198001274e+00 +1.0000004746672706e+00 +1.0000015926496550e+00 +6.6194557477355291e-05 +1.8618759028967070e-07 +7.0458510307634198e-05 +4.1035724150959787e-05 +6.9305117226525892e-05
 47.00000000 +5.0000000000000000e+00 +1.9999862696602997e+00 +1.9089022011445876e-03 +9.9981865419954619e-01 +9.9999807748417779e-01 +1.0000026989212707e+00 +1.0000018337133740e+00 +1.0000016031694858e+00 +7.2127656918581838e-05 -1.7343034883918934e-05 +5.3410579297490354e-05 +2.5320045717404148e-05 +4.3617277681775644e-05
 47.50000000 +5.0000000000000000e+00 +1.9999851518287048e+00 +1.8815460775163729e-03 +9.9988805748932363e-01 +9.9999718146008731e-01 +1.0000028780643084e+00 +1.0000031929255955e+00 +1.0000016136906025e+00 +7.8061481572698016e-05 -3.4874399984963586e-05 +3.6360564489589076e-05 +9.6024463296015082e-06 +1.7926298268474485e-05
 48.00000000 +5.0000000000000000e+00 +1.9999854052921557e+00 +1.8987282150143860e-03 +9.9984406792296732e-01 +9.9999790030055136e-01 +1.0000029197499645e+00 +1.0000050339231779e+00 +9.9999994191993136e-01 +6.9731413553607239e-05 +3.8580623640270910e-07 +5.8111700839299924e-05 +7.2706075017591062e-06 +1.4636663466689798e-05
 48.50000000 +5.0000000000000000e+00 +1.9999856586684881e+00 +1.9159044468284149e-03 +9.9980009347629395e-01 +9.9999861889394204e-01 +1.0000029614212929e+00 +1.0000068742879895e+00 +9.9999827072386582e-01 +6.1404208667772755e-05 +3.5633893148679929e-05 +7.9855361091372379e-05 +4.9395701518015201e-06 +1.1348159347485426e-05
 49.00000000 +5.0000000000000000e+00 +1.9999859119577472e+00 +1.9330747760027071e-03 +9.9975613414151032e-01 +9.9999933724038714e-01 +1.0000030030783009e+00 +1.0000087140203568e+00 +9.9999660010210922e-01 +5.3079865439314042e-05 +7.0869866999098222e-05 +1.0159154909956596e-04 +2.6093338665850029e-06 +8.0607853280200426e-06
 49.50000000 +5.0000000000000000e+00 +1.9999863769099926e+00 +1.9357863609908660e-03 +9.9974817168661956e-01 +1.0000008390771493e+00 +1.0000004514261249e+00 +1.0000040938592729e+00 +9.9999687624617450e-01 +8.7261446055144877e-05 +8.6716499282839683e-05 +1.0874816592705452e-04 -8.1871672608110412e-06 -2.4971250121024599e-05
 50.00000000 +5.0000000000000000e+00 +1.9999868417576661e+00 +1.9384973361162691e-03 +9.9974021102256527e-01 +1.0000023405761336e+00 +9.9999790034784164e-01 +9.9999947473731021e-01 +9.9999715232813258e-01 +1.2143533888945000e-04 +1.0255956749948068e-04 +1.1590317315938568e-04 -1.8981240146434341e-05 -5.7995856332821936e-05
 50.50000000 +5.0000000000000000e+00 +1.9999873065008018e+00 +1.9412077015846384e-03 +9.9973225214874284e-01 +1.0000038417374535e+00 +9.9999534984325678e-01 +9.9999485665411725e-01 +9.9999742834800387e-01 +1.5560154653552685e-04 +1.1839907285127779e-04 +1.2305657133951953e-04 -2.9772885609396797e-05 -9.1013035813455491e-05
 51.00000000 +5.0000000000000000e+00 +1.9999885754441695e+00 +1.9479343494245105e-03 +9.9971751528091324e-01 +1.0000024809675427e+00 +9.9999707359542578e-01 +9.9999647439391581e-01 +9.9999593459145431e-01 +1.2561231399731767e-04 +1.1591439210987628e-04 +1.1361621531635210e-04 -5.3303386234430648e-06 -5.9291411261893673e-05
 51.50000000 +5.0000000000000000e+00 +1.9999898447158193e+00 +1.9546627374850793e-03 +9.9970277460057488e-01 +1.0000011198455927e+00 +9.9999879779353851e-01 +9.9999809255223215e-01 +9.9999444044846109e-01 +9.5615323080134964e-05 +1.1342906856793638e-04 +1.0417341702129325e-04 +1.9118531783503591e-05 -2.7561580152040912e-05
 52.00000000 +5.0000000000000000e+00 +1.9999911143158793e+00 +1.9613928664417401e-03 +9.9968803010624829e-01 +9.9999975837146793e-01 +1.0000005224377688e+00 +9.9999971112922925e-01 +9.9999294591887533e-01 +6.5610570772886546e-05 +1.1094310197598186e-04 +9.4728175506476748e-05 +4.3573728065616176e-05 +4.1764607011372306e-06
 52.50000000 +5.0000000000000000e+00 +1.9999917134342253e+00 +1.9584513744388046e-03 +9.9969467414581548e-01 +9.9999846492776789e-01 +1.0000004130013960e+00 +1.0000005512323669e+00 +9.9999468616208309e-01 +5.6872021484483870e-05 +7.8490287399386708e-05 +7.5821893407204327e-05 +7.1569020756123293e-05 +2.8457299161847420e-05
 53.00000000 +5.0000000000000000e+00 +1.9999923123921151e+00 +1.9555106702238410e-03 +9.9970131640598092e-01 +9.9999717183047654e-01 +1.0000003035943319e+00 +1.0000013911105081e+00 +9.9999642593922000e-01 +4.8135812547177111e-05 +4.6046164308947137e-05 +5.6920674772881319e-05 +9.9556815770326636e-05 +5.2731634748336026e-05
 53.50000000 +5.0000000000000000e+00 +1.9999929111896149e+00 +1.9525707534804172e-03 +9.9970795688746028e-01 +9.9999587907945553e-01 +1.0000001942165657e+00 +1.0000022307637446e+00 +9.9999816525047402e-01 +3.9401943020905800e-05 +1.3610729213510657e-05 +3.8024517569640602e-05 +1.2753711611985518e-04 +7.6999470072644939e-05
 54.00000000 +5.0000000000000000e+00 +1.9999824634192338e+00 +1.9608151755968082e-03 +9.9967995016426081e-01 +1.0000009563025070e+00 +1.0000019214304059e+00 +9.9999959591564735e-01 +1.0000014208701751e+00 +6.5400700849326237e-05 +2.8548501923880834e-05 +1.9916409925220176e-05 +9.6519853997892207e-05 +1.0576984097720232e-04
 54.50000000 +5.0000000000000000e+00 +1.9999720134944359e+00 +1.9690612977812704e-03 +9.9965193766584337e-01 +1.0000060345725237e+00 +1.0000036490004118e+00 +9.9999696052422271e-01 +1.0000046771612114e+00 +9.1404819836777643e-05 +4.3489354926609489e-05 +1.8045682391400386e-06 +6.5496195859779537e-05 +1.3454614457034496e-04
 55.00000000 +5.0000000000000000e+00 +1.9999615614145549e+00 +1.9773091205597115e-03 +9.9962391939042139e-01 +1.0000111138898300e+00 +1.0000053769266937e+00 +9.9999432458930249e-01 +1.0000079341237920e+00 +1.1741430164170413e-04 +5.8433289174567559e-05 -1.6311008643704340e-05 +3.4466139726946029e-05 +1.6332838268731634e-04
 55.50000000 +5.0000000000000000e+00 +1.9999689160124230e+00 +1.9702688728705500e-03 +9.9964890825346409e-01 +1.0000039438252146e+00 +1.0000052948892264e+00 +9.9999320572331041e-01 +1.0000058801263843e+00 +1.1506844195791475e-04 +9.3917631712914579e-05 +1.3318312111680366e-05 -2.2361218750356765e-06 +1.2269893699097068e-04
 56.00000000 +5.0000000000000000e+00 +1.9999762700665200e+00 +1.9632291457099636e-03 +9.9967389526892703e-01 +9.9999677429072564e-01 +1.0000052128578245e+00 +9.9999208694004293e-01 +1.0000038262808413e+00 +1.1272275571788087e-04 +1.2939935067676848e-04 +4.2945442190146142e-05 -3.8935669854318165e-05 +8.2072495278065992e-05
 56.50000000 +5.0000000000000000e+00 +1.9999836235769075e+00 +1.9561899390202258e-03 +9.9969888043701538e-01 +9.9998960528630487e-01 +1.0000051308324878e+00 +9.9999096823949096e-01 +1.0000017725871460e+00 +1.1037724290236756e-04 +1.6487844635708384e-04 +7.2570381834639229e-05 -7.5632504511842415e-05 +4.1449057215460257e-05
 57.00000000 +5.0000000000000000e+00 +1.9999818610860893e+00 +1.9833381953795167e-03 +9.9963033000306067e-01 +9.9999618964838821e-01 +1.0000022492322369e+00 +9.9999458631324345e-01 +1.0000004287559068e+00 +1.2151373677269818e-04 +1.5602335139502371e-04 +7.0322564765141034e-05 -2.1905272033570764e-05 +5.0261665804762579e-05
 57.50000000 +5.0000000000000000e+00 +1.9999800984157434e+00 +2.0104892170694669e-03 +9.9956177258653522e-01 +1.0000027746811571e+00 +9.9999936733846539e-01 +9.9999820475553414e-01 +9.9999908478778465e-01 +1.3265136501009541e-04 +1.4716735444996840e-04 +6.8074518732228937e-05 +3.1827433118938655e-05 +5.9075172049383637e-05
 58.00000000 +5.0000000000000000e+00 +1.9999783355658420e+00 +2.0376430045126125e-03 +9.9949320818637244e-01 +1.0000093603847133e+00 +9.9999648515112793e-01 +1.0000018235664192e+00 +9.9999774068275815e-01 +1.4379012778788856e-04 +1.3831045538409648e-04 +6.5826243700917725e-05 +8.5565611781901111e-05 +6.7889576086483598e-05
 58.50000000 +5.0000000000000000e+00 +1.9999788875158395e+00 +2.0599849223991149e-03 +9.9943767053427435e-01 +1.0000049631596823e+00 +9.9999988721061872e-01 +9.9999499501342881e-01 +1.0000021464173707e+00 +1.5626522201509722e-04 +1.3425914591061412e-04 +1.2251944685164631e-04 +8.2534247012263203e-05 +6.4759591859858034e-05
 59.00000000 +5.0000000000000000e+00 +1.9999794392930297e+00 +2.0823198454049075e-03 +9.9938215027008581e-01 +1.0000005673113488e+00 +1.0000032882049816e+00 +9.9998816859834416e-01 +1.0000065507726215e+00 +1.6873641049901171e-04 +1.3020910483434948e-04 +1.7919490030894603e-04 +7.9503831312219909e-05 +6.1630587578929147e-05
 59.50000000 +5.0000000000000000e+00 +1.9999799908974960e+00 +2.1046477768144473e-03 +9.9932664738564281e-01 +9.9999617283906661e-01 +1.0000066881347169e+00 +9.9998134432016172e-01 +1.0000109537491582e+00 +1.8120369507357935e-04 +1.2616033155972488e-04 +2.3585261240721038e-04 +7.6474364236134309e-05 +5.8502562783562120e-05
 60.00000000 +5.0000000000000000e+00 +1.9999756586999466e+00 +2.0839411596685750e-03 +9.9937523361781710e-01 +9.9999618609893870e-01 +1.0000047486661838e+00 +9.9998345154743751e-01 +1.0000102236160127e+00 +1.6971692198305299e-04 +1.1560289648646798e-04 +2.0089153050157523e-04 +8.6875238317161331e-05 +5.7069859510809604e-05
 60.50000000 +5.0000000000000000e+00 +1.9999713268471890e+00 +2.0632361905234529e-03 +9.9942381598310448e-01 +9.9999619935775563e-01 +1.0000028093520092e+00 +9.9998555860700322e-01 +1.0000094935409771e+00 +1.5823106310321289e-04 +1.0504630165963076e-04 +1.6593323108275582e-04 +9.7275284612163894e-05 +5.5637270264218465e-05
 61.00000000 +5.0000000000000000e+00 +1.9999669953391814e+00 +2.0425328691823469e-03 +9.9947239448196645e-01 +9.9999621261551741e-01 +1.0000008701921750e+00 +9.9998766549887852e-01 +1.0000087635240449e+00 +1.4674611832492287e-04 +9.4490546978906746e-05 +1.3097771381858600e-04 +1.0767450321996091e-04 +5.4204795030176558e-05
 61.50000000 +5.0000000000000000e+00 +1.9999626641758834e+00 +2.0218311954485545e-03 +9.9952096911486465e-01 +9.9999622587222414e-01 +9.9999893118666261e-01 +9.9998977222308383e-01 +1.0000080335652086e+00 +1.3526208753906414e-04 +8.3935632344005461e-05 +9.6024978376952548e-05 +1.1807289423935569e-04 +5.2772433795073900e-05
 62.00000000 +5.0000000000000000e+00 +1.9999583333572535e+00 +2.0011311691254035e-03 +9.9956953988226094e-01 +9.9999623912787594e-01 +9.9999699233545358e-01 +9.9999187877963891e-01 +1.0000073036644614e+00 +1.2377897063653540e-04 +7.3381557654652349e-05 +6.1075024425794958e-05 +1.2847045776913572e-04 +5.1340186545302656e-05
 62.50000000 +5.0000000000000000e+00 +1.9999540028832499e+00 +1.9804327900162541e-03 +9.9961810678461571e-01 +9.9999625238247258e-01 +9.9999505363852936e-01 +9.9999398516856342e-01 +1.0000065738217960e+00 +1.1229676750825257e-04 +6.2828322810588850e-05 +2.6127851633105785e-05 +1.3886719390807271e-04 +4.9908053267257186e-05
 63.00000000 +5.0000000000000000e+00 +1.9999496727538324e+00 +1.9597360579244973e-03 +9.9966666982239127e-01 +9.9999626563601485e-01 +9.9999311509587185e-01 +9.9999609138987811e-01 +1.0000058440372062e+00 +1.0081547804514901e-04 +5.2275927711572368e-05 -8.8165403330697505e-06 +1.4926310275492285e-04 +4.8476033947334006e-05
 63.50000000 +5.0000000000000000e+00 +1.9999535110271218e+00 +1.9486299638135152e-03 +9.9969656377067395e-01 +9.9999608980555799e-01 +9.9999395810404845e-01 +9.9999554550634817e-01 +1.0000046142985266e+00 +9.5457947207188950e-05 +4.1609227700237850e-05 +8.4580962674531182e-06 +1.2870501261729836e-04 +3.8998215773163600e-05
 64.00000000 +5.0000000000000000e+00 +1.9999573491048364e+00 +1.9375244356000852e-03 +9.9972645619574707e-01 +9.9999591398406029e-01 +9.9999480106927030e-01 +9.9999499965063343e-01 +1.0000033846225072e+00 +9.0100689355713200e-05 +3.0943071197662009e-05 +2.5731852659824916e-05 +1.0814796999221661e-04 +2.9520880529720171e-05
 64.50000000 +5.0000000000000000e+00 +1.9999611869869918e+00 +1.9264194732409568e-03 +9.9975634709772665e-01 +9.9999573817152121e-01 +9.9999564399154128e-01 +9.9999445382273133e-01 +1.0000021550091427e+00 +8.4743704469857745e-05 +2.0277458162305128e-05 +4.3004728911318826e-05 +8.7591974799617500e-05 +2.0044028180093895e-05
 65.00000000 +5.0000000000000000e+00 +1.9999650246736018e+00 +1.9153150766928815e-03 +9.9978623647672871e-01 +9.9999556236793974e-01 +9.9999648687086407e-01 +9.9999390802263932e-01 +1.0000009254584279e+00 +7.9386992528760679e-05 +9.6123885526317761e-06 +6.0276725089201182e-05 +6.7037026959449093e-05 +1.0567658687378765e-05
 65.50000000 +5.0000000000000000e+00 +1.9999688621646829e+00 +1.9042112459126206e-03 +9.9981612433287048e-01 +9.9999538657331566e-01 +9.9999732970724253e-01 +9.9999336225035629e-01 +9.9999969597035920e-01 +7.4030553511562290e-05 -1.0521376728892788e-06 +7.7547841260731495e-05 +4.6483126391667723e-05 +1.0917720146725245e-06
 66.00000000 +5.0000000000000000e+00 +1.9999726994602485e+00 +1.8931079808569334e-03 +9.9984601066626766e-01 +9.9999521078764764e-01 +9.9999817250067913e-01 +9.9999281650587912e-01 +9.9999846654493074e-01 +6.8674387397404873e-05 -1.1716120555785008e-05 +9.4818077493162331e-05 +2.5930273016237775e-05 -8.3836318749233268e-06
 66.50000000 +5.0000000000000000e+00 +1.9999765365603148e+00 +1.8820052814825889e-03 +9.9987589547703737e-01 +9.9999503501093612e-01 +9.9999901525117818e-01 +9.9999227078920661e-01 +9.9999723718213851e-01 +6.3318494165433013e-05 -2.2379560137578190e-05 +1.1208743385373957e-04 +5.3784667531318257e-06 -1.7858553018303545e-05
 67.00000000 +5.0000000000000000e+00 +1.9999769470317212e+00 +1.8924198362807601e-03 +9.9984745108813011e-01 +9.9999712722633793e-01 +9.9999860707410904e-01 +9.9999279316495338e-01 +1.0000020098087796e+00 +5.2417694439232616e-05 -2.1399849247268659e-06 +1.0336956510472669e-04 +1.5126534573570711e-05 -6.7621790479822534e-06
 67.50000000 +5.0000000000000000e+00 +1.9999773573732140e+00 +1.9028310948849786e-03 +9.9981901570183707e-01 +9.9999921877955611e-01 +9.9999819902622766e-01 +9.9999331537536884e-01 +1.0000067809248900e+00 +4.1520344802913837e-05 +1.8093184487137008e-05 +9.4654455550590853e-05 +2.4871517142376928e-05 +4.3306829334465487e-06
 68.00000000 +5.0000000000000000e+00 +1.9999777675848551e+00 +1.9132390588598601e-03 +9.9979058931388565e-01 +1.0000013096709051e+00 +9.9999779110747256e-01 +9.9999383742053172e-01 +1.0000115505311873e+00 +3.0626443618811954e-05 +3.8319951138674599e-05 +8.5942103881616591e-05 +3.4613415924036330e-05 +1.5420034593029387e-05
 68.50000000 +5.0000000000000000e+00 +1.9999781776667054e+00 +1.9236437297690282e-03 +9.9976217192000461e-01 +1.0000033999006988e+00 +9.9999738331778210e-01 +9.9999435930051994e-01 +1.0000163186283875e+00 +1.9735989250298539e-05 +5.8540318068622952e-05 +7.7232508788917202e-05 +4.4352232382108007e-05 +2.6505877596757876e-05
 69.00000000 +5.0000000000000000e+00 +1.9999785876188265e+00 +1.9340451091751176e-03 +9.9973376351592635e-01 +1.0000054894692509e+00 +9.9999697565709511e-01 +9.9999488101541223e-01 +1.0000210852172062e+00 +8.8489800617806517e-06 +7.8754288313796528e-05 +6.8525668964434071e-05 +5.4087967979225108e-05 +3.7588213609569567e-05
 69.50000000 +5.0000000000000000e+00 +1.9999789974412812e+00 +1.9444431986397760e-03 +9.9970536409738586e-01 +1.0000075783768760e+00 +9.9999656812535132e-01 +9.9999540256528696e-01 +1.0000258502983603e+00 -2.0345855812999399e-06 +9.8961864909088689e-05 +5.9821583100936190e-05 +6.3820624177095517e-05 +4.8667044295348781e-05
 70.00000000 +5.0000000000000000e+00 +1.9999794071341297e+00 +1.9548379997236616e-03 +9.9967697366012032e-01 +1.0000096666238869e+00 +9.9999616072248843e-01 +9.9999592395022219e-01 +1.0000306138725641e+00 -1.2914709312467664e-05 +1.1916305088747326e-04 +5.1120249892019219e-05 +7.3550202436502537e-05 +5.9742371316927440e-05
 70.50000000 +5.0000000000000000e+00 +1.9999756544072291e+00 +1.9592637681342920e-03 +9.9966547356492319e-01 +1.0000081223425399e+00 +9.9999408673436319e-01 +9.9999144983614929e-01 +1.0000278143119163e+00 -1.9291951612551375e-05 +1.2291944554737447e-04 +2.9136293692665911e-05 +1.2603733082095918e-04 +5.4252087373695100e-05
 71.00000000 +5.0000000000000000e+00 +1.9999719027540233e+00 +1.9636882702862468e-03 +9.9965397676002421e-01 +1.0000065785030283e+00 +9.9999201333962806e-01 +9.9998697700216777e-01 +1.0000250155522523e+00 -2.5667369316848533e-05 +1.2667476546343720e-04 +7.1586273333352636e-06 +1.7850944208848784e-04 +4.8763374258177713e-05
 71.50000000 +5.0000000000000000e+00 +1.9999681521740518e+00 +1.9681115067228822e-03 +9.9964248324401084e-01 +1.0000050351051619e+00 +9.9998994053802792e-01 +9.9998250544772760e-01 +1.0000222175932283e+00 -3.2040963208301074e-05 +1.3042901109683850e-04 -1.4812751884970266e-05 +2.3096654268299821e-04 +4.3276231296326293e-05
 72.00000000 +5.0000000000000000e+00 +1.9999644026668528e+00 +1.9725334779872442e-03 +9.9963099301547209e-01 +1.0000034921487519e+00 +9.9998786832930842e-01 +9.9997803517228023e-01 +1.0000194204345005e+00 -3.8412734069403019e-05 +1.3418218290849192e-04 -3.6777846659704189e-05 +2.8340863904471365e-04 +3.7790657814477486e-05
 72.50000000 +5.0000000000000000e+00 +1.9999606542319677e+00 +1.9769541846220693e-03 +9.9961950607299810e-01 +1.0000019496336081e+00 +9.9998579671321508e-01 +9.9997356617527688e-01 +1.0000166240757260e+00 -4.4782682682200869e-05 +1.3793428135904713e-04 -5.8736659686777184e-05 +3.3583573761017410e-04 +3.2306653139353262e-05
 73.00000000 +5.0000000000000000e+00 +1.9999569068689351e+00 +1.9813736271697812e-03 +9.9960802241517854e-01 +1.0000004075595419e+00 +9.9998372568949401e-01 +9.9996909845616877e-01 +1.0000138285165610e+00 -5.1150809828293844e-05 +1.4168530690889048e-04 -8.0689193660558103e-05 +3.8824784481223816e-04 +2.6824216598060613e-05
 73.50000000 +5.0000000000000000e+00 +1.9999531605772956e+00 +1.9857918061724966e-03 +9.9959654204060544e-01 +9.9999886592636356e-01 +9.9998165525789062e-01 +9.9996463201440833e-01 +1.0000110337566634e+00 -5.7517116288834226e-05 +1.4543526001814508e-04 -1.0263545127387517e-04 +4.4064496708008628e-04 +2.1343347518091302e-05
 74.00000000 +5.0000000000000000e+00 +1.9999470938267547e+00 +2.0189525550773106e-03 +9.9951899568384828e-01 +9.9999732759788040e-01 +9.9999579815378770e-01 +9.9997349824779469e-01 +1.0000137520841159e+00 -1.5765058730777459e-05 +1.8415861692759746e-04 -1.1418809725631854e-04 +3.9985913122824970e-04 +4.6563645207993384e-05
 74.50000000 +5.0000000000000000e+00 +1.9999410160292317e+00 +2.0521736865837525e-03 +9.9944130812247645e-01 +9.9999578646824572e-01 +1.0000099668025664e+00 +9.9998238062575695e-01 +1.0000164753613867e+00 +2.6063025393082816e-05 +2.2295248542412825e-04 -1.2576177951939947e-04 +3.5899902820936549e-04 +7.1829866685465412e-05
 75.00000000 +5.0000000000000000e+00 +1.9999349271545266e+00 +2.0854553657686670e-03 +9.9936347897045796e-01 +9.9999424252980185e-01 +1.0000241612746315e+00 +9.9999127919243225e-01 +1.0000192036020079e+00 +6.7967343927807208e-05 +2.6181705827568556e-04 -1.3735655557310780e-04 +3.1806445498830160e-04 +9.7142137499153623e-05
