#PATCH_CHECK: SepMBpoisson v0.60 fullmb-kondo adaptive-t500 active
#discretizing the bath:
#     0 0.0000000000000000e+00 -9.1873305439137479e-02
#     1 2.0000000000000000e-03 -1.6867938878625641e-01
#     2 2.0000000000000000e-03 -1.6785648105670456e-01
#     3 2.0000000000000000e-03 -1.6703244108745563e-01
#     4 2.0000000000000000e-03 -1.6620727043208683e-01
#     5 2.0000000000000000e-03 -1.6538097063779769e-01
#     6 2.0000000000000000e-03 -1.6455354324545376e-01
#     7 2.0000000000000000e-03 -1.6372498978962952e-01
#     8 2.0000000000000000e-03 -1.6289531179865102e-01
#     9 2.0000000000000000e-03 -1.6206451079463852e-01
#adaptive measurement: gap=8.2629979428913702e-04 period_steps=15209 nmeas=300 nwf=300 tmax=1.5000000000000000e+02 forced_stride=1
  0.00000000 +5.0000000000000000e+00 +1.9999999999999998e+00 +1.8374661879283106e-03 +1.0000000000000000e+00 +1.0000000000000000e+00 +1.0000000000000000e+00 +1.0000000000000000e+00 +1.0000000000000000e+00 +0.0000000000000000e+00 +0.0000000000000000e+00 +0.0000000000000000e+00 +0.0000000000000000e+00 +0.0000000000000000e+00
  0.50000000 +5.0000000000000000e+00 +1.9999999999942624e+00 +1.8394663848999267e-03 +9.9999492199034323e-01 +1.0000000000056903e+00 +1.0000000000056903e+00 +1.0000000000056903e+00 +1.0000000000056903e+00 +1.0040374492344696e-06 +1.0098455129498619e-06 +1.0344666526129304e-06 +1.0308050472271405e-06 +9.9886069679249082e-07
  1.00000000 +5.0000000000000000e+00 +1.9999999997043545e+00 +1.8453870358907715e-03 +9.9997988789021175e-01 +1.0000000000127844e+00 +1.0000000000121436e+00 +1.0000000000102209e+00 +1.0000000000102212e+00 +3.9857926290682339e-06 +3.9891423652354742e-06 +4.0553951138599601e-06 +4.0694251766755005e-06 +4.0123916454225720e-06
  1.50000000 +5.0000000000000000e+00 +1.9999999972853293e+00 +1.8551633559557093e-03 +9.9995505333279877e-01 +9.9999999995311273e-01 +9.9999999996040256e-01 +9.9999999995163846e-01 +9.9999999994428024e-01 +8.9134185805331472e-06 +8.9373677757032371e-06 +9.0461284807507673e-06 +9.0517613245828393e-06 +8.9981704606883935e-06
  2.00000000 +5.0000000000000000e+00 +1.9999999965953887e+00 +1.8685308140180754e-03 +9.9992107568556599e-01 +9.9999999983040599e-01 +9.9999999985428245e-01 +9.9999999984009180e-01 +9.9999999981580157e-01 +1.5663950988875324e-05 +1.5749536182702748e-05 +1.5860086761656152e-05 +1.5857916331253894e-05 +1.5793565280285501e-05
  2.50000000 +5.0000000000000000e+00 +2.0000000032644860e+00 +1.8851310408569092e-03 +9.9987884530853788e-01 +9.9999999945687290e-01 +9.9999999950774510e-01 +9.9999999952048613e-01 +9.9999999946420637e-01 +2.4052442097399114e-05 +2.4171487181698049e-05 +2.4305604182938436e-05 +2.4358560644252868e-05 +2.4268617926488270e-05
  3.00000000 +5.0000000000000000e+00 +2.0000000051919913e+00 +1.9044658915902853e-03 +9.9982960347490779e-01 +9.9999999879095058e-01 +9.9999999894432900e-01 +9.9999999892142766e-01 +9.9999999887463875e-01 +3.3933153398087698e-05 +3.3994721871207802e-05 +3.4072139390865815e-05 +3.4199673268644844e-05 +3.4201346670400604e-05
  3.50000000 +5.0000000000000000e+00 +1.9999999948998526e+00 +1.9262359356893766e-03 +9.9977408984310778e-01 +9.9999999770622838e-01 +9.9999999781102888e-01 +9.9999999796262273e-01 +9.9999999781212845e-01 +4.5105843391093511e-05 +4.5049017589295609e-05 +4.5165896460339696e-05 +4.5289412556234258e-05 +4.5308684338471620e-05
  4.00000000 +5.0000000000000000e+00 +1.9999999617808037e+00 +1.9498585524307561e-03 +9.9971374777360111e-01 +9.9999999601196443e-01 +9.9999999622266844e-01 +9.9999999642252768e-01 +9.9999999620623903e-01 +5.7307747670165734e-05 +5.7057810702861789e-05 +5.7227836285360426e-05 +5.7208576192051596e-05 +5.7465397082447774e-05
  4.50000000 +5.0000000000000000e+00 +2.0000000180677158e+00 +1.9746196361682118e-03 +9.9965037310030092e-01 +9.9999999365923997e-01 +9.9999999393232264e-01 +9.9999999419262009e-01 +9.9999999388126148e-01 +7.0005147111849102e-05 +6.9785657740596509e-05 +6.9861884726453571e-05 +6.9922023597064216e-05 +7.0076512284482316e-05
  5.00000000 +5.0000000000000000e+00 +1.9999999871427094e+00 +1.9999806300418565e-03 +9.9958530373575227e-01 +9.9999999031971487e-01 +9.9999999076158719e-01 +9.9999999103660042e-01 +9.9999999068660750e-01 +8.3050407638871930e-05 +8.2727302901982951e-05 +8.2844352640883760e-05 +8.3039829298056877e-05 +8.3071633223751786e-05
  5.50000000 +5.0000000000000000e+00 +1.9999999514742313e+00 +2.0252564483673164e-03 +9.9952027018938949e-01 +9.9999998623227015e-01 +9.9999998649542510e-01 +9.9999998688139113e-01 +9.9999998660707479e-01 +9.6098343830206250e-05 +9.5960976525553789e-05 +9.5859086433526479e-05 +9.5822172928508541e-05 +9.6043091110693346e-05
  6.00000000 +5.0000000000000000e+00 +1.9999998649007467e+00 +2.0495658146644038e-03 +9.9945746656819567e-01 +9.9999998097751008e-01 +9.9999998114879152e-01 +9.9999998160255199e-01 +9.9999998160912140e-01 +1.0871122544726048e-04 +1.0846179783555015e-04 +1.0829996648239959e-04 +1.0844694661106017e-04 +1.0868816958719128e-04
  6.50000000 +5.0000000000000000e+00 +1.9999997441730510e+00 +2.0728672498646766e-03 +9.9939702973305966e-01 +9.9999997442536170e-01 +9.9999997472740387e-01 +9.9999997534842400e-01 +9.9999997454325296e-01 +1.2107963848619370e-04 +1.2048685912267084e-04 +1.2031575878636058e-04 +1.2036697858056141e-04 +1.2082206673440093e-04
  7.00000000 +5.0000000000000000e+00 +1.9999995862448900e+00 +2.0937721112057593e-03 +9.9934244403418604e-01 +9.9999996653866385e-01 +9.9999996705796290e-01 +9.9999996709026073e-01 +9.9999996617488118e-01 +1.3193319398491874e-04 +1.3176771924965799e-04 +1.3091338843187255e-04 +1.3162676582504086e-04 +1.3144807575246151e-04
  7.50000000 +5.0000000000000000e+00 +1.9999995130429888e+00 +2.1127893846886550e-03 +9.9929246284457385e-01 +9.9999995713895451e-01 +9.9999995690099264e-01 +9.9999995859164637e-01 +9.9999995752702897e-01 +1.4235578336534288e-04 +1.4154196179091199e-04 +1.4157584460512983e-04 +1.4117385493249275e-04 +1.4105957879321487e-04
  8.00000000 +5.0000000000000000e+00 +1.9999994476881953e+00 +2.1282513704649303e-03 +9.9925128008396402e-01 +9.9999994646183032e-01 +9.9999994681063242e-01 +9.9999994687559468e-01 +9.9999994662701330e-01 +1.5061183824896233e-04 +1.4969236948444617e-04 +1.4959718660791609e-04 +1.4957800874842555e-04 +1.4945371517912907e-04
  8.50000000 +5.0000000000000000e+00 +1.9999992691098483e+00 +2.1412071065749516e-03 +9.9921633050800285e-01 +9.9999993428346778e-01 +9.9999993524077890e-01 +9.9999993634145157e-01 +9.9999993472838367e-01 +1.5792770193395162e-04 +1.5743720172528317e-04 +1.5654689182333908e-04 +1.5551945619091996e-04 +1.5649761934023005e-04
  9.00000000 +5.0000000000000000e+00 +1.9999990499926312e+00 +2.1503065248130587e-03 +9.9919104555806915e-01 +9.9999991990224668e-01 +9.9999992188335274e-01 +9.9999992295828977e-01 +9.9999992197608523e-01 +1.6258949616247990e-04 +1.6289892668049595e-04 +1.6148338861098370e-04 +1.6137053412915891e-04 +1.6092537712776114e-04
  9.50000000 +5.0000000000000000e+00 +1.9999990399147349e+00 +2.1553874755992357e-03 +9.9917585791369923e-01 +9.9999990609560463e-01 +9.9999990655263926e-01 +9.9999990677961881e-01 +9.9999990641351943e-01 +1.6603109563867647e-04 +1.6545570279458133e-04 +1.6535461854878838e-04 +1.6373630794122343e-04 +1.6393850035789859e-04
 10.00000000 +5.0000000000000000e+00 +1.9999989292401832e+00 +2.1556036497473148e-03 +9.9917298249203435e-01 +9.9999989150276103e-01 +9.9999988890768055e-01 +9.9999989113560039e-01 +9.9999989102231912e-01 +1.6686787895385180e-04 +1.6614106584099121e-04 +1.6574204185683115e-04 +1.6496754939104993e-04 +1.6373645704554946e-04
 10.50000000 +5.0000000000000000e+00 +1.9999986985331724e+00 +2.1544859156008155e-03 +9.9917354383682266e-01 +9.9999987172430782e-01 +9.9999987263357293e-01 +9.9999987635954690e-01 +9.9999987403004542e-01 +1.6635941322595493e-04 +1.6675924093510842e-04 +1.6527877046929935e-04 +1.6333954663802611e-04 +1.6522448636547643e-04
 11.00000000 +5.0000000000000000e+00 +1.9999984474272055e+00 +2.1464606762429893e-03 +9.9919169201300861e-01 +9.9999985501436695e-01 +9.9999985474455766e-01 +9.9999985847631800e-01 +9.9999985805200964e-01 +1.6297529405146245e-04 +1.6378583252642088e-04 +1.6053270871740438e-04 +1.6163042337674640e-04 +1.5995742639995998e-04
 11.50000000 +5.0000000000000000e+00 +1.9999984707237999e+00 +2.1373223017991010e-03 +9.9921285816648608e-01 +9.9999983503929168e-01 +9.9999983398668646e-01 +9.9999983546982329e-01 +9.9999983833481709e-01 +1.6035896055765375e-04 +1.5852328186028868e-04 +1.5745195328209342e-04 +1.5535380207254600e-04 +1.5611105531611522e-04
 12.00000000 +5.0000000000000000e+00 +1.9999981502134005e+00 +2.1239957447796868e-03 +9.9924483549747667e-01 +9.9999981233917079e-01 +9.9999981527301873e-01 +9.9999982146883171e-01 +9.9999981666067883e-01 +1.5521376242207108e-04 +1.5423843488779281e-04 +1.5004587727106400e-04 +1.4857051305745632e-04 +1.4783021831652079e-04
 12.50000000 +5.0000000000000000e+00 +1.9999978978312960e+00 +2.1082117630068370e-03 +9.9928331172313134e-01 +9.9999979440241393e-01 +9.9999979734796574e-01 +9.9999980439576641e-01 +9.9999979970370989e-01 +1.4386653716200407e-04 +1.4583087190059968e-04 +1.4394057186212491e-04 +1.4144306757555523e-04 +1.4241130313776777e-04
 13.00000000 +5.0000000000000000e+00 +1.9999976471102585e+00 +2.0891186509320791e-03 +9.9933056051959024e-01 +9.9999978020318436e-01 +9.9999977955778496e-01 +9.9999978108479326e-01 +9.9999977752863067e-01 +1.3546909895044746e-04 +1.3644813105869155e-04 +1.3435540598169033e-04 +1.3430419000686229e-04 +1.2974422990508309e-04
 13.50000000 +5.0000000000000000e+00 +1.9999975757227406e+00 +2.0683204245448834e-03 +9.9938253125219778e-01 +9.9999975783008488e-01 +9.9999975719618028e-01 +9.9999976913137756e-01 +9.9999976021096726e-01 +1.2648403679198209e-04 +1.2491461581695380e-04 +1.2459680670236093e-04 +1.2055637716745148e-04 +1.2187254114439453e-04
 14.00000000 +5.0000000000000000e+00 +1.9999975723238848e+00 +2.0465880141250941e-03 +9.9943728521405562e-01 +9.9999974417981774e-01 +9.9999974070820463e-01 +9.9999975688932607e-01 +9.9999974153164817e-01 +1.1417839595101216e-04 +1.1657253233911996e-04 +1.1077348909715491e-04 +1.1165265969496125e-04 +1.1055446131443187e-04
 14.50000000 +5.0000000000000000e+00 +1.9999975086180688e+00 +2.0254992548388870e-03 +9.9949087614491428e-01 +9.9999972956079686e-01 +9.9999973304870748e-01 +9.9999973372333706e-01 +9.9999973130712916e-01 +1.0484414262077870e-04 +1.0199966290449900e-04 +1.0348795244361452e-04 +1.0148047799015485e-04 +9.8383991629441453e-05
 15.00000000 +5.0000000000000000e+00 +1.9999972793557936e+00 +2.0020085071680597e-03 +9.9955088950050719e-01 +9.9999971482981731e-01 +9.9999971244683683e-01 +9.9999971611980720e-01 +9.9999970687847994e-01 +9.4061053346237522e-05 +9.1314598350980634e-05 +8.8668895999112374e-05 +8.8884179654540984e-05 +8.7331439522465902e-05
 15.50000000 +5.0000000000000000e+00 +1.9999974027712708e+00 +1.9802878379590475e-03 +9.9960739293701339e-01 +9.9999969897920260e-01 +9.9999969962396207e-01 +9.9999971186110614e-01 +9.9999968664295169e-01 +8.3897458468101225e-05 +8.2711791557613375e-05 +7.8555656936914206e-05 +7.6029811705847827e-05 +7.2615309414466361e-05
 16.00000000 +5.0000000000000000e+00 +1.9999975108447059e+00 +1.9621805845824918e-03 +9.9965485728698433e-01 +9.9999967066884543e-01 +9.9999967727244266e-01 +9.9999968387931193e-01 +9.9999970146074080e-01 +7.3699349327800790e-05 +7.0127746598585514e-05 +6.8259033375270143e-05 +6.6796250248770899e-05 +6.7527044800411433e-05
 16.50000000 +5.0000000000000000e+00 +1.9999974516490864e+00 +1.9423516152453503e-03 +9.9970723647551607e-01 +9.9999967141455715e-01 +9.9999967130822431e-01 +9.9999967554951819e-01 +9.9999967188571770e-01 +6.1818523845291875e-05 +5.9519746301206893e-05 +6.1104380637870510e-05 +5.6279757735462599e-05 +5.5350916904095899e-05
 17.00000000 +5.0000000000000000e+00 +1.9999977288165864e+00 +1.9213649592716932e-03 +9.9976315872317389e-01 +9.9999965703093796e-01 +9.9999966028019061e-01 +9.9999967641847809e-01 +9.9999966370302917e-01 +5.0313027064315745e-05 +4.9417092744956705e-05 +4.6583999338209045e-05 +4.6077999213299063e-05 +4.5791774152959046e-05
 17.50000000 +5.0000000000000000e+00 +1.9999978650604122e+00 +1.9092955299823355e-03 +9.9979661300557165e-01 +9.9999964306501754e-01 +9.9999966546969810e-01 +9.9999966416405250e-01 +9.9999965175878325e-01 +4.5691014087544458e-05 +3.6691095187531026e-05 +4.1205512179194092e-05 +4.1392913672254140e-05 +3.9782011452766374e-05
 18.00000000 +5.0000000000000000e+00 +1.9999982073596434e+00 +1.8954233007371017e-03 +9.9983504401131118e-01 +9.9999964342885994e-01 +9.9999964857300627e-01 +9.9999965777102395e-01 +9.9999963773346401e-01 +3.2446321591655155e-05 +3.8144212765299404e-05 +3.3302771330487458e-05 +3.1253383090802387e-05 +3.1221806764018144e-05
 18.50000000 +5.0000000000000000e+00 +1.9999983912224981e+00 +1.8852875772248439e-03 +9.9986444222947979e-01 +9.9999964244659045e-01 +9.9999962193189973e-01 +9.9999964932269803e-01 +9.9999964786346018e-01 +3.1533441525105673e-05 +2.4596060653678040e-05 +2.7628739121926759e-05 +2.7268805364107262e-05 +2.5969191583435875e-05
 19.00000000 +5.0000000000000000e+00 +1.9999983025098418e+00 +1.8819282299346125e-03 +9.9987675915945351e-01 +9.9999962276604704e-01 +9.9999962652325525e-01 +9.9999960637554963e-01 +9.9999961878744525e-01 +2.5682900441297502e-05 +2.4606476375747481e-05 +2.5840508667242231e-05 +2.6719716226713516e-05 +2.1916802752378437e-05
 19.50000000 +5.0000000000000000e+00 +1.9999991934872947e+00 +1.8774012577810111e-03 +9.9989193822600086e-01 +9.9999960336007165e-01 +9.9999960961399537e-01 +9.9999962704494338e-01 +9.9999962753905824e-01 +2.5309151733577056e-05 +2.4340253459858971e-05 +1.8976378126363685e-05 +2.0225610293522350e-05 +2.0742872384046427e-05
 20.00000000 +5.0000000000000000e+00 +1.9999993533506089e+00 +1.8768479205232154e-03 +9.9989724156292425e-01 +9.9999961410995020e-01 +9.9999962132676190e-01 +9.9999962556595712e-01 +9.9999961026457007e-01 +2.2885314931019094e-05 +2.0989513627950520e-05 +1.8824302997900866e-05 +1.8512036101291351e-05 +2.3076001663595033e-05
 20.50000000 +5.0000000000000000e+00 +1.9999998882169858e+00 +1.8846500284295466e-03 +9.9988166200537432e-01 +9.9999962443644774e-01 +9.9999959615800915e-01 +9.9999961695907835e-01 +9.9999958765432895e-01 +2.6402706121071441e-05 +2.2403021042756583e-05 +2.5857168622828367e-05 +2.3723658999732841e-05 +2.1526240835928244e-05
 21.00000000 +5.0000000000000000e+00 +1.9999991912274830e+00 +1.8950604589355452e-03 +9.9985825555228436e-01 +9.9999960022545231e-01 +9.9999959083893397e-01 +9.9999961540767357e-01 +9.9999960299715551e-01 +2.6453306726881628e-05 +2.8752448678008320e-05 +2.5775930076843002e-05 +3.1196511551349326e-05 +3.1156763361706221e-05
 21.50000000 +5.0000000000000000e+00 +1.9999999939238975e+00 +1.9088110268006854e-03 +9.9982685280318651e-01 +9.9999960352398187e-01 +9.9999958376857845e-01 +9.9999957148252228e-01 +9.9999959308257569e-01 +3.7119919119929893e-05 +3.3555194348691972e-05 +3.2249801290389810e-05 +3.7288659264101711e-05 +3.4581714550605818e-05
 22.00000000 +5.0000000000000000e+00 +2.0000008262577467e+00 +1.9192700487364802e-03 +9.9980340150771829e-01 +9.9999958814581125e-01 +9.9999957308381848e-01 +9.9999958219231433e-01 +9.9999959556111417e-01 +3.7207560040962307e-05 +3.9101015881707208e-05 +3.9677492772714919e-05 +3.9973049003974677e-05 +4.2300392544775553e-05
 22.50000000 +5.0000000000000000e+00 +2.0000006550589022e+00 +1.9288620192534399e-03 +9.9978135495507026e-01 +9.9999958530057209e-01 +9.9999957607732970e-01 +9.9999961212476240e-01 +9.9999957375246684e-01 +4.0529655662783918e-05 +4.4072067037409743e-05 +4.3402929600517083e-05 +4.7987741620703677e-05 +4.4305408743640785e-05
 23.00000000 +5.0000000000000000e+00 +2.0000011242643509e+00 +1.9444282431091506e-03 +9.9974375427948281e-01 +9.9999956050221450e-01 +9.9999957412663909e-01 +9.9999953106749917e-01 +9.9999954405637193e-01 +4.9953847127059060e-05 +4.7970320266238270e-05 +5.0504654285416505e-05 +5.2477726904805045e-05 +5.7129485309475537e-05
 23.50000000 +5.0000000000000000e+00 +2.0000007284391890e+00 +1.9641263650314708e-03 +9.9969509805992196e-01 +9.9999954715644546e-01 +9.9999950931897630e-01 +9.9999957799682726e-01 +9.9999953381357976e-01 +5.9449922131761181e-05 +5.9344699642266424e-05 +6.1790989063065691e-05 +6.4959506005676513e-05 +6.1188517880032245e-05
 24.00000000 +5.0000000000000000e+00 +2.0000014213994475e+00 +1.9808187405606303e-03 +9.9965353459124207e-01 +9.9999957474376844e-01 +9.9999952681140636e-01 +9.9999950473534549e-01 +9.9999949986912540e-01 +6.9894618958792442e-05 +7.2121217662583144e-05 +6.5789031838311260e-05 +6.9528316932038748e-05 +7.1026063316985912e-05
 24.50000000 +5.0000000000000000e+00 +2.0000012021767368e+00 +2.0039778469817453e-03 +9.9959522839592108e-01 +9.9999960325985260e-01 +9.9999948050267873e-01 +9.9999955715324551e-01 +9.9999953495177407e-01 +7.4358979217789166e-05 +8.4144082242306823e-05 +8.0509468013063374e-05 +8.2258633388935604e-05 +8.5324589693088344e-05
 25.00000000 +5.0000000000000000e+00 +2.0000010572815601e+00 +2.0223815616597883e-03 +9.9954781315631247e-01 +9.9999948395849170e-01 +9.9999947919265753e-01 +9.9999949265681642e-01 +9.9999950254671099e-01 +8.5104541398418396e-05 +8.9079325388481383e-05 +9.2445667511532106e-05 +9.7579013605073389e-05 +9.0019987818932168e-05
 25.50000000 +5.0000000000000000e+00 +2.0000007244518363e+00 +2.0388728120636739e-03 +9.9950411596877520e-01 +9.9999947471689521e-01 +9.9999949051235493e-01 +9.9999947896948793e-01 +9.9999940965511258e-01 +8.9923140474323782e-05 +1.0089740806127527e-04 +1.0311792986592799e-04 +1.0284480731747366e-04 +1.0124691103899807e-04
 26.00000000 +5.0000000000000000e+00 +1.9999998620097588e+00 +2.0541506466924533e-03 +9.9946379498841076e-01 +9.9999945892381881e-01 +9.9999946444985566e-01 +9.9999943308163797e-01 +9.9999945393556844e-01 +9.7206784931814415e-05 +1.1297826471786093e-04 +1.0079312858833748e-04 +1.1372865026797387e-04 +1.1368774671679423e-04
 26.50000000 +5.0000000000000000e+00 +1.9999993548379937e+00 +2.0730841811336664e-03 +9.9941304084451787e-01 +9.9999940925436814e-01 +9.9999937150741480e-01 +9.9999934955159409e-01 +9.9999932471942155e-01 +1.1581386310392421e-04 +1.1705627082919823e-04 +1.2100637382586517e-04 +1.1827111132536472e-04 +1.1735648899326372e-04
 27.00000000 +5.0000000000000000e+00 +1.9999976915095203e+00 +2.0781519505169458e-03 +9.9939701670993297e-01 +9.9999940237076201e-01 +9.9999940613411820e-01 +9.9999940479809235e-01 +9.9999933845985489e-01 +1.2213880265829230e-04 +1.2493481634258947e-04 +1.1916674841091339e-04 +1.1951637315633348e-04 +1.1967478539809256e-04
 27.50000000 +5.0000000000000000e+00 +1.9999964812490729e+00 +2.0967321424405190e-03 +9.9934607470777725e-01 +9.9999924973443699e-01 +9.9999929632545559e-01 +9.9999937507282000e-01 +9.9999927046806736e-01 +1.2372675206119178e-04 +1.2956143080938520e-04 +1.3793157091988894e-04 +1.3197685337841620e-04 +1.3353711702150848e-04
 28.00000000 +5.0000000000000000e+00 +1.9999967167488129e+00 +2.1061982112722715e-03 +9.9931829411726802e-01 +9.9999935434838894e-01 +9.9999934083641318e-01 +9.9999924931112250e-01 +9.9999934778388999e-01 +1.3418666366274673e-04 +1.4104178945895790e-04 +1.3725392803589417e-04 +1.3759774156278407e-04 +1.3433343516972693e-04
 28.50000000 +5.0000000000000000e+00 +1.9999959056440118e+00 +2.1144573011528819e-03 +9.9929330331210064e-01 +9.9999928630501478e-01 +9.9999927953523393e-01 +9.9999939361158618e-01 +9.9999934629925102e-01 +1.4059562572886510e-04 +1.4461118048970329e-04 +1.3756594107897178e-04 +1.4464705523856356e-04 +1.4197114842200872e-04
 29.00000000 +5.0000000000000000e+00 +1.9999953957588421e+00 +2.1094726766000523e-03 +9.9930176344930866e-01 +9.9999926233306524e-01 +9.9999930219062128e-01 +9.9999916744529960e-01 +9.9999918351889394e-01 +1.3418625965250770e-04 +1.4228659086212535e-04 +1.4134533788771647e-04 +1.4106621321107390e-04 +1.4243661339434621e-04
 29.50000000 +5.0000000000000000e+00 +1.9999940417868902e+00 +2.1154088666282683e-03 +9.9928151887227301e-01 +9.9999925669809320e-01 +9.9999911366194738e-01 +9.9999918017278711e-01 +9.9999917625546353e-01 +1.4569481295886790e-04 +1.3850475288568214e-04 +1.5159323132225028e-04 +1.3829571339878235e-04 +1.4766587624757133e-04
 30.00000000 +5.0000000000000000e+00 +1.9999937626488384e+00 +2.1155369594036367e-03 +9.9927752903634881e-01 +9.9999925770282971e-01 +9.9999913213540081e-01 +9.9999918582680081e-01 +9.9999906754528378e-01 +1.4295999208816003e-04 +1.4910655685934266e-04 +1.4586897056701863e-04 +1.4652787641051640e-04 +1.4136440156890248e-04
 30.50000000 +5.0000000000000000e+00 +1.9999927930776777e+00 +2.1130667370617010e-03 +9.9927954435172328e-01 +9.9999915531183725e-01 +9.9999902682478337e-01 +9.9999906917625125e-01 +9.9999902333013957e-01 +1.4461322067472541e-04 +1.4936398760032079e-04 +1.4957003293026596e-04 +1.3509850894955906e-04 +1.4553525532657178e-04
 31.00000000 +5.0000000000000000e+00 +1.9999913342349347e+00 +2.1120247142429765e-03 +9.9927877617394878e-01 +9.9999914836040837e-01 +9.9999908319189035e-01 +9.9999905522574217e-01 +9.9999908094004708e-01 +1.4292637117005043e-04 +1.5430974104811747e-04 +1.3547737769091747e-04 +1.5093072995271632e-04 +1.4121187232274556e-04
 31.50000000 +5.0000000000000000e+00 +1.9999895514442256e+00 +2.1058444965126586e-03 +9.9929017894495309e-01 +9.9999908465729181e-01 +9.9999893061569389e-01 +9.9999898672001053e-01 +9.9999902495438886e-01 +1.4088563979905980e-04 +1.4713182778492012e-04 +1.4029610915731138e-04 +1.3810666131328940e-04 +1.4737387392558388e-04
 32.00000000 +5.0000000000000000e+00 +1.9999897679930263e+00 +2.0958530564647968e-03 +9.9931273452853064e-01 +9.9999904805934436e-01 +9.9999889985890922e-01 +9.9999894024877345e-01 +9.9999892037106941e-01 +1.3189538242702392e-04 +1.3507563855328462e-04 +1.4940930089075749e-04 +1.3882508968918238e-04 +1.3625147502030244e-04
 32.50000000 +5.0000000000000000e+00 +1.9999890245107987e+00 +2.0866043058738676e-03 +9.9933345496928472e-01 +9.9999880983602651e-01 +9.9999892824950176e-01 +9.9999889775690154e-01 +9.9999885890559892e-01 +1.3593013767859179e-04 +1.2939070336825210e-04 +1.4379756195217330e-04 +1.2836102543033480e-04 +1.3357081301931711e-04
 33.00000000 +5.0000000000000000e+00 +1.9999874288329187e+00 +2.0765223822539823e-03 +9.9935631147738591e-01 +9.9999903387030753e-01 +9.9999874543249911e-01 +9.9999887369444007e-01 +9.9999897453986131e-01 +1.2996944656241524e-04 +1.4118577462725969e-04 +1.2470730972757266e-04 +1.3325158042640662e-04 +1.1894692072723393e-04
 33.50000000 +5.0000000000000000e+00 +1.9999870154129147e+00 +2.0563681111739679e-03 +9.9940613226009922e-01 +9.9999884547803297e-01 +9.9999883332604889e-01 +9.9999886169481933e-01 +9.9999865055008763e-01 +1.2748917405284120e-04 +1.2702107868592838e-04 +1.2138495803895995e-04 +1.1481782930221309e-04 +1.0796369058724471e-04
 34.00000000 +5.0000000000000000e+00 +1.9999859834376672e+00 +2.0434835383495802e-03 +9.9943831274803030e-01 +9.9999885183010007e-01 +9.9999879642641487e-01 +9.9999886626200074e-01 +9.9999875677317052e-01 +1.1390318535809882e-04 +1.1802014301935878e-04 +1.1993600711877483e-04 +1.1433024676443916e-04 +1.0022634486811276e-04
 34.50000000 +5.0000000000000000e+00 +1.9999855754638154e+00 +2.0366699462989087e-03 +9.9945486262472738e-01 +9.9999884792757865e-01 +9.9999864799952576e-01 +9.9999874914869680e-01 +9.9999863845002235e-01 +1.2144318952276931e-04 +1.0748418605389201e-04 +1.0844626560645858e-04 +1.0612674132376311e-04 +1.0675348141309900e-04
 35.00000000 +5.0000000000000000e+00 +1.9999881365889822e+00 +2.0220731735033077e-03 +9.9949390717429121e-01 +9.9999869352745652e-01 +9.9999850899709730e-01 +9.9999881744478114e-01 +9.9999876134462562e-01 +1.0913172450157850e-04 +1.0440881526767422e-04 +1.0393256891084047e-04 +9.0927258768320823e-05 +1.0291113353019706e-04
 35.50000000 +5.0000000000000000e+00 +1.9999849633205602e+00 +2.0031448976719260e-03 +9.9954169489863054e-01 +9.9999867540307186e-01 +9.9999852941909217e-01 +9.9999865664771792e-01 +9.9999859806308466e-01 +9.2926595937335338e-05 +9.3208313848463256e-05 +9.0192141996413779e-05 +9.1444254168528618e-05 +9.6074262722987979e-05
 36.00000000 +5.0000000000000000e+00 +1.9999867310182857e+00 +1.9964385616904161e-03 +9.9956023931275828e-01 +9.9999861906266596e-01 +9.9999854697776169e-01 +9.9999857421603200e-01 +9.9999843486345064e-01 +9.0832912983711730e-05 +1.0738793113982003e-04 +8.6147523042740047e-05 +8.5734700641329300e-05 +7.5482542444425525e-05
 36.50000000 +5.0000000000000000e+00 +1.9999870661611980e+00 +2.0050230452925309e-03 +9.9954178065245003e-01 +9.9999861721109906e-01 +9.9999864638721248e-01 +9.9999878474319948e-01 +9.9999854697201940e-01 +9.7360537634646834e-05 +9.4977654907682510e-05 +9.4357586258879826e-05 +8.8488270437962657e-05 +8.8439929560790847e-05
 37.00000000 +5.0000000000000000e+00 +1.9999850263852834e+00 +1.9904408624647845e-03 +9.9958047281302242e-01 +9.9999852352133300e-01 +9.9999838167654931e-01 +9.9999859630393750e-01 +9.9999839885080033e-01 +8.8105622893470674e-05 +8.7618448267391143e-05 +8.9389660248636045e-05 +7.6172242329921376e-05 +8.4340902098587869e-05
 37.50000000 +5.0000000000000000e+00 +1.9999868336729936e+00 +1.9766964093736357e-03 +9.9961992979251990e-01 +9.9999845643779450e-01 +9.9999844874836097e-01 +9.9999866296043405e-01 +9.9999859935970836e-01 +7.8179088212480328e-05 +7.9883234846860309e-05 +7.4434794567855168e-05 +8.3133628658200927e-05 +7.0271909226312193e-05
 38.00000000 +5.0000000000000000e+00 +1.9999854775839652e+00 +1.9779807982386603e-03 +9.9961997397306168e-01 +9.9999854179650072e-01 +9.9999850925269063e-01 +9.9999844186732534e-01 +9.9999838283190845e-01 +8.3716566011407499e-05 +7.3090232362934768e-05 +7.8033571523516857e-05 +7.5285106217346111e-05 +7.6024775360663548e-05
 38.50000000 +5.0000000000000000e+00 +1.9999860812572838e+00 +1.9684277675944138e-03 +9.9964650779970188e-01 +9.9999848496254407e-01 +9.9999841440404424e-01 +9.9999831857613597e-01 +9.9999842496206770e-01 +7.9637065667039606e-05 +7.0669848843915903e-05 +7.5461828461464796e-05 +7.0222156480540486e-05 +6.3858422545904283e-05
 39.00000000 +5.0000000000000000e+00 +1.9999891184761991e+00 +1.9725280615642475e-03 +9.9964164367803432e-01 +9.9999817575662864e-01 +9.9999853712997666e-01 +9.9999833321884213e-01 +9.9999836980798185e-01 +7.9601186114585968e-05 +7.7337904622997382e-05 +6.5082339185502369e-05 +6.8756584654260935e-05 +7.4162416715813683e-05
 39.50000000 +5.0000000000000000e+00 +1.9999880757688078e+00 +1.9806792144201413e-03 +9.9962353321933084e-01 +9.9999849760069282e-01 +9.9999863990688398e-01 +9.9999826522977064e-01 +9.9999829466176837e-01 +7.9521089426085650e-05 +6.7650385829526387e-05 +8.4639686817906991e-05 +7.6044019615796447e-05 +7.4914218972397379e-05
 40.00000000 +5.0000000000000000e+00 +1.9999871924294637e+00 +1.9673269369745771e-03 +9.9966026294288457e-01 +9.9999833959504425e-01 +9.9999850752516217e-01 +9.9999825622290528e-01 +9.9999822411424233e-01 +8.2460587456686791e-05 +5.9242355170562123e-05 +6.4680242537983482e-05 +6.1828480590126240e-05 +7.8197945456387561e-05
 40.50000000 +5.0000000000000000e+00 +1.9999889559624817e+00 +1.9674315308943128e-03 +9.9966380980867298e-01 +9.9999837781780498e-01 +9.9999838712943767e-01 +9.9999813700456464e-01 +9.9999840846388510e-01 +6.8188395866960704e-05 +6.4852087324995008e-05 +7.0586083548556574e-05 +6.1691270147849772e-05 +7.7561897442107687e-05
 41.00000000 +5.0000000000000000e+00 +1.9999886538715086e+00 +1.9911722387466963e-03 +9.9960669154690374e-01 +9.9999816802744756e-01 +9.9999831788716176e-01 +9.9999857138570925e-01 +9.9999833001987048e-01 +8.6550034228282877e-05 +7.2308868668532003e-05 +7.3502199666040105e-05 +8.4101235345365578e-05 +8.3458788972049029e-05
 41.50000000 +5.0000000000000000e+00 +1.9999891098031159e+00 +1.9968601205351956e-03 +9.9959554574703591e-01 +9.9999821315717019e-01 +9.9999813539069404e-01 +9.9999818046998457e-01 +9.9999831510542070e-01 +9.1445529904904274e-05 +7.7166161232943107e-05 +8.7729285936069323e-05 +7.5955167237789237e-05 +7.9313975971014418e-05
 42.00000000 +5.0000000000000000e+00 +1.9999908583674051e+00 +2.0055259456690034e-03 +9.9957711726115461e-01 +9.9999832845248215e-01 +9.9999833092184709e-01 +9.9999826340470721e-01 +9.9999784572571782e-01 +8.4054191028125506e-05 +8.2046335161347481e-05 +8.8275198503610594e-05 +8.6308217462203573e-05 +8.9430257116212384e-05
 42.50000000 +5.0000000000000000e+00 +1.9999901699433102e+00 +2.0036950654704340e-03 +9.9958315540063192e-01 +9.9999809408630369e-01 +9.9999831360154301e-01 +9.9999839683278380e-01 +9.9999793883152377e-01 +7.7247016046592048e-05 +9.1004374438775380e-05 +7.9662846642527784e-05 +9.1725838163280311e-05 +8.4461140839966185e-05
 43.00000000 +5.0000000000000000e+00 +1.9999900620303561e+00 +2.0084930856104121e-03 +9.9957335349605758e-01 +9.9999840071477264e-01 +9.9999802291581830e-01 +9.9999822417214190e-01 +9.9999814213371996e-01 +8.2961861394001031e-05 +8.7891020179190488e-05 +9.2580018405167403e-05 +8.8340914114998497e-05 +8.2082787151093782e-05
 43.50000000 +5.0000000000000000e+00 +1.9999885576646852e+00 +2.0221361404710015e-03 +9.9953850003439637e-01 +9.9999811499892621e-01 +9.9999799791138633e-01 +9.9999774738779124e-01 +9.9999798889815805e-01 +8.1435091379319268e-05 +8.5524441992982527e-05 +1.1358041539445812e-04 +1.0229960558863468e-04 +8.6811243007934284e-05
 44.00000000 +5.0000000000000000e+00 +1.9999892546562010e+00 +2.0296207358474236e-03 +9.9952115575046829e-01 +9.9999796397813767e-01 +9.9999820988140187e-01 +9.9999805602191838e-01 +9.9999808722513450e-01 +9.9893794456468833e-05 +9.3710388359116400e-05 +8.4811205461088855e-05 +1.0588104718810039e-04 +1.0223073004805157e-04
 44.50000000 +5.0000000000000000e+00 +1.9999860333146608e+00 +2.0168602606564375e-03 +9.9955164992723045e-01 +9.9999797660035750e-01 +9.9999779802024047e-01 +9.9999776986675815e-01 +9.9999819385879252e-01 +8.7786137251943456e-05 +1.0013834554487549e-04 +9.2051282147314088e-05 +8.9230839485156978e-05 +8.7405121895688239e-05
 45.00000000 +5.0000000000000000e+00 +1.9999871283217594e+00 +2.0380808982132098e-03 +9.9950022399004701e-01 +9.9999803384577690e-01 +9.9999755492667519e-01 +9.9999808056468320e-01 +9.9999767357857239e-01 +1.0096323773463350e-04 +1.0401112149210578e-04 +1.0539168871860074e-04 +9.4458167450298049e-05 +1.0360884809363975e-04
 45.50000000 +5.0000000000000000e+00 +1.9999885122280527e+00 +2.0540735715073814e-03 +9.9945801247402000e-01 +9.9999775970122751e-01 +9.9999795583381235e-01 +9.9999794694731792e-01 +9.9999790899071728e-01 +1.1889938816619926e-04 +1.0834102330884250e-04 +9.9966432985073425e-05 +1.1243305213588060e-04 +1.1077618446900277e-04
 46.00000000 +5.0000000000000000e+00 +1.9999888095663010e+00 +2.0515636964856276e-03 +9.9946265507180976e-01 +9.9999766088267539e-01 +9.9999783700328615e-01 +9.9999814794373687e-01 +9.9999777551627445e-01 +1.0497239151934130e-04 +9.7951240249353897e-05 +1.0496397084382942e-04 +1.2932054222322695e-04 +1.0871545932670886e-04
 46.50000000 +5.0000000000000000e+00 +1.9999889961674571e+00 +2.0635604836687672e-03 +9.9943169411269905e-01 +9.9999770434805624e-01 +9.9999807733365464e-01 +9.9999774511331241e-01 +9.9999770060967519e-01 +1.0309378887997636e-04 +1.1069154211231286e-04 +1.3725365957830923e-04 +1.1146086692691512e-04 +1.1457862783683443e-04
 47.00000000 +5.0000000000000000e+00 +1.9999819089434983e+00 +2.0584599259313150e-03 +9.9943999400207306e-01 +9.9999742803854752e-01 +9.9999760965700868e-01 +9.9999787864549983e-01 +9.9999766100280185e-01 +1.3495145674640496e-04 +1.0439766946448058e-04 +1.1415086370957299e-04 +1.1031802013376301e-04 +1.0561062270272216e-04
 47.50000000 +5.0000000000000000e+00 +1.9999848278497787e+00 +2.0785295169514343e-03 +9.9938765595200252e-01 +9.9999753913065426e-01 +9.9999778248203730e-01 +9.9999796297988264e-01 +9.9999752114236495e-01 +1.1739966904729332e-04 +1.1841942317478955e-04 +1.3405864304207751e-04 +1.3165688593556185e-04 +1.2000367272851024e-04
 48.00000000 +5.0000000000000000e+00 +1.9999826596470922e+00 +2.0809277099025098e-03 +9.9937921010749531e-01 +9.9999732252335516e-01 +9.9999786622197595e-01 +9.9999725090295932e-01 +9.9999761177587421e-01 +1.2430293588938429e-04 +1.2706786573539661e-04 +1.2457723784911354e-04 +1.1638141591026885e-04 +1.3840901718540003e-04
 48.50000000 +5.0000000000000000e+00 +1.9999814478693290e+00 +2.0800704152993529e-03 +9.9937858994660322e-01 +9.9999750647531871e-01 +9.9999769214842960e-01 +9.9999780685052175e-01 +9.9999724719774696e-01 +1.1756786077397404e-04 +1.1553544126801747e-04 +1.3397335812897278e-04 +1.3205175239771650e-04 +1.3202893183445857e-04
 49.00000000 +5.0000000000000000e+00 +1.9999817379722780e+00 +2.0809364764346576e-03 +9.9937518417093807e-01 +9.9999697005282173e-01 +9.9999761713374991e-01 +9.9999756331985501e-01 +9.9999715845423065e-01 +1.1506723093641019e-04 +1.3881912705439886e-04 +1.1921007441957322e-04 +1.1978371823549690e-04 +1.4262669115005006e-04
 49.50000000 +5.0000000000000000e+00 +1.9999834451642988e+00 +2.0770486628339615e-03 +9.9938104878764100e-01 +9.9999744241350330e-01 +9.9999745390927675e-01 +9.9999752909451323e-01 +9.9999722243327549e-01 +1.3381167049743647e-04 +1.2768039666971863e-04 +1.0954945144927747e-04 +1.3656584938035447e-04 +1.2169595544798023e-04
 50.00000000 +5.0000000000000000e+00 +1.9999809517656639e+00 +2.0766160213584119e-03 +9.9938036571305366e-01 +9.9999765517123285e-01 +9.9999765475152380e-01 +9.9999739557313516e-01 +9.9999696872953370e-01 +1.1606080782193476e-04 +1.2198170523011859e-04 +1.3592258845308082e-04 +1.3218811669627557e-04 +1.2380681709611339e-04
 50.50000000 +5.0000000000000000e+00 +1.9999807821496034e+00 +2.0896962718243953e-03 +9.9934512797194808e-01 +9.9999740255962088e-01 +9.9999775755947062e-01 +9.9999681487466419e-01 +9.9999758067655875e-01 +1.4158435588213701e-04 +1.2603960309050851e-04 +1.3955279305665128e-04 +1.0725943150471186e-04 +1.5088019623085073e-04
 51.00000000 +5.0000000000000000e+00 +1.9999804657250244e+00 +2.0838115521307566e-03 +9.9935836036075165e-01 +9.9999724148735691e-01 +9.9999668928277063e-01 +9.9999676939907045e-01 +9.9999690012320597e-01 +1.2637532499048046e-04 +1.2475575415052148e-04 +1.4007211009448291e-04 +1.2785254030986805e-04 +1.3498358066924650e-04
 51.50000000 +5.0000000000000000e+00 +1.9999772608530011e+00 +2.0827387775332494e-03 +9.9935685403364216e-01 +9.9999662632532305e-01 +9.9999697912824648e-01 +9.9999747878498513e-01 +9.9999680218901221e-01 +1.3567197244571875e-04 +1.3370649208088161e-04 +1.4499256757347006e-04 +1.0955245389744121e-04 +1.3133607168232107e-04
 52.00000000 +5.0000000000000000e+00 +1.9999766592041119e+00 +2.0716914809567792e-03 +9.9938477183453978e-01 +9.9999703898855374e-01 +9.9999700544900161e-01 +9.9999708033546364e-01 +9.9999672154057839e-01 +1.4656528788694706e-04 +1.1569879891181525e-04 +1.0774020914776319e-04 +1.3803162175985234e-04 +1.1934594964483949e-04
 52.50000000 +5.0000000000000000e+00 +1.9999773492345625e+00 +2.0587886037160994e-03 +9.9941506183601370e-01 +9.9999737185937843e-01 +9.9999672416132457e-01 +9.9999704953027857e-01 +9.9999704605273232e-01 +1.1302482308460680e-04 +1.2793358356411871e-04 +1.0447205136046540e-04 +1.2944436999912825e-04 +1.2187171131852161e-04
 53.00000000 +5.0000000000000000e+00 +1.9999749128704511e+00 +2.0888234979405187e-03 +9.9933751714069474e-01 +9.9999710792640306e-01 +9.9999649265356783e-01 +9.9999670551386177e-01 +9.9999709261106573e-01 +1.3927927034065843e-04 +1.4389982672294465e-04 +1.1444358252285215e-04 +1.1635407374202524e-04 +1.6110736196505164e-04
 53.50000000 +5.0000000000000000e+00 +1.9999787524340717e+00 +2.0377268727703930e-03 +9.9946899178438753e-01 +9.9999624230775930e-01 +9.9999714199500200e-01 +9.9999724146883739e-01 +9.9999682522827193e-01 +1.0513934299583883e-04 +1.2088743016018115e-04 +1.0190031225940554e-04 +1.1191520876211235e-04 +1.0371490248904640e-04
 54.00000000 +5.0000000000000000e+00 +1.9999757711863888e+00 +2.0716176268108354e-03 +9.9938115849432130e-01 +9.9999794807525844e-01 +9.9999661236113913e-01 +9.9999668785824669e-01 +9.9999640985595395e-01 +1.1229926205071587e-04 +1.4239080042972586e-04 +1.2262170889516206e-04 +1.2958666887753444e-04 +1.2428494961474586e-04
 54.50000000 +5.0000000000000000e+00 +1.9999735779217069e+00 +2.0385056348280815e-03 +9.9946446605697881e-01 +9.9999674616519996e-01 +9.9999722315876483e-01 +9.9999640726330574e-01 +9.9999699637346007e-01 +1.0191165693073130e-04 +1.2200318986510529e-04 +1.1135554285564435e-04 +1.0025581876617576e-04 +1.1263475024054695e-04
 55.00000000 +5.0000000000000000e+00 +1.9999670019727340e+00 +2.0461511708098393e-03 +9.9944277367416745e-01 +9.9999647611613307e-01 +9.9999637353182746e-01 +9.9999659791113849e-01 +9.9999676769973911e-01 +1.1412080308426133e-04 +1.1227787231734925e-04 +1.2684396060018527e-04 +1.0760693544421326e-04 +1.1016147322025957e-04
 55.50000000 +5.0000000000000000e+00 +1.9999699585541173e+00 +2.0625368479159807e-03 +9.9940298476176681e-01 +9.9999661093934389e-01 +9.9999659979573741e-01 +9.9999673449591475e-01 +9.9999601777933000e-01 +1.1564368543448963e-04 +1.2469998086054207e-04 +1.0079959981014999e-04 +1.3669682775510123e-04 +1.3321216995782314e-04
 56.00000000 +5.0000000000000000e+00 +1.9999687764186886e+00 +2.0445994547492836e-03 +9.9944597144975356e-01 +9.9999706360965890e-01 +9.9999716694650809e-01 +9.9999711526739343e-01 +9.9999659735846036e-01 +1.1721477051682150e-04 +1.0000314774413851e-04 +1.2630274056129402e-04 +1.2376959475888759e-04 +9.8795131454651247e-05
 56.50000000 +5.0000000000000000e+00 +1.9999660646704189e+00 +2.0367429364784042e-03 +9.9946763474389877e-01 +9.9999672559372221e-01 +9.9999638502382227e-01 +9.9999652159771935e-01 +9.9999641361937486e-01 +1.0036823107517458e-04 +1.0120770781344716e-04 +1.1150860868046535e-04 +1.2260279913149633e-04 +1.1063209487143866e-04
 57.00000000 +5.0000000000000000e+00 +1.9999716320636161e+00 +2.0382027955203222e-03 +9.9946963370867659e-01 +9.9999674916242798e-01 +9.9999652166117869e-01 +9.9999674176772879e-01 +9.9999669237146049e-01 +9.0142746931303584e-05 +1.1112588515906751e-04 +1.1663539741228579e-04 +1.0875169400448477e-04 +1.1700564227687656e-04
 57.50000000 +5.0000000000000000e+00 +1.9999704197950756e+00 +2.0391612932100268e-03 +9.9946666515725269e-01 +9.9999613604843929e-01 +9.9999543475978647e-01 +9.9999613403437260e-01 +9.9999663001691019e-01 +1.1958252090724484e-04 +1.1059784212694391e-04 +9.6567883339585328e-05 +1.0627439863030157e-04 +1.1597733945347300e-04
 58.00000000 +5.0000000000000000e+00 +1.9999719731791434e+00 +2.0443430620445940e-03 +9.9945429484506654e-01 +9.9999602609244742e-01 +9.9999600984433679e-01 +9.9999596035950400e-01 +9.9999582133603082e-01 +1.1548468538639225e-04 +1.2439467578548142e-04 +1.2362860955193397e-04 +1.0662147744895249e-04 +9.1758040915795435e-05
 58.50000000 +5.0000000000000000e+00 +1.9999695847899530e+00 +2.0454901114768157e-03 +9.9945351236082336e-01 +9.9999633090996709e-01 +9.9999589578932646e-01 +9.9999675203876937e-01 +9.9999714111407256e-01 +8.9968230278253460e-05 +1.1565542786467111e-04 +1.4714461039135287e-04 +1.1960423981130791e-04 +8.7995312208124222e-05
 59.00000000 +5.0000000000000000e+00 +1.9999687982200682e+00 +2.0647551693239773e-03 +9.9940565413981097e-01 +9.9999670334608126e-01 +9.9999541415398474e-01 +9.9999657581728219e-01 +9.9999671379640220e-01 +1.2363571550144792e-04 +1.0125275941072704e-04 +1.3289768714136010e-04 +1.4062911829876916e-04 +1.1052348649555299e-04
 59.50000000 +5.0000000000000000e+00 +1.9999738134946916e+00 +2.0409607549114238e-03 +9.9947026966671881e-01 +9.9999645458155895e-01 +9.9999572556934402e-01 +9.9999653646788289e-01 +9.9999497924024683e-01 +1.2129672574613853e-04 +1.1613797947469721e-04 +9.6489649832568199e-05 +1.0509090315771195e-04 +1.0701923216355413e-04
 60.00000000 +5.0000000000000000e+00 +1.9999683014221099e+00 +2.0474848015591871e-03 +9.9945428516542867e-01 +9.9999679406825903e-01 +9.9999660149506475e-01 +9.9999573594436464e-01 +9.9999579447927489e-01 +1.1646653133581373e-04 +1.1994721949100685e-04 +1.0695424245322956e-04 +9.6749761451193607e-05 +1.2067112437367314e-04
 60.50000000 +5.0000000000000000e+00 +1.9999691910295383e+00 +2.0226798671496874e-03 +9.9951689899471718e-01 +9.9999599226326619e-01 +9.9999574297913363e-01 +9.9999495124610083e-01 +9.9999482847977206e-01 +1.3091292581639415e-04 +7.7230619210938686e-05 +1.1362870549460291e-04 +9.7407639616139795e-05 +8.2406182493008738e-05
 61.00000000 +5.0000000000000000e+00 +1.9999656978794540e+00 +2.0515272874345692e-03 +9.9944433862435678e-01 +9.9999572972933481e-01 +9.9999456490136929e-01 +9.9999628289994513e-01 +9.9999516555298229e-01 +1.4839124635351568e-04 +1.1695392661934872e-04 +1.2021255433967282e-04 +7.5435334093682554e-05 +1.1292522635108565e-04
 61.50000000 +5.0000000000000000e+00 +1.9999648199968938e+00 +2.0476807891232620e-03 +9.9945153354290883e-01 +9.9999644756233552e-01 +9.9999546506795500e-01 +9.9999598322506689e-01 +9.9999563100635125e-01 +1.1212279139648592e-04 +1.3516611773401916e-04 +1.2832573167845821e-04 +7.9945065033638245e-05 +1.0937986052382055e-04
 62.00000000 +5.0000000000000000e+00 +1.9999662001419913e+00 +2.0513442816512111e-03 +9.9944690502651590e-01 +9.9999525390327393e-01 +9.9999447527623042e-01 +9.9999499826736216e-01 +9.9999558653078058e-01 +1.3910779670134486e-04 +9.8853237300724749e-05 +1.1888424792521441e-04 +1.0422027107246321e-04 +1.1171543713270317e-04
 62.50000000 +5.0000000000000000e+00 +1.9999707322698963e+00 +2.0553895111719584e-03 +9.9943709117611212e-01 +9.9999528991982434e-01 +9.9999571161732681e-01 +9.9999524150033292e-01 +9.9999542984027112e-01 +9.9752793214014332e-05 +1.2581368405647646e-04 +1.2974627830069537e-04 +1.1720418258794314e-04 +1.0871902858118828e-04
 63.00000000 +5.0000000000000000e+00 +1.9999669069365311e+00 +2.0570253826160678e-03 +9.9942924445517756e-01 +9.9999622680902767e-01 +9.9999517148528783e-01 +9.9999559303244423e-01 +9.9999564780021732e-01 +1.1436648328356017e-04 +1.2852983023779000e-04 +1.1951577288951229e-04 +9.7617112221427067e-05 +1.2808719593582373e-04
 63.50000000 +5.0000000000000000e+00 +1.9999718066398799e+00 +2.0499120207950975e-03 +9.9945514109842615e-01 +9.9999430103558373e-01 +9.9999628873190494e-01 +9.9999426443168293e-01 +9.9999477023833061e-01 +7.9526186582210901e-05 +1.1228817616279485e-04 +1.0326276086798856e-04 +1.2455852865323578e-04 +1.4559877603815351e-04
 64.00000000 +5.0000000000000000e+00 +1.9999760177711319e+00 +2.0368371693758876e-03 +9.9949272431055503e-01 +9.9999551634481176e-01 +9.9999470423091363e-01 +9.9999456091776318e-01 +9.9999637940959563e-01 +1.0613099885411485e-04 +1.1453436183270477e-04 +1.1007872010108201e-04 +7.4997330938075284e-05 +1.2037334744020358e-04
 64.50000000 +5.0000000000000000e+00 +1.9999605965704361e+00 +2.0600026103156708e-03 +9.9942099878979862e-01 +9.9999492946654223e-01 +9.9999464706806840e-01 +9.9999587767527531e-01 +9.9999551991135915e-01 +9.9452752833019119e-05 +1.1061105952919810e-04 +1.3011281204408987e-04 +1.2062199391749054e-04 +1.3722848303158829e-04
 65.00000000 +5.0000000000000000e+00 +1.9999730923358627e+00 +2.0749504248261329e-03 +9.9939045068347809e-01 +9.9999523194752438e-01 +9.9999472990710836e-01 +9.9999581296097306e-01 +9.9999473460510990e-01 +1.5122147633607599e-04 +1.2762994852637889e-04 +1.0705558414635249e-04 +1.0180977697314080e-04 +1.4132308877580515e-04
 65.50000000 +5.0000000000000000e+00 +1.9999615335263090e+00 +2.0647017155950983e-03 +9.9941347468113151e-01 +9.9999407445537025e-01 +9.9999627233102861e-01 +9.9999524812171914e-01 +9.9999510363172328e-01 +1.4315515220543574e-04 +1.2151266269639359e-04 +1.1621193373394065e-04 +1.3594695985649809e-04 +8.9000088541434081e-05
 66.00000000 +5.0000000000000000e+00 +1.9999662180900064e+00 +2.0457450308222344e-03 +9.9946559389917611e-01 +9.9999478710874390e-01 +9.9999485598895521e-01 +9.9999551114708318e-01 +9.9999477900462730e-01 +1.4191932024758280e-04 +1.0049375168016512e-04 +1.0893853650184568e-04 +1.1209255876151177e-04 +9.1028701120933456e-05
 66.50000000 +5.0000000000000000e+00 +1.9999635977283998e+00 +2.0621250241493914e-03 +9.9941916973265910e-01 +9.9999596235330812e-01 +9.9999440562301856e-01 +9.9999510515635681e-01 +9.9999375722742512e-01 +1.3623959929814566e-04 +1.2094291377164976e-04 +1.2740811839695147e-04 +1.0742942306756028e-04 +1.0957985271638333e-04
 67.00000000 +5.0000000000000000e+00 +1.9999646126036448e+00 +2.0746251712990193e-03 +9.9939095888696228e-01 +9.9999342854158280e-01 +9.9999508660626824e-01 +9.9999427013613007e-01 +9.9999362083329280e-01 +1.2666222309086570e-04 +1.2889754209394170e-04 +1.1183891220317788e-04 +1.1927916620474041e-04 +1.4595714563434963e-04
 67.50000000 +5.0000000000000000e+00 +1.9999612147588486e+00 +2.0382840355421886e-03 +9.9948202179509682e-01 +9.9999479924923018e-01 +9.9999516818268186e-01 +9.9999469402046626e-01 +9.9999416506791783e-01 +8.9751686094281189e-05 +1.0975678051310132e-04 +1.2195940098545211e-04 +1.2346171353827813e-04 +9.4222109513478005e-05
 68.00000000 +5.0000000000000000e+00 +1.9999614641167658e+00 +2.0797458725491662e-03 +9.9937337722280772e-01 +9.9999425535582498e-01 +9.9999531481164672e-01 +9.9999463197895566e-01 +9.9999553545439757e-01 +1.2820371144488192e-04 +1.0689816237843187e-04 +1.3204634428238697e-04 +1.1545362571218346e-04 +1.6428333777721048e-04
 68.50000000 +5.0000000000000000e+00 +1.9999573411200233e+00 +2.1136845878924888e-03 +9.9928817115638624e-01 +9.9999439829010950e-01 +9.9999605186970264e-01 +9.9999346268728384e-01 +9.9999404438068351e-01 +1.3169206284113560e-04 +1.7483087000202651e-04 +1.2509904854463008e-04 +1.2668128847330803e-04 +1.7556836262136669e-04
 69.00000000 +5.0000000000000000e+00 +1.9999641670695942e+00 +2.0392226798158124e-03 +9.9947601748694570e-01 +9.9999376588898647e-01 +9.9999457115738000e-01 +9.9999397536053192e-01 +9.9999427587969714e-01 +1.1293040270373652e-04 +9.5250073809367226e-05 +1.1761673130787867e-04 +1.2778558900505911e-04 +9.3811447593423073e-05
 69.50000000 +5.0000000000000000e+00 +1.9999592105771535e+00 +2.1123408231064423e-03 +9.9928858250021424e-01 +9.9999317754295991e-01 +9.9999436163798405e-01 +9.9999498425429567e-01 +9.9999393015653171e-01 +1.2960224089092546e-04 +1.5236503406687837e-04 +1.4733523021848711e-04 +1.3710492690519700e-04 +1.6855646496402523e-04
 70.00000000 +5.0000000000000000e+00 +1.9999541154919038e+00 +2.0987130072632723e-03 +9.9932146286138201e-01 +9.9999367419060892e-01 +9.9999502640787752e-01 +9.9999380597887133e-01 +9.9999401945409483e-01 +1.4266934163965927e-04 +1.2370755766577784e-04 +1.2063654680586430e-04 +1.6790338850317902e-04 +1.4709426550973110e-04
 70.50000000 +5.0000000000000000e+00 +1.9999488134026180e+00 +2.0949050816952155e-03 +9.9932896229917079e-01 +9.9999343219426362e-01 +9.9999383804351016e-01 +9.9999499808777281e-01 +9.9999345947234253e-01 +1.8011717570339425e-04 +9.3036263699827038e-05 +1.3344769106120441e-04 +1.2746243568765889e-04 +1.6124633993818519e-04
 71.00000000 +5.0000000000000000e+00 +1.9999635064215087e+00 +2.0534506488450906e-03 +9.9943927535923560e-01 +9.9999464073303013e-01 +9.9999373634791289e-01 +9.9999370718377989e-01 +9.9999417968690241e-01 +7.1857208648465028e-05 +1.5028593446394272e-04 +9.9725829156869681e-05 +1.1318182048937716e-04 +1.4940988042050712e-04
 71.50000000 +5.0000000000000000e+00 +1.9999507456849235e+00 +2.1123643986573778e-03 +9.9928846652403303e-01 +9.9999538326072923e-01 +9.9999384987625672e-01 +9.9999365171697108e-01 +9.9999295637147767e-01 +1.3011049606634605e-04 +1.6740522124670572e-04 +1.4529500283338789e-04 +1.7044175273243776e-04 +1.2243980554875174e-04
 72.00000000 +5.0000000000000000e+00 +1.9999549138439501e+00 +2.0957133330490939e-03 +9.9932799772657344e-01 +9.9999399246769749e-01 +9.9999365807545348e-01 +9.9999336846755327e-01 +9.9999279290837484e-01 +1.5762922969444134e-04 +1.4742708291344545e-04 +1.2103595199151784e-04 +1.4068626064759877e-04 +1.3141182175507407e-04
 72.50000000 +5.0000000000000000e+00 +1.9999482602884568e+00 +2.1089812444397707e-03 +9.9929603954324886e-01 +9.9999433741454136e-01 +9.9999546339207956e-01 +9.9999430627535135e-01 +9.9999365368694748e-01 +1.4562608278172230e-04 +1.5318746758979609e-04 +1.2515872165407840e-04 +1.3814123042189954e-04 +1.6408619095823184e-04
 73.00000000 +5.0000000000000000e+00 +1.9999517754712479e+00 +2.0671961085505868e-03 +9.9939531532434811e-01 +9.9999212280080274e-01 +9.9999372309093315e-01 +9.9999394471491454e-01 +9.9999235382435980e-01 +1.4868852318343216e-04 +1.1700507689920122e-04 +1.2084263479459141e-04 +1.2729696021764758e-04 +1.1870706648003383e-04
 73.50000000 +5.0000000000000000e+00 +1.9999633256473095e+00 +2.0446988180594758e-03 +9.9945709661514548e-01 +9.9999201951847627e-01 +9.9999464199512855e-01 +9.9999484152037454e-01 +9.9999428898467480e-01 +1.3613701120551036e-04 +1.0380167151041607e-04 +1.0717716332727389e-04 +1.0392042466371932e-04 +1.1607509739975882e-04
 74.00000000 +5.0000000000000000e+00 +1.9999596974471965e+00 +2.0724001541897802e-03 +9.9939293627032555e-01 +9.9999348190445947e-01 +9.9999288378903994e-01 +9.9999181938646142e-01 +9.9999346090879593e-01 +1.2820390657413436e-04 +1.5931981236175276e-04 +1.1917938704848821e-04 +1.2806730683494376e-04 +1.0064732553429330e-04
 74.50000000 +5.0000000000000000e+00 +1.9999502731277576e+00 +2.0461074276807451e-03 +9.9945046592757958e-01 +9.9999344888077646e-01 +9.9999308046198998e-01 +9.9999319080833571e-01 +9.9999521487134990e-01 +1.0216074165940023e-04 +1.1714817094680382e-04 +1.1467547302857061e-04 +1.1713065124787870e-04 +1.2348400215376391e-04
 75.00000000 +5.0000000000000000e+00 +1.9999470076196351e+00 +2.0853228678312944e-03 +9.9935220276782444e-01 +9.9999401185671999e-01 +9.9999306364632790e-01 +9.9999314506062154e-01 +9.9999418683926078e-01 +1.2528085187346635e-04 +1.3487087629734175e-04 +1.0064602390860434e-04 +1.3962796785851566e-04 +1.7296410424859593e-04
 75.50000000 +5.0000000000000000e+00 +1.9999493809377655e+00 +2.0611035276877228e-03 +9.9941256772453491e-01 +9.9999233490721251e-01 +9.9999371217454891e-01 +9.9999409919455307e-01 +9.9999435613223786e-01 +1.1115494946352370e-04 +1.5128422724680103e-04 +1.4139821994738579e-04 +1.1910560766241991e-04 +8.9986863164451483e-05
 76.00000000 +5.0000000000000000e+00 +1.9999431709106086e+00 +2.1084982988216132e-03 +9.9928758209858326e-01 +9.9999368540492317e-01 +9.9999339700086254e-01 +9.9999172143035808e-01 +9.9999246164075306e-01 +1.8304021883627149e-04 +1.5171636997899100e-04 +1.2471904990042298e-04 +1.5483498085012076e-04 +1.2684178023737508e-04
 76.50000000 +5.0000000000000000e+00 +1.9999421322659936e+00 +2.0810299176245049e-03 +9.9935850952290428e-01 +9.9999262441873482e-01 +9.9999192261246861e-01 +9.9999290875715019e-01 +9.9999333494032472e-01 +1.3865448323340594e-04 +1.0179588512198486e-04 +1.1240619509800801e-04 +1.6632629596137285e-04 +1.5151685875403466e-04
 77.00000000 +5.0000000000000000e+00 +1.9999491853230722e+00 +2.0692964514315679e-03 +9.9939172478126226e-01 +9.9999210060704191e-01 +9.9999393102239498e-01 +9.9999507593679748e-01 +9.9999156257870692e-01 +1.1442143314583849e-04 +1.5053561084388942e-04 +6.2015606217188991e-05 +1.5181097211343399e-04 +1.5682144277616973e-04
 77.50000000 +5.0000000000000000e+00 +1.9999388926711381e+00 +2.0628280499247038e-03 +9.9940702416635019e-01 +9.9999355029787640e-01 +9.9999178843962355e-01 +9.9999160141328391e-01 +9.9999180117282105e-01 +1.4535249748676062e-04 +1.2000763369714457e-04 +1.6534053463709671e-04 +9.8155209392442714e-05 +9.5378632395518121e-05
 78.00000000 +5.0000000000000000e+00 +1.9999411485353620e+00 +2.1272114662230232e-03 +9.9924542675353689e-01 +9.9999387725415645e-01 +9.9999140310712198e-01 +9.9999392216417626e-01 +9.9999607949334901e-01 +1.6560997855292103e-04 +1.3643227689848263e-04 +1.2860535140850571e-04 +1.7142219509842178e-04 +1.7722141948034754e-04
 78.50000000 +5.0000000000000000e+00 +1.9999483827026325e+00 +2.0565628113165895e-03 +9.9942399069992083e-01 +9.9999133066071522e-01 +9.9999246511023754e-01 +9.9999165600901863e-01 +9.9999287945044324e-01 +1.1678733037389941e-04 +9.7987860256933975e-05 +1.1760666443255869e-04 +1.3791470418526470e-04 +1.3738151845893329e-04
 79.00000000 +5.0000000000000000e+00 +1.9999437360586079e+00 +2.0901204491894643e-03 +9.9934528334758610e-01 +9.9999263378675207e-01 +9.9999418898308479e-01 +9.9999016451596878e-01 +9.9999374189290180e-01 +1.7064083023649444e-04 +9.9544434602053599e-05 +1.1164562003791463e-04 +1.6140342348962158e-04 +1.4075317710285370e-04
 79.50000000 +5.0000000000000000e+00 +1.9999377003649448e+00 +2.0921711298219621e-03 +9.9933662911595156e-01 +9.9999038022611830e-01 +9.9999297076011007e-01 +9.9999141341142117e-01 +9.9999293061110239e-01 +1.6317371240446877e-04 +1.4318294124029743e-04 +9.7014227069151259e-05 +1.7503371564482164e-04 +1.1727127070341843e-04
 80.00000000 +5.0000000000000000e+00 +1.9999562614317437e+00 +2.0774436921311189e-03 +9.9938049760420145e-01 +9.9999094542870437e-01 +9.9999098070186432e-01 +9.9999271251519473e-01 +9.9999228789844907e-01 +1.3569899746194847e-04 +1.5014987144242820e-04 +9.5643587911356214e-05 +1.4480835717151411e-04 +1.2627505341685725e-04
 80.50000000 +5.0000000000000000e+00 +1.9999399332421191e+00 +2.0990116253779270e-03 +9.9931740202043706e-01 +9.9999376149978536e-01 +9.9999018768577308e-01 +9.9999043449695424e-01 +9.9999188757709134e-01 +1.3686083290717391e-04 +1.1792947360900990e-04 +1.3226126484433261e-04 +1.7269263099825252e-04 +1.5658251548086174e-04
 81.00000000 +5.0000000000000000e+00 +1.9999281978376509e+00 +2.1436970354731457e-03 +9.9920280938821915e-01 +9.9999105419401657e-01 +9.9999139627848554e-01 +9.9998997053842753e-01 +9.9999359439026325e-01 +1.8059152852812688e-04 +1.3353075448285201e-04 +1.5254528803492365e-04 +1.6960322892828797e-04 +1.9490442358787550e-04
 81.50000000 +5.0000000000000000e+00 +1.9999411099068225e+00 +2.1089614229544730e-03 +9.9929794015555451e-01 +9.9999221520284554e-01 +9.9999198222362717e-01 +9.9999354397206819e-01 +9.9999208121936889e-01 +1.6388567493285370e-04 +2.0055588237435340e-04 +1.5143211916725108e-04 +1.1618867308773266e-04 +1.0017488289295205e-04
 82.00000000 +5.0000000000000000e+00 +1.9999360471722318e+00 +2.0808896992680816e-03 +9.9936985114106658e-01 +9.9999396430497667e-01 +9.9999161424942040e-01 +9.9999198475507223e-01 +9.9999187425386982e-01 +1.2102489784734980e-04 +9.5376783793218225e-05 +1.5090424108591321e-04 +1.1685524401917469e-04 +1.7655011368004331e-04
 82.50000000 +5.0000000000000000e+00 +1.9999342559741233e+00 +2.0725512747373324e-03 +9.9938593417241040e-01 +9.9999349121645653e-01 +9.9999058655405992e-01 +9.9998949970442175e-01 +9.9999131282597942e-01 +1.5085039555287944e-04 +9.3811206227878199e-05 +1.5891537781778591e-04 +1.3305082628360126e-04 +1.1254773148578276e-04
 83.00000000 +5.0000000000000000e+00 +1.9999404502923521e+00 +2.0781252347192693e-03 +9.9937859711104315e-01 +9.9999150460798791e-01 +9.9999137530882398e-01 +9.9998960907555190e-01 +9.9999226861321255e-01 +1.0929288171659703e-04 +1.7007061816374258e-04 +1.2289345429283946e-04 +1.3486236809853635e-04 +1.1952594977206821e-04
 83.50000000 +5.0000000000000000e+00 +1.9999301614872915e+00 +2.1286071285937032e-03 +9.9924202614186752e-01 +9.9999060653026306e-01 +9.9999168490572687e-01 +9.9999088468862851e-01 +9.9998947753649881e-01 +1.7867607962025284e-04 +2.1051410723930131e-04 +1.6365555527193354e-04 +1.0871913289152523e-04 +1.3375531391702933e-04
 84.00000000 +5.0000000000000000e+00 +1.9999301459727234e+00 +2.1407226456625350e-03 +9.9921126452417741e-01 +9.9999171948916488e-01 +9.9999270498375536e-01 +9.9999245998009656e-01 +9.9999080243119320e-01 +1.8763091929862268e-04 +2.0068684701538223e-04 +1.6157252438460910e-04 +7.3676233864345021e-05 +1.9748208529057074e-04
 84.50000000 +5.0000000000000000e+00 +1.9999259601755774e+00 +2.1619834222003989e-03 +9.9916118606209814e-01 +9.9998919324355695e-01 +9.9999082133707695e-01 +9.9999213008595222e-01 +9.9999053345569777e-01 +1.6965011721333765e-04 +1.6353605707514045e-04 +1.5400717063402625e-04 +2.2182964784724942e-04 +1.6711282932863872e-04
 85.00000000 +5.0000000000000000e+00 +1.9999294049686072e+00 +2.1223040645931019e-03 +9.9926133356107072e-01 +9.9999087116028984e-01 +9.9999208709168896e-01 +9.9999003981310552e-01 +9.9999296715617358e-01 +1.0393107713126714e-04 +1.4464249278364668e-04 +1.6261120456727003e-04 +1.9998284108880518e-04 +1.6153360928559257e-04
 85.50000000 +5.0000000000000000e+00 +1.9999284535802917e+00 +2.0808045046121740e-03 +9.9936075761828358e-01 +9.9999109663585850e-01 +9.9999223729240161e-01 +9.9998927223477307e-01 +9.9999337988126780e-01 +1.5833257980186105e-04 +1.3052348069422014e-04 +1.0465794881924055e-04 +1.1504648004440345e-04 +1.6469583953603007e-04
 86.00000000 +5.0000000000000000e+00 +1.9999328584872043e+00 +2.1102599209456376e-03 +9.9929579883637099e-01 +9.9999222783477404e-01 +9.9998995143089553e-01 +9.9998999038575154e-01 +9.9998887177563711e-01 +1.6773925383633699e-04 +1.6665846198357141e-04 +1.1060451908412651e-04 +1.6884401525347413e-04 +1.2931348597892129e-04
 86.50000000 +5.0000000000000000e+00 +1.9999290756696140e+00 +2.0753400480775413e-03 +9.9937682187553778e-01 +9.9998888054593016e-01 +9.9998764599694234e-01 +9.9999095327474041e-01 +9.9999095220757661e-01 +1.0265449123118265e-04 +1.3277865157077542e-04 +1.5677467065507798e-04 +1.2034875562369016e-04 +1.5218951747697582e-04
 87.00000000 +5.0000000000000000e+00 +1.9999267924048896e+00 +2.1067202818743224e-03 +9.9930452977802109e-01 +9.9999088662593827e-01 +9.9999091399265239e-01 +9.9999106928651194e-01 +9.9998941657395413e-01 +1.2058650837815334e-04 +1.6425849571184879e-04 +1.8800542313626587e-04 +9.9521584920185703e-05 +1.6081173122245882e-04
 87.50000000 +5.0000000000000000e+00 +1.9999289908895628e+00 +2.0836562028818438e-03 +9.9935938878446429e-01 +9.9999032509235919e-01 +9.9999004788091472e-01 +9.9999256986462792e-01 +9.9999288095219596e-01 +1.0426077027372305e-04 +1.8508138337527085e-04 +1.3694655035503500e-04 +1.2681104060830928e-04 +1.2168767333877902e-04
 88.00000000 +5.0000000000000000e+00 +1.9999204920993365e+00 +2.1336225994578600e-03 +9.9922787927543433e-01 +9.9998714904930808e-01 +9.9999142757149595e-01 +9.9998895304584856e-01 +9.9998710368503951e-01 +1.7259238001312866e-04 +1.8652017336285160e-04 +1.7144625944943639e-04 +1.1426349226693136e-04 +1.7266504233060152e-04
 88.50000000 +5.0000000000000000e+00 +1.9999177169944016e+00 +2.1214427200019030e-03 +9.9925568731330294e-01 +9.9999058420087783e-01 +9.9999021080930417e-01 +9.9998669852520705e-01 +9.9999000521072845e-01 +1.3523454672409089e-04 +1.8390926094224687e-04 +1.8962222516965868e-04 +1.1703059941563560e-04 +1.6101732920918601e-04
 89.00000000 +5.0000000000000000e+00 +1.9999176195137671e+00 +2.0974151558369831e-03 +9.9931899889582110e-01 +9.9998853204254956e-01 +9.9998990635758778e-01 +9.9998658967944576e-01 +9.9998649182956001e-01 +1.7126417450606505e-04 +1.1343940124498301e-04 +1.9283692094466078e-04 +1.5073763759442001e-04 +1.0120307202967828e-04
 89.50000000 +5.0000000000000000e+00 +1.9999251592125804e+00 +2.0985168553715235e-03 +9.9932618115710914e-01 +9.9999189994989668e-01 +9.9998731759315496e-01 +9.9999207012340419e-01 +9.9999202591155356e-01 +1.4311798087765103e-04 +1.1192079248914051e-04 +1.5396778222408105e-04 +7.6742540061050315e-05 +2.2475618271701494e-04
 90.00000000 +5.0000000000000000e+00 +1.9999216456304014e+00 +2.0790975517138042e-03 +9.9936728170315792e-01 +9.9998995285775405e-01 +9.9998944664393430e-01 +9.9998867334385355e-01 +9.9999473207100253e-01 +1.3750840017761817e-04 +1.8548190610154000e-04 +1.8230503775893927e-04 +5.1201271158705258e-05 +1.1341676415875820e-04
 90.50000000 +5.0000000000000000e+00 +1.9999154177807394e+00 +2.1053172771142662e-03 +9.9930096997346662e-01 +9.9998801735043874e-01 +9.9998697558570981e-01 +9.9998948476270766e-01 +9.9999331698018024e-01 +1.3818821638506690e-04 +1.3631836028748438e-04 +2.0400603298050709e-04 +9.9334072091528054e-05 +1.6338867340118230e-04
 91.00000000 +5.0000000000000000e+00 +1.9999230327142914e+00 +2.0862086427601038e-03 +9.9935362354323887e-01 +9.9999030260350785e-01 +9.9999331653527468e-01 +9.9998919963021948e-01 +9.9998690463121298e-01 +1.6005573488878761e-04 +1.6084157519580846e-04 +9.2430699878794643e-05 +1.2127398942509078e-04 +1.5205105149972901e-04
 91.50000000 +5.0000000000000000e+00 +1.9999083192152352e+00 +2.0985662814703436e-03 +9.9931003132187513e-01 +9.9998965441873311e-01 +9.9998685575880208e-01 +9.9998693941086936e-01 +9.9998859415083663e-01 +1.7304821165545206e-04 +1.5606643914331953e-04 +1.1978678365997028e-04 +1.5522347449910896e-04 +1.3380004218866863e-04
 92.00000000 +5.0000000000000000e+00 +1.9999095593044922e+00 +2.1020038611587665e-03 +9.9930901586690979e-01 +9.9998619533809585e-01 +9.9998741454698525e-01 +9.9998584580284511e-01 +9.9999086022790606e-01 +1.3948546423473747e-04 +1.0281204656355111e-04 +1.8481720363599046e-04 +1.5510393186015625e-04 +1.5844957246879279e-04
 92.50000000 +5.0000000000000000e+00 +1.9999290489035908e+00 +2.0819373538601173e-03 +9.9937281746939011e-01 +9.9998660589511290e-01 +9.9998850719314480e-01 +9.9998815281590803e-01 +9.9998849056049055e-01 +1.3569071158948869e-04 +1.0175813395072453e-04 +1.1091641592681765e-04 +1.6132095237436349e-04 +1.6573987069790354e-04
 93.00000000 +5.0000000000000000e+00 +1.9998887227140660e+00 +2.1271892545868926e-03 +9.9924219535024850e-01 +9.9998896305803875e-01 +9.9998564667831358e-01 +9.9998878352634391e-01 +9.9999072352518448e-01 +1.5451146199348069e-04 +2.1147612578032685e-04 +1.8689779161959577e-04 +1.2308579564350254e-04 +1.2771667514217605e-04
 93.50000000 +5.0000000000000000e+00 +1.9999209411667267e+00 +2.0452215796849288e-03 +9.9945590366163573e-01 +9.9998915306650105e-01 +9.9998310390666856e-01 +9.9998671484649571e-01 +9.9999372021323429e-01 +1.1549400665337310e-04 +1.1909777528066715e-04 +1.2281326368222551e-04 +1.4232422669276828e-04 +9.1675034595874768e-05
 94.00000000 +5.0000000000000000e+00 +1.9999028707437922e+00 +2.1406322900366708e-03 +9.9920759437199347e-01 +9.9998794895542042e-01 +9.9998774166745896e-01 +9.9998647272114694e-01 +9.9998470263446615e-01 +2.6322854117531285e-04 +2.4677544922790761e-04 +8.2759238150378769e-05 +1.0994447792875894e-04 +1.4283192557597993e-04
 94.50000000 +5.0000000000000000e+00 +1.9999039508216232e+00 +2.0929489925964450e-03 +9.9933370129382959e-01 +9.9998913930019606e-01 +9.9998588590496407e-01 +9.9998241866031623e-01 +9.9998840744017559e-01 +1.9682745582093401e-04 +1.9927193804001445e-04 +1.0681743438276785e-04 +1.1077946222830677e-04 +1.0675110975469961e-04
 95.00000000 +5.0000000000000000e+00 +1.9999147019866683e+00 +2.1304116623194294e-03 +9.9924306341696145e-01 +9.9998720017309517e-01 +9.9998761247080437e-01 +9.9998758418860889e-01 +9.9998787269514477e-01 +1.0714694858209564e-04 +1.2825213466987888e-04 +1.5330429621834875e-04 +1.9548908709133252e-04 +2.2247459338339584e-04
 95.50000000 +5.0000000000000000e+00 +1.9999084425897000e+00 +2.1802756356657819e-03 +9.9911825439317359e-01 +9.9999041215112672e-01 +9.9998821444102193e-01 +9.9999134940281265e-01 +9.9999048645678412e-01 +1.8509707470084610e-04 +2.2643261305917771e-04 +1.3991603246096815e-04 +1.3332913184820820e-04 +2.3650829737875554e-04
 96.00000000 +5.0000000000000000e+00 +1.9998998128264180e+00 +2.1223564840748537e-03 +9.9926033422008875e-01 +9.9998920831568738e-01 +9.9998705482339223e-01 +9.9998901725475497e-01 +9.9998958664544391e-01 +1.6690837892834314e-04 +1.5717247051520334e-04 +1.6480499819603454e-04 +1.4835091634055544e-04 +1.4756197062098882e-04
 96.50000000 +5.0000000000000000e+00 +1.9999161035949014e+00 +2.0935745994424180e-03 +9.9933551111243879e-01 +9.9998627372666360e-01 +9.9998893892023299e-01 +9.9998088111464878e-01 +9.9998459234034887e-01 +1.5743423112394087e-04 +1.7017621401657087e-04 +1.2083368271467624e-04 +1.0508913446216303e-04 +1.7026953923311017e-04
 97.00000000 +5.0000000000000000e+00 +1.9999059288674932e+00 +2.0877334844522548e-03 +9.9934908108344067e-01 +9.9998675574011853e-01 +9.9998857986765122e-01 +9.9998566185127424e-01 +9.9998496838547279e-01 +1.0365726536106034e-04 +1.3406340599956396e-04 +1.6917256817525415e-04 +1.3184240342901420e-04 +1.6621742305069113e-04
 97.50000000 +5.0000000000000000e+00 +1.9999051106828289e+00 +2.0717981135068360e-03 +9.9937968205887440e-01 +9.9998691024253350e-01 +9.9998973585640760e-01 +9.9998463943392746e-01 +9.9999180254094777e-01 +1.3199984786461418e-04 +1.0729002217938318e-04 +1.1554280684219547e-04 +1.4854368658600523e-04 +1.6385349808039222e-04
 98.00000000 +5.0000000000000000e+00 +1.9998876217643704e+00 +2.0992979899800003e-03 +9.9930467886673124e-01 +9.9999029925881344e-01 +9.9998762506503058e-01 +9.9998591488586341e-01 +9.9998789099254826e-01 +2.2063292240825184e-04 +1.4605868273840747e-04 +1.9180833328847114e-04 +8.3852995115907925e-05 +1.0123800786576156e-04
 98.50000000 +5.0000000000000000e+00 +1.9999023170189030e+00 +2.0836745036227474e-03 +9.9935648471996075e-01 +9.9998623385663399e-01 +9.9999324998201744e-01 +9.9998253038266427e-01 +9.9999175983808930e-01 +1.6703437043119338e-04 +1.4946112326967399e-04 +1.7180008480177007e-04 +1.0782487346110928e-04 +9.3620752333519011e-05
 99.00000000 +5.0000000000000000e+00 +1.9999073726034464e+00 +2.0509139832157091e-03 +9.9944205073653725e-01 +9.9998634130704322e-01 +9.9998963509213434e-01 +9.9998456100834465e-01 +9.9998851955219858e-01 +9.1764753493068840e-05 +1.5074978417090832e-04 +1.1711944449033354e-04 +1.1095297615749959e-04 +1.3830536074687196e-04
 99.50000000 +5.0000000000000000e+00 +1.9998694240162567e+00 +2.1544357348559184e-03 +9.9916428066081564e-01 +9.9998698616081483e-01 +9.9998838662078360e-01 +9.9998310053448525e-01 +9.9998392207371967e-01 +2.1627482562812158e-04 +1.7227765438539099e-04 +2.2672873772788628e-04 +9.6116282104810797e-05 +1.8192646558242684e-04
100.00000000 +5.0000000000000000e+00 +1.9998767718475807e+00 +2.2453742723814330e-03 +9.9894655367976071e-01 +9.9998826535268770e-01 +9.9998375161933317e-01 +9.9998677098065947e-01 +9.9998290278451551e-01 +2.8995399391991801e-04 +1.3396316224299746e-04 +2.6654740775277464e-04 +2.3814988169932623e-04 +1.8314113770844076e-04
100.50000000 +5.0000000000000000e+00 +1.9998642832286242e+00 +2.1636090502315229e-03 +9.9914554301409719e-01 +9.9998024091442228e-01 +9.9998537393085662e-01 +9.9998813949512522e-01 +9.9998551974054761e-01 +1.5292002054913311e-04 +2.5736616118298908e-04 +1.7178885070393907e-04 +1.8645625351605417e-04 +1.4665163878626746e-04
101.00000000 +5.0000000000000000e+00 +1.9999020040357771e+00 +2.1281708532802732e-03 +9.9924876071939339e-01 +9.9998886643172002e-01 +9.9998611857080899e-01 +9.9998757259926729e-01 +9.9999259203013879e-01 +2.2594473352390338e-04 +1.6349068625305736e-04 +1.9231219696592598e-04 +1.1351170358366948e-04 +1.0083033978509982e-04
101.50000000 +5.0000000000000000e+00 +1.9998905609456583e+00 +2.1411751798645915e-03 +9.9921312268576212e-01 +9.9998400359632011e-01 +9.9998258701394371e-01 +9.9998727904313145e-01 +9.9999176022315084e-01 +1.7795562600039026e-04 +8.2367777139136537e-05 +2.0762962382026836e-04 +2.0638504315228950e-04 +1.6690934808214142e-04
102.00000000 +5.0000000000000000e+00 +1.9998807737373450e+00 +2.2321150934398255e-03 +9.9898248764825326e-01 +9.9998455242294060e-01 +9.9999077868974606e-01 +9.9998101441249321e-01 +9.9998896009477378e-01 +2.0865463521772796e-04 +2.3214171899194958e-04 +1.8068645721873452e-04 +2.4905572809010251e-04 +2.0166819349506636e-04
102.50000000 +5.0000000000000000e+00 +1.9998970392936657e+00 +2.1247803054793100e-03 +9.9925682955414286e-01 +9.9998295726666142e-01 +9.9998046929589568e-01 +9.9998781141461257e-01 +9.9997610168056728e-01 +1.7499352876032049e-04 +1.5702539350638588e-04 +1.4528610635120248e-04 +1.5598950289183425e-04 +1.8253623749353633e-04
103.00000000 +5.0000000000000000e+00 +1.9998871103814015e+00 +2.1245130801374190e-03 +9.9926542232374571e-01 +9.9998655628100286e-01 +9.9998166736257355e-01 +9.9998098128804813e-01 +9.9998751267181807e-01 +2.1598275762349113e-04 +1.5859766365028369e-04 +1.5627220373620263e-04 +9.4815236578894231e-05 +1.7219222547001708e-04
103.50000000 +5.0000000000000000e+00 +1.9998940083277654e+00 +2.0329053972216841e-03 +9.9947974734084033e-01 +9.9998173736452223e-01 +9.9998113329736182e-01 +9.9998023828739180e-01 +9.9998047837238246e-01 +1.4608045171188140e-04 +8.2985051102062204e-05 +1.2617869273829775e-04 +1.7731850714560303e-04 +6.4102619503653052e-05
104.00000000 +5.0000000000000000e+00 +1.9998717459806366e+00 +2.1314093453941342e-03 +9.9922884739501583e-01 +9.9998027434411685e-01 +9.9998837910555927e-01 +9.9998277964244242e-01 +9.9998747677857136e-01 +2.7168925861119559e-04 +1.7437095686392964e-04 +1.1022804525188746e-04 +1.7660214442411624e-04 +9.9352324725157266e-05
104.50000000 +5.0000000000000000e+00 +1.9998655330747306e+00 +2.1620144467424654e-03 +9.9915393485317217e-01 +9.9998614774413641e-01 +9.9998794475798680e-01 +9.9999098582152501e-01 +9.9998231005202631e-01 +1.8803590008093212e-04 +1.6305541167706614e-04 +1.6797981846614535e-04 +1.3755728586468854e-04 +2.4204837046330020e-04
105.00000000 +5.0000000000000000e+00 +1.9998892945932847e+00 +2.1281209810618527e-03 +9.9924391532772372e-01 +9.9997990445245932e-01 +9.9998017581736109e-01 +9.9998545356189783e-01 +9.9998408237342296e-01 +1.8011995430197651e-04 +9.3288819536305835e-05 +1.4533625018649140e-04 +1.8790118822172456e-04 +2.1982223803699812e-04
105.50000000 +5.0000000000000000e+00 +1.9998792842468975e+00 +2.1750650808855152e-03 +9.9913092052826025e-01 +9.9998583494713555e-01 +9.9998953452141603e-01 +9.9997837255921218e-01 +9.9998556737961208e-01 +2.3307797336388997e-04 +1.3742037526905167e-04 +2.0641434684741969e-04 +1.9213736007574658e-04 +1.6072000433972795e-04
106.00000000 +5.0000000000000000e+00 +1.9998624723423297e+00 +2.1322794960380305e-03 +9.9921551218561599e-01 +9.9998148618898830e-01 +9.9997254840788929e-01 +9.9998965105873183e-01 +9.9998461356210844e-01 +2.6341022168474662e-04 +7.8530440942533675e-05 +1.9130373664345349e-04 +1.2636210374421570e-04 +1.9658208861399737e-04
106.50000000 +5.0000000000000000e+00 +1.9998686741670026e+00 +2.1746470515419890e-03 +9.9912264460046929e-01 +9.9998598274087891e-01 +9.9998336917342878e-01 +9.9998517405408249e-01 +9.9998461704432440e-01 +1.9810540087502514e-04 +2.4673074243723134e-04 +1.4807074515051186e-04 +1.9857342822773949e-04 +1.4673207909639125e-04
107.00000000 +5.0000000000000000e+00 +1.9999053058304017e+00 +2.1150899352355085e-03 +9.9929470686701372e-01 +9.9998720649871875e-01 +9.9998231199731269e-01 +9.9997758303461448e-01 +9.9999064036608798e-01 +1.2033910003412144e-04 +1.8171427863552966e-04 +6.3809290079296018e-05 +1.9953681257864513e-04 +2.0215175174375554e-04
107.50000000 +5.0000000000000000e+00 +1.9999004810852525e+00 +2.1355445074873916e-03 +9.9924075006219315e-01 +9.9998645532218877e-01 +9.9997990144176629e-01 +9.9998396587266425e-01 +9.9998585091872516e-01 +1.9879169905561366e-04 +2.3553159641721651e-04 +1.8852704675838505e-04 +1.2299622844124801e-04 +7.7229812972042552e-05
108.00000000 +5.0000000000000000e+00 +1.9998539418350909e+00 +2.1637893835242559e-03 +9.9914975648071203e-01 +9.9998296089561456e-01 +9.9998043637317025e-01 +9.9998009638400320e-01 +9.9998683015050527e-01 +1.8782621789991462e-04 +1.2559326709722787e-04 +1.9935391733077437e-04 +2.2984574843824211e-04 +1.7730057515127161e-04
108.50000000 +5.0000000000000000e+00 +1.9998877990318238e+00 +2.0926599978763035e-03 +9.9932606314482697e-01 +9.9998801661833858e-01 +9.9998476404291559e-01 +9.9997704574554358e-01 +9.9998646065527974e-01 +1.0665215056986188e-04 +8.1165632660526845e-05 +2.4786904881987643e-04 +1.1654429913025739e-04 +1.8541865725553997e-04
109.00000000 +5.0000000000000000e+00 +1.9998700703414327e+00 +2.1489360304868081e-03 +9.9919875284813264e-01 +9.9998112346199930e-01 +9.9998317230311828e-01 +9.9997953398443373e-01 +9.9998399959822359e-01 +1.4691082998860946e-04 +1.0395343082564087e-04 +2.0181270168050718e-04 +2.4879671277609517e-04 +1.7194414316864533e-04
109.50000000 +5.0000000000000000e+00 +1.9998648989749312e+00 +2.1427278243285291e-03 +9.9921352958460841e-01 +9.9998308008335846e-01 +9.9998246146822289e-01 +9.9998382684992226e-01 +9.9997808958390588e-01 +2.1735238140429647e-04 +1.2324191401654586e-04 +1.7310077114671664e-04 +1.3967085870454223e-04 +2.0564651822130832e-04
110.00000000 +5.0000000000000000e+00 +1.9998918903773937e+00 +2.0886558810915882e-03 +9.9933348897236973e-01 +9.9997999379027869e-01 +9.9998010357921907e-01 +9.9998852307163777e-01 +9.9998293229587820e-01 +2.0732137040763184e-04 +1.3228501238066867e-04 +6.6839349630987304e-05 +1.0626606586325031e-04 +2.2224650256464748e-04
110.50000000 +5.0000000000000000e+00 +1.9998537623663972e+00 +2.1846794033657064e-03 +9.9908676720132261e-01 +9.9998041194260656e-01 +9.9998236659413475e-01 +9.9997616397302114e-01 +9.9997729993557272e-01 +1.7255786563753756e-04 +2.8482330521096226e-04 +2.4949170234042173e-04 +1.4266049156241823e-04 +1.4745697910686513e-04
111.00000000 +5.0000000000000000e+00 +1.9998241263417489e+00 +2.2115014927660010e-03 +9.9900889524760550e-01 +9.9997920106804772e-01 +9.9998232622842864e-01 +9.9997488042526095e-01 +9.9997964744977108e-01 +3.1322337633323222e-04 +1.4445675414292928e-04 +2.0590248712767839e-04 +1.9886188907567153e-04 +2.1260507624539413e-04
111.50000000 +5.0000000000000000e+00 +1.9998649630943008e+00 +2.1161051725756466e-03 +9.9928165655572954e-01 +9.9997492954468981e-01 +9.9998450215519141e-01 +9.9998879629109383e-01 +9.9997314996133879e-01 +1.1376391900135839e-04 +1.6199055105751522e-04 +1.6748474507160719e-04 +2.0180576217675397e-04 +1.5192051670283907e-04
112.00000000 +5.0000000000000000e+00 +1.9998618772365033e+00 +2.1059756790428605e-03 +9.9929755998928671e-01 +9.9997791791855817e-01 +9.9997382136825219e-01 +9.9997980921059471e-01 +9.9998174741546031e-01 +1.6267059858902143e-04 +1.7818604989877475e-04 +1.0629978434816050e-04 +1.9401149053617598e-04 +1.4797618521386957e-04
112.50000000 +5.0000000000000000e+00 +1.9998394670957413e+00 +2.1927581156678901e-03 +9.9907933116697167e-01 +9.9998115676036969e-01 +9.9998166381290698e-01 +9.9998314435349245e-01 +9.9998599229613561e-01 +1.2847696634743315e-04 +2.2043948364241828e-04 +2.1860351251987706e-04 +1.4519370422677401e-04 +2.7599795265433334e-04
113.00000000 +5.0000000000000000e+00 +1.9998435793866436e+00 +2.1491172485653943e-03 +9.9918869460542326e-01 +9.9998354675433732e-01 +9.9998294139920196e-01 +9.9998168437009549e-01 +9.9998777541983053e-01 +1.2072780398523246e-04 +2.3702998808274752e-04 +7.3816138971945035e-05 +2.7549046923486275e-04 +1.6829305862740273e-04
113.50000000 +5.0000000000000000e+00 +1.9998228443085144e+00 +2.1950158826575116e-03 +9.9906707397442207e-01 +9.9998060751995754e-01 +9.9997508525966672e-01 +9.9998483664183457e-01 +9.9998082758772011e-01 +2.3314182511699439e-04 +1.5508680826248667e-04 +3.0328719981635374e-04 +1.1128595185075619e-04 +2.0876723734708377e-04
114.00000000 +5.0000000000000000e+00 +1.9998287751247041e+00 +2.1871833200122178e-03 +9.9908434131534585e-01 +9.9998827565750525e-01 +9.9998447397318235e-01 +9.9998317698883399e-01 +9.9997825527521556e-01 +1.9877523061478307e-04 +2.1116912998786887e-04 +1.7850073376094120e-04 +1.1561782428741319e-04 +2.7741387722343962e-04
114.50000000 +5.0000000000000000e+00 +1.9998516935472661e+00 +2.1543035063165596e-03 +9.9917242894197988e-01 +9.9997995405214690e-01 +9.9998651725444143e-01 +9.9997387081212941e-01 +9.9997542372315040e-01 +1.8072989071755602e-04 +2.3576259800470761e-04 +1.8100228701023089e-04 +1.0814004343598948e-04 +2.0617038339649333e-04
115.00000000 +5.0000000000000000e+00 +1.9998369409412324e+00 +2.1443228211573124e-03 +9.9920493891290352e-01 +9.9998277234863420e-01 +9.9997239763690260e-01 +9.9998184378230304e-01 +9.9998410199462606e-01 +1.5877039271172173e-04 +2.0045756778172544e-04 +1.5738536446672526e-04 +1.6912172178055803e-04 +1.8821029090739883e-04
115.50000000 +5.0000000000000000e+00 +1.9998292761286938e+00 +2.2210536755407529e-03 +9.9900587115213546e-01 +9.9999017427719639e-01 +9.9997832433042777e-01 +9.9997033832368787e-01 +9.9997256421706626e-01 +1.3747205296060541e-04 +2.4829889561142225e-04 +2.5159607597485155e-04 +2.5037275167173230e-04 +1.9498791083882562e-04
116.00000000 +5.0000000000000000e+00 +1.9998119551195059e+00 +2.1617151015503313e-03 +9.9913586049232084e-01 +9.9997198786402675e-01 +9.9997932004825485e-01 +9.9998159231429029e-01 +9.9997152350381846e-01 +3.3138885474446439e-04 +1.2762187803883759e-04 +1.9039029454054649e-04 +1.1958127599276867e-04 +1.9073346119557574e-04
116.50000000 +5.0000000000000000e+00 +1.9998363051037480e+00 +2.0789463849699595e-03 +9.9936662358014294e-01 +9.9998272618989625e-01 +9.9998012678818959e-01 +9.9996888250862248e-01 +9.9997548907712386e-01 -2.4098215818511491e-05 +1.2454999408064902e-04 +3.2182770968792768e-04 +1.1929437237925345e-04 +1.8457800061329410e-04
117.00000000 +5.0000000000000000e+00 +1.9998010848216670e+00 +2.2071902009857544e-03 +9.9903634570471833e-01 +9.9997302951956246e-01 +9.9997881494216501e-01 +9.9998317817730675e-01 +9.9998475562135569e-01 +7.8973581276155184e-05 +3.1003336185071837e-04 +1.7185546863962838e-04 +2.0740686046060594e-04 +2.7560676355062747e-04
117.50000000 +5.0000000000000000e+00 +1.9998100013828521e+00 +2.2971053696665827e-03 +9.9881725221003415e-01 +9.9998074077902543e-01 +9.9997468054729344e-01 +9.9997187811215171e-01 +9.9997677228912307e-01 +2.8999958313808761e-04 +3.2485550745569761e-04 +1.9236112886038520e-04 +1.9229404090734487e-04 +2.7916579010951661e-04
118.00000000 +5.0000000000000000e+00 +1.9998278839664811e+00 +2.2102253324146315e-03 +9.9904048842990345e-01 +9.9997672532217041e-01 +9.9997129878599045e-01 +9.9998357142296568e-01 +9.9998060627822893e-01 +1.9566394321812315e-04 +2.1560185677977533e-04 +2.0702202823946685e-04 +2.2895482671945013e-04 +2.0006711052245808e-04
118.50000000 +5.0000000000000000e+00 +1.9998139784702442e+00 +2.1566472661639162e-03 +9.9916554733396712e-01 +9.9997239150128825e-01 +9.9998476389573898e-01 +9.9998443741279697e-01 +9.9997440684232086e-01 +1.3928242554767583e-04 +2.1476306983546299e-04 +2.1722099251574376e-04 +2.3234490104363751e-04 +1.1484161962532278e-04
119.00000000 +5.0000000000000000e+00 +1.9997646391379300e+00 +2.3057520912426691e-03 +9.9877181516697744e-01 +9.9999086784220803e-01 +9.9997621218053312e-01 +9.9997892284281176e-01 +9.9997840039251407e-01 +2.6654542564969120e-04 +3.0743621414446840e-04 +2.5904967550865663e-04 +1.5186629802783894e-04 +3.1888396294942550e-04
119.50000000 +5.0000000000000000e+00 +1.9997938740374452e+00 +2.3323142601547513e-03 +9.9872953138916321e-01 +9.9997733821575430e-01 +9.9998191917132584e-01 +9.9997833811540782e-01 +9.9998721662798162e-01 +3.6636737269835269e-04 +1.5204236929504912e-04 +2.1106445566276643e-04 +3.0777514192309224e-04 +3.0840714115539278e-04
120.00000000 +5.0000000000000000e+00 +1.9998081802282153e+00 +2.1552104336045028e-03 +9.9916536567488512e-01 +9.9997402762247911e-01 +9.9997052770806905e-01 +9.9997730228773429e-01 +9.9997704183650593e-01 +2.2283494849141376e-04 +2.4051872269552978e-04 +1.9457802295792922e-04 +1.2975749417293837e-04 +1.4804569470573128e-04
120.50000000 +5.0000000000000000e+00 +1.9998089124881842e+00 +2.2333597335228231e-03 +9.9896902896243933e-01 +9.9997876363342475e-01 +9.9997517529573232e-01 +9.9998470627677960e-01 +9.9997937201985021e-01 +2.6467134000698580e-04 +1.3704004554934314e-04 +1.5427234784570201e-04 +2.4690864459842195e-04 +3.1006143389676095e-04
121.00000000 +5.0000000000000000e+00 +1.9998570827009716e+00 +2.0152507662638377e-03 +9.9953077932784284e-01 +9.9998101647430870e-01 +9.9997469519258431e-01 +9.9997979064548814e-01 +9.9998431250176778e-01 +5.1825338292584374e-05 +1.4717501456199805e-04 +1.2992155329529599e-04 -5.5881449161858717e-05 +2.7636538890487227e-04
121.50000000 +5.0000000000000000e+00 +1.9998235574895060e+00 +2.1136290752910192e-03 +9.9927551651337210e-01 +9.9998247596149359e-01 +9.9996794352553353e-01 +9.9996772687861113e-01 +9.9997087602356660e-01 +1.1115070712553035e-04 +2.5444100052888417e-04 +1.8508457915997263e-04 +2.1550141074853284e-04 +6.9283400146382047e-05
122.00000000 +5.0000000000000000e+00 +1.9998086364398828e+00 +2.3220469057236722e-03 +9.9875249685442447e-01 +9.9998261292972124e-01 +9.9998634319008461e-01 +9.9997583485663222e-01 +9.9998530329208424e-01 +2.6510241409215924e-04 +1.5858556253366224e-04 +3.5188636959836747e-04 +2.6759408785233729e-04 +2.7424045013169801e-04
122.50000000 +5.0000000000000000e+00 +1.9998264504186425e+00 +2.1927644919665134e-03 +9.9908399464397513e-01 +9.9998427279238056e-01 +9.9998771767961891e-01 +9.9996668328753191e-01 +9.9998043000050840e-01 +1.7494653445454848e-04 +2.0582872393202868e-04 +1.0419887917810093e-04 +2.8740418529406411e-04 +2.2452327351132981e-04
123.00000000 +5.0000000000000000e+00 +1.9998123080886607e+00 +2.1893008404995896e-03 +9.9909374164767906e-01 +9.9998277202262498e-01 +9.9998048177604582e-01 +9.9998176222143320e-01 +9.9996884759091920e-01 +2.0096427959225447e-04 +1.9939274794434809e-04 +2.7437986338696159e-04 +1.9658746825898440e-04 +1.2107038216011160e-04
123.50000000 +5.0000000000000000e+00 +1.9997724846920033e+00 +2.1836817271257197e-03 +9.9908480524102350e-01 +9.9997293240652740e-01 +9.9997930808556290e-01 +9.9997866899968280e-01 +9.9996467193222793e-01 +2.5596903465637411e-04 +2.3505307846967259e-04 +1.0394151580482808e-04 +1.9197233126752084e-04 +2.3267738087199682e-04
124.00000000 +5.0000000000000000e+00 +1.9997803380081731e+00 +2.2821971209651573e-03 +9.9886291421526374e-01 +9.9997286566257859e-01 +9.9997558002408438e-01 +9.9998864573662161e-01 +9.9997184922184357e-01 +1.5277844402735192e-04 +1.8304328183052184e-04 +3.9114963335331758e-04 +2.2423234381049458e-04 +2.7694142529223232e-04
124.50000000 +5.0000000000000000e+00 +1.9997600044583628e+00 +2.2788202955094082e-03 +9.9884002560791740e-01 +9.9997882579672726e-01 +9.9997709924555900e-01 +9.9999444842826946e-01 +9.9996555268294529e-01 +2.0267271435474066e-04 +1.7898367261159036e-04 +1.3953287582244332e-04 +3.2946863304126949e-04 +3.9339034874211415e-04
125.00000000 +5.0000000000000000e+00 +1.9997348142720637e+00 +2.2474255945524831e-03 +9.9892984935269258e-01 +9.9997831311703322e-01 +9.9997606092338931e-01 +9.9998055392388296e-01 +9.9996914942413484e-01 +1.6516892553247939e-04 +2.6037298106320028e-04 +2.3698513344753500e-04 +2.6904768405205221e-04 +2.3449854052128184e-04
125.50000000 +5.0000000000000000e+00 +1.9997765452876719e+00 +2.2879433571811824e-03 +9.9882686003744525e-01 +9.9996528461938983e-01 +9.9997926286482175e-01 +9.9996359149113423e-01 +9.9997700813710710e-01 +2.4878225146297936e-04 +2.9847009879272742e-04 +3.6283878465527493e-04 +2.3329770934906764e-04 +1.4460400743448396e-04
126.00000000 +5.0000000000000000e+00 +1.9997855000325604e+00 +2.2147664793903442e-03 +9.9902889817939877e-01 +9.9997323036807817e-01 +9.9997335125536313e-01 +9.9996466438615461e-01 +9.9997609891997885e-01 +2.5631497438137349e-04 +1.9392652543528887e-04 +1.8813343322248097e-04 +2.8194193252606593e-04 +1.6344003595577202e-04
126.50000000 +5.0000000000000000e+00 +1.9997756929180364e+00 +2.1756199323442796e-03 +9.9911200754288576e-01 +9.9997617268762284e-01 +9.9996868920751081e-01 +9.9997929923201978e-01 +9.9997805573083498e-01 +2.0932160862416308e-04 +2.2987889112163900e-04 +1.6392853827326806e-04 +1.7520907411653017e-04 +2.0743748177749871e-04
127.00000000 +5.0000000000000000e+00 +1.9998377795391236e+00 +2.0945821869354105e-03 +9.9935396994041858e-01 +9.9996553893974038e-01 +9.9997977203203092e-01 +9.9995971111146931e-01 +9.9997679128970751e-01 +1.6726430172313389e-04 +1.1948424027234187e-04 +8.7561423501974345e-05 +2.7532593008829613e-04 +1.1458079616851879e-04
127.50000000 +5.0000000000000000e+00 +1.9997459598464875e+00 +2.2000714170554055e-03 +9.9905244860402664e-01 +9.9997143309118186e-01 +9.9997678918182975e-01 +9.9997341250226313e-01 +9.9997018629710166e-01 +2.0203532413756749e-04 +1.5388273280002068e-04 +2.6562734434952594e-04 +2.9699764541838602e-04 +1.3718727697126749e-04
128.00000000 +5.0000000000000000e+00 +1.9997597939132847e+00 +2.1931289833051616e-03 +9.9905507866483245e-01 +9.9996198305748296e-01 +9.9998851089423191e-01 +9.9996699188959515e-01 +9.9996675566584348e-01 +2.5010275171571830e-04 +2.9217981807466508e-04 +1.4105678890699678e-04 +1.6712597689269641e-04 +2.1021449251871593e-04
128.50000000 +5.0000000000000000e+00 +1.9997745625991916e+00 +2.1605633232699944e-03 +9.9914452579703172e-01 +9.9998170617803050e-01 +9.9996038602432802e-01 +9.9997158229079086e-01 +9.9997254030599547e-01 +1.9951595067483200e-04 +1.3727643070600285e-04 +2.5336239843592355e-04 +2.0623941995071598e-04 +1.7286519952097349e-04
129.00000000 +5.0000000000000000e+00 +1.9997288005035494e+00 +2.2585371555305577e-03 +9.9890591602891099e-01 +9.9996399636414168e-01 +9.9996940368168252e-01 +9.9997960361150395e-01 +9.9995580545348350e-01 +3.1836578909674712e-04 +1.8501747961586180e-04 +3.0875964419084680e-04 +2.3535346894986101e-04 +1.7777847838630913e-04
129.50000000 +5.0000000000000000e+00 +1.9997479193546954e+00 +2.3248307215494829e-03 +9.9875035210767316e-01 +9.9997056937875695e-01 +9.9996013711353549e-01 +9.9996317719309080e-01 +9.9997178949899512e-01 +2.8365724260600005e-04 +2.6087380020870193e-04 +2.1347652391490087e-04 +3.7316568826788882e-04 +2.5280145770176162e-04
130.00000000 +5.0000000000000000e+00 +1.9998027406250412e+00 +2.1592008470843536e-03 +9.9916282962952019e-01 +9.9998342191050327e-01 +9.9997228158051210e-01 +9.9996637424922197e-01 +9.9997226457954047e-01 +1.5407770539356110e-04 +1.9209858893624119e-04 +3.5767910136119181e-04 +2.8787108421123741e-04 -4.8898436898332648e-05
130.50000000 +5.0000000000000000e+00 +1.9997511639774879e+00 +2.2775047120271326e-03 +9.9886027066209560e-01 +9.9996064948841479e-01 +9.9998292283269263e-01 +9.9995537083576869e-01 +9.9997415305785275e-01 +3.1162553462839142e-04 +1.5368400400736301e-04 +2.1009966934485528e-04 +3.2346973465884152e-04 +2.6775418115373121e-04
131.00000000 +5.0000000000000000e+00 +1.9997911337264109e+00 +2.1952603697203126e-03 +9.9907299176318176e-01 +9.9996517876791158e-01 +9.9996943316627973e-01 +9.9997627201853356e-01 +9.9997362780309673e-01 +4.2631062341258967e-04 +2.4022376946384994e-04 +4.0408123717002985e-06 +1.3489817867034325e-04 +2.3702310437080976e-04
131.50000000 +5.0000000000000000e+00 +1.9997066465745423e+00 +2.3341395915394132e-03 +9.9872694351671698e-01 +9.9996691488073286e-01 +9.9995936430028509e-01 +9.9994332383188045e-01 +9.9995139729145222e-01 +3.9375592592084881e-04 +2.9245598708879813e-04 +2.1549413098374565e-04 +2.3638941960280288e-04 +3.1396071655746344e-04
132.00000000 +5.0000000000000000e+00 +1.9997754059176758e+00 +2.1163241967294476e-03 +9.9926801868058268e-01 +9.9997533817882966e-01 +9.9997202793622719e-01 +9.9998065101968336e-01 +9.9995992701999170e-01 +2.4105384003207225e-04 +2.5403918254653796e-04 +2.2229155201045341e-04 -2.4785115893923392e-07 +1.2690043886402530e-04
132.50000000 +5.0000000000000000e+00 +1.9997032244966351e+00 +2.3470942977083156e-03 +9.9868279520030678e-01 +9.9997277389152539e-01 +9.9998216482022195e-01 +9.9996551477410023e-01 +9.9996260663768655e-01 +3.1195492543016769e-04 +1.2993523291239528e-04 +2.7019753872594337e-04 +3.7980729650699383e-04 +3.4224968520027600e-04
133.00000000 +5.0000000000000000e+00 +1.9997370335275608e+00 +2.1921603313271821e-03 +9.9908724806270288e-01 +9.9996938379705902e-01 +9.9996148025528986e-01 +9.9996372228698882e-01 +9.9997295363366689e-01 +1.3352026956975964e-04 +2.3003009144447666e-04 +2.9874749021035053e-04 +9.0645212283411373e-05 +2.9226889741557185e-04
133.50000000 +5.0000000000000000e+00 +1.9997365857112981e+00 +2.1561077634256300e-03 +9.9914663747124577e-01 +9.9996764228760771e-01 +9.9996615545957868e-01 +9.9997177973650897e-01 +9.9996327075986358e-01 +1.6325729139704485e-04 +2.1014859702879850e-04 +1.4126465764390471e-04 +9.3790984133671889e-05 +3.7605276382360114e-04
134.00000000 +5.0000000000000000e+00 +1.9997202888411634e+00 +2.2902179521876618e-03 +9.9882948954870110e-01 +9.9998554507127901e-01 +9.9997254243273903e-01 +9.9997169040539713e-01 +9.9997144308262886e-01 +3.1917804606290830e-04 +3.8152679393710278e-04 +2.2748246839238370e-04 +2.4205423677561136e-04 +9.9047910532749149e-05
134.50000000 +5.0000000000000000e+00 +1.9998186503330999e+00 +2.0759986374382891e-03 +9.9936941787813627e-01 +9.9997190268300629e-01 +9.9996199359081406e-01 +9.9995645167313740e-01 +9.9997008247789565e-01 +1.5504892233844189e-04 +2.2536513831205590e-05 +1.1753066743305534e-04 +7.0756792083916738e-05 +4.0427881145341037e-04
135.00000000 +5.0000000000000000e+00 +1.9997782027646291e+00 +2.1922007356564507e-03 +9.9912141344290384e-01 +9.9996084063715518e-01 +9.9997718311402950e-01 +9.9995374520659108e-01 +9.9996386286297423e-01 +2.4407704841714956e-04 +1.3965589636310386e-04 +3.4247527493269354e-04 +5.1313648611854420e-05 +2.4543287829179895e-04
135.50000000 +5.0000000000000000e+00 +1.9997646819685824e+00 +2.0455630389503883e-03 +9.9945026836471706e-01 +9.9995888309160796e-01 +9.9998202516200452e-01 +9.9995934899949235e-01 +9.9997857014342573e-01 +1.6060520801536291e-04 +3.1293270707830127e-04 -2.9326685145303607e-05 +1.2311103873099060e-04 +1.0358198019439249e-04
136.00000000 +5.0000000000000000e+00 +1.9997998568105042e+00 +2.0858374879363681e-03 +9.9935088549442652e-01 +9.9997334474051847e-01 +9.9996555890528060e-01 +9.9996793236737835e-01 +9.9995977025730465e-01 +9.9825682642423654e-05 +2.7125411129045110e-04 +1.1851067477703244e-04 +9.0290778782304518e-05 +2.0262699278689655e-04
136.50000000 +5.0000000000000000e+00 +1.9997393187732271e+00 +2.2366602549426244e-03 +9.9898795974815469e-01 +9.9996487070842455e-01 +9.9995553609970600e-01 +9.9997779342286230e-01 +9.9996590806391095e-01 +2.5154811370385643e-04 +3.0954181752238820e-04 +3.4219154946865871e-04 +2.4076204142337783e-04 +3.8884326922431776e-06
137.00000000 +5.0000000000000000e+00 +1.9998142678945074e+00 +2.1191504280234736e-03 +9.9928929779637599e-01 +9.9996152410554506e-01 +9.9997539095309074e-01 +9.9998233149801707e-01 +9.9998524078435758e-01 +1.7482105825513457e-04 +1.9762427139305579e-04 +1.2774017120601388e-04 -2.0096433850380293e-05 +3.2612579921544743e-04
137.50000000 +5.0000000000000000e+00 +1.9996280455260285e+00 +2.3753075999677800e-03 +9.9859937272764976e-01 +9.9996834601826956e-01 +9.9997481341747407e-01 +9.9997405056029087e-01 +9.9997941232374721e-01 +2.3168138080050711e-04 +3.7013314616162103e-04 +3.2509441016220298e-04 +1.7701691816917304e-04 +4.0007910224712653e-04
138.00000000 +5.0000000000000000e+00 +1.9996660644314630e+00 +2.4688033851452420e-03 +9.9839149203331157e-01 +9.9997432936393260e-01 +9.9996204224232255e-01 +9.9996087534677047e-01 +9.9997276350472875e-01 +4.0616337249774518e-04 +2.1309999033484919e-04 +5.7474886064984797e-04 +1.9022227122323160e-04 +3.5426301887995625e-04
138.50000000 +5.0000000000000000e+00 +1.9996586610962392e+00 +2.3827471111815017e-03 +9.9859435314410894e-01 +9.9996210195714852e-01 +9.9996272449759871e-01 +9.9996075994695199e-01 +9.9994428049036033e-01 +4.5126858662732474e-04 +2.0349153299196169e-04 +3.4308875871790103e-04 +3.1766625830409304e-04 +2.6026482722074873e-04
139.00000000 +5.0000000000000000e+00 +1.9997420081237769e+00 +2.2173517141013416e-03 +9.9899459290925474e-01 +9.9996749968540655e-01 +9.9998522728617145e-01 +9.9995656952897594e-01 +9.9995456790890636e-01 +1.7984319877052739e-04 +3.5797101071389690e-04 +2.4874401471353352e-04 +1.9860785784293414e-04 +1.5637660890822089e-04
139.50000000 +5.0000000000000000e+00 +1.9996480989125065e+00 +2.3029792802951301e-03 +9.9875962700458309e-01 +9.9996751109483040e-01 +9.9994591930748611e-01 +9.9996049909778861e-01 +9.9996351703434572e-01 -1.4434556643855370e-05 +2.7442550493170318e-04 +3.3254422134843529e-04 +3.1852693593236261e-04 +4.9186434584773246e-04
140.00000000 +5.0000000000000000e+00 +1.9996598254657814e+00 +2.2974743729489984e-03 +9.9881713056905941e-01 +9.9995115967795511e-01 +9.9997769874936038e-01 +9.9994187632564480e-01 +9.9995910703067192e-01 +7.2059285044808458e-05 +7.3613761215682652e-05 +4.6395128586904647e-04 +3.7430499316994711e-04 +3.6909832040294235e-04
140.50000000 +5.0000000000000000e+00 +1.9996950691141520e+00 +2.1828417843374639e-03 +9.9908506945138209e-01 +9.9996116404022928e-01 +9.9996412780362542e-01 +9.9998218816444417e-01 +9.9996578290853277e-01 +2.0190774117462455e-04 +4.2302318820133111e-04 +1.3561649719216645e-04 +2.2531540709223405e-04 +5.5804791666277573e-05
141.00000000 +5.0000000000000000e+00 +1.9996701127687069e+00 +2.3082584708230490e-03 +9.9878489589897945e-01 +9.9996129398437750e-01 +9.9997196784154430e-01 +9.9997332852693355e-01 +9.9997444856072915e-01 +3.3793731006522400e-04 +1.6518357714595690e-04 +1.2651045693082668e-04 +3.8109899186550565e-04 +3.2333485491629655e-04
141.50000000 +5.0000000000000000e+00 +1.9996949999275160e+00 +2.2340633680215760e-03 +9.9895403523914983e-01 +9.9994959752738755e-01 +9.9996282221975952e-01 +9.9996639330225712e-01 +9.9998895852906622e-01 +1.5320429029077101e-04 +6.3967202787305881e-06 +1.2716790044543742e-04 +4.9061127396191474e-04 +4.0081300207715103e-04
142.00000000 +5.0000000000000000e+00 +1.9996810519641404e+00 +2.4290255302653993e-03 +9.9849598996909184e-01 +9.9997476156565679e-01 +9.9994049977688337e-01 +9.9995837396602061e-01 +9.9995656027996227e-01 +2.1439258123777242e-04 +3.4986931169907150e-04 +3.6532349443121621e-04 +4.3002295379749943e-04 +3.1420609496617737e-04
142.50000000 +5.0000000000000000e+00 +1.9997580657123828e+00 +2.2167919170682374e-03 +9.9905752376002077e-01 +9.9996574043095654e-01 +9.9996385025657508e-01 +9.9995202148575746e-01 +9.9995973468667743e-01 +2.2351167164179451e-05 +2.5758447811803853e-04 +2.4801451309370090e-04 +3.6310454834291366e-04 +2.1007467302445443e-04
143.00000000 +5.0000000000000000e+00 +1.9996196695295632e+00 +2.3141080887921859e-03 +9.9877346092205777e-01 +9.9993870675780472e-01 +9.9995007688846704e-01 +9.9995265657540655e-01 +9.9993281735263462e-01 +2.8575887460776907e-04 +2.9125443889423060e-04 +1.7474156460471586e-04 +3.7577415155657263e-04 +3.2475247723262276e-04
143.50000000 +5.0000000000000000e+00 +1.9996495430619809e+00 +2.3515660412655698e-03 +9.9865335693359747e-01 +9.9994915132891249e-01 +9.9998005408668555e-01 +9.9997477292930748e-01 +9.9994798224779269e-01 +1.6187164397377311e-04 +3.5947503996899285e-04 +2.0671094772057940e-04 +5.2569189902819684e-04 +2.4093293402098527e-04
144.00000000 +5.0000000000000000e+00 +1.9996336888117858e+00 +2.3354007246587727e-03 +9.9872650094811111e-01 +9.9995152130898357e-01 +9.9996225720918741e-01 +9.9997736409083970e-01 +9.9996574073685307e-01 +1.4675385968598707e-04 +2.8349679021807207e-04 +3.9059097003572846e-04 +1.5754053793845061e-04 +4.3823354688733365e-04
144.50000000 +5.0000000000000000e+00 +1.9997342802411531e+00 +2.1221514744233028e-03 +9.9923804181212716e-01 +9.9997579013229632e-01 +9.9993237019366965e-01 +9.9993563031189248e-01 +9.9995634605146977e-01 +4.5636019032999435e-05 +1.6059514264240955e-04 +2.2201222522003314e-04 +1.7824856858666540e-04 +3.5532954307415676e-04
145.00000000 +5.0000000000000000e+00 +1.9997054582545286e+00 +2.1885993288109592e-03 +9.9906634740550637e-01 +9.9994241017620944e-01 +9.9993914814938722e-01 +9.9996816696360757e-01 +9.9996270184543079e-01 +3.7869750460000647e-04 +1.7929787710383967e-04 +4.0058895791325708e-05 +3.1113957070619280e-04 +2.1203161172579589e-04
145.50000000 +5.0000000000000000e+00 +1.9996633663660737e+00 +2.2765655666197515e-03 +9.9886060100486040e-01 +9.9997604886120761e-01 +9.9996319634322384e-01 +9.9998235889755360e-01 +9.9994926937985706e-01 +2.5494787550977345e-04 +3.1056871669971471e-04 +1.2789387653467038e-05 +2.9836960432905158e-04 +3.9184992316072359e-04
146.00000000 +5.0000000000000000e+00 +1.9997236502693998e+00 +2.0329669029223855e-03 +9.9945898062436844e-01 +9.9995279476757515e-01 +9.9996550736465173e-01 +9.9996492550901106e-01 +9.9995920506409264e-01 +1.2842372054940781e-04 +1.3582075861282659e-04 +2.8601242852546239e-04 -3.6501059957153014e-06 +1.5197986970451894e-04
146.50000000 +5.0000000000000000e+00 +1.9997043347664565e+00 +2.0492279440677387e-03 +9.9944904178511085e-01 +9.9996123408021531e-01 +9.9997623286162562e-01 +9.9995484198984363e-01 +9.9996239493775529e-01 -1.1766996347576736e-04 +4.2684026664159932e-04 +1.5916157097318285e-04 +1.8933070058999626e-04 +3.8591770387645655e-05
147.00000000 +5.0000000000000000e+00 +1.9996150190032129e+00 +2.3985584440199166e-03 +9.9856619634023269e-01 +9.9994442835947428e-01 +9.9995767663066537e-01 +9.9996232693278431e-01 +9.9997505566084821e-01 +2.7762377052068427e-04 +4.5419659231767280e-04 +2.9823267117152884e-04 +3.3874065128659608e-04 +2.2552238823549760e-04
147.50000000 +5.0000000000000000e+00 +1.9996394545039891e+00 +2.2556277809043820e-03 +9.9891750544820124e-01 +9.9996584886588868e-01 +9.9995051833367199e-01 +9.9995763851305186e-01 +9.9996621600578106e-01 +2.1335750513377431e-04 +3.3306642797319874e-04 +1.3920302363212584e-04 +3.2002151916540081e-04 +2.3662436138677305e-04
148.00000000 +5.0000000000000000e+00 +1.9996420599725202e+00 +2.2919860960142276e-03 +9.9882457106253253e-01 +9.9997670963565766e-01 +9.9995395295546441e-01 +9.9996160134314205e-01 +9.9993974067970026e-01 +1.1077649474860460e-04 +4.0133574025750694e-04 +3.3951476943578463e-04 +2.7143867126768010e-04 +2.2035864745974086e-04
148.50000000 +5.0000000000000000e+00 +1.9997162047598838e+00 +2.2276580952274249e-03 +9.9901027937653530e-01 +9.9997194861705119e-01 +9.9994425676175669e-01 +9.9994423069940497e-01 +9.9995154513900042e-01 +2.0385983660014631e-04 +3.6403885882406158e-04 +9.7438366066172693e-05 +3.1869661171594508e-04 +1.9370573425522096e-04
149.00000000 +5.0000000000000000e+00 +1.9995171909055003e+00 +2.5454836280587850e-03 +9.9814494111806362e-01 +9.9995012148618823e-01 +9.9993436336757047e-01 +9.9994370387248777e-01 +9.9994675234956920e-01 +3.1302946199297257e-04 +2.9993338609015003e-04 +3.7104540283884992e-04 +6.4895649127272206e-04 +4.4715306856072995e-04
149.50000000 +5.0000000000000000e+00 +1.9996205052984848e+00 +2.1787428783927830e-03 +9.9913512769505963e-01 +9.9996283167716160e-01 +9.9994092529225898e-01 +9.9995292252722257e-01 +9.9993757299654595e-01 +1.9116208447916310e-04 +4.2131463377140146e-04 +7.4920936828324884e-05 +1.2322874089367976e-04 +2.5999341470924544e-04
150.00000000 +5.0000000000000000e+00 +1.9996535033469887e+00 +2.4134485627585536e-03 +9.9853776432054386e-01 +9.9995827040221030e-01 +9.9996580115121381e-01 +9.9997847602275458e-01 +9.9996356652281626e-01 +2.3652330084646323e-04 +5.1394721228945571e-04 +3.4359574125753309e-04 +2.1528061868607173e-04 +2.8677470351521093e-04
