#PATCH_CHECK: SepMBpoisson v0.60 fullmb-kondo adaptive-t500 active
#discretizing the bath:
#     0 0.0000000000000000e+00 -9.1873305439137479e-02
#     1 1.4907119849998599e-03 -1.6757690912098677e-01
#     2 1.4907119849998599e-03 -1.6702742487945041e-01
#     3 1.4907119849998599e-03 -1.6647743812614874e-01
#     4 1.4907119849998599e-03 -1.6592694931979771e-01
#     5 1.4907119849998599e-03 -1.6537595891785956e-01
#     6 1.4907119849998599e-03 -1.6482446737654810e-01
#     7 1.4907119849998599e-03 -1.6427247515083465e-01
#     8 1.4907119849998599e-03 -1.6371998269445365e-01
#     9 1.4907119849998599e-03 -1.6316699045990815e-01
#adaptive measurement: gap=5.5099040193815063e-04 period_steps=22807 nmeas=300 nwf=300 tmax=1.5000000000000000e+02 forced_stride=1
  0.00000000 +5.0000000000000000e+00 +1.9999999999999998e+00 +1.8374661879283106e-03 +1.0000000000000000e+00 +1.0000000000000000e+00 +1.0000000000000000e+00 +1.0000000000000000e+00 +1.0000000000000000e+00 +0.0000000000000000e+00 +0.0000000000000000e+00 +0.0000000000000000e+00 +0.0000000000000000e+00 +0.0000000000000000e+00
  0.50000000 +5.0000000000000000e+00 +2.0000000000125957e+00 +1.8385825174407305e-03 +9.9999716592103305e-01 +1.0000000000110820e+00 +1.0000000000110820e+00 +1.0000000000110820e+00 +1.0000000000110820e+00 +5.5966496156442355e-07 +5.6107304180988902e-07 +5.7402738006817327e-07 +5.6520341052992180e-07 +5.7412125208453775e-07
  1.00000000 +5.0000000000000000e+00 +1.9999999999451246e+00 +1.8418972130764552e-03 +9.9998874902521295e-01 +9.9999999999218492e-01 +9.9999999999232625e-01 +9.9999999999218492e-01 +9.9999999999232625e-01 +2.2625055158397418e-06 +2.2244203783874742e-06 +2.2667606078391987e-06 +2.2390846213783009e-06 +2.2582044094503738e-06
  1.50000000 +5.0000000000000000e+00 +2.0000000006033196e+00 +1.8473256741071322e-03 +9.9997495920074775e-01 +9.9999999998040279e-01 +9.9999999998039457e-01 +9.9999999998527700e-01 +9.9999999998208766e-01 +5.0409229406119992e-06 +4.9392787654548722e-06 +5.0471002762010239e-06 +4.9716003298738379e-06 +5.0419524490019007e-06
  2.00000000 +5.0000000000000000e+00 +2.0000000004025238e+00 +1.8547008342225467e-03 +9.9995621255744449e-01 +9.9999999994079847e-01 +9.9999999994550426e-01 +9.9999999994542021e-01 +9.9999999993477895e-01 +8.7616118123307572e-06 +8.6826672190477672e-06 +8.8425260399860706e-06 +8.7136920257239594e-06 +8.7871788326915031e-06
  2.50000000 +5.0000000000000000e+00 +2.0000000038867376e+00 +1.8638492617587452e-03 +9.9993293934422622e-01 +9.9999999984086219e-01 +9.9999999984822452e-01 +9.9999999984551224e-01 +9.9999999982207233e-01 +1.3434926334566906e-05 +1.3313610978380288e-05 +1.3491756551386392e-05 +1.3362580195707135e-05 +1.3458403362351684e-05
  3.00000000 +5.0000000000000000e+00 +2.0000000015249180e+00 +1.8745357402197645e-03 +9.9990572444923798e-01 +9.9999999966090647e-01 +9.9999999968382658e-01 +9.9999999967472553e-01 +9.9999999962947295e-01 +1.8976767753711086e-05 +1.8707365998888286e-05 +1.8951621212503667e-05 +1.8788878739894988e-05 +1.8852312539196050e-05
  3.50000000 +5.0000000000000000e+00 +1.9999999882033310e+00 +1.8865669239241701e-03 +9.9987504336180344e-01 +9.9999999931980965e-01 +9.9999999936656014e-01 +9.9999999936842454e-01 +9.9999999928170180e-01 +2.5166280432642971e-05 +2.4789429556958633e-05 +2.5067344568618906e-05 +2.4922837757718509e-05 +2.5013429790940954e-05
  4.00000000 +5.0000000000000000e+00 +1.9999999848832863e+00 +1.8995147502142882e-03 +9.9984196963842242e-01 +9.9999999878796564e-01 +9.9999999890051172e-01 +9.9999999887180235e-01 +9.9999999873284029e-01 +3.1802479144055186e-05 +3.1498564685027222e-05 +3.1737081293717774e-05 +3.1459255945865601e-05 +3.1537666049531053e-05
  4.50000000 +5.0000000000000000e+00 +1.9999999754296549e+00 +1.9131641980187396e-03 +9.9980703547920968e-01 +9.9999999811699980e-01 +9.9999999816457930e-01 +9.9999999820229335e-01 +9.9999999793385219e-01 +3.8875611348819627e-05 +3.8381828591428689e-05 +3.8706268950314309e-05 +3.8488173778625036e-05 +3.8520194220878398e-05
  5.00000000 +5.0000000000000000e+00 +1.9999999891098756e+00 +1.9270178306646428e-03 +9.9977148898084878e-01 +9.9999999717912191e-01 +9.9999999717897881e-01 +9.9999999728814726e-01 +9.9999999695506148e-01 +4.5942491991535872e-05 +4.5578930789129843e-05 +4.5879715018185697e-05 +4.5471214878521971e-05 +4.5649994966374362e-05
  5.50000000 +5.0000000000000000e+00 +1.9999999800691788e+00 +1.9408834276030407e-03 +9.9973580943381635e-01 +9.9999999595851774e-01 +9.9999999586940935e-01 +9.9999999600860090e-01 +9.9999999563994224e-01 +5.3228828051199439e-05 +5.2771420071787644e-05 +5.3078372391229177e-05 +5.2456184761987950e-05 +5.2672247716187908e-05
  6.00000000 +5.0000000000000000e+00 +1.9999999664897448e+00 +1.9542335441797400e-03 +9.9970132636764630e-01 +9.9999999439015808e-01 +9.9999999421753882e-01 +9.9999999440302434e-01 +9.9999999398224593e-01 +5.9960553185374436e-05 +5.9638418796281895e-05 +6.0066700350456825e-05 +5.9416810954558539e-05 +5.9614132175113562e-05
  6.50000000 +5.0000000000000000e+00 +1.9999999676889753e+00 +1.9668706363652816e-03 +9.9966854039150099e-01 +9.9999999235344716e-01 +9.9999999221042213e-01 +9.9999999244541438e-01 +9.9999999190173394e-01 +6.6667154844710056e-05 +6.6219663709893574e-05 +6.6434960994905663e-05 +6.6102049693171072e-05 +6.6066894141147476e-05
  7.00000000 +5.0000000000000000e+00 +1.9999999318676713e+00 +1.9781966854909771e-03 +9.9963895141556014e-01 +9.9999999002848394e-01 +9.9999998988151961e-01 +9.9999999009596419e-01 +9.9999998909306853e-01 +7.2590243936696168e-05 +7.2043014467722513e-05 +7.2364529660514911e-05 +7.2021827894327306e-05 +7.2069895075623758e-05
  7.50000000 +5.0000000000000000e+00 +1.9999999074844623e+00 +1.9886414615961092e-03 +9.9961150381514274e-01 +9.9999998734284312e-01 +9.9999998700294701e-01 +9.9999998712545546e-01 +9.9999998627635212e-01 +7.8464767649966556e-05 +7.7818502022909184e-05 +7.7845089109422706e-05 +7.7211936474109959e-05 +7.7208103031210906e-05
  8.00000000 +5.0000000000000000e+00 +1.9999997901797577e+00 +1.9970864945543765e-03 +9.9958902102067826e-01 +9.9999998361082487e-01 +9.9999998357043240e-01 +9.9999998380076494e-01 +9.9999998269651180e-01 +8.3125569797914040e-05 +8.2033009229142263e-05 +8.2353791459871940e-05 +8.1531849625595656e-05 +8.2001039546352416e-05
  8.50000000 +5.0000000000000000e+00 +1.9999997169534847e+00 +2.0035993474016253e-03 +9.9957134746244491e-01 +9.9999998037087356e-01 +9.9999997960226439e-01 +9.9999998086183139e-01 +9.9999997957489628e-01 +8.6330235378444730e-05 +8.6112087423169742e-05 +8.5895786232229648e-05 +8.5093084041265219e-05 +8.5301014080598966e-05
  9.00000000 +5.0000000000000000e+00 +1.9999996474317228e+00 +2.0087222978855406e-03 +9.9955715757787533e-01 +9.9999997645352101e-01 +9.9999997560763676e-01 +9.9999997633830695e-01 +9.9999997495215054e-01 +8.9244644520322232e-05 +8.9036350871913656e-05 +8.8218206293112016e-05 +8.8208495894240120e-05 +8.8231348062189303e-05
  9.50000000 +5.0000000000000000e+00 +1.9999996049200131e+00 +2.0104951610543831e-03 +9.9955137361590352e-01 +9.9999997190656176e-01 +9.9999997171703314e-01 +9.9999997218377235e-01 +9.9999997017541142e-01 +9.0364207224913367e-05 +9.0824976979005261e-05 +8.9020568452474069e-05 +8.8913099857838856e-05 +8.9617536857751877e-05
 10.00000000 +5.0000000000000000e+00 +1.9999995700443196e+00 +2.0115416046673569e-03 +9.9954747402216892e-01 +9.9999996704715699e-01 +9.9999996687708936e-01 +9.9999996749748377e-01 +9.9999996532276580e-01 +9.1426749709433669e-05 +9.0469367968430144e-05 +9.0455991941759418e-05 +9.0434703386506289e-05 +8.9872366026344755e-05
 10.50000000 +5.0000000000000000e+00 +1.9999994598629107e+00 +2.0104785724466929e-03 +9.9954891693325121e-01 +9.9999996254940315e-01 +9.9999996200846109e-01 +9.9999996161887150e-01 +9.9999996041708572e-01 +9.1148933556379596e-05 +9.0385594310509384e-05 +9.0262504861410230e-05 +9.0059602973076457e-05 +8.9379758816873295e-05
 11.00000000 +5.0000000000000000e+00 +1.9999993868688688e+00 +2.0061854958266932e-03 +9.9955859304955230e-01 +9.9999995722549595e-01 +9.9999995619333637e-01 +9.9999995548152543e-01 +9.9999995590850166e-01 +8.9793822941065633e-05 +8.8203152162663541e-05 +8.6923971209302320e-05 +8.8181122541039261e-05 +8.8480105521181562e-05
 11.50000000 +5.0000000000000000e+00 +1.9999993584557343e+00 +2.0011536789245419e-03 +9.9957024633600811e-01 +9.9999994971531248e-01 +9.9999995096101346e-01 +9.9999995265597608e-01 +9.9999994910115964e-01 +8.7041921849853528e-05 +8.5631762282234981e-05 +8.5731159116061049e-05 +8.6169399104707136e-05 +8.5377015781960868e-05
 12.00000000 +5.0000000000000000e+00 +1.9999991094152090e+00 +1.9940058440233027e-03 +9.9958737879812698e-01 +9.9999994613182897e-01 +9.9999994423079086e-01 +9.9999994428103545e-01 +9.9999994256632452e-01 +8.2790810726093828e-05 +8.2791910737543866e-05 +8.2984580416020669e-05 +8.2494960775820027e-05 +8.1781693408136935e-05
 12.50000000 +5.0000000000000000e+00 +1.9999991704759588e+00 +1.9853120425635962e-03 +9.9960863274304845e-01 +9.9999994170419115e-01 +9.9999993971003687e-01 +9.9999993856294811e-01 +9.9999993778202279e-01 +7.9912717189665339e-05 +7.8183579556109938e-05 +7.7038167257032541e-05 +7.8794937575439003e-05 +7.7680146417963665e-05
 13.00000000 +5.0000000000000000e+00 +1.9999987720531021e+00 +1.9748813721731885e-03 +9.9963444097508791e-01 +9.9999993512838470e-01 +9.9999993370259832e-01 +9.9999993337033766e-01 +9.9999993245576713e-01 +7.5472249183307775e-05 +7.3417451684885355e-05 +7.3945285946194143e-05 +7.1578613460766586e-05 +7.1410761439136822e-05
 13.50000000 +5.0000000000000000e+00 +1.9999989002375747e+00 +1.9641918287374664e-03 +9.9966110005616504e-01 +9.9999992583171005e-01 +9.9999992678242400e-01 +9.9999992646109814e-01 +9.9999992892784095e-01 +6.9525327044155574e-05 +6.9034152697136379e-05 +6.7285758855099083e-05 +6.6014207138048367e-05 +6.7332502512083253e-05
 14.00000000 +5.0000000000000000e+00 +1.9999987232870091e+00 +1.9527993977793089e-03 +9.9968980491879111e-01 +9.9999992205968313e-01 +9.9999991889691853e-01 +9.9999992336868526e-01 +9.9999992066616017e-01 +6.3782995100404496e-05 +6.3057758428003007e-05 +6.0847591122061207e-05 +6.1580284901160528e-05 +6.1241461008450861e-05
 14.50000000 +5.0000000000000000e+00 +1.9999987565496293e+00 +1.9402673504144226e-03 +9.9972165451380612e-01 +9.9999991991417925e-01 +9.9999991767078678e-01 +9.9999991619889572e-01 +9.9999991633472562e-01 +5.6145447553065970e-05 +5.8503471393309734e-05 +5.3536883248743814e-05 +5.5142101641761774e-05 +5.5347466606460918e-05
 15.00000000 +5.0000000000000000e+00 +1.9999983949868947e+00 +1.9278828483484604e-03 +9.9975336616424115e-01 +9.9999991030774271e-01 +9.9999991326322613e-01 +9.9999991445189829e-01 +9.9999991527910137e-01 +5.0664659010110813e-05 +4.9846271433003810e-05 +5.0118175676263721e-05 +4.8684864192906753e-05 +4.7666557147875558e-05
 15.50000000 +5.0000000000000000e+00 +1.9999986784755148e+00 +1.9161739822361060e-03 +9.9978373118276942e-01 +9.9999990781126236e-01 +9.9999991227375651e-01 +9.9999991283174683e-01 +9.9999990961516738e-01 +4.4978576353849055e-05 +4.3091605837389240e-05 +4.3304227708060358e-05 +4.3140125848447112e-05 +4.2111747101187790e-05
 16.00000000 +5.0000000000000000e+00 +1.9999983619251906e+00 +1.9059005231072640e-03 +9.9981065236774747e-01 +9.9999990721991994e-01 +9.9999990438374453e-01 +9.9999990823302776e-01 +9.9999990949339912e-01 +4.1421730505106596e-05 +3.7948522137588140e-05 +3.6388055155194876e-05 +3.6218408330970745e-05 +3.7741585095057368e-05
 16.50000000 +5.0000000000000000e+00 +1.9999987889076094e+00 +1.8939083399134111e-03 +9.9984222782119703e-01 +9.9999989894429120e-01 +9.9999989989700055e-01 +9.9999990291847130e-01 +9.9999989901410069e-01 +3.2340573758932786e-05 +3.0956480854389279e-05 +3.2711463700946827e-05 +3.0715769270200417e-05 +3.1447117309268391e-05
 17.00000000 +5.0000000000000000e+00 +1.9999985526913175e+00 +1.8819016613786108e-03 +9.9987404246785794e-01 +9.9999989839834136e-01 +9.9999990340643874e-01 +9.9999990409005046e-01 +9.9999990390251658e-01 +2.6827373041459521e-05 +2.6470916520833361e-05 +2.4690539192489145e-05 +2.4434279029006213e-05 +2.3924567312659798e-05
 17.50000000 +5.0000000000000000e+00 +1.9999982956849862e+00 +1.8755533288970668e-03 +9.9989162832224876e-01 +9.9999989622132002e-01 +9.9999989922825949e-01 +9.9999989127815003e-01 +9.9999989754296426e-01 +2.1767866708787276e-05 +2.1867106693784998e-05 +2.1717263890543493e-05 +2.1870371199873687e-05 +2.1564794823195859e-05
 18.00000000 +5.0000000000000000e+00 +1.9999986283525186e+00 +1.8701474782110007e-03 +9.9990717843233412e-01 +9.9999989429235681e-01 +9.9999988903018444e-01 +9.9999988739106471e-01 +9.9999989691310898e-01 +1.9876165081078253e-05 +1.9102577352463839e-05 +1.9675095422119561e-05 +1.8208966389277093e-05 +1.6391170840089619e-05
 18.50000000 +5.0000000000000000e+00 +1.9999986042452031e+00 +1.8652145203034176e-03 +9.9992162139396867e-01 +9.9999989109395693e-01 +9.9999988684234464e-01 +9.9999989161932601e-01 +9.9999989194904915e-01 +1.5865811626287325e-05 +1.4535873581625009e-05 +1.7766371839850769e-05 +1.4853217333181498e-05 +1.5795792729076176e-05
 19.00000000 +5.0000000000000000e+00 +1.9999987310350498e+00 +1.8614297509678202e-03 +9.9993326205653987e-01 +9.9999989173331738e-01 +9.9999989305319681e-01 +9.9999988978591747e-01 +9.9999988043401555e-01 +1.4134343728910007e-05 +1.2170263125285858e-05 +1.2539169019217879e-05 +1.5072451794855090e-05 +1.3266746313968605e-05
 19.50000000 +5.0000000000000000e+00 +1.9999986811964579e+00 +1.8606573029372804e-03 +9.9993730852619656e-01 +9.9999988507565041e-01 +9.9999988938436579e-01 +9.9999988702146836e-01 +9.9999989251208410e-01 +1.2296704430972708e-05 +1.5216836858694034e-05 +1.1830294615024365e-05 +1.2754690394212272e-05 +1.1039024662734873e-05
 20.00000000 +5.0000000000000000e+00 +1.9999988817936822e+00 +1.8633147777339077e-03 +9.9993279389495482e-01 +9.9999988550252727e-01 +9.9999987555474468e-01 +9.9999988807223217e-01 +9.9999988711823595e-01 +1.3540111593514307e-05 +1.3799006644741733e-05 +1.5113145991682891e-05 +1.1459243181178263e-05 +1.3758400907308752e-05
 20.50000000 +5.0000000000000000e+00 +1.9999988957202068e+00 +1.8637611683296571e-03 +9.9993360474157278e-01 +9.9999987688060055e-01 +9.9999987793614664e-01 +9.9999987526394962e-01 +9.9999988067022405e-01 +1.1873320391167733e-05 +1.1841499724309095e-05 +1.3931786674549452e-05 +1.4890450198711999e-05 +1.4347523736097189e-05
 21.00000000 +5.0000000000000000e+00 +1.9999988284875510e+00 +1.8684848889803107e-03 +9.9992359803862740e-01 +9.9999987658039924e-01 +9.9999988740897139e-01 +9.9999988536531603e-01 +9.9999987862639039e-01 +1.6134022715243428e-05 +1.2959121295976443e-05 +1.5695329972697144e-05 +1.5491403071871996e-05 +1.6594152667432340e-05
 21.50000000 +5.0000000000000000e+00 +1.9999987229541940e+00 +1.8721955132008049e-03 +9.9991592163278409e-01 +9.9999988402576445e-01 +9.9999987056842121e-01 +9.9999988873131029e-01 +9.9999987226848686e-01 +1.6681393043211298e-05 +1.6597508136908277e-05 +1.7794399159672620e-05 +1.7227195466727524e-05 +1.6262253851274820e-05
 22.00000000 +5.0000000000000000e+00 +1.9999988069846331e+00 +1.8789070141119822e-03 +9.9990050764817595e-01 +9.9999988453774336e-01 +9.9999988182375510e-01 +9.9999986382655159e-01 +9.9999986150331344e-01 +2.2122919415700138e-05 +1.9743985420389684e-05 +1.8875932916673412e-05 +2.0377823431896733e-05 +1.8880014632890062e-05
 22.50000000 +5.0000000000000000e+00 +1.9999994025477528e+00 +1.8870378200309995e-03 +9.9988121109675687e-01 +9.9999989150929247e-01 +9.9999988407730167e-01 +9.9999987352270470e-01 +9.9999988644709192e-01 +2.2720078338541874e-05 +2.5285254026324704e-05 +2.5699462005358310e-05 +2.1147532012484447e-05 +2.4401064790865912e-05
 23.00000000 +5.0000000000000000e+00 +1.9999995011973872e+00 +1.8924730358391081e-03 +9.9986853526524333e-01 +9.9999986784689343e-01 +9.9999986646217398e-01 +9.9999987035135429e-01 +9.9999987686328484e-01 +2.7529282778783225e-05 +2.4296099403412038e-05 +2.7092863095314115e-05 +2.6246960186617098e-05 +2.6817970748148591e-05
 23.50000000 +5.0000000000000000e+00 +1.9999988446510166e+00 +1.9053464144468671e-03 +9.9983645549491085e-01 +9.9999986310820110e-01 +9.9999987836082138e-01 +9.9999986605739488e-01 +9.9999986695359089e-01 +2.8787396447288559e-05 +3.1668892091521797e-05 +3.1754998205734509e-05 +3.5354765753355474e-05 +3.6503982720292104e-05
 24.00000000 +5.0000000000000000e+00 +1.9999990063111615e+00 +1.9141934526264223e-03 +9.9981424345567260e-01 +9.9999986722865919e-01 +9.9999986822184339e-01 +9.9999985626622045e-01 +9.9999986614009562e-01 +3.6840628554116856e-05 +3.4614788787169476e-05 +3.7481766803659932e-05 +4.2145776334642843e-05 +3.5215762681656851e-05
 24.50000000 +5.0000000000000000e+00 +1.9999987855909171e+00 +1.9205592375631743e-03 +9.9979839479890753e-01 +9.9999986080871683e-01 +9.9999987113101008e-01 +9.9999985371912947e-01 +9.9999986580226430e-01 +4.0988891222746197e-05 +3.9617167359530955e-05 +3.9028320101618043e-05 +4.0912996034788546e-05 +4.1606305038961803e-05
 25.00000000 +5.0000000000000000e+00 +1.9999984585013215e+00 +1.9362932359463987e-03 +9.9975804643825961e-01 +9.9999986026956933e-01 +9.9999985501250843e-01 +9.9999986748172309e-01 +9.9999981701016571e-01 +4.9989363678301360e-05 +4.8771657567770781e-05 +4.6784603871033972e-05 +5.1507282420012893e-05 +4.5500854733841120e-05
 25.50000000 +5.0000000000000000e+00 +1.9999985314711839e+00 +1.9436084441310567e-03 +9.9973873764430976e-01 +9.9999982901321149e-01 +9.9999984093781735e-01 +9.9999984391130259e-01 +9.9999983577168627e-01 +5.1511597172109866e-05 +5.4332755603109278e-05 +5.5101642747098824e-05 +5.3095634859559060e-05 +4.7871142923124205e-05
 26.00000000 +5.0000000000000000e+00 +1.9999991984810013e+00 +1.9532321438102498e-03 +9.9971370966221929e-01 +9.9999980948073264e-01 +9.9999983803442294e-01 +9.9999984149652243e-01 +9.9999982007878363e-01 +6.1796257704704164e-05 +5.6619719678290216e-05 +5.4911480358731101e-05 +5.5766631910257513e-05 +5.7887161749605642e-05
 26.50000000 +5.0000000000000000e+00 +1.9999989587755664e+00 +1.9623605177997009e-03 +9.9968909911468518e-01 +9.9999983143567317e-01 +9.9999983017805394e-01 +9.9999983314927099e-01 +9.9999981732658871e-01 +5.9006810818788213e-05 +6.6929462387022953e-05 +6.4509269368333495e-05 +6.2172866313197977e-05 +5.8970380090129800e-05
 27.00000000 +5.0000000000000000e+00 +1.9999981038521240e+00 +1.9709395356493501e-03 +9.9966566876796248e-01 +9.9999979114715520e-01 +9.9999981422726669e-01 +9.9999981156623907e-01 +9.9999981193522380e-01 +6.8756302466376019e-05 +6.7187357999900821e-05 +6.6478732833219180e-05 +6.7195903591149505e-05 +6.5484006270695509e-05
 27.50000000 +5.0000000000000000e+00 +1.9999986767330804e+00 +1.9764482799675452e-03 +9.9964995211399943e-01 +9.9999980155444790e-01 +9.9999982703058898e-01 +9.9999979161399488e-01 +9.9999978441894033e-01 +6.9701442772595907e-05 +6.9398402820559476e-05 +7.0424973623132056e-05 +6.7874313593768962e-05 +7.3444172917991920e-05
 28.00000000 +5.0000000000000000e+00 +1.9999972459211330e+00 +1.9799933706524872e-03 +9.9963864173155625e-01 +9.9999980668255362e-01 +9.9999979844346432e-01 +9.9999980589734005e-01 +9.9999978816077406e-01 +7.4131507030403054e-05 +6.7858140540796882e-05 +7.2011923104024235e-05 +7.6893645467201657e-05 +7.1263911596157527e-05
 28.50000000 +5.0000000000000000e+00 +1.9999973326145188e+00 +1.9863195516663270e-03 +9.9962057297755791e-01 +9.9999978329633910e-01 +9.9999978741183526e-01 +9.9999982785614716e-01 +9.9999976927185541e-01 +7.8030138283021667e-05 +7.5981027728064653e-05 +7.4996538419901693e-05 +7.3836783808227933e-05 +7.7414695274692570e-05
 29.00000000 +5.0000000000000000e+00 +1.9999966147441504e+00 +1.9814080342063561e-03 +9.9963054173005561e-01 +9.9999975339415259e-01 +9.9999974220979138e-01 +9.9999977137941687e-01 +9.9999975964927734e-01 +7.5528102814290501e-05 +7.6593176866048788e-05 +6.7136345190534809e-05 +7.5914041984143598e-05 +7.5260023423054411e-05
 29.50000000 +5.0000000000000000e+00 +1.9999969242746574e+00 +1.9854820353390639e-03 +9.9961827150786275e-01 +9.9999976246253319e-01 +9.9999975731296209e-01 +9.9999976590767403e-01 +9.9999975531482888e-01 +7.6601888461156134e-05 +7.4494351306319642e-05 +7.9607637208853715e-05 +7.5392287768536999e-05 +7.6591312651785333e-05
 30.00000000 +5.0000000000000000e+00 +1.9999967313606064e+00 +1.9846553245564938e-03 +9.9961794106776869e-01 +9.9999974056280472e-01 +9.9999975188976931e-01 +9.9999975320284407e-01 +9.9999975477911862e-01 +7.8940503951869967e-05 +7.6059827990220195e-05 +7.9529206498838364e-05 +7.0750765016552357e-05 +7.7778249092050195e-05
 30.50000000 +5.0000000000000000e+00 +1.9999959412849853e+00 +1.9859995888352458e-03 +9.9961202591866050e-01 +9.9999972652927183e-01 +9.9999976049434924e-01 +9.9999975365340388e-01 +9.9999972602732590e-01 +7.7011336862239680e-05 +7.8423325795967357e-05 +7.4668653876378319e-05 +7.8313468954164178e-05 +8.0590571584681590e-05
 31.00000000 +5.0000000000000000e+00 +1.9999957816829366e+00 +1.9880454053595783e-03 +9.9960477907201617e-01 +9.9999976612358066e-01 +9.9999970514740311e-01 +9.9999972843482032e-01 +9.9999970823723627e-01 +8.1518760574628195e-05 +7.6011188701413532e-05 +8.1149002918766945e-05 +7.9781420266029172e-05 +7.7852609341551445e-05
 31.50000000 +5.0000000000000000e+00 +1.9999943809938994e+00 +1.9776277440179597e-03 +9.9962875783644234e-01 +9.9999967977944526e-01 +9.9999971685757783e-01 +9.9999974567171057e-01 +9.9999968835248265e-01 +7.4889946734063806e-05 +7.4232625604910666e-05 +7.2278343856531832e-05 +7.5213583772632529e-05 +7.5797005548639042e-05
 32.00000000 +5.0000000000000000e+00 +1.9999954212290743e+00 +1.9751921897789484e-03 +9.9963416520014114e-01 +9.9999972433383821e-01 +9.9999964617057513e-01 +9.9999969650156839e-01 +9.9999968338122491e-01 +7.5217994014514480e-05 +7.6949015216934224e-05 +7.4952885914700008e-05 +6.8588651774513593e-05 +7.1375914873660296e-05
 32.50000000 +5.0000000000000000e+00 +1.9999936755572572e+00 +1.9700214159782360e-03 +9.9964544948970990e-01 +9.9999963260054159e-01 +9.9999966789337746e-01 +9.9999969511692532e-01 +9.9999967412135049e-01 +7.1197107939042296e-05 +7.2654338358424733e-05 +7.1547784758498159e-05 +7.0399354764469972e-05 +7.0082196356535765e-05
 33.00000000 +5.0000000000000000e+00 +1.9999937426889467e+00 +1.9671111970187261e-03 +9.9965169072942650e-01 +9.9999969441517156e-01 +9.9999966244901517e-01 +9.9999970921364945e-01 +9.9999965696188386e-01 +7.0233874366259534e-05 +7.6880060244163427e-05 +6.4551704221680074e-05 +7.1987388787129322e-05 +6.5933186826715415e-05
 33.50000000 +5.0000000000000000e+00 +1.9999939368577815e+00 +1.9587389220945472e-03 +9.9967257009431609e-01 +9.9999961043648422e-01 +9.9999960860037396e-01 +9.9999962928615671e-01 +9.9999969355069163e-01 +6.5968176313800774e-05 +6.9531677022211075e-05 +6.3501503293976903e-05 +6.5376377211576799e-05 +6.4510279530024199e-05
 34.00000000 +5.0000000000000000e+00 +1.9999933616998191e+00 +1.9468725751084475e-03 +9.9970218146639989e-01 +9.9999961942051707e-01 +9.9999957945431472e-01 +9.9999960743503624e-01 +9.9999960203017335e-01 +6.2167792074954036e-05 +6.1797552545673907e-05 +5.8637063066439577e-05 +6.3501238379013036e-05 +5.3306533499846426e-05
 34.50000000 +5.0000000000000000e+00 +1.9999924395559499e+00 +1.9479200604084479e-03 +9.9969879785553306e-01 +9.9999964345955195e-01 +9.9999954557233317e-01 +9.9999964707291022e-01 +9.9999961400906023e-01 +6.2607887512453129e-05 +6.2443973338250844e-05 +6.2279097318134228e-05 +5.5032806126152021e-05 +6.0388233770482049e-05
 35.00000000 +5.0000000000000000e+00 +1.9999936674316212e+00 +1.9411231338261855e-03 +9.9971655492823985e-01 +9.9999959752530776e-01 +9.9999962742216097e-01 +9.9999959278486639e-01 +9.9999957305736953e-01 +5.8392664422636788e-05 +6.0057980002764111e-05 +5.6811812411903567e-05 +5.3607676645941538e-05 +5.6184130415262556e-05
 35.50000000 +5.0000000000000000e+00 +1.9999946382046545e+00 +1.9304466684878887e-03 +9.9974490098434765e-01 +9.9999960055450166e-01 +9.9999958138255818e-01 +9.9999956928599221e-01 +9.9999964142220876e-01 +5.6877629074694115e-05 +5.2329716319781160e-05 +4.7439816278145064e-05 +4.8958874703920983e-05 +5.1100349429702338e-05
 36.00000000 +5.0000000000000000e+00 +1.9999933739585352e+00 +1.9271731150191341e-03 +9.9975379215160298e-01 +9.9999962228817108e-01 +9.9999958507805686e-01 +9.9999960113144881e-01 +9.9999959087534429e-01 +5.4619163722130234e-05 +4.5777839599066248e-05 +4.8623947178132583e-05 +4.9218096886461204e-05 +4.9569423688780050e-05
 36.50000000 +5.0000000000000000e+00 +1.9999924493512089e+00 +1.9221372407476859e-03 +9.9976731449854683e-01 +9.9999957415640250e-01 +9.9999956508562104e-01 +9.9999960165106605e-01 +9.9999955575773203e-01 +4.2818413206990301e-05 +4.9279544422583391e-05 +5.2601433950672698e-05 +4.3972380923475629e-05 +4.5717032254981959e-05
 37.00000000 +5.0000000000000000e+00 +1.9999929583779630e+00 +1.9182755411688193e-03 +9.9977808480090813e-01 +9.9999964058739710e-01 +9.9999950734623644e-01 +9.9999960850984915e-01 +9.9999950961559514e-01 +4.3655150649066770e-05 +4.1093527024744641e-05 +4.2834183709585281e-05 +4.7668249077762367e-05 +4.8397966284084774e-05
 37.50000000 +5.0000000000000000e+00 +1.9999945589335579e+00 +1.9095327978530981e-03 +9.9980232107585043e-01 +9.9999957064658818e-01 +9.9999950957391948e-01 +9.9999957164376785e-01 +9.9999954866065033e-01 +3.8959722727676958e-05 +3.6480349106770290e-05 +4.4443608087811409e-05 +3.6280563323533638e-05 +4.3314204632226270e-05
 38.00000000 +5.0000000000000000e+00 +1.9999926316733143e+00 +1.9057413675668137e-03 +9.9981396506224995e-01 +9.9999957024692587e-01 +9.9999949929429843e-01 +9.9999953624016569e-01 +9.9999954790134538e-01 +4.1587951817892210e-05 +3.2262439236302763e-05 +4.0284678615660697e-05 +3.5978904616063549e-05 +3.7767219173526766e-05
 38.50000000 +5.0000000000000000e+00 +1.9999934657561838e+00 +1.9102714488198438e-03 +9.9980429237319390e-01 +9.9999956991665218e-01 +9.9999951513873353e-01 +9.9999957253531502e-01 +9.9999958491549990e-01 +4.0754263439387224e-05 +4.1650726267934934e-05 +4.4508120325376692e-05 +4.2832040323443470e-05 +2.7720018868114911e-05
 39.00000000 +5.0000000000000000e+00 +1.9999924890367611e+00 +1.9072196692516020e-03 +9.9981313060404009e-01 +9.9999942954962584e-01 +9.9999951601760684e-01 +9.9999951110570973e-01 +9.9999946526932548e-01 +4.0719500982364379e-05 +3.5771455600644939e-05 +3.6423011942957867e-05 +4.4268750179719021e-05 +3.1764783374222603e-05
 39.50000000 +5.0000000000000000e+00 +1.9999933618660495e+00 +1.9006846018484352e-03 +9.9983188784617172e-01 +9.9999953049723345e-01 +9.9999946726860234e-01 +9.9999956815517710e-01 +9.9999953028135824e-01 +3.3878361355872704e-05 +2.9218594601937098e-05 +3.6538260391805999e-05 +3.8349313945373043e-05 +3.2031479407083854e-05
 40.00000000 +5.0000000000000000e+00 +1.9999928350613243e+00 +1.9030922885912148e-03 +9.9982757644401610e-01 +9.9999955215920555e-01 +9.9999951535371168e-01 +9.9999952787490431e-01 +9.9999957214006907e-01 +3.8600037253016952e-05 +3.3399993789191140e-05 +4.0017020280055026e-05 +2.8238121526546255e-05 +3.4000885941726522e-05
 40.50000000 +5.0000000000000000e+00 +1.9999940573886523e+00 +1.9077359989806027e-03 +9.9981828651820326e-01 +9.9999955418884101e-01 +9.9999957070421153e-01 +9.9999943591919493e-01 +9.9999960943777733e-01 +3.1993081284314691e-05 +3.7851647618968470e-05 +3.6754337292567385e-05 +3.3634333099604293e-05 +4.3309806250183005e-05
 41.00000000 +5.0000000000000000e+00 +1.9999959324739300e+00 +1.9121223938740105e-03 +9.9980925643073726e-01 +9.9999948961537299e-01 +9.9999941622186617e-01 +9.9999952990190666e-01 +9.9999943389965584e-01 +3.8085757790181088e-05 +3.5611245095368671e-05 +3.7114209211976510e-05 +4.3136627911324676e-05 +3.8926093966084608e-05
 41.50000000 +5.0000000000000000e+00 +1.9999938256612637e+00 +1.9153489647363421e-03 +9.9980180445623978e-01 +9.9999952076894261e-01 +9.9999957745455192e-01 +9.9999954633414756e-01 +9.9999946030610409e-01 +3.5441440192472230e-05 +3.9746908361112384e-05 +4.3203048258545421e-05 +3.9775139068461226e-05 +4.1924100464909457e-05
 42.00000000 +5.0000000000000000e+00 +1.9999941617574781e+00 +1.9189991856494143e-03 +9.9979402684056307e-01 +9.9999951146074051e-01 +9.9999954245151801e-01 +9.9999946622086766e-01 +9.9999949129691235e-01 +4.2974867412977274e-05 +4.3178210551848057e-05 +3.9654749273371948e-05 +4.0880264577359209e-05 +4.1273649374950069e-05
 42.50000000 +5.0000000000000000e+00 +1.9999937400803411e+00 +1.9191686482683754e-03 +9.9979540153495805e-01 +9.9999934714628702e-01 +9.9999941144033111e-01 +9.9999949527634324e-01 +9.9999954459597673e-01 +3.9500530927375677e-05 +4.3670345067277053e-05 +4.6516385570433884e-05 +3.8381025193939624e-05 +3.8731745561707755e-05
 43.00000000 +5.0000000000000000e+00 +1.9999948470615383e+00 +1.9279006760215091e-03 +9.9977355286500624e-01 +9.9999932811087466e-01 +9.9999949229853957e-01 +9.9999934582814121e-01 +9.9999944285142461e-01 +4.8848222043475177e-05 +4.5810293741934317e-05 +4.4009144725799296e-05 +4.6993817675435399e-05 +4.3176542580383591e-05
 43.50000000 +5.0000000000000000e+00 +1.9999930854199770e+00 +1.9238426701022407e-03 +9.9978427764479627e-01 +9.9999939872246535e-01 +9.9999939863680309e-01 +9.9999945080804742e-01 +9.9999939718861230e-01 +4.1089157608166345e-05 +4.1463566352893449e-05 +3.5205049455147191e-05 +5.1177128652214527e-05 +4.9142053133391443e-05
 44.00000000 +5.0000000000000000e+00 +1.9999950511287978e+00 +1.9355131645939375e-03 +9.9975610261553294e-01 +9.9999946460933986e-01 +9.9999942067159786e-01 +9.9999951643473861e-01 +9.9999928711019270e-01 +4.8908509126334800e-05 +4.9942084393276327e-05 +4.3662134116605716e-05 +5.6512247105507311e-05 +4.7183600979118215e-05
 44.50000000 +5.0000000000000000e+00 +1.9999938800966623e+00 +1.9383205864782723e-03 +9.9974816047627979e-01 +9.9999942780477058e-01 +9.9999951911250673e-01 +9.9999941544902593e-01 +9.9999941583439866e-01 +5.1275723804864460e-05 +4.8117581404695831e-05 +5.2148288065990288e-05 +5.1897971358775202e-05 +5.0621740119209126e-05
 45.00000000 +5.0000000000000000e+00 +1.9999930921247975e+00 +1.9395814094877130e-03 +9.9974522883574335e-01 +9.9999931617450066e-01 +9.9999944809990404e-01 +9.9999932818126269e-01 +9.9999955948969599e-01 +4.8786132418652232e-05 +4.8644766871630004e-05 +5.2297924779179684e-05 +5.6962153794158399e-05 +5.0428269195833409e-05
 45.50000000 +5.0000000000000000e+00 +1.9999941433893023e+00 +1.9469574177163687e-03 +9.9972568120891625e-01 +9.9999928296439766e-01 +9.9999931904335093e-01 +9.9999941034134909e-01 +9.9999921771379940e-01 +5.3969357952881289e-05 +5.4973837487975200e-05 +5.6974966718143199e-05 +5.1438479891789065e-05 +5.9732047071768782e-05
 46.00000000 +5.0000000000000000e+00 +1.9999903085422677e+00 +1.9536961400373242e-03 +9.9970669619012187e-01 +9.9999936221747732e-01 +9.9999925729368544e-01 +9.9999932966005722e-01 +9.9999936380039156e-01 +6.0761944598835447e-05 +6.0939540208279917e-05 +5.1178314028282040e-05 +5.8556291699786199e-05 +6.4554803917990383e-05
 46.50000000 +5.0000000000000000e+00 +1.9999913663388682e+00 +1.9513630967375477e-03 +9.9971322004310292e-01 +9.9999925737148265e-01 +9.9999945142880176e-01 +9.9999940066399851e-01 +9.9999942499866035e-01 +6.2291179769504747e-05 +5.8444937218856157e-05 +5.3563652666778453e-05 +5.1542275031572300e-05 +6.3403502703508679e-05
 47.00000000 +5.0000000000000000e+00 +1.9999911160155623e+00 +1.9557631818980319e-03 +9.9970101366894215e-01 +9.9999935956464170e-01 +9.9999918550436584e-01 +9.9999926913044290e-01 +9.9999936225305608e-01 +6.7804400008831522e-05 +5.4888155693295638e-05 +6.0837778974623758e-05 +6.0170119868808437e-05 +5.8109380983179346e-05
 47.50000000 +5.0000000000000000e+00 +1.9999921134052221e+00 +1.9541414477915152e-03 +9.9970403971760580e-01 +9.9999923971789884e-01 +9.9999921062459418e-01 +9.9999942565053634e-01 +9.9999948998963051e-01 +5.5468560721391490e-05 +5.4677889998271768e-05 +5.5190597782143249e-05 +6.3005652094530199e-05 +7.0251650481893395e-05
 48.00000000 +5.0000000000000000e+00 +1.9999907920281308e+00 +1.9527712605945961e-03 +9.9970657563683585e-01 +9.9999919667638282e-01 +9.9999934261663248e-01 +9.9999941085341626e-01 +9.9999924773576498e-01 +5.5350328362607223e-05 +6.3957867621858145e-05 +5.9394588480885686e-05 +5.4791043414165510e-05 +6.2732667133326252e-05
 48.50000000 +5.0000000000000000e+00 +1.9999907661570957e+00 +1.9552183571706306e-03 +9.9969791471065650e-01 +9.9999930344596755e-01 +9.9999934301074733e-01 +9.9999919107514934e-01 +9.9999939709027741e-01 +6.2497545438020333e-05 +6.3480204630037560e-05 +6.0317641845793547e-05 +6.0545302306792138e-05 +5.8009990637869892e-05
 49.00000000 +5.0000000000000000e+00 +1.9999891015084286e+00 +1.9670126803905384e-03 +9.9966772583742780e-01 +9.9999923524214684e-01 +9.9999939559869477e-01 +9.9999912461589979e-01 +9.9999927051957771e-01 +7.1468448399431329e-05 +6.7681644100056986e-05 +7.2264962395097505e-05 +6.6093574707275156e-05 +5.7739532816140727e-05
 49.50000000 +5.0000000000000000e+00 +1.9999897604195260e+00 +1.9679158344011868e-03 +9.9966360179199487e-01 +9.9999928107550062e-01 +9.9999927631962415e-01 +9.9999921826951677e-01 +9.9999945438106252e-01 +5.9474635191527760e-05 +6.4980033778384432e-05 +7.6109498312757932e-05 +7.6082621642062866e-05 +6.2521347177363565e-05
 50.00000000 +5.0000000000000000e+00 +1.9999907738158023e+00 +1.9559624184330281e-03 +9.9969281791457087e-01 +9.9999927400705690e-01 +9.9999917894358070e-01 +9.9999944406637253e-01 +9.9999926782274351e-01 +5.9548142552355221e-05 +6.7039169270641415e-05 +6.5521946066593161e-05 +5.6748347463901936e-05 +6.1159617437444016e-05
 50.50000000 +5.0000000000000000e+00 +1.9999892075856966e+00 +1.9584061952147907e-03 +9.9968528983576344e-01 +9.9999919640937274e-01 +9.9999919598569276e-01 +9.9999925602247908e-01 +9.9999917944273020e-01 +5.6172064159536621e-05 +7.7283777680985498e-05 +6.1685013336913323e-05 +6.6218622010658416e-05 +5.6522844777960948e-05
 51.00000000 +5.0000000000000000e+00 +1.9999873296685220e+00 +1.9720691494394507e-03 +9.9964753783343652e-01 +9.9999944640210692e-01 +9.9999934492265008e-01 +9.9999920837700196e-01 +9.9999927770798380e-01 +6.8121906041320401e-05 +7.8569727300149941e-05 +7.0904574039330702e-05 +7.0601007675237694e-05 +6.6987556269576409e-05
 51.50000000 +5.0000000000000000e+00 +1.9999884283348492e+00 +1.9559158412577062e-03 +9.9968919069977813e-01 +9.9999919489472733e-01 +9.9999917356119628e-01 +9.9999906807376182e-01 +9.9999926738005607e-01 +6.6019022229882627e-05 +6.2435867320717654e-05 +5.7672297712645707e-05 +6.4204967168262820e-05 +6.3773284703255384e-05
 52.00000000 +5.0000000000000000e+00 +1.9999894365004975e+00 +1.9623809444934623e-03 +9.9967301780472295e-01 +9.9999923399451895e-01 +9.9999914044057014e-01 +9.9999921674522518e-01 +9.9999917276440942e-01 +6.1222425692819026e-05 +6.9364023959871802e-05 +6.2063788520236890e-05 +6.1006238101969685e-05 +7.6561747609718762e-05
 52.50000000 +5.0000000000000000e+00 +1.9999873595076032e+00 +1.9722039108832166e-03 +9.9964563094940317e-01 +9.9999917200320243e-01 +9.9999909022648226e-01 +9.9999917759500545e-01 +9.9999921313111562e-01 +7.2105917245807643e-05 +6.8328630453298346e-05 +8.0829830070445615e-05 +6.4827400104920367e-05 +7.1624309404055183e-05
 53.00000000 +5.0000000000000000e+00 +1.9999896528408503e+00 +1.9548199377167497e-03 +9.9969065641020194e-01 +9.9999917630627000e-01 +9.9999936101035758e-01 +9.9999920043754720e-01 +9.9999896969266300e-01 +6.5909939673133516e-05 +6.7328922726714674e-05 +6.6635782399763793e-05 +5.5641771156115078e-05 +5.7119772018882057e-05
 53.50000000 +5.0000000000000000e+00 +1.9999893929529229e+00 +1.9527183251129808e-03 +9.9969411408208964e-01 +9.9999912080088516e-01 +9.9999890827805515e-01 +9.9999916768855601e-01 +9.9999898707238799e-01 +6.0671556030947972e-05 +6.5108511645812592e-05 +6.3486041601817147e-05 +6.2534502005278040e-05 +5.7901488087758402e-05
 54.00000000 +5.0000000000000000e+00 +1.9999854951529492e+00 +1.9606137712929409e-03 +9.9967367976908728e-01 +9.9999933179609657e-01 +9.9999923640436328e-01 +9.9999895736348721e-01 +9.9999913059727763e-01 +7.0694659135412671e-05 +6.6093952122788196e-05 +5.9403063173062159e-05 +7.8963824022909717e-05 +5.4508564383236327e-05
 54.50000000 +5.0000000000000000e+00 +1.9999883565951995e+00 +1.9504182354983380e-03 +9.9970072472908611e-01 +9.9999945220113762e-01 +9.9999904136814199e-01 +9.9999916741855510e-01 +9.9999920332936909e-01 +6.4094080888996022e-05 +5.7581777943023290e-05 +5.2880686707149852e-05 +6.2778170972182444e-05 +6.5076236977302065e-05
 55.00000000 +5.0000000000000000e+00 +1.9999863826159852e+00 +1.9366293101392490e-03 +9.9973466556563173e-01 +9.9999939967344675e-01 +9.9999898360144801e-01 +9.9999898747838933e-01 +9.9999895530961747e-01 +5.4838404893693347e-05 +5.9171639696354102e-05 +4.4182570883882198e-05 +4.7855196270813162e-05 +6.2960592168209765e-05
 55.50000000 +5.0000000000000000e+00 +1.9999870300774856e+00 +1.9391349233884997e-03 +9.9972950824668716e-01 +9.9999908972107365e-01 +9.9999911210961445e-01 +9.9999913754428305e-01 +9.9999923253844714e-01 +5.4736183550631006e-05 +6.1944048711992748e-05 +5.5806949022500227e-05 +5.0953935770847446e-05 +5.0478737692533714e-05
 56.00000000 +5.0000000000000000e+00 +1.9999868808210624e+00 +1.9296472926833101e-03 +9.9975370572963629e-01 +9.9999906044313613e-01 +9.9999894243588561e-01 +9.9999912229046972e-01 +9.9999894282654012e-01 +4.9424488371059935e-05 +4.7534106973995399e-05 +4.7063145171059357e-05 +4.9367337804143927e-05 +5.6837191056292868e-05
 56.50000000 +5.0000000000000000e+00 +1.9999860932310431e+00 +1.9561082340588815e-03 +9.9968711127536913e-01 +9.9999877006280102e-01 +9.9999882881306112e-01 +9.9999909543791288e-01 +9.9999881297992232e-01 +7.1340231625059537e-05 +6.1333892544726364e-05 +6.9226810156515663e-05 +6.0525956248105792e-05 +5.4954530999465626e-05
 57.00000000 +5.0000000000000000e+00 +1.9999854631991756e+00 +1.9502839410299345e-03 +9.9970211807390097e-01 +9.9999881956510284e-01 +9.9999896156214330e-01 +9.9999896223647677e-01 +9.9999909213908567e-01 +7.2239237658742049e-05 +5.3863651655243204e-05 +6.1659986640365085e-05 +5.7008112844287734e-05 +5.7275418673857129e-05
 57.50000000 +5.0000000000000000e+00 +1.9999861216436625e+00 +1.9317005684521822e-03 +9.9974880364651442e-01 +9.9999912882676945e-01 +9.9999886154121853e-01 +9.9999912135732527e-01 +9.9999884521906002e-01 +6.4119899626805682e-05 +5.3577679833935490e-05 +4.6311065806032455e-05 +4.8861722602208421e-05 +4.2369022896822059e-05
 58.00000000 +5.0000000000000000e+00 +1.9999871979582051e+00 +1.9389281703690966e-03 +9.9973215632720869e-01 +9.9999901419954773e-01 +9.9999898264836429e-01 +9.9999885806949029e-01 +9.9999878576729251e-01 +6.4636784792050514e-05 +5.3681564172921735e-05 +5.2927297263798155e-05 +4.4859455795641781e-05 +5.6097861677948329e-05
 58.50000000 +5.0000000000000000e+00 +1.9999844223012238e+00 +1.9222959001389869e-03 +9.9977353963264526e-01 +9.9999874850446790e-01 +9.9999887281063871e-01 +9.9999903600067275e-01 +9.9999895635591685e-01 +5.5148742578643583e-05 +2.8767966367705205e-05 +3.7872861027528945e-05 +5.8187810448509908e-05 +5.0869286181123711e-05
 59.00000000 +5.0000000000000000e+00 +1.9999840320487587e+00 +1.9334296284325614e-03 +9.9974700235207081e-01 +9.9999854097302754e-01 +9.9999878269516518e-01 +9.9999886247063152e-01 +9.9999877512008983e-01 +5.7386861096989492e-05 +3.5694500289940837e-05 +6.3224921314812760e-05 +5.2109504961592795e-05 +4.9620568682592949e-05
 59.50000000 +5.0000000000000000e+00 +1.9999821128561415e+00 +1.9422109156715054e-03 +9.9972470909686939e-01 +9.9999882132522855e-01 +9.9999911239000749e-01 +9.9999876016036593e-01 +9.9999863662472799e-01 +5.3379968296825932e-05 +5.6258848086267604e-05 +6.0130848192041148e-05 +5.1153965157257910e-05 +5.9036745504688305e-05
 60.00000000 +5.0000000000000000e+00 +1.9999817558143895e+00 +1.9396791647236207e-03 +9.9973260347308335e-01 +9.9999883960914648e-01 +9.9999853642465797e-01 +9.9999894983248305e-01 +9.9999888627096734e-01 +6.7515118663811558e-05 +4.8835540092111289e-05 +5.1297778208427610e-05 +5.1014747070547768e-05 +5.3521229483611216e-05
 60.50000000 +5.0000000000000000e+00 +1.9999842686965335e+00 +1.9436104254215122e-03 +9.9972319615835292e-01 +9.9999873046345944e-01 +9.9999875566713969e-01 +9.9999890630218280e-01 +9.9999919804113435e-01 +6.6367530076909500e-05 +5.6815489747971456e-05 +4.2900698688628457e-05 +6.4474931818441804e-05 +5.0654692802155921e-05
 61.00000000 +5.0000000000000000e+00 +1.9999861029499431e+00 +1.9437263157328374e-03 +9.9972517787303694e-01 +9.9999869384736417e-01 +9.9999849940765173e-01 +9.9999841972942405e-01 +9.9999881322459305e-01 +5.5644969682562617e-05 +4.9657897483351162e-05 +6.5071388422114582e-05 +6.1420561207915756e-05 +4.8601140403417297e-05
 61.50000000 +5.0000000000000000e+00 +1.9999864119548882e+00 +1.9535687846746639e-03 +9.9970074116185037e-01 +9.9999832854800130e-01 +9.9999875577717046e-01 +9.9999841560704417e-01 +9.9999892787038114e-01 +6.3948960652259243e-05 +6.6065492004689457e-05 +5.7059709211304800e-05 +5.4958657167778872e-05 +6.2798235756605133e-05
 62.00000000 +5.0000000000000000e+00 +1.9999876874628071e+00 +1.9256006404137892e-03 +9.9977209482279028e-01 +9.9999886327030985e-01 +9.9999890415347870e-01 +9.9999852678411660e-01 +9.9999868428650007e-01 +5.6874744747157151e-05 +2.0908633407383300e-05 +4.7572323103910710e-05 +5.5917233461867616e-05 +5.1653785972898617e-05
 62.50000000 +5.0000000000000000e+00 +1.9999867602594956e+00 +1.9436911825149949e-03 +9.9972678038023566e-01 +9.9999920631524242e-01 +9.9999845122677822e-01 +9.9999876215429850e-01 +9.9999851488634162e-01 +4.1684347639873807e-05 +6.5323759090696575e-05 +5.7437700734842614e-05 +6.0635904801662940e-05 +5.3203302462483281e-05
 63.00000000 +5.0000000000000000e+00 +1.9999823323098778e+00 +1.9446600157876658e-03 +9.9972290433554378e-01 +9.9999867808964116e-01 +9.9999901249314049e-01 +9.9999893273595386e-01 +9.9999864217273282e-01 +6.8034190813049341e-05 +6.4983847830823530e-05 +5.4409006337535633e-05 +5.3001796878699918e-05 +4.1401356307882239e-05
 63.50000000 +5.0000000000000000e+00 +1.9999830120733504e+00 +1.9422133716875986e-03 +9.9973051071559538e-01 +9.9999848533202318e-01 +9.9999880916689587e-01 +9.9999851333142298e-01 +9.9999877154968519e-01 +5.0780528933458263e-05 +4.2528071259554386e-05 +6.2390322178053540e-05 +5.4421942976561168e-05 +6.4789055033937008e-05
 64.00000000 +5.0000000000000000e+00 +1.9999782211926243e+00 +1.9612647553786471e-03 +9.9968138210971769e-01 +9.9999868262413583e-01 +9.9999913689771824e-01 +9.9999836202419023e-01 +9.9999903446001848e-01 +6.6725066274535660e-05 +7.4845335470264692e-05 +5.5128943260552875e-05 +6.6143751502038855e-05 +6.0558828618852643e-05
 64.50000000 +5.0000000000000000e+00 +1.9999852391836346e+00 +1.9484358191020159e-03 +9.9971559355310557e-01 +9.9999825034826439e-01 +9.9999881345399000e-01 +9.9999845597175663e-01 +9.9999848879543951e-01 +5.5704868824483583e-05 +6.4675922980673728e-05 +6.0039292934815692e-05 +4.9365498200458920e-05 +6.0612335461328490e-05
 65.00000000 +5.0000000000000000e+00 +1.9999837455568223e+00 +1.9442324998686078e-03 +9.9972611744207995e-01 +9.9999825368390760e-01 +9.9999849484927383e-01 +9.9999871239566418e-01 +9.9999893548668306e-01 +6.9278235447566523e-05 +4.7642181905529948e-05 +4.2367058269498001e-05 +6.0931022987289470e-05 +5.9267671723892540e-05
 65.50000000 +5.0000000000000000e+00 +1.9999834104124232e+00 +1.9427132322542527e-03 +9.9972962953165601e-01 +9.9999873412186835e-01 +9.9999840373130811e-01 +9.9999878547794274e-01 +9.9999850242294952e-01 +5.3556892811210223e-05 +5.3167904332385832e-05 +6.4269519139530237e-05 +4.6729089640040622e-05 +5.8221312464952374e-05
 66.00000000 +5.0000000000000000e+00 +1.9999826515967101e+00 +1.9409558568827588e-03 +9.9973453119892142e-01 +9.9999864822666096e-01 +9.9999866892068534e-01 +9.9999873402450223e-01 +9.9999856277754318e-01 +3.2134175240801038e-05 +6.4544371940572644e-05 +4.9609216245887610e-05 +6.8756876829535103e-05 +5.5810251995064317e-05
 66.50000000 +5.0000000000000000e+00 +1.9999802137361562e+00 +1.9517777532125585e-03 +9.9970546434936480e-01 +9.9999881396174384e-01 +9.9999877499314394e-01 +9.9999836373517681e-01 +9.9999850571429272e-01 +5.3842766461755619e-05 +5.9977160571617897e-05 +6.1400517468319959e-05 +5.5493026158326785e-05 +6.9363791186188240e-05
 67.00000000 +5.0000000000000000e+00 +1.9999801258896575e+00 +1.9496510250620494e-03 +9.9971149832189277e-01 +9.9999836378752327e-01 +9.9999863947324685e-01 +9.9999866872960064e-01 +9.9999865270482602e-01 +5.2321046388222185e-05 +5.0994936804136001e-05 +7.8150051217478042e-05 +5.7340137535739650e-05 +5.5370785493409391e-05
 67.50000000 +5.0000000000000000e+00 +1.9999782101403971e+00 +1.9658272094359719e-03 +9.9967031537945161e-01 +9.9999889016395771e-01 +9.9999890230529387e-01 +9.9999821056160243e-01 +9.9999829046677946e-01 +6.7474782581326563e-05 +6.8959551906144770e-05 +7.4422656499202467e-05 +5.9976555404746808e-05 +6.4557572149393522e-05
 68.00000000 +5.0000000000000000e+00 +1.9999805611587993e+00 +1.9772474410598797e-03 +9.9964157087138850e-01 +9.9999851668278361e-01 +9.9999840874445811e-01 +9.9999831924858318e-01 +9.9999863651407739e-01 +8.4417316216714910e-05 +9.0173723480967523e-05 +6.1232582141653851e-05 +6.3058461734077302e-05 +6.5665875321803757e-05
 68.50000000 +5.0000000000000000e+00 +1.9999808220742177e+00 +1.9631653475957840e-03 +9.9967712778075324e-01 +9.9999787341574875e-01 +9.9999841379912591e-01 +9.9999843167772118e-01 +9.9999827513613060e-01 +7.9212600997942114e-05 +8.8053285792233634e-05 +5.3195660612695767e-05 +4.8909677730204452e-05 +6.0506985441885001e-05
 69.00000000 +5.0000000000000000e+00 +1.9999809020954125e+00 +1.9594957075959644e-03 +9.9968425188143850e-01 +9.9999790833910573e-01 +9.9999829005543184e-01 +9.9999822468797217e-01 +9.9999837944907521e-01 +6.1506428790261344e-05 +6.4409343589106588e-05 +7.6954766052741392e-05 +5.4427912018804417e-05 +6.5647099923568785e-05
 69.50000000 +5.0000000000000000e+00 +1.9999803837629253e+00 +1.9618385530277859e-03 +9.9967897045496523e-01 +9.9999800626841218e-01 +9.9999856456528291e-01 +9.9999843821149048e-01 +9.9999886429945850e-01 +5.8189379933895686e-05 +7.7760010505046934e-05 +5.3461802762054247e-05 +5.5486069705511651e-05 +8.2258917709376344e-05
 70.00000000 +5.0000000000000000e+00 +1.9999787383237790e+00 +1.9782335882661713e-03 +9.9963696471080521e-01 +9.9999839501941123e-01 +9.9999826154877391e-01 +9.9999843873265470e-01 +9.9999850011522629e-01 +7.1054484309561816e-05 +7.6060047144624440e-05 +7.4220860731846058e-05 +6.9137008021631616e-05 +7.8967497106831709e-05
 70.50000000 +5.0000000000000000e+00 +1.9999745258303159e+00 +1.9504154458031778e-03 +9.9970469366153947e-01 +9.9999885165835711e-01 +9.9999869240949379e-01 +9.9999830418274582e-01 +9.9999900961146237e-01 +4.3527951878646385e-05 +5.5993115950287611e-05 +6.2153300290314966e-05 +7.8652860266884277e-05 +6.0121228469460482e-05
 71.00000000 +5.0000000000000000e+00 +1.9999797795963310e+00 +1.9319467822280357e-03 +9.9975537946544291e-01 +9.9999835578766583e-01 +9.9999803828435985e-01 +9.9999872340419105e-01 +9.9999813051342412e-01 +4.4119194598376322e-05 +5.2876906363840365e-05 +6.1065283480218600e-05 +4.8796216031774960e-05 +4.4514928980158045e-05
 71.50000000 +5.0000000000000000e+00 +1.9999730751355249e+00 +1.9692976841805153e-03 +9.9965671183093108e-01 +9.9999787692395503e-01 +9.9999815374495127e-01 +9.9999836879606796e-01 +9.9999816995592472e-01 +5.1571907406646687e-05 +8.9961011353851251e-05 +7.9133724684297301e-05 +7.6353045600500988e-05 +5.3699064258139014e-05
 72.00000000 +5.0000000000000000e+00 +1.9999758216172778e+00 +1.9661538836961089e-03 +9.9966646950918647e-01 +9.9999835247961255e-01 +9.9999862338577694e-01 +9.9999788189226402e-01 +9.9999791437695196e-01 +7.1924716777418165e-05 +5.2755736205900603e-05 +6.9076344474650438e-05 +5.5641810846952574e-05 +9.1359745381048175e-05
 72.50000000 +5.0000000000000000e+00 +1.9999754350912793e+00 +1.9550083816324898e-03 +9.9969378821126242e-01 +9.9999834984285585e-01 +9.9999840585802713e-01 +9.9999802479393218e-01 +9.9999762602303843e-01 +4.3082857275709952e-05 +5.9293242093117088e-05 +6.8742960346572407e-05 +5.9225292584122603e-05 +8.3460896554758687e-05
 73.00000000 +5.0000000000000000e+00 +1.9999729250393754e+00 +1.9701222335957360e-03 +9.9965534886976248e-01 +9.9999826734525932e-01 +9.9999823579344360e-01 +9.9999788817459845e-01 +9.9999826020232885e-01 +6.1474769145605673e-05 +7.2611887904533331e-05 +9.0048498156322402e-05 +6.8281152935409148e-05 +5.9583324015854039e-05
 73.50000000 +5.0000000000000000e+00 +1.9999712436282364e+00 +1.9674249817269421e-03 +9.9966089359131316e-01 +9.9999797355551245e-01 +9.9999794233494066e-01 +9.9999824185380948e-01 +9.9999864542615013e-01 +6.0950620815352296e-05 +6.8641036342481510e-05 +6.7967691086448791e-05 +7.9308398153689387e-05 +6.9435472368710568e-05
 74.00000000 +5.0000000000000000e+00 +1.9999755367112124e+00 +1.9466102040554204e-03 +9.9971359191934994e-01 +9.9999823641002561e-01 +9.9999781850404579e-01 +9.9999827170519273e-01 +9.9999790367164831e-01 +6.1894925506144203e-05 +5.8223597296205512e-05 +6.3749161268806390e-05 +4.5272851344185798e-05 +6.5037233473755175e-05
 74.50000000 +5.0000000000000000e+00 +1.9999726349631926e+00 +1.9565500693923829e-03 +9.9968845641134463e-01 +9.9999762497539213e-01 +9.9999847086149751e-01 +9.9999847800422159e-01 +9.9999832951233802e-01 +5.8485961522937903e-05 +6.1327575006112946e-05 +6.8236828347654509e-05 +6.3647126291311849e-05 +6.6942762087403122e-05
 75.00000000 +5.0000000000000000e+00 +1.9999794571307397e+00 +1.9502886042708299e-03 +9.9970828042442106e-01 +9.9999783671034326e-01 +9.9999741657447083e-01 +9.9999803019452727e-01 +9.9999778009027873e-01 +4.7872436435765632e-05 +6.4635855418789521e-05 +4.9913427727244236e-05 +6.4032257333175357e-05 +7.4201993227879530e-05
 75.50000000 +5.0000000000000000e+00 +1.9999770190714643e+00 +1.9466855028326547e-03 +9.9971644521335579e-01 +9.9999795521335488e-01 +9.9999781730203530e-01 +9.9999816355507076e-01 +9.9999813136571525e-01 +7.4111097455039219e-05 +6.0272064454683183e-05 +4.1641111551325770e-05 +6.6662357504379175e-05 +4.8800699861632752e-05
 76.00000000 +5.0000000000000000e+00 +1.9999750517353057e+00 +1.9495677820754636e-03 +9.9970880336106460e-01 +9.9999804086056998e-01 +9.9999789919288729e-01 +9.9999767493430569e-01 +9.9999784982316697e-01 +6.4171991033164569e-05 +5.2534541164685128e-05 +6.2300274832792303e-05 +6.5643367256937814e-05 +5.5081655220580331e-05
 76.50000000 +5.0000000000000000e+00 +1.9999718537712532e+00 +1.9634396612213537e-03 +9.9967255200845684e-01 +9.9999894233900399e-01 +9.9999810509024956e-01 +9.9999860837151755e-01 +9.9999820466997258e-01 +4.9774858804851969e-05 +6.9445151338385180e-05 +7.1770565356446499e-05 +6.8896482841452692e-05 +7.3700461148641994e-05
 77.00000000 +5.0000000000000000e+00 +1.9999722682925172e+00 +1.9260823640958379e-03 +9.9976413804172948e-01 +9.9999787317276101e-01 +9.9999802238750446e-01 +9.9999822440077868e-01 +9.9999756939026829e-01 +6.6982089834731549e-05 +4.7567394260483534e-05 +3.9857392450893812e-05 +4.7543127219240854e-05 +4.2222640152824307e-05
 77.50000000 +5.0000000000000000e+00 +1.9999697531958835e+00 +1.9520929448528790e-03 +9.9969810362745348e-01 +9.9999768626889607e-01 +9.9999786014507808e-01 +9.9999803158120826e-01 +9.9999798888027880e-01 +6.5275119163327183e-05 +6.1532008294672383e-05 +5.9605103375874588e-05 +6.1446488708406392e-05 +6.2470778891589792e-05
 78.00000000 +5.0000000000000000e+00 +1.9999670727316479e+00 +1.9373681527495401e-03 +9.9973560471263945e-01 +9.9999806468073082e-01 +9.9999726614230267e-01 +9.9999851538634732e-01 +9.9999778889577839e-01 +7.5242965688288431e-05 +5.9482556082315101e-05 +3.4128690703467798e-05 +3.0991148011419075e-05 +7.2914835246845483e-05
 78.50000000 +5.0000000000000000e+00 +1.9999670850484024e+00 +1.9718242188442353e-03 +9.9964672673223876e-01 +9.9999767387652561e-01 +9.9999796677599218e-01 +9.9999789518359217e-01 +9.9999724952847613e-01 +7.6652480574829142e-05 +6.9476236354508214e-05 +7.1750629570809503e-05 +7.7812002338187972e-05 +6.6796553897283673e-05
 79.00000000 +5.0000000000000000e+00 +1.9999659085362622e+00 +1.9752382587512186e-03 +9.9964429032552071e-01 +9.9999789689881724e-01 +9.9999809401485373e-01 +9.9999754430071208e-01 +9.9999799455118266e-01 +5.8352813525096084e-05 +6.9047960775830874e-05 +6.8784940697834269e-05 +9.4388534107746466e-05 +7.3605672354319353e-05
 79.50000000 +5.0000000000000000e+00 +1.9999698350160382e+00 +1.9470982809470954e-03 +9.9971623613629101e-01 +9.9999787718104416e-01 +9.9999728503663510e-01 +9.9999806098572241e-01 +9.9999773088574784e-01 +6.6789208518237779e-05 +4.8239111013540161e-05 +3.6288728579401470e-05 +7.4108233152136733e-05 +6.7384509416321196e-05
 80.00000000 +5.0000000000000000e+00 +1.9999681286120639e+00 +1.9616812867875996e-03 +9.9967420320175238e-01 +9.9999828300332216e-01 +9.9999785939930397e-01 +9.9999852275948609e-01 +9.9999735941499268e-01 +7.2911377146504355e-05 +6.6027363266178961e-05 +6.1628763208813057e-05 +7.6287373152818727e-05 +5.6917359332875261e-05
 80.50000000 +5.0000000000000000e+00 +1.9999675315441618e+00 +1.9477712602059005e-03 +9.9971160334142928e-01 +9.9999790458936910e-01 +9.9999820598954747e-01 +9.9999806246021927e-01 +9.9999806480553444e-01 +7.2034420566767699e-05 +6.4286175747230151e-05 +6.1472806098603080e-05 +5.5970667878942582e-05 +4.2394739092364039e-05
 81.00000000 +5.0000000000000000e+00 +1.9999620187919660e+00 +1.9612735511003857e-03 +9.9967655396404431e-01 +9.9999756408634310e-01 +9.9999758883552736e-01 +9.9999759686233614e-01 +9.9999731684908277e-01 +7.3397182552314332e-05 +7.1012705552761185e-05 +5.0510151059651302e-05 +7.1666272697932149e-05 +6.6793076940658620e-05
 81.50000000 +5.0000000000000000e+00 +1.9999646117919456e+00 +1.9482469922606565e-03 +9.9971169485603828e-01 +9.9999765350589565e-01 +9.9999708190409020e-01 +9.9999824851469110e-01 +9.9999815775675849e-01 +7.5738202320154986e-05 +3.1437850950510147e-05 +7.8453980559417452e-05 +6.2394076454010128e-05 +4.9139383099482569e-05
 82.00000000 +5.0000000000000000e+00 +1.9999621095150599e+00 +1.9944630158699661e-03 +9.9959323707475600e-01 +9.9999775556468096e-01 +9.9999778551438878e-01 +9.9999717096349061e-01 +9.9999720708535800e-01 +8.1543933785218530e-05 +9.6038730783479958e-05 +7.4952698667495938e-05 +7.9626173711847871e-05 +8.4682296842372636e-05
 82.50000000 +5.0000000000000000e+00 +1.9999660878988035e+00 +1.9635995490037352e-03 +9.9967163283510696e-01 +9.9999690460009993e-01 +9.9999783136284981e-01 +9.9999642142307033e-01 +9.9999719944316134e-01 +6.3018944962959334e-05 +6.7917610009336535e-05 +8.2955283422878287e-05 +7.2317749045656954e-05 +5.3800784755157714e-05
 83.00000000 +5.0000000000000000e+00 +1.9999612860300575e+00 +1.9459931361054061e-03 +9.9971671483053559e-01 +9.9999762327675079e-01 +9.9999746729981764e-01 +9.9999845511531216e-01 +9.9999728809473953e-01 +5.0351245337064296e-05 +6.4973393185992597e-05 +3.3693234438080688e-05 +8.0459415888550347e-05 +6.2974114255327690e-05
 83.50000000 +5.0000000000000000e+00 +1.9999595211045018e+00 +1.9869053520564922e-03 +9.9961035910702511e-01 +9.9999784324201724e-01 +9.9999807047311395e-01 +9.9999801859257020e-01 +9.9999720635438816e-01 +7.8926368395043728e-05 +9.3270101517775136e-05 +9.1156076034789135e-05 +7.7702273126686763e-05 +5.7447398819399090e-05
 84.00000000 +5.0000000000000000e+00 +1.9999669476262210e+00 +1.9679453774938053e-03 +9.9966280890154047e-01 +9.9999756945839013e-01 +9.9999780478477085e-01 +9.9999780439957231e-01 +9.9999768437207393e-01 +5.5254684360241867e-05 +6.2913612946002235e-05 +8.1103802323589225e-05 +7.2490306613361605e-05 +7.4565669765456084e-05
 84.50000000 +5.0000000000000000e+00 +1.9999666828257490e+00 +1.9538372059281161e-03 +9.9969933379721387e-01 +9.9999706419319212e-01 +9.9999595415793197e-01 +9.9999722420640791e-01 +9.9999814630809891e-01 +6.9157420379337354e-05 +6.4343697540471243e-05 +6.3914662501770659e-05 +6.8285150208942602e-05 +4.6576420724786725e-05
 85.00000000 +5.0000000000000000e+00 +1.9999634239462705e+00 +1.9530321403599523e-03 +9.9969967592658060e-01 +9.9999766609922924e-01 +9.9999736187634902e-01 +9.9999726053109050e-01 +9.9999681154608477e-01 +5.9635091972213151e-05 +5.7928971959085961e-05 +8.3505186346703972e-05 +5.5393355389441931e-05 +5.4761445319658000e-05
 85.50000000 +5.0000000000000000e+00 +1.9999547609442292e+00 +1.9686411605513913e-03 +9.9965790429370516e-01 +9.9999742064920694e-01 +9.9999768554127155e-01 +9.9999739690792910e-01 +9.9999779182839255e-01 +5.9790853810793146e-05 +5.5627001052037331e-05 +7.2899460391102650e-05 +8.4844713770841846e-05 +7.8638736926675093e-05
 86.00000000 +5.0000000000000000e+00 +1.9999642647777160e+00 +1.9666104806164300e-03 +9.9966533892831955e-01 +9.9999697684632616e-01 +9.9999765722138467e-01 +9.9999685898942325e-01 +9.9999734376193594e-01 +6.6622149572416505e-05 +7.8815796623941383e-05 +5.5131038642370849e-05 +6.4501699997342329e-05 +8.0753594092071223e-05
 86.50000000 +5.0000000000000000e+00 +1.9999629832482204e+00 +1.9893639928167052e-03 +9.9961212141433120e-01 +9.9999693815829982e-01 +9.9999641662895877e-01 +9.9999667356929556e-01 +9.9999774621909554e-01 +9.0932763111550272e-05 +6.5462582653985123e-05 +8.4951027868635236e-05 +6.0770820556974523e-05 +9.7986823790524206e-05
 87.00000000 +5.0000000000000000e+00 +1.9999554173044882e+00 +1.9897274652421392e-03 +9.9960499769963451e-01 +9.9999720515527424e-01 +9.9999657396739328e-01 +9.9999623203926036e-01 +9.9999774804481889e-01 +5.3454846122906948e-05 +8.1435416156624686e-05 +9.6377656758594261e-05 +9.3426076553298080e-05 +8.2549085760093172e-05
 87.50000000 +5.0000000000000000e+00 +1.9999596799654369e+00 +1.9739341417288753e-03 +9.9964552995103340e-01 +9.9999842847526754e-01 +9.9999726894694840e-01 +9.9999703223700065e-01 +9.9999842396101057e-01 +8.4511999082347483e-05 +6.5084871138201684e-05 +6.4339015422833239e-05 +8.2225498911712026e-05 +6.7155047786604226e-05
 88.00000000 +5.0000000000000000e+00 +1.9999662567060574e+00 +1.9472713167568796e-03 +9.9971420776537034e-01 +9.9999784117076118e-01 +9.9999748069328831e-01 +9.9999643027262664e-01 +9.9999744770956911e-01 +6.1853759628686741e-05 +8.5018039152273469e-05 +4.3702829231656312e-05 +5.4105742294899346e-05 +5.1912005189350171e-05
 88.50000000 +5.0000000000000000e+00 +1.9999577919154969e+00 +1.9705308044762424e-03 +9.9965292850644882e-01 +9.9999664863767246e-01 +9.9999721095498073e-01 +9.9999759293656798e-01 +9.9999715313607396e-01 +4.8571859910661448e-05 +9.3033378520337797e-05 +5.6906851782967720e-05 +7.8134412622448221e-05 +8.1819346715827581e-05
 89.00000000 +5.0000000000000000e+00 +1.9999548703979908e+00 +1.9800946782006271e-03 +9.9963198763565775e-01 +9.9999677701723355e-01 +9.9999727454436405e-01 +9.9999516207640671e-01 +9.9999761987874225e-01 +5.6040471646757788e-05 +1.0997689447772017e-04 +5.3148489455508824e-05 +7.6422366079365275e-05 +8.5590646980636531e-05
 89.50000000 +5.0000000000000000e+00 +1.9999527736437794e+00 +2.0003696017052560e-03 +9.9957376820967880e-01 +9.9999724649923782e-01 +9.9999629319715344e-01 +9.9999556402416789e-01 +9.9999734341708624e-01 +7.6380344451502705e-05 +1.0142871379264007e-04 +7.1943748394532841e-05 +9.9892305572837987e-05 +9.0139570438344481e-05
 90.00000000 +5.0000000000000000e+00 +1.9999686822769283e+00 +1.9595273525655058e-03 +9.9968363086994627e-01 +9.9999644822907208e-01 +9.9999837071879649e-01 +9.9999852444891413e-01 +9.9999777900574072e-01 +6.7202456946617952e-05 +7.2036143287805475e-05 +6.4616955158954472e-05 +4.6479442915787576e-05 +7.4911709094863110e-05
 90.50000000 +5.0000000000000000e+00 +1.9999552347920067e+00 +1.9743167787384650e-03 +9.9964561209508207e-01 +9.9999751117734448e-01 +9.9999757621935004e-01 +9.9999681424455356e-01 +9.9999780082759104e-01 +7.0267152835204030e-05 +8.6100124699921686e-05 +5.9256009657382902e-05 +8.7820156799771907e-05 +6.1241989092129575e-05
 91.00000000 +5.0000000000000000e+00 +1.9999575899502291e+00 +1.9763913330480081e-03 +9.9963840282564320e-01 +9.9999675383521514e-01 +9.9999735563007908e-01 +9.9999596371725308e-01 +9.9999641946371887e-01 +7.1794187922971005e-05 +9.4696558753150264e-05 +7.6769234481161589e-05 +6.9962295688164402e-05 +6.1882239449770194e-05
 91.50000000 +5.0000000000000000e+00 +1.9999495423731479e+00 +1.9745248816087752e-03 +9.9964252246673668e-01 +9.9999578841108616e-01 +9.9999679283669596e-01 +9.9999697470219007e-01 +9.9999664297894153e-01 +6.0997635199149544e-05 +6.8018493683183429e-05 +7.3746396104503020e-05 +7.7315644216192518e-05 +9.1200457331586048e-05
 92.00000000 +5.0000000000000000e+00 +1.9999520916308993e+00 +1.9879641271667381e-03 +9.9961190530023536e-01 +9.9999723644853922e-01 +9.9999551340353998e-01 +9.9999545567626036e-01 +9.9999595692181620e-01 +7.6412773223423982e-05 +9.3753258949375596e-05 +8.2925909657543745e-05 +7.9960900212338619e-05 +7.0879426013487816e-05
 92.50000000 +5.0000000000000000e+00 +1.9999541287670712e+00 +1.9710303384750699e-03 +9.9965193072808733e-01 +9.9999717547560774e-01 +9.9999679553719845e-01 +9.9999637812573228e-01 +9.9999639551623420e-01 +7.9960321664840638e-05 +5.4055032315621482e-05 +5.7729818136602840e-05 +5.6946129956457345e-05 +1.1263332101773897e-04
 93.00000000 +5.0000000000000000e+00 +1.9999551457016911e+00 +1.9775901891853809e-03 +9.9963597504694768e-01 +9.9999715141181400e-01 +9.9999718071179378e-01 +9.9999685309276132e-01 +9.9999684752722484e-01 +6.8508213749874424e-05 +6.9189326695457041e-05 +1.1672539841678499e-04 +6.1271388607349550e-05 +6.0297860294068828e-05
 93.50000000 +5.0000000000000000e+00 +1.9999566098771329e+00 +1.9987267257220742e-03 +9.9958972399294810e-01 +9.9999699189420432e-01 +9.9999702752328434e-01 +9.9999651415040425e-01 +9.9999737351881690e-01 +7.5977903494896189e-05 +9.1700076785689467e-05 +9.3445782224230644e-05 +8.3243527628348174e-05 +7.8001645701438716e-05
 94.00000000 +5.0000000000000000e+00 +1.9999479642581197e+00 +1.9840705749047797e-03 +9.9961443267346095e-01 +9.9999662538276213e-01 +9.9999586745145941e-01 +9.9999726311293413e-01 +9.9999703546019236e-01 +1.0231783395257676e-04 +7.6734401904075559e-05 +7.2325011737534226e-05 +8.3527467815241028e-05 +6.3871176108220535e-05
 94.50000000 +5.0000000000000000e+00 +1.9999510028973162e+00 +1.9831672534090686e-03 +9.9962202992087379e-01 +9.9999680058026641e-01 +9.9999662574730297e-01 +9.9999703603357215e-01 +9.9999662763570407e-01 +1.0080317516011226e-04 +6.8296852771679536e-05 +7.2877266285879984e-05 +8.4781059142491780e-05 +6.4121722465588024e-05
 95.00000000 +5.0000000000000000e+00 +1.9999431022636018e+00 +1.9617284640043946e-03 +9.9967246012064548e-01 +9.9999756278864760e-01 +9.9999677828730615e-01 +9.9999559097759960e-01 +9.9999669793671864e-01 +8.1365420730350913e-05 +3.3034066613115044e-05 +7.7598599524284517e-05 +8.9159922081777799e-05 +5.9751874477557117e-05
 95.50000000 +5.0000000000000000e+00 +1.9999508445383363e+00 +1.9671564862439833e-03 +9.9966263188661220e-01 +9.9999698233170398e-01 +9.9999575641500082e-01 +9.9999640352566410e-01 +9.9999712842006927e-01 +6.8424724865214450e-05 +5.3650327183353974e-05 +3.4540868016185220e-05 +1.0148553980533083e-04 +9.2995959577255708e-05
 96.00000000 +5.0000000000000000e+00 +1.9999449694417275e+00 +1.9627384212438127e-03 +9.9966880349073584e-01 +9.9999636715593299e-01 +9.9999738960221418e-01 +9.9999701908064342e-01 +9.9999659869233171e-01 +8.5103193396201426e-05 +7.0373501464835299e-05 +5.9655153809097224e-05 +4.8880527611370507e-05 +7.9809609136011835e-05
 96.50000000 +5.0000000000000000e+00 +1.9999495760657808e+00 +1.9809695003413287e-03 +9.9962669345036925e-01 +9.9999626179624912e-01 +9.9999680232357135e-01 +9.9999451294339192e-01 +9.9999595455740520e-01 +1.0727251310858043e-04 +8.6308109007123546e-05 +6.7216850480307221e-05 +5.3918074646148076e-05 +7.5059390715064348e-05
 97.00000000 +5.0000000000000000e+00 +1.9999576949722659e+00 +1.9510361831335755e-03 +9.9970377105583452e-01 +9.9999710716148205e-01 +9.9999690304360400e-01 +9.9999592253380487e-01 +9.9999526802171013e-01 +6.2914004240934048e-05 +5.6910580966200646e-05 +4.7824579484305960e-05 +7.1458038857399482e-05 +7.1920983252496190e-05
 97.50000000 +5.0000000000000000e+00 +1.9999441765477020e+00 +1.9452257133285608e-03 +9.9971401949672190e-01 +9.9999624916568508e-01 +9.9999692520339067e-01 +9.9999654637941093e-01 +9.9999825152912125e-01 +4.3811404159397936e-05 +5.7744980539333656e-05 +7.1517992309793525e-05 +3.2754345575058293e-05 +9.2179481504591027e-05
 98.00000000 +5.0000000000000000e+00 +1.9999539859111142e+00 +1.9815307234703613e-03 +9.9962936567051008e-01 +9.9999609239729159e-01 +9.9999748137065403e-01 +9.9999667440207329e-01 +9.9999579206614753e-01 +9.3902527142502727e-05 +1.0304303936000630e-04 +4.4522301682408179e-05 +6.9018433228127697e-05 +7.4107777481817805e-05
 98.50000000 +5.0000000000000000e+00 +1.9999403003533958e+00 +1.9822545800831839e-03 +9.9961890017477018e-01 +9.9999654629175461e-01 +9.9999515511239390e-01 +9.9999718533101267e-01 +9.9999673199274819e-01 +9.5589855231453577e-05 +8.2974432545906586e-05 +7.4895348334133748e-05 +6.5936142527934862e-05 +7.6085331060716331e-05
 99.00000000 +5.0000000000000000e+00 +1.9999443245109862e+00 +1.9536007289682952e-03 +9.9969303695039902e-01 +9.9999827394373375e-01 +9.9999531231811478e-01 +9.9999696178347475e-01 +9.9999666644805352e-01 +4.4163237290310485e-05 +6.7452232950051817e-05 +4.8586143845027244e-05 +1.0705255700123477e-04 +5.2494385500831373e-05
 99.50000000 +5.0000000000000000e+00 +1.9999448630341596e+00 +1.9827820016102438e-03 +9.9961685817262913e-01 +9.9999574078927811e-01 +9.9999706024553892e-01 +9.9999543586427908e-01 +9.9999691696576321e-01 +1.0790055996914792e-04 +9.8395295438181740e-05 +1.0134004153969554e-04 +5.6666396183523165e-05 +3.3685649276242769e-05
100.00000000 +5.0000000000000000e+00 +1.9999452045214097e+00 +1.9628579058411175e-03 +9.9967432629335118e-01 +9.9999613523724185e-01 +9.9999688308261669e-01 +9.9999693364316256e-01 +9.9999825803109699e-01 +4.7584910505751379e-05 +5.1349125658715888e-05 +7.5357076556970836e-05 +7.1384936135387951e-05 +9.1787663809104385e-05
100.50000000 +5.0000000000000000e+00 +1.9999520997669635e+00 +1.9427567107215421e-03 +9.9972379475198125e-01 +9.9999676324853282e-01 +9.9999520783296503e-01 +9.9999471183986499e-01 +9.9999650566700848e-01 +5.4759854627317335e-05 +8.3139755156894324e-05 +3.1224515945788126e-05 +6.1352831322036917e-05 +6.2539697287707140e-05
101.00000000 +5.0000000000000000e+00 +1.9999469238837839e+00 +1.9517401105140955e-03 +9.9970467883388991e-01 +9.9999558388171050e-01 +9.9999534389622491e-01 +9.9999685779126435e-01 +9.9999633109111108e-01 +5.5075633888607190e-05 +6.3675797829981865e-05 +1.0170561270349770e-04 +1.4354082469165032e-05 +7.6393393433449785e-05
101.50000000 +5.0000000000000000e+00 +1.9999291672074109e+00 +2.0024909131922575e-03 +9.9956602472409850e-01 +9.9999634293744089e-01 +9.9999627062094520e-01 +9.9999553968622423e-01 +9.9999561417502769e-01 +9.1561452790145384e-05 +6.3589034609749383e-05 +1.1118936190846103e-04 +9.1370896934112514e-05 +9.2497115401940803e-05
102.00000000 +5.0000000000000000e+00 +1.9999335265867895e+00 +1.9731864637354849e-03 +9.9964348589271290e-01 +9.9999606336989244e-01 +9.9999500795570873e-01 +9.9999714257614380e-01 +9.9999627198624363e-01 +7.0487438518481989e-05 +8.2282687493257902e-05 +9.1601143580723136e-05 +7.6305878832419512e-05 +5.1351060271664528e-05
102.50000000 +5.0000000000000000e+00 +1.9999304558433766e+00 +1.9859077060003076e-03 +9.9961179026277236e-01 +9.9999578150166302e-01 +9.9999666153227496e-01 +9.9999646510409668e-01 +9.9999531225065075e-01 +7.3448816664685061e-05 +8.2818620142707008e-05 +9.4370176363637649e-05 +7.1225714182629061e-05 +8.2126032314478017e-05
103.00000000 +5.0000000000000000e+00 +1.9999344354536202e+00 +1.9878698366953304e-03 +9.9960665836824802e-01 +9.9999460747614044e-01 +9.9999557587203503e-01 +9.9999711447678408e-01 +9.9999491962361986e-01 +1.0493248881273988e-04 +5.4361210920689927e-05 +6.9292388963165401e-05 +1.1033087896859323e-04 +7.2207236273925035e-05
103.50000000 +5.0000000000000000e+00 +1.9999390665579542e+00 +1.9529071070971912e-03 +9.9969726254702918e-01 +9.9999598825019098e-01 +9.9999654143847716e-01 +9.9999515782026005e-01 +9.9999473560112273e-01 +5.8518587069867042e-05 +9.9931909212024560e-05 +3.9996231669098396e-05 +4.7605302343441640e-05 +7.4262303292904519e-05
104.00000000 +5.0000000000000000e+00 +1.9999271048291856e+00 +2.0011805779562054e-03 +9.9957872279295867e-01 +9.9999583478853560e-01 +9.9999758615420542e-01 +9.9999573229148586e-01 +9.9999609666762768e-01 +9.6654898133183981e-05 +9.8732728388686039e-05 +8.1030835722228903e-05 +7.4218864435341477e-05 +8.5389958256339559e-05
104.50000000 +5.0000000000000000e+00 +1.9999364313991255e+00 +1.9831733483395074e-03 +9.9962376483639515e-01 +9.9999558775029640e-01 +9.9999443098025398e-01 +9.9999455908194512e-01 +9.9999672073081514e-01 +6.9808035311602160e-05 +1.1999119515166204e-04 +4.9114635755183244e-05 +4.6004141844494004e-05 +1.1001861364372014e-04
105.00000000 +5.0000000000000000e+00 +1.9999235971173503e+00 +2.0051005858263016e-03 +9.9956384724636349e-01 +9.9999554838126936e-01 +9.9999614371778478e-01 +9.9999625571354245e-01 +9.9999471052724764e-01 +3.2463860814044351e-05 +1.1261845772862291e-04 +1.2954183745317684e-04 +1.0009550903965909e-04 +7.8774751652174071e-05
105.50000000 +5.0000000000000000e+00 +1.9999334271590190e+00 +1.9597604326659361e-03 +9.9967672541506103e-01 +9.9999637846486022e-01 +9.9999318481311883e-01 +9.9999362241579726e-01 +9.9999568146250839e-01 +8.6501801783264568e-05 +5.0097800952865655e-05 +6.8691130996662624e-05 +7.4564467409096765e-05 +6.4552235118783046e-05
106.00000000 +5.0000000000000000e+00 +1.9999375796761740e+00 +1.9807663634559976e-03 +9.9963091381945346e-01 +9.9999497105617208e-01 +9.9999444593354136e-01 +9.9999483556200863e-01 +9.9999627005693936e-01 +7.7495489603136695e-05 +1.2305757447222956e-04 +6.9658416743178042e-05 +5.0962188021839124e-05 +6.7389875234761864e-05
106.50000000 +5.0000000000000000e+00 +1.9999303310060934e+00 +1.9718353393541358e-03 +9.9964881169034925e-01 +9.9999763565918121e-01 +9.9999621355844881e-01 +9.9999507274537613e-01 +9.9999562669405917e-01 +3.8348474317599452e-05 +6.6039438721152664e-05 +9.3479201898950863e-05 +8.8114406538502776e-05 +8.0658103450937811e-05
107.00000000 +5.0000000000000000e+00 +1.9999286800241780e+00 +2.0060770736553607e-03 +9.9955863978576243e-01 +9.9999665968784424e-01 +9.9999424130287984e-01 +9.9999731822246385e-01 +9.9999609855082694e-01 +1.0751968843707754e-04 +1.1267839785773013e-04 +1.1191807866745327e-04 +5.2695312849320813e-05 +7.2230996710017314e-05
107.50000000 +5.0000000000000000e+00 +1.9999357086684171e+00 +1.9925383188034961e-03 +9.9959967848427400e-01 +9.9999465942758858e-01 +9.9999723993782930e-01 +9.9999516942734823e-01 +9.9999651371163434e-01 +1.0306326138156215e-04 +8.2954639689623543e-05 +5.5578565215371863e-05 +9.7778487937192100e-05 +7.7364043951511552e-05
108.00000000 +5.0000000000000000e+00 +1.9999159749395017e+00 +1.9932754308307496e-03 +9.9958683382345037e-01 +9.9999586542776187e-01 +9.9999400077471090e-01 +9.9999664351736139e-01 +9.9999537933537663e-01 +1.1840093991609227e-04 +6.9177167379660498e-05 +7.8991840096126199e-05 +9.7994030603368402e-05 +6.6713124623594725e-05
108.50000000 +5.0000000000000000e+00 +1.9999303166014595e+00 +1.9765383050800622e-03 +9.9963471988979402e-01 +9.9999601441549624e-01 +9.9999371857691144e-01 +9.9999703915135185e-01 +9.9999444885079203e-01 +5.7612838402103083e-05 +3.9821632791488720e-05 +1.0838307658318663e-04 +8.2438227092015168e-05 +9.5803349296098140e-05
109.00000000 +5.0000000000000000e+00 +1.9999265847330496e+00 +2.0038604827744451e-03 +9.9956636776687402e-01 +9.9999356791945770e-01 +9.9999555427377040e-01 +9.9999256349854004e-01 +9.9999558741094119e-01 +1.1879839850634648e-04 +9.9979464988251543e-05 +9.6849005360139802e-05 +4.9065100450669320e-05 +9.1667160573529884e-05
109.50000000 +5.0000000000000000e+00 +1.9999231354308655e+00 +2.0344276404239479e-03 +9.9949487696912120e-01 +9.9999456388126684e-01 +9.9999661751846847e-01 +9.9999519776968360e-01 +9.9999326723039272e-01 +1.2432511830924150e-04 +1.3926661637368777e-04 +8.7320364888485350e-05 +8.0303571272701216e-05 +9.4260954635200787e-05
110.00000000 +5.0000000000000000e+00 +1.9999315288983828e+00 +1.9591522795950811e-03 +9.9967695968343362e-01 +9.9999327295071250e-01 +9.9999589387785659e-01 +9.9999574112443868e-01 +9.9999542188007895e-01 +5.2773628754549752e-05 +7.5655903604370615e-05 +3.8565801226353758e-05 +6.5571348861271305e-05 +1.1014381049165642e-04
110.50000000 +5.0000000000000000e+00 +1.9999318133865724e+00 +1.9782353845771272e-03 +9.9963816477127976e-01 +9.9999657237662443e-01 +9.9999625528460545e-01 +9.9999475014927475e-01 +9.9999499545040049e-01 +7.1375384133380758e-05 +1.0470545025012808e-04 +2.6373393763345284e-05 +6.1064061640474514e-05 +1.1574368750328254e-04
111.00000000 +5.0000000000000000e+00 +1.9999238069408365e+00 +1.9455884135902801e-03 +9.9971121755699766e-01 +9.9999661468644019e-01 +9.9999570540329552e-01 +9.9999220294906022e-01 +9.9999563075285913e-01 +7.8378314505540928e-05 +1.2555966189782729e-04 +4.5650676149978792e-05 +7.8885067348282443e-05 -1.9845079566538980e-05
111.50000000 +5.0000000000000000e+00 +1.9999240536434870e+00 +1.9612859090350418e-03 +9.9967167445005556e-01 +9.9999415694286009e-01 +9.9999353701934712e-01 +9.9999388457575467e-01 +9.9999422499194413e-01 +5.8667970245288442e-05 +8.0178550431286017e-05 +6.1694230674176262e-05 +1.1877549288459402e-04 +3.3205770270604940e-05
112.00000000 +5.0000000000000000e+00 +1.9999225250563910e+00 +1.9775107628473409e-03 +9.9963485675168051e-01 +9.9999482439060616e-01 +9.9999607607011787e-01 +9.9999753315606199e-01 +9.9999635744062321e-01 +8.2385095331319761e-05 +6.8387940911921179e-05 +1.0178243407914701e-04 +8.6678200101349538e-05 +4.1118519376544094e-05
112.50000000 +5.0000000000000000e+00 +1.9999290039218347e+00 +1.9829657656641781e-03 +9.9962609322670470e-01 +9.9999494835449076e-01 +9.9999739943701593e-01 +9.9999437567235683e-01 +9.9999286354776973e-01 +8.4734590659388891e-05 +5.4859266199524105e-05 +8.0167339311624703e-05 +1.0773810225563070e-04 +6.6820477441013361e-05
113.00000000 +5.0000000000000000e+00 +1.9999261912942214e+00 +2.0043072203860791e-03 +9.9956635195763099e-01 +9.9999396091630233e-01 +9.9999399058614380e-01 +9.9999523353714037e-01 +9.9999407834941534e-01 +1.1175571243553746e-04 +8.1560521547202139e-05 +1.0055491197666561e-04 +9.6567853994347405e-05 +6.5945664530436083e-05
113.50000000 +5.0000000000000000e+00 +1.9999265616225941e+00 +1.9711598447951398e-03 +9.9964956732229782e-01 +9.9999517676556626e-01 +9.9999479443204820e-01 +9.9999610880557888e-01 +9.9999477775123780e-01 +8.0046164805037224e-05 +1.0680238394153110e-04 +7.0176453102309741e-05 +8.5166579984157005e-05 +2.7383348419553055e-05
114.00000000 +5.0000000000000000e+00 +1.9999251792531381e+00 +1.9775083434020002e-03 +9.9964102397203314e-01 +9.9999662435239389e-01 +9.9999510609855169e-01 +9.9999615401160680e-01 +9.9999548431322471e-01 +7.2502150739288298e-05 +1.0272083503944671e-04 +4.5945202387468385e-05 +4.7203560814736903e-05 +1.0723549732949296e-04
114.50000000 +5.0000000000000000e+00 +1.9999202403361134e+00 +1.9797458248042108e-03 +9.9962763343073691e-01 +9.9999611489352369e-01 +9.9999459887959241e-01 +9.9999490523384016e-01 +9.9999478604711478e-01 +1.1469566602358105e-04 +8.3553290324350665e-05 +8.1343486202119022e-05 +6.1256613467857809e-05 +5.1112457588507282e-05
115.00000000 +5.0000000000000000e+00 +1.9999257934075847e+00 +1.9516284141489915e-03 +9.9970123395570065e-01 +9.9999539194729214e-01 +9.9999412046382175e-01 +9.9999370472268145e-01 +9.9999506249882808e-01 +7.8333417836866205e-05 +6.0020048333513845e-05 +6.1275396168094503e-05 +6.1108466254551934e-05 +5.9749087486570885e-05
115.50000000 +5.0000000000000000e+00 +1.9999120405856090e+00 +1.9974715974505923e-03 +9.9957789063505542e-01 +9.9999497152920946e-01 +9.9999242450310655e-01 +9.9999458012124742e-01 +9.9999404006225645e-01 +6.4739642239442906e-05 +8.0059063362936819e-05 +1.3581090777002467e-04 +5.3671543136033288e-05 +1.1181198757398860e-04
116.00000000 +5.0000000000000000e+00 +1.9999131043946692e+00 +1.9975109491116331e-03 +9.9958710067882506e-01 +9.9999239435940790e-01 +9.9999181465730314e-01 +9.9999602923843511e-01 +9.9999365044259669e-01 +8.8704463215264197e-05 +8.4668370539540982e-05 +1.0777578643851559e-04 +5.1378151920702840e-05 +1.0648382986663703e-04
116.50000000 +5.0000000000000000e+00 +1.9999169173644264e+00 +1.9662284304311365e-03 +9.9966284091341895e-01 +9.9999427532048035e-01 +9.9999516025914059e-01 +9.9999578949751644e-01 +9.9999694488378887e-01 +5.0499927146487038e-05 +5.3317386924075731e-05 +7.7478049835506591e-05 +7.0577711337696021e-05 +1.0311602922927077e-04
117.00000000 +5.0000000000000000e+00 +1.9999201861245686e+00 +1.9798859025193338e-03 +9.9962924843183387e-01 +9.9999525431742886e-01 +9.9999370710758262e-01 +9.9999498528919639e-01 +9.9999354808233154e-01 +1.8937558291007451e-05 +1.3866023252746617e-04 +5.4542039778931431e-05 +8.4394896280722050e-05 +9.6722023222092028e-05
117.50000000 +5.0000000000000000e+00 +1.9999086551480914e+00 +1.9824134379094411e-03 +9.9962031210330904e-01 +9.9999457713471451e-01 +9.9999482426695685e-01 +9.9999675239453767e-01 +9.9999383251710228e-01 +1.2016170268416006e-04 +4.4447732837202580e-05 +9.6314207103174657e-05 +7.4541837911335345e-05 +6.4236091070350710e-05
118.00000000 +5.0000000000000000e+00 +1.9999027607311399e+00 +2.0350010338761816e-03 +9.9948929988969260e-01 +9.9999394161747257e-01 +9.9999349651736380e-01 +9.9999389825256513e-01 +9.9999298498403122e-01 +1.1068613726851110e-04 +9.9850936225268631e-05 +9.2935208954151078e-05 +7.8939086184880614e-05 +1.5396738304805090e-04
118.50000000 +5.0000000000000000e+00 +1.9999191290233018e+00 +1.9952270885679278e-03 +9.9959030882966016e-01 +9.9999471146460872e-01 +9.9999638168325877e-01 +9.9999570029477713e-01 +9.9999081265874079e-01 +1.4409221288707731e-04 +7.7235377234010930e-05 +7.1855631513135265e-05 +7.4598632497776870e-05 +6.4303204048684048e-05
119.00000000 +5.0000000000000000e+00 +1.9999220208610733e+00 +1.9826307930933193e-03 +9.9962111550458299e-01 +9.9999502664375284e-01 +9.9999548210229394e-01 +9.9999251415258050e-01 +9.9999548501227709e-01 +7.1453812213363754e-05 +8.9208022450519109e-05 +8.8506946038926365e-05 +6.7047638178435224e-05 +8.4160144320614874e-05
119.50000000 +5.0000000000000000e+00 +1.9999214868221651e+00 +1.9779696306186402e-03 +9.9963394229688007e-01 +9.9999439817626934e-01 +9.9998978489245816e-01 +9.9999319681787258e-01 +9.9999422134542459e-01 +5.7391639015375072e-05 +8.8894174271881966e-05 +1.0333338279392660e-04 +2.5065917445734924e-05 +1.1977134501235910e-04
120.00000000 +5.0000000000000000e+00 +1.9999113403915372e+00 +2.0006258802240783e-03 +9.9958045733220247e-01 +9.9999123211798069e-01 +9.9999272631185931e-01 +9.9999450476826723e-01 +9.9999441485055884e-01 +1.2297176163730031e-04 +1.1633055538622133e-04 +7.8477029812799013e-05 +6.0114003935728737e-05 +6.8771278687563921e-05
120.50000000 +5.0000000000000000e+00 +1.9999174973161626e+00 +1.9797181636850691e-03 +9.9963272733797182e-01 +9.9999398157489616e-01 +9.9999077486618837e-01 +9.9999723649121242e-01 +9.9999327199601129e-01 +1.0461229549005387e-04 +9.1950351311090216e-05 +8.8305067063019935e-05 +7.7275400842302108e-05 +2.9864594418163658e-05
121.00000000 +5.0000000000000000e+00 +1.9999140313368622e+00 +1.9867737700084848e-03 +9.9961534820772624e-01 +9.9999209362712882e-01 +9.9999582252419361e-01 +9.9999282388563837e-01 +9.9999112142689839e-01 +1.2377450388066817e-04 +8.7505126171130669e-05 +1.1191682604704965e-04 +3.6676885294661749e-05 +5.2916981649766844e-05
121.50000000 +5.0000000000000000e+00 +1.9999056769625312e+00 +2.0141595395019242e-03 +9.9954658432202315e-01 +9.9999452558509405e-01 +9.9999561849345253e-01 +9.9999156333248884e-01 +9.9999532446449502e-01 +9.0091538033071521e-05 +6.3147626662132041e-05 +1.0786912157120892e-04 +9.1862084407083789e-05 +1.2341345036645990e-04
122.00000000 +5.0000000000000000e+00 +1.9998946868030791e+00 +2.0193957572968964e-03 +9.9952962916165633e-01 +9.9999244437598633e-01 +9.9999404118630131e-01 +9.9999443851387626e-01 +9.9999374963413545e-01 +1.2075344610833376e-04 +8.4290174659932399e-05 +9.7739204509623409e-05 +1.3351551394467698e-04 +5.9398788430146544e-05
122.50000000 +5.0000000000000000e+00 +1.9999121216281917e+00 +1.9987262912735267e-03 +9.9958375296231561e-01 +9.9999326122643539e-01 +9.9999310423970555e-01 +9.9999520499457584e-01 +9.9999358664540750e-01 +8.1487420354011000e-05 +9.0614486764356128e-05 +1.0246602365281101e-04 +1.1013657768044741e-04 +5.6385411126262174e-05
123.00000000 +5.0000000000000000e+00 +1.9999035787927653e+00 +2.0150804228262018e-03 +9.9954119026223454e-01 +9.9999192894686195e-01 +9.9999465077402372e-01 +9.9999540123874098e-01 +9.9999332158828347e-01 +8.7841882786580776e-05 +1.5764465598333655e-04 +7.3523915572055475e-05 +6.7997581141514908e-05 +9.6499132042524794e-05
123.50000000 +5.0000000000000000e+00 +1.9998970413012565e+00 +2.0227708727204126e-03 +9.9951469669039372e-01 +9.9999090653700784e-01 +9.9999283654016657e-01 +9.9999891590718593e-01 +9.9999328056375680e-01 +1.0107647424019798e-04 +1.2661884674357692e-04 +7.1480275245296309e-05 +8.1902267819484813e-05 +1.2828588702489519e-04
124.00000000 +5.0000000000000000e+00 +1.9999170846522403e+00 +1.9643917154980647e-03 +9.9966979544523915e-01 +9.9999285221318501e-01 +9.9999245479741850e-01 +9.9998982090814514e-01 +9.9999727778281500e-01 +8.4091004368121118e-05 +5.9342781942263688e-05 +9.3669692162482807e-05 +4.1414083042836036e-05 +7.9281285887079054e-05
124.50000000 +5.0000000000000000e+00 +1.9998830840387696e+00 +2.0033316168900604e-03 +9.9955649955473913e-01 +9.9998993178314266e-01 +9.9999088486095966e-01 +9.9999595308813993e-01 +9.9999535588795452e-01 +1.2022571356383257e-04 +6.9818646544977090e-05 +1.0460356445029544e-04 +9.9722633853882947e-05 +7.7004271303394203e-05
125.00000000 +5.0000000000000000e+00 +1.9998751956849161e+00 +2.0830707229824320e-03 +9.9936561796755985e-01 +9.9999616411080550e-01 +9.9999474128936716e-01 +9.9999129756198002e-01 +9.9999335539582901e-01 +1.3414570263896972e-04 +1.6940737918046673e-04 +1.1203944409840263e-04 +1.4049243879274070e-04 +1.0273872620149926e-04
125.50000000 +5.0000000000000000e+00 +1.9999113541065874e+00 +1.9399098244694531e-03 +9.9972861265515356e-01 +9.9999512023547998e-01 +9.9999252233641700e-01 +9.9999351602977582e-01 +9.9999313315091154e-01 +9.7150395591055454e-05 +2.8784724569529427e-05 +2.8342724375290664e-05 +4.9854436181184373e-05 +9.2963288600154880e-05
126.00000000 +5.0000000000000000e+00 +1.9999078409768181e+00 +1.9768500712352465e-03 +9.9964033443488753e-01 +9.9999445815664312e-01 +9.9999201604422860e-01 +9.9999329323621311e-01 +9.9999377342467322e-01 +8.1947918218659927e-05 +1.1989214693190693e-04 +1.0879436782952128e-04 +6.5641537677811946e-05 +9.8487508774666813e-06
126.50000000 +5.0000000000000000e+00 +1.9998754728454646e+00 +2.0429159180106191e-03 +9.9946406397330845e-01 +9.9999237490517690e-01 +9.9999193144826326e-01 +9.9999155183771038e-01 +9.9999393368170164e-01 +1.6349719939293898e-04 +9.4042551805910608e-05 +1.2836823684548500e-04 +6.1519784611802238e-05 +1.1871636325049732e-04
127.00000000 +5.0000000000000000e+00 +1.9999066732525159e+00 +1.9932910620439823e-03 +9.9959652504013774e-01 +9.9999350702689604e-01 +9.9999468158953131e-01 +9.9999159300437623e-01 +9.9999362860612673e-01 +7.4516117239668172e-05 +7.8998759278096781e-05 +1.3615741434812081e-04 +1.1927560313416117e-04 +2.1116838836107430e-05
127.50000000 +5.0000000000000000e+00 +1.9998924325751557e+00 +1.9941107502333046e-03 +9.9959621665215714e-01 +9.9999263276861006e-01 +9.9999223127117132e-01 +9.9999428439018168e-01 +9.9999069492511938e-01 +2.1891677683028113e-05 +1.1448323172767804e-04 +7.7877857384774844e-05 +1.5731573876562454e-04 +6.2371481188744045e-05
128.00000000 +5.0000000000000000e+00 +1.9998943018335402e+00 +1.9596029576545481e-03 +9.9967533764231964e-01 +9.9999461859844119e-01 +9.9999428525761169e-01 +9.9999460445553146e-01 +9.9999078280801657e-01 +7.2730708282401645e-05 +9.2068586620241139e-05 +6.2550694819003185e-05 +1.0256997843254180e-04 +2.0451258563230727e-05
128.50000000 +5.0000000000000000e+00 +1.9999112438944173e+00 +1.9733373773122426e-03 +9.9964608106870334e-01 +9.9999347927744320e-01 +9.9999302127069734e-01 +9.9999357440314696e-01 +9.9999426604767860e-01 +1.1972715804914121e-04 +1.2994486973531236e-04 -5.4615862329143454e-06 +5.5289911408417058e-05 +8.0077574482165885e-05
129.00000000 +5.0000000000000000e+00 +1.9999022655211005e+00 +1.9788542509407243e-03 +9.9963259189822729e-01 +9.9999375544296110e-01 +9.9999118222635663e-01 +9.9999103101084719e-01 +9.9999535656088534e-01 +9.0095616835463496e-05 +5.7398999589621255e-05 +8.6847124906137764e-05 +1.2241579325732301e-04 +3.9325336758611957e-05
129.50000000 +5.0000000000000000e+00 +1.9998894977181949e+00 +1.9817160743666943e-03 +9.9961807096677591e-01 +9.9999273170772585e-01 +9.9999017056497375e-01 +9.9999418301534349e-01 +9.9999348596007065e-01 +7.0335316920707759e-05 +1.2189058720742651e-04 +2.1142395094485887e-05 +1.0649499869591244e-04 +9.1494485832003725e-05
130.00000000 +5.0000000000000000e+00 +1.9998840308735304e+00 +1.9649722243820313e-03 +9.9965483004166555e-01 +9.9998885568670159e-01 +9.9998952263576701e-01 +9.9999244609800386e-01 +9.9999449540712382e-01 +1.0234325008938334e-04 +1.0392272047746503e-04 +1.2579456653911969e-04 +2.1631848025048329e-06 +4.5626407660046772e-05
130.50000000 +5.0000000000000000e+00 +1.9999042240303109e+00 +1.9693041780840586e-03 +9.9965440355761448e-01 +9.9999630160931730e-01 +9.9999177470842271e-01 +9.9998993092795951e-01 +9.9998681949846258e-01 +1.0191633801737467e-04 +1.0415688308614252e-04 +4.5385176793534842e-05 +7.0534071454450591e-05 +5.8777230033998248e-05
131.00000000 +5.0000000000000000e+00 +1.9998808784972175e+00 +2.0107985381808517e-03 +9.9955040302446752e-01 +9.9999104785626425e-01 +9.9999005655525497e-01 +9.9999221669267757e-01 +9.9999217041732125e-01 +1.1558238720957982e-04 +9.3330065825190245e-05 +4.9075699625615905e-05 +1.1394162460836904e-04 +1.1217569323698187e-04
131.50000000 +5.0000000000000000e+00 +1.9998714612745869e+00 +2.0257246168168702e-03 +9.9951588281755610e-01 +9.9999717785537479e-01 +9.9999390640567931e-01 +9.9999131297790511e-01 +9.9999434307439916e-01 +1.0769416309022346e-04 +3.5609730315747314e-05 +1.3124146794753607e-04 +1.0992285514080246e-04 +1.2290864061120755e-04
132.00000000 +5.0000000000000000e+00 +1.9999095123537292e+00 +1.9710033858285547e-03 +9.9965995677065522e-01 +9.9998767634918939e-01 +9.9999014999249158e-01 +9.9999859904471033e-01 +9.9999127517052588e-01 +1.0796761846435876e-04 +1.1283402799819083e-04 +1.0785017128604145e-04 +1.8320731467576993e-05 +2.5370103657824806e-05
132.50000000 +5.0000000000000000e+00 +1.9998977172244259e+00 +1.9543220375212596e-03 +9.9969365588721604e-01 +9.9999205720344131e-01 +9.9999169866631799e-01 +9.9999440110625004e-01 +9.9998993976322881e-01 +5.8789902839265909e-05 +1.7863834057298472e-05 +8.0348631248399279e-05 +1.1596819121650831e-04 +6.5276793518103090e-05
133.00000000 +5.0000000000000000e+00 +1.9998853947921165e+00 +2.0320118005972762e-03 +9.9949998658340067e-01 +9.9998925084643109e-01 +9.9999147067109451e-01 +9.9999010754152473e-01 +9.9999363108455375e-01 +1.4447494382173402e-04 +1.2953307850089392e-04 +1.0384001684039446e-04 +1.0522315769166519e-04 +5.2482092493550731e-05
133.50000000 +5.0000000000000000e+00 +1.9998844215223686e+00 +2.0060673910640967e-03 +9.9956524460749030e-01 +9.9998822010957200e-01 +9.9999461156046809e-01 +9.9999715257718458e-01 +9.9999110498013422e-01 +7.8772074822124120e-05 +1.3426753300008784e-04 +1.4584462439731020e-04 +3.2135488310901476e-05 +7.2646434069593456e-05
134.00000000 +5.0000000000000000e+00 +1.9998969201891037e+00 +1.9869353626075716e-03 +9.9961690225297128e-01 +9.9999293789852384e-01 +9.9999016866523427e-01 +9.9999101587476846e-01 +9.9999083629616570e-01 +7.4858764532379307e-05 +5.7993281046868753e-05 +1.2069745628885739e-04 +1.0550484537008982e-04 +5.9084669644593295e-05
134.50000000 +5.0000000000000000e+00 +1.9999053040063954e+00 +1.9357715874054970e-03 +9.9974799718877005e-01 +9.9999221606563282e-01 +9.9998818984174287e-01 +9.9999248110130567e-01 +9.9999103063748473e-01 +6.0474404723455186e-05 +4.7855988088497973e-05 +3.1670996619091737e-05 +2.4099814618331738e-05 +1.2398396207280514e-04
135.00000000 +5.0000000000000000e+00 +1.9998543857944313e+00 +2.0462186781104344e-03 +9.9945954232885081e-01 +9.9998695399451765e-01 +9.9998729192079316e-01 +9.9999042928084403e-01 +9.9999052376270470e-01 +1.9581509694221837e-04 +1.4138326858550450e-04 +8.6429584034225003e-05 +3.6751069227759729e-05 +1.2487971229874822e-04
135.50000000 +5.0000000000000000e+00 +1.9998452350606080e+00 +2.0392733843107346e-03 +9.9946973373704329e-01 +9.9998940259229652e-01 +9.9999123034560333e-01 +9.9999757143643031e-01 +9.9999094178650838e-01 +1.3871308695777751e-04 +1.0765962010610556e-04 +5.0989848923280694e-05 +1.5541153293395824e-04 +1.0834599917678041e-04
136.00000000 +5.0000000000000000e+00 +1.9998601218825738e+00 +2.0505215648783512e-03 +9.9944357996502042e-01 +9.9999225333257946e-01 +9.9999273100177233e-01 +9.9999303567483100e-01 +9.9999298782323320e-01 +4.9288588884591162e-05 +1.5083175807984763e-04 +1.4264409153790081e-04 +1.5328191428864632e-04 +8.9365864719362923e-05
136.50000000 +5.0000000000000000e+00 +1.9998896931825443e+00 +1.9932841936404228e-03 +9.9959749385759256e-01 +9.9999026459294604e-01 +9.9999439329367246e-01 +9.9999248081242509e-01 +9.9999208160944297e-01 +6.7230056717098322e-05 +1.2387588609796027e-04 +5.6507597519929483e-05 +7.7249721157414023e-05 +1.0842255747637551e-04
137.00000000 +5.0000000000000000e+00 +1.9998672685806687e+00 +2.0446435175007415e-03 +9.9946888005271239e-01 +9.9999196034104343e-01 +9.9998993596344388e-01 +9.9999247457084595e-01 +9.9999401651222641e-01 +1.4139969456667130e-04 +1.0963419674039730e-04 +8.0969928806494041e-05 +1.0622658901386392e-04 +1.2450214562201615e-04
137.50000000 +5.0000000000000000e+00 +1.9998665112178380e+00 +2.0539337766059353e-03 +9.9944589168208953e-01 +9.9999206295454190e-01 +9.9999137460026732e-01 +9.9998468226608794e-01 +9.9999551351594795e-01 +7.9706980622292107e-05 +2.0058857332206457e-04 +4.8373234491598840e-05 +1.6164341033344544e-04 +1.0016278623569582e-04
138.00000000 +5.0000000000000000e+00 +1.9998898623703465e+00 +1.9812836529482102e-03 +9.9962585162325612e-01 +9.9999430107633724e-01 +9.9999129372110929e-01 +9.9999241153116336e-01 +9.9999011562057227e-01 +3.5625127494323982e-05 +3.2521910763862266e-05 +1.3911348579099091e-04 +1.3315762480417694e-04 +6.5608273888729499e-05
138.50000000 +5.0000000000000000e+00 +1.9998642244724774e+00 +2.0441574305243449e-03 +9.9946438367425727e-01 +9.9999322826466142e-01 +9.9999086907869472e-01 +9.9999280758406717e-01 +9.9998745619796603e-01 +1.5067826676942487e-04 +7.9670070774197702e-05 +1.6604640942866663e-04 +3.5663992048946064e-05 +1.3919647439226596e-04
139.00000000 +5.0000000000000000e+00 +1.9998634420689796e+00 +2.0209996304649267e-03 +9.9951777797630392e-01 +9.9998681294937675e-01 +9.9998872694112284e-01 +9.9999053027781060e-01 +9.9998609475869493e-01 +1.3655947730259181e-04 -1.8849392762180370e-06 +1.7345661795788628e-04 +1.1195263294300862e-04 +1.0997329855681371e-04
139.50000000 +5.0000000000000000e+00 +1.9998820661551826e+00 +1.9708086522156171e-03 +9.9965627359486331e-01 +9.9998594544437136e-01 +9.9999127573420044e-01 +9.9998796580241678e-01 +9.9999204501696748e-01 -8.4062884335274577e-06 +1.1115090143955728e-04 +1.2185038085224512e-04 +9.8611633388773730e-05 +6.3287774026735656e-05
140.00000000 +5.0000000000000000e+00 +1.9998835479860606e+00 +1.9921409012014918e-03 +9.9959790399416193e-01 +9.9998758583211089e-01 +9.9999340917546531e-01 +9.9999100782410211e-01 +9.9999130866373898e-01 +6.7642560063997594e-05 +2.7024210306505101e-05 +1.0186621530659478e-04 +6.4561064919190609e-05 +1.7769044577776685e-04
140.50000000 +5.0000000000000000e+00 +1.9998596398262800e+00 +1.9855836326749020e-03 +9.9961423263896620e-01 +9.9999435369388601e-01 +9.9998964270573909e-01 +9.9998934836061204e-01 +9.9998740449866941e-01 +1.7820706485762157e-05 +6.1892531109712697e-05 +1.6580927076782122e-04 +9.8191951628677913e-05 +8.1303656295112620e-05
141.00000000 +5.0000000000000000e+00 +1.9998670293180199e+00 +2.0146806142881664e-03 +9.9953795161558079e-01 +9.9998959323293124e-01 +9.9999348600813531e-01 +9.9998810178636566e-01 +9.9998977334385586e-01 +1.0428795127980449e-04 +1.5319474933419045e-04 +7.0080241114802732e-05 +7.4076636390812064e-05 +9.9454448739411163e-05
141.50000000 +5.0000000000000000e+00 +1.9998616241642559e+00 +2.0002745647259967e-03 +9.9957588162707345e-01 +9.9999209481266860e-01 +9.9999107857432723e-01 +9.9999011125215465e-01 +9.9999556066665529e-01 +1.6490194681989282e-04 +6.5050395335174789e-05 +3.6299694520682941e-05 +1.3092320041025875e-04 +5.8097831312863311e-05
142.00000000 +5.0000000000000000e+00 +1.9998727980642876e+00 +2.0216756298708522e-03 +9.9952212015478203e-01 +9.9999110100982547e-01 +9.9998306540773119e-01 +9.9999580055248072e-01 +1.0000011809112199e+00 +5.6963550161303508e-05 +7.7545480970579530e-05 +1.1463218537685759e-04 +1.4479603240265029e-04 +1.1279471534503312e-04
142.50000000 +5.0000000000000000e+00 +1.9998373798396678e+00 +2.0822029225922947e-03 +9.9937049346152740e-01 +9.9998436859059103e-01 +9.9998486928344776e-01 +9.9999298700667016e-01 +9.9998549616108157e-01 +1.7357845977367323e-04 +1.3470275234518550e-04 +1.2229000470491863e-04 +1.4195581504405634e-04 +1.0925844800001215e-04
143.00000000 +5.0000000000000000e+00 +1.9998549856377261e+00 +2.0372128429195012e-03 +9.9947707123578122e-01 +9.9999422346625422e-01 +9.9999205544582270e-01 +9.9999389513780457e-01 +9.9999616943177405e-01 +2.5193449765876080e-05 +1.0070928726922313e-04 +1.5585647471057308e-04 +1.5151656744934663e-04 +1.1330950453377137e-04
143.50000000 +5.0000000000000000e+00 +1.9998575586939584e+00 +2.0145723466804327e-03 +9.9954398435951342e-01 +9.9999026233042665e-01 +9.9999217293740172e-01 +9.9998722695837106e-01 +9.9999093511819481e-01 +7.3079264461224766e-05 +6.4498711861877393e-05 +9.0145051491815706e-05 +1.1665366737491920e-04 +1.5104161569692645e-04
144.00000000 +5.0000000000000000e+00 +1.9998831748904831e+00 +1.9525650122228782e-03 +9.9969918306786421e-01 +9.9999237318491263e-01 +9.9999635700187872e-01 +9.9999263352416745e-01 +9.9999323388700567e-01 +3.8985451457102164e-05 +3.0473917228906771e-05 +1.9454561533675384e-05 +1.0846415670109819e-04 +1.2884125648505304e-04
144.50000000 +5.0000000000000000e+00 +1.9998745292280742e+00 +2.0084224744039022e-03 +9.9955163338084585e-01 +9.9999514946552281e-01 +9.9999319724009117e-01 +9.9999433070554755e-01 +9.9999345678052121e-01 +1.2017907702767531e-04 +7.0222238350755263e-05 +1.1658194870956986e-04 +1.3403168989542749e-04 +3.1217483355844373e-05
145.00000000 +5.0000000000000000e+00 +1.9998612485417950e+00 +1.9867072271350385e-03 +9.9960802136723148e-01 +9.9999774395721974e-01 +9.9999036786399687e-01 +9.9999113390676453e-01 +9.9999464580841424e-01 +1.1506187087649802e-04 +6.3323775224710397e-05 +5.2262236450589159e-05 +1.1066533181227686e-04 +7.6773882295776429e-05
145.50000000 +5.0000000000000000e+00 +1.9998632390276627e+00 +1.9701097948108008e-03 +9.9964383684924085e-01 +9.9998859931547601e-01 +9.9999003981307955e-01 +9.9998722719224653e-01 +9.9998738625442729e-01 +8.3311318658450120e-05 +1.0662568465369062e-04 +5.7830151072154393e-05 +7.9617872132053526e-05 +7.5525542873259847e-05
146.00000000 +5.0000000000000000e+00 +1.9998622589052630e+00 +2.0062367656761208e-03 +9.9956635587300147e-01 +9.9999491398691720e-01 +9.9998711062705492e-01 +9.9999363345045789e-01 +9.9998721802765522e-01 +2.0304013943997634e-04 +1.9637328695306547e-05 +6.7543181167715609e-05 +1.2201619393849580e-04 +5.8531200167198083e-05
146.50000000 +5.0000000000000000e+00 +1.9998240400965981e+00 +2.0611424657024789e-03 +9.9942936671802607e-01 +9.9998784197725143e-01 +9.9998406089903591e-01 +9.9999736364775227e-01 +9.9999573744693671e-01 +7.4012102423169307e-05 +2.3514135188576298e-04 +1.5608958217564893e-04 +2.3106060216593188e-05 +1.1728019892085535e-04
147.00000000 +5.0000000000000000e+00 +1.9998785286261225e+00 +1.9781236680763092e-03 +9.9963128245946209e-01 +9.9999225439958905e-01 +9.9998647603737145e-01 +9.9998619089426777e-01 +9.9999557895475555e-01 +5.0602357021185012e-06 +1.3497987852021984e-04 +1.0284503371705939e-04 +5.6493966619840488e-05 +1.0883814145586422e-04
147.50000000 +5.0000000000000000e+00 +1.9998296002325420e+00 +1.9894166451501767e-03 +9.9959410015135597e-01 +9.9998992849815804e-01 +9.9998471782193399e-01 +9.9999030641846520e-01 +9.9998994595698798e-01 +6.5874767709479280e-05 +7.4235047896571254e-05 +1.3786618618516207e-04 +1.0056480836716239e-04 +7.2460343008469536e-05
148.00000000 +5.0000000000000000e+00 +1.9998312896742647e+00 +2.0018321836045255e-03 +9.9956793462452953e-01 +9.9998651199926647e-01 +9.9998726223500001e-01 +9.9998737798384907e-01 +9.9999634020238670e-01 +3.0265367428854292e-05 +2.6264800138480084e-04 +1.4382876628839440e-04 +2.9567870278672071e-05 +8.2629577842402767e-06
148.50000000 +5.0000000000000000e+00 +1.9998617109523011e+00 +2.0296156070744300e-03 +9.9951063910308191e-01 +9.9999583267775694e-01 +9.9998963351583403e-01 +9.9998145487286083e-01 +9.9998909515985124e-01 +1.5116796177125732e-04 +6.3103070969164528e-05 +8.6486529006258705e-05 +1.1802549149668733e-04 +1.1456160446102743e-04
149.00000000 +5.0000000000000000e+00 +1.9998553981383993e+00 +1.9752906496608830e-03 +9.9962083899369225e-01 +9.9999374392404250e-01 +9.9999294079606438e-01 +9.9998946192963356e-01 +9.9998911152614978e-01 +5.9509386900971195e-06 +1.0750155662455931e-04 +1.0836283386142893e-04 +9.2482372397076310e-05 +9.9605128860477335e-05
149.50000000 +5.0000000000000000e+00 +1.9998604472764467e+00 +2.0250781889003451e-03 +9.9950823084576035e-01 +9.9999169421943668e-01 +9.9998478475162855e-01 +9.9999161262094982e-01 +9.9998353017154862e-01 +1.2914225343970369e-04 +1.1395799701366582e-04 +5.8753152238855533e-05 +7.5661222899186162e-05 +1.6263277597432615e-04
150.00000000 +5.0000000000000000e+00 +1.9998445560044880e+00 +2.0047459011136920e-03 +9.9957359205727481e-01 +9.9999075330145770e-01 +9.9998957480475270e-01 +9.9999808005580570e-01 +9.9998727288850930e-01 +1.1830672515671148e-04 +1.0046180905336098e-04 +1.1330146960879967e-04 +6.7276774256996174e-05 +6.1380125187052536e-05
