#PATCH_CHECK: SepMBpoisson v0.60 fullmb-kondo adaptive-t500 active
#discretizing the bath:
#     0 0.0000000000000000e+00 -9.1873305439137479e-02
#     1 2.1081851067789197e-03 -1.6720941589923019e-01
#     2 2.1081851067789197e-03 -1.6675126833699680e-01
#     3 2.1081851067789197e-03 -1.6629277197025677e-01
#     4 2.1081851067789197e-03 -1.6583392706416406e-01
#     5 2.1081851067789197e-03 -1.6537473388326893e-01
#     6 2.1081851067789197e-03 -1.6491519269152011e-01
#     7 2.1081851067789197e-03 -1.6445530375226722e-01
#     8 2.1081851067789197e-03 -1.6399506732826280e-01
#     9 2.1081851067789197e-03 -1.6353448368166471e-01
#adaptive measurement: gap=4.5919318089512884e-04 period_steps=27367 nmeas=300 nwf=300 tmax=1.5000000000000000e+02 forced_stride=1
  0.00000000 +5.0000000000000000e+00 +1.9999999999999998e+00 +1.8374661879283106e-03 +1.0000000000000000e+00 +1.0000000000000000e+00 +1.0000000000000000e+00 +1.0000000000000000e+00 +1.0000000000000000e+00 +0.0000000000000000e+00 +0.0000000000000000e+00 +0.0000000000000000e+00 +0.0000000000000000e+00 +0.0000000000000000e+00
  0.50000000 +5.0000000000000000e+00 +1.9999999999864542e+00 +1.8396634494495128e-03 +9.9999442168814390e-01 +1.0000000000026481e+00 +1.0000000000026481e+00 +1.0000000000026481e+00 +1.0000000000026481e+00 +1.1077267893911923e-06 +1.1262355072329250e-06 +1.1125204141559575e-06 +1.1209092574942968e-06 +1.1109225392343691e-06
  1.00000000 +5.0000000000000000e+00 +2.0000000001142779e+00 +1.8462727791287361e-03 +9.9997763885710478e-01 +9.9999999998667044e-01 +9.9999999998610012e-01 +9.9999999998595757e-01 +9.9999999998396105e-01 +4.4766461770253464e-06 +4.5163990921256956e-06 +4.4336326918636842e-06 +4.4676186412438697e-06 +4.4668619001387692e-06
  1.50000000 +5.0000000000000000e+00 +1.9999999986170738e+00 +1.8570766250317922e-03 +9.9995019418359021e-01 +9.9999999995215383e-01 +9.9999999994665023e-01 +9.9999999994701594e-01 +9.9999999994146371e-01 +9.9365130851025397e-06 +1.0029105324077573e-05 +9.9279084409473940e-06 +9.9824128871761381e-06 +9.9300859640145371e-06
  2.00000000 +5.0000000000000000e+00 +1.9999999973056448e+00 +1.8719396066507106e-03 +9.9991241499168215e-01 +9.9999999978313880e-01 +9.9999999978443010e-01 +9.9999999978433640e-01 +9.9999999976889153e-01 +1.7572815134046789e-05 +1.7667577386970269e-05 +1.7398975842232624e-05 +1.7532334981341027e-05 +1.7414183207717023e-05
  2.50000000 +5.0000000000000000e+00 +1.9999999995431925e+00 +1.8903901301032889e-03 +9.9986547801025893e-01 +9.9999999943004536e-01 +9.9999999941691253e-01 +9.9999999940830075e-01 +9.9999999937123474e-01 +2.6947573164582675e-05 +2.7061103862061327e-05 +2.6792811935079321e-05 +2.6919968335657892e-05 +2.6802908363819437e-05
  3.00000000 +5.0000000000000000e+00 +1.9999999941915947e+00 +1.9119296340920817e-03 +9.9981062372081331e-01 +9.9999999868151590e-01 +9.9999999867543121e-01 +9.9999999864657019e-01 +9.9999999861199107e-01 +3.7939993916066864e-05 +3.8025211574255690e-05 +3.7735977448205332e-05 +3.7840262645649882e-05 +3.7840173178058974e-05
  3.50000000 +5.0000000000000000e+00 +1.9999999773630486e+00 +1.9361343110205070e-03 +9.9974890069166844e-01 +9.9999999748285540e-01 +9.9999999745471224e-01 +9.9999999732985345e-01 +9.9999999731094602e-01 +5.0315152881234739e-05 +5.0359091350265531e-05 +5.0153242552910420e-05 +5.0118688974266402e-05 +5.0163551148834085e-05
  4.00000000 +5.0000000000000000e+00 +1.9999999529879988e+00 +1.9624753284200832e-03 +9.9968162009459116e-01 +9.9999999557590591e-01 +9.9999999556260921e-01 +9.9999999541397633e-01 +9.9999999541225792e-01 +6.3920186462305839e-05 +6.3872690873231712e-05 +6.3639114506638687e-05 +6.3478280766433138e-05 +6.3487689307461164e-05
  4.50000000 +5.0000000000000000e+00 +1.9999999472452430e+00 +1.9899854328817575e-03 +9.9961120819453009e-01 +9.9999999271615359e-01 +9.9999999262032047e-01 +9.9999999254343253e-01 +9.9999999245628957e-01 +7.8200833560281024e-05 +7.8056771574089531e-05 +7.7556286899420143e-05 +7.7561397717848521e-05 +7.7446153475989503e-05
  5.00000000 +5.0000000000000000e+00 +1.9999999485626514e+00 +2.0182859430626959e-03 +9.9953859921932597e-01 +9.9999998889508557e-01 +9.9999998873847962e-01 +9.9999998865766881e-01 +9.9999998862604200e-01 +9.2800180385590612e-05 +9.2791374604790289e-05 +9.1867309571418352e-05 +9.2053316669212575e-05 +9.1933758816828412e-05
  5.50000000 +5.0000000000000000e+00 +1.9999999267327428e+00 +2.0465644138743301e-03 +9.9946584927483395e-01 +9.9999998355500086e-01 +9.9999998375064669e-01 +9.9999998361154752e-01 +9.9999998349466557e-01 +1.0754568930703177e-04 +1.0717480227582203e-04 +1.0646862101420878e-04 +1.0664223346913222e-04 +1.0638495639269913e-04
  6.00000000 +5.0000000000000000e+00 +1.9999998559032057e+00 +2.0736212937512385e-03 +9.9939593720599806e-01 +9.9999997682344532e-01 +9.9999997698487575e-01 +9.9999997732953638e-01 +9.9999997695023135e-01 +1.2150491640997591e-04 +1.2163508409203392e-04 +1.2044036379079514e-04 +1.2024033358349453e-04 +1.2033400561452381e-04
  6.50000000 +5.0000000000000000e+00 +1.9999998728264881e+00 +2.0999345771339005e-03 +9.9932773377013240e-01 +9.9999996851389383e-01 +9.9999996899306720e-01 +9.9999996921291101e-01 +9.9999996911555489e-01 +1.3525553312697467e-04 +1.3560095929697648e-04 +1.3371458703710830e-04 +1.3394582021010172e-04 +1.3387348377699165e-04
  7.00000000 +5.0000000000000000e+00 +1.9999997271957486e+00 +2.1238728224995257e-03 +9.9926529801073638e-01 +9.9999995859729229e-01 +9.9999995939524100e-01 +9.9999995957198640e-01 +9.9999995938791175e-01 +1.4788543435606273e-04 +1.4781826753304140e-04 +1.4654599826273803e-04 +1.4595737745159366e-04 +1.4665798728869347e-04
  7.50000000 +5.0000000000000000e+00 +1.9999995919459537e+00 +2.1444717684629107e-03 +9.9921108428007777e-01 +9.9999994722521013e-01 +9.9999994824722116e-01 +9.9999994783416590e-01 +9.9999994811291393e-01 +1.5947020894448361e-04 +1.5840868078534692e-04 +1.5667357179359462e-04 +1.5729220764823499e-04 +1.5727963608727627e-04
  8.00000000 +5.0000000000000000e+00 +1.9999994512587111e+00 +2.1620014988901677e-03 +9.9916444293408357e-01 +9.9999993260499187e-01 +9.9999993500355933e-01 +9.9999993396258369e-01 +9.9999993347426031e-01 +1.6831076624530925e-04 +1.6801763095165501e-04 +1.6656389716193027e-04 +1.6621184094504050e-04 +1.6671788426079396e-04
  8.50000000 +5.0000000000000000e+00 +1.9999993306159121e+00 +2.1761128896704424e-03 +9.9912631226412152e-01 +9.9999991787957243e-01 +9.9999991921186271e-01 +9.9999991884111594e-01 +9.9999991831867108e-01 +1.7620903800731413e-04 +1.7608584997072638e-04 +1.7435885068037518e-04 +1.7374087695837972e-04 +1.7361893185801236e-04
  9.00000000 +5.0000000000000000e+00 +1.9999992339809856e+00 +2.1856505919932577e-03 +9.9909962023783505e-01 +9.9999990076564149e-01 +9.9999990288664575e-01 +9.9999990400558636e-01 +9.9999990227775526e-01 +1.8153413589797729e-04 +1.8125874708595059e-04 +1.7908145059247982e-04 +1.7947096165669196e-04 +1.7942455776929117e-04
  9.50000000 +5.0000000000000000e+00 +1.9999989625288108e+00 +2.1917852754003769e-03 +9.9908152226302283e-01 +9.9999988018451491e-01 +9.9999988431169096e-01 +9.9999988277782292e-01 +9.9999988614499624e-01 +1.8567948261606051e-04 +1.8565798187714986e-04 +1.8235954012282095e-04 +1.8288104671526306e-04 +1.8236621625321691e-04
 10.00000000 +5.0000000000000000e+00 +1.9999986963884673e+00 +2.1935041501060198e-03 +9.9907455959825986e-01 +9.9999985964140625e-01 +9.9999986398162000e-01 +9.9999986434220323e-01 +9.9999986551796849e-01 +1.8603002080181338e-04 +1.8727451378569538e-04 +1.8527938141503557e-04 +1.8384466099619819e-04 +1.8355836445087975e-04
 10.50000000 +5.0000000000000000e+00 +1.9999983059124782e+00 +2.1908824298108539e-03 +9.9907864995064433e-01 +9.9999984153156452e-01 +9.9999984345594950e-01 +9.9999984665489394e-01 +9.9999984195720870e-01 +1.8697516463104602e-04 +1.8523819322495362e-04 +1.8426173898210537e-04 +1.8241676707110157e-04 +1.8308459861200388e-04
 11.00000000 +5.0000000000000000e+00 +1.9999983072798755e+00 +2.1845638702670455e-03 +9.9909224154821319e-01 +9.9999981600893761e-01 +9.9999982347166028e-01 +9.9999982156916145e-01 +9.9999982399168053e-01 +1.8189272901992387e-04 +1.8316782654222293e-04 +1.8269063878146438e-04 +1.7988745607659684e-04 +1.8083483209431519e-04
 11.50000000 +5.0000000000000000e+00 +1.9999979987844105e+00 +2.1740909811365579e-03 +9.9911649221882737e-01 +9.9999979513359327e-01 +9.9999980129996280e-01 +9.9999979929254823e-01 +9.9999980173810332e-01 +1.8037399434798180e-04 +1.7939726087530479e-04 +1.7507308773680031e-04 +1.7562358683138979e-04 +1.7384239919586731e-04
 12.00000000 +5.0000000000000000e+00 +1.9999976764180725e+00 +2.1575866056265389e-03 +9.9915629445698972e-01 +9.9999977046843480e-01 +9.9999977802382856e-01 +9.9999977395568929e-01 +9.9999977654674932e-01 +1.7216382518884732e-04 +1.6952497483159419e-04 +1.6802569444313958e-04 +1.6843026627999619e-04 +1.6646182194323851e-04
 12.50000000 +5.0000000000000000e+00 +1.9999973003038081e+00 +2.1409547359369247e-03 +9.9919671288465861e-01 +9.9999974784775936e-01 +9.9999975897279803e-01 +9.9999976049015238e-01 +9.9999974811978254e-01 +1.6257296118550737e-04 +1.6347352868558516e-04 +1.5834216960320923e-04 +1.6013835873201807e-04 +1.5974466261122611e-04
 13.00000000 +5.0000000000000000e+00 +1.9999973595734171e+00 +2.1214726626963653e-03 +9.9924479915181896e-01 +9.9999973032246958e-01 +9.9999974026069660e-01 +9.9999973216377125e-01 +9.9999973162950906e-01 +1.5429002419459618e-04 +1.5106600867597489e-04 +1.4982088454228238e-04 +1.5010792705043337e-04 +1.5098156484440745e-04
 13.50000000 +5.0000000000000000e+00 +1.9999971995300561e+00 +2.0989230561412795e-03 +9.9930099677590978e-01 +9.9999970567601171e-01 +9.9999971097028195e-01 +9.9999971036371349e-01 +9.9999971003730692e-01 +1.4298933504760378e-04 +1.4187076281485422e-04 +1.3903661704272346e-04 +1.3688677521275693e-04 +1.3938274789409316e-04
 14.00000000 +5.0000000000000000e+00 +1.9999969130622413e+00 +2.0732535029708531e-03 +9.9936565884612361e-01 +9.9999968487645619e-01 +9.9999969214671858e-01 +9.9999968009062801e-01 +9.9999967640960197e-01 +1.2927705149841506e-04 +1.2926499907870472e-04 +1.2761299696677006e-04 +1.2454745621744772e-04 +1.2490510624136789e-04
 14.50000000 +5.0000000000000000e+00 +1.9999966357479708e+00 +2.0502417177612137e-03 +9.9942409751867678e-01 +9.9999966975471555e-01 +9.9999966342124780e-01 +9.9999965565921578e-01 +9.9999966432665344e-01 +1.1747137259402221e-04 +1.1739396672059071e-04 +1.1553751841314590e-04 +1.1527999694648966e-04 +1.1156639180615510e-04
 15.00000000 +5.0000000000000000e+00 +1.9999967790957516e+00 +2.0239482208179774e-03 +9.9949145265114336e-01 +9.9999965528053580e-01 +9.9999965450433592e-01 +9.9999963431687167e-01 +9.9999964725044166e-01 +1.0464397978291259e-04 +1.0379056656943875e-04 +1.0051047460276045e-04 +1.0026406388092159e-04 +1.0074696447165213e-04
 15.50000000 +5.0000000000000000e+00 +1.9999966928297654e+00 +2.0032786964993316e-03 +9.9954518086717481e-01 +9.9999962544638987e-01 +9.9999962602841364e-01 +9.9999963060444230e-01 +9.9999962729616898e-01 +9.1875799004499550e-05 +9.4033421443457659e-05 +8.9990216603602957e-05 +8.6231540067335140e-05 +9.4178777011553669e-05
 16.00000000 +5.0000000000000000e+00 +1.9999960906115575e+00 +1.9808974409931861e-03 +9.9960362773992495e-01 +9.9999960683602063e-01 +9.9999961624964773e-01 +9.9999962458904834e-01 +9.9999962374139562e-01 +8.3383985813080715e-05 +8.3618611279243137e-05 +7.6918572397923003e-05 +7.6584724377190552e-05 +7.7394908602724605e-05
 16.50000000 +5.0000000000000000e+00 +1.9999963529929714e+00 +1.9577800780268147e-03 +9.9966452758819169e-01 +9.9999959448836651e-01 +9.9999960713076486e-01 +9.9999960145029165e-01 +9.9999959930394489e-01 +6.9960157516053994e-05 +6.7868114374370809e-05 +6.8424000385744490e-05 +6.5085498208081917e-05 +6.5732311232897839e-05
 17.00000000 +5.0000000000000000e+00 +1.9999965995930713e+00 +1.9345679217096443e-03 +9.9972633023973478e-01 +9.9999956788221389e-01 +9.9999959035618080e-01 +9.9999958273421807e-01 +9.9999958873723616e-01 +5.7067598284634543e-05 +5.4893458582528306e-05 +5.6315889258439494e-05 +5.4268236558403030e-05 +5.2794820428576119e-05
 17.50000000 +5.0000000000000000e+00 +1.9999966022906872e+00 +1.9204877721595856e-03 +9.9976521332422608e-01 +9.9999956658518396e-01 +9.9999955241831684e-01 +9.9999956194271045e-01 +9.9999956525784151e-01 +4.7983541040329838e-05 +4.9848970283761954e-05 +4.6527552500826418e-05 +4.9554906331910950e-05 +4.2625460822417375e-05
 18.00000000 +5.0000000000000000e+00 +1.9999970844152826e+00 +1.9068099949669723e-03 +9.9980356644587309e-01 +9.9999953905300021e-01 +9.9999958031521952e-01 +9.9999954458944629e-01 +9.9999957046744070e-01 +4.0512530278007961e-05 +4.3182134444933919e-05 +3.7496189922971869e-05 +4.0347256777341081e-05 +3.6661009494444043e-05
 18.50000000 +5.0000000000000000e+00 +1.9999971142883743e+00 +1.8948722371112683e-03 +9.9983770408381012e-01 +9.9999956074260132e-01 +9.9999953031130573e-01 +9.9999956749205021e-01 +9.9999954680555836e-01 +3.2293541645765590e-05 +3.4263243947274125e-05 +3.4460934978148667e-05 +3.1127087132844548e-05 +3.1945733303119765e-05
 19.00000000 +5.0000000000000000e+00 +1.9999973369072435e+00 +1.8917949346947756e-03 +9.9984988897511584e-01 +9.9999953887756954e-01 +9.9999953932276886e-01 +9.9999954614648101e-01 +9.9999953252570961e-01 +2.7117017148775694e-05 +3.2303154319706765e-05 +2.9987490252651574e-05 +3.3285992050030432e-05 +2.9260428866262935e-05
 19.50000000 +5.0000000000000000e+00 +1.9999966756549514e+00 +1.8886308833323492e-03 +9.9986208430979329e-01 +9.9999952205167109e-01 +9.9999954415693704e-01 +9.9999953860891777e-01 +9.9999954358094723e-01 +2.9035354574508276e-05 +2.9083728524649837e-05 +2.6358663341411047e-05 +2.6913061552656657e-05 +2.8376452660922645e-05
 20.00000000 +5.0000000000000000e+00 +1.9999981022701325e+00 +1.8886128770132992e-03 +9.9986669232872027e-01 +9.9999951972477930e-01 +9.9999949701310542e-01 +9.9999951096934214e-01 +9.9999954825703430e-01 +2.7778676211826403e-05 +2.5861154164875231e-05 +3.1687602729799877e-05 +2.4079725591597119e-05 +2.5824530570448018e-05
 20.50000000 +5.0000000000000000e+00 +1.9999977254371872e+00 +1.8928223773134237e-03 +9.9986019828827377e-01 +9.9999954041286943e-01 +9.9999954215851039e-01 +9.9999955437916332e-01 +9.9999955641621374e-01 +3.0558908340164920e-05 +2.5909212173459122e-05 +2.4555746484577207e-05 +3.3979996440642998e-05 +2.6604464942325015e-05
 21.00000000 +5.0000000000000000e+00 +1.9999985922350798e+00 +1.9002467971754278e-03 +9.9984538798919564e-01 +9.9999950080076938e-01 +9.9999950039823271e-01 +9.9999948691129159e-01 +9.9999950204137378e-01 +3.3178325239384341e-05 +2.8178622437348324e-05 +3.1207265409695796e-05 +3.2717433355020209e-05 +3.1340216730447155e-05
 21.50000000 +5.0000000000000000e+00 +1.9999990700713588e+00 +1.9099147747418201e-03 +9.9982477348013199e-01 +9.9999951076366456e-01 +9.9999950450255082e-01 +9.9999946808997209e-01 +9.9999951701137135e-01 +3.1265213527227759e-05 +3.7228685579896120e-05 +3.3462734983308074e-05 +3.8264129296872727e-05 +3.7005355414525165e-05
 22.00000000 +5.0000000000000000e+00 +1.9999987365061047e+00 +1.9270318897727375e-03 +9.9978440112661138e-01 +9.9999946747978907e-01 +9.9999950794616776e-01 +9.9999949507927843e-01 +9.9999946766042924e-01 +4.4246113241802047e-05 +4.1995658433591775e-05 +4.3237371342294648e-05 +4.2596172366672893e-05 +4.5585345933493356e-05
 22.50000000 +5.0000000000000000e+00 +1.9999992884564959e+00 +1.9363091859520391e-03 +9.9976399203707966e-01 +9.9999948545295392e-01 +9.9999950724284303e-01 +9.9999950483793121e-01 +9.9999950652937886e-01 +4.5655795454246304e-05 +4.7887648201008992e-05 +5.2545135464980094e-05 +4.6405752907142218e-05 +4.5509629938201632e-05
 23.00000000 +5.0000000000000000e+00 +1.9999993876590911e+00 +1.9627339244548251e-03 +9.9969884523775610e-01 +9.9999946928528094e-01 +9.9999950400269522e-01 +9.9999942920123974e-01 +9.9999946684241303e-01 +5.8075810900251076e-05 +6.0312904411023857e-05 +6.0042721113857408e-05 +6.2481386095378637e-05 +6.2372590673567463e-05
 23.50000000 +5.0000000000000000e+00 +1.9999997914067182e+00 +1.9807262855161879e-03 +9.9965480235311210e-01 +9.9999946555280772e-01 +9.9999947133464706e-01 +9.9999943743991238e-01 +9.9999949486657269e-01 +7.1407875266476771e-05 +7.2935671518254799e-05 +6.9660327109514287e-05 +6.7654663657605216e-05 +6.5669914601104159e-05
 24.00000000 +5.0000000000000000e+00 +1.9999987131951027e+00 +1.9959149948307582e-03 +9.9961657143478477e-01 +9.9999941404755588e-01 +9.9999942441358158e-01 +9.9999942355616789e-01 +9.9999944355467640e-01 +7.6737518550525213e-05 +8.0494472277384672e-05 +7.5319587329631844e-05 +7.5624085171926742e-05 +7.7547346943741566e-05
 24.50000000 +5.0000000000000000e+00 +1.9999988569041969e+00 +2.0239911981520366e-03 +9.9954621164751156e-01 +9.9999943838558347e-01 +9.9999943092722776e-01 +9.9999940489045147e-01 +9.9999937953095142e-01 +9.2127786662201560e-05 +9.4626258735896679e-05 +8.7042842991589536e-05 +9.0629876830195991e-05 +9.1707868100405533e-05
 25.00000000 +5.0000000000000000e+00 +1.9999991059694433e+00 +2.0393353836808126e-03 +9.9950661517952144e-01 +9.9999938539999900e-01 +9.9999945059320938e-01 +9.9999941525615366e-01 +9.9999939870925780e-01 +9.8829216454405884e-05 +9.8186828740513116e-05 +9.9401157838548349e-05 +1.0218715075852433e-04 +9.7130490988047447e-05
 25.50000000 +5.0000000000000000e+00 +1.9999986124502498e+00 +2.0619974121405924e-03 +9.9944778577366866e-01 +9.9999930309766871e-01 +9.9999938540030775e-01 +9.9999933255416096e-01 +9.9999937424318830e-01 +1.0817619780281608e-04 +1.1308112648426287e-04 +1.0864885803791614e-04 +1.1428561401906035e-04 +1.1062715118314404e-04
 26.00000000 +5.0000000000000000e+00 +1.9999985624710968e+00 +2.0750924295287916e-03 +9.9941250095395606e-01 +9.9999927494885099e-01 +9.9999940319857950e-01 +9.9999925249163035e-01 +9.9999935491555525e-01 +1.1188668764305485e-04 +1.1751506369988670e-04 +1.2009326060868230e-04 +1.2248773655537548e-04 +1.1823069361308469e-04
 26.50000000 +5.0000000000000000e+00 +1.9999976546574638e+00 +2.0990205655356453e-03 +9.9934850861833158e-01 +9.9999931569132261e-01 +9.9999933833046084e-01 +9.9999925269452672e-01 +9.9999930962841610e-01 +1.3111902409798892e-04 +1.2987958410399505e-04 +1.2641508900481787e-04 +1.3310211492082732e-04 +1.3375919449093817e-04
 27.00000000 +5.0000000000000000e+00 +1.9999976886504365e+00 +2.1111198017102354e-03 +9.9931514480476591e-01 +9.9999921193030139e-01 +9.9999922960583654e-01 +9.9999923461579432e-01 +9.9999924751009839e-01 +1.3781519909790652e-04 +1.3372667557296503e-04 +1.3531872798153017e-04 +1.3978861258287124e-04 +1.4128236682183236e-04
 27.50000000 +5.0000000000000000e+00 +1.9999964265190886e+00 +2.1305870727594306e-03 +9.9926171024446053e-01 +9.9999918551604416e-01 +9.9999929196502024e-01 +9.9999917916190406e-01 +9.9999928549624617e-01 +1.5006471573631247e-04 +1.4899093936925910e-04 +1.4177736869075145e-04 +1.4521283091454914e-04 +1.5530175716132441e-04
 28.00000000 +5.0000000000000000e+00 +1.9999953262220085e+00 +2.1363962352553018e-03 +9.9924227313484126e-01 +9.9999909175715718e-01 +9.9999911212457848e-01 +9.9999913179327626e-01 +9.9999917566044727e-01 +1.5100204656198416e-04 +1.5335136861248882e-04 +1.4716412373571197e-04 +1.5698796988344223e-04 +1.5271002514918823e-04
 28.50000000 +5.0000000000000000e+00 +1.9999956179646421e+00 +2.1416906730753775e-03 +9.9922447651383972e-01 +9.9999899488548227e-01 +9.9999909364309514e-01 +9.9999916325049754e-01 +9.9999914082897012e-01 +1.6114763151955005e-04 +1.5040890577001467e-04 +1.4800888163274509e-04 +1.6574554197874478e-04 +1.5381985727333237e-04
 29.00000000 +5.0000000000000000e+00 +1.9999950375088691e+00 +2.1565821424831362e-03 +9.9918263854991585e-01 +9.9999897685859174e-01 +9.9999914005533863e-01 +9.9999904480752400e-01 +9.9999911696839050e-01 +1.5863660538990393e-04 +1.6818696979853487e-04 +1.6323960848764829e-04 +1.6395586534023905e-04 +1.6706371547272236e-04
 29.50000000 +5.0000000000000000e+00 +1.9999923847919245e+00 +2.1545520431554147e-03 +9.9918214166579966e-01 +9.9999892433852156e-01 +9.9999907186508885e-01 +9.9999896492666485e-01 +9.9999908564222806e-01 +1.6103987434321670e-04 +1.6902477466669013e-04 +1.6470227133653245e-04 +1.6295656738990087e-04 +1.6408807837342532e-04
 30.00000000 +5.0000000000000000e+00 +1.9999938458103148e+00 +2.1533422851628403e-03 +9.9918075010935248e-01 +9.9999886341751132e-01 +9.9999900280144105e-01 +9.9999892956903125e-01 +9.9999889980104173e-01 +1.7081271828314155e-04 +1.6560148479745614e-04 +1.5837289081098910e-04 +1.6366392080584543e-04 +1.6510327424914013e-04
 30.50000000 +5.0000000000000000e+00 +1.9999917614354337e+00 +2.1524871399637487e-03 +9.9917807076568854e-01 +9.9999886129985849e-01 +9.9999891509549466e-01 +9.9999899236869416e-01 +9.9999884410142426e-01 +1.6742841872831400e-04 +1.6458060956934083e-04 +1.6883838798832076e-04 +1.5771484462173490e-04 +1.6775411128093831e-04
 31.00000000 +5.0000000000000000e+00 +1.9999913307022736e+00 +2.1371756397882556e-03 +9.9921250120576921e-01 +9.9999885159695290e-01 +9.9999890742355757e-01 +9.9999884894053837e-01 +9.9999877957139449e-01 +1.5531487199749749e-04 +1.6238228751959595e-04 +1.6091021243915533e-04 +1.5771125707551964e-04 +1.5579262066132556e-04
 31.50000000 +5.0000000000000000e+00 +1.9999893043385395e+00 +2.1409492136042246e-03 +9.9919861911655861e-01 +9.9999873395400107e-01 +9.9999867239164697e-01 +9.9999880063245083e-01 +9.9999885020759827e-01 +1.6478329628338091e-04 +1.6447614223481549e-04 +1.6091611557880796e-04 +1.6672985503185712e-04 +1.4941832955575772e-04
 32.00000000 +5.0000000000000000e+00 +1.9999893240246098e+00 +2.1223439993524351e-03 +9.9924203240867637e-01 +9.9999873575922793e-01 +9.9999876497408668e-01 +9.9999872739135565e-01 +9.9999878228424710e-01 +1.4399479282591930e-04 +1.6598456568304532e-04 +1.5254579851858019e-04 +1.4766492698525832e-04 +1.5276715600519994e-04
 32.50000000 +5.0000000000000000e+00 +1.9999882639810411e+00 +2.1190764913951751e-03 +9.9924768485172588e-01 +9.9999859608286823e-01 +9.9999859113329026e-01 +9.9999847267273068e-01 +9.9999873145052209e-01 +1.6694560573485273e-04 +1.4483434620820584e-04 +1.4474879855984023e-04 +1.5972603847210539e-04 +1.4166904396120658e-04
 33.00000000 +5.0000000000000000e+00 +1.9999862077821022e+00 +2.1084653736210095e-03 +9.9927162033170258e-01 +9.9999859750231646e-01 +9.9999868354787658e-01 +9.9999861283146219e-01 +9.9999850084860509e-01 +1.5744181451645973e-04 +1.3828553225300069e-04 +1.4795100588381986e-04 +1.4521224206723695e-04 +1.4509434778819699e-04
 33.50000000 +5.0000000000000000e+00 +1.9999846233999901e+00 +2.0922122713828194e-03 +9.9931020029822903e-01 +9.9999851361463810e-01 +9.9999850407758961e-01 +9.9999869158846233e-01 +9.9999855297515983e-01 +1.3335648221060497e-04 +1.3954691727843978e-04 +1.4127134799430492e-04 +1.4320968181574223e-04 +1.3815298480394892e-04
 34.00000000 +5.0000000000000000e+00 +1.9999854948660303e+00 +2.0771029276811532e-03 +9.9934870300821566e-01 +9.9999850371391874e-01 +9.9999849988946143e-01 +9.9999848422880511e-01 +9.9999860225255144e-01 +1.4385230467703998e-04 +1.3408218566281563e-04 +1.1814500101167756e-04 +1.3757492444602492e-04 +1.2355247838621077e-04
 34.50000000 +5.0000000000000000e+00 +1.9999837485125336e+00 +2.0676256568139466e-03 +9.9937124633430285e-01 +9.9999863936767952e-01 +9.9999827639508065e-01 +9.9999847219881943e-01 +9.9999846564114292e-01 +1.2761068160436332e-04 +1.2268138290612738e-04 +1.1685053820779872e-04 +1.3752346016908482e-04 +1.3023398763254272e-04
 35.00000000 +5.0000000000000000e+00 +1.9999856560718199e+00 +2.0481416878797083e-03 +9.9942223667853103e-01 +9.9999849825079312e-01 +9.9999831444806753e-01 +9.9999830062970663e-01 +9.9999828307450167e-01 +1.2265484503987950e-04 +1.0988535181346665e-04 +1.1676211162915494e-04 +1.1917104575201990e-04 +1.1589353697540644e-04
 35.50000000 +5.0000000000000000e+00 +1.9999832636971926e+00 +2.0412759846611798e-03 +9.9943923938496637e-01 +9.9999817603496444e-01 +9.9999832017505474e-01 +9.9999832237664799e-01 +9.9999828165028815e-01 +1.0589840687703823e-04 +1.2241605066224491e-04 +1.1111684725607065e-04 +1.1677117571413910e-04 +1.1145793974451185e-04
 36.00000000 +5.0000000000000000e+00 +1.9999846900660874e+00 +2.0266855345547571e-03 +9.9947985945339968e-01 +9.9999842377895820e-01 +9.9999833259556881e-01 +9.9999807550974740e-01 +9.9999827434236299e-01 +1.2038445393448110e-04 +9.2747312092238485e-05 +1.1699777419225831e-04 +1.0076034714384315e-04 +9.6144401023270438e-05
 36.50000000 +5.0000000000000000e+00 +1.9999839158672492e+00 +2.0089716822871105e-03 +9.9952682071324628e-01 +9.9999828009854774e-01 +9.9999822624182710e-01 +9.9999810650353926e-01 +9.9999811702016095e-01 +9.1432375460010225e-05 +9.1076223487519188e-05 +9.7871553315680477e-05 +1.0330932188350369e-04 +9.6759920683257483e-05
 37.00000000 +5.0000000000000000e+00 +1.9999836929542878e+00 +1.9996573391466870e-03 +9.9955276561125095e-01 +9.9999832383706710e-01 +9.9999831348961843e-01 +9.9999833894302681e-01 +9.9999811962909357e-01 +9.1066170287954824e-05 +9.5616672589001882e-05 +9.5519091830688159e-05 +8.9219605434692927e-05 +8.2716902054873884e-05
 37.50000000 +5.0000000000000000e+00 +1.9999852793347275e+00 +1.9993847890638432e-03 +9.9955698983497132e-01 +9.9999821644148512e-01 +9.9999834654976838e-01 +9.9999822542778272e-01 +9.9999811980212372e-01 +8.8191967547919046e-05 +9.2992182836684750e-05 +1.0312977703838598e-04 +8.2729542277767070e-05 +8.3058495674286382e-05
 38.00000000 +5.0000000000000000e+00 +1.9999823090208018e+00 +1.9949908325600824e-03 +9.9957114632103850e-01 +9.9999816451163626e-01 +9.9999815434681338e-01 +9.9999817770949928e-01 +9.9999820760300551e-01 +9.4474455349423129e-05 +7.1583005362716844e-05 +9.5440837567209932e-05 +9.1654470839505446e-05 +8.2996716794973667e-05
 38.50000000 +5.0000000000000000e+00 +1.9999830054911927e+00 +1.9848969116825080e-03 +9.9960205245833245e-01 +9.9999797978366911e-01 +9.9999822692308082e-01 +9.9999797210399322e-01 +9.9999807237384597e-01 +8.5872425744502526e-05 +8.5003408295582428e-05 +9.0445026059432883e-05 +7.6935390025269576e-05 +6.7440127688916588e-05
 39.00000000 +5.0000000000000000e+00 +1.9999856655769148e+00 +2.0008941858686447e-03 +9.9956558858570765e-01 +9.9999811746118039e-01 +9.9999783972127065e-01 +9.9999813815627769e-01 +9.9999806318524664e-01 +9.3189221277491615e-05 +8.7883056162610761e-05 +8.8492629973001735e-05 +7.8697274494996918e-05 +9.3990738580671177e-05
 39.50000000 +5.0000000000000000e+00 +1.9999847926625338e+00 +1.9948626809404694e-03 +9.9958336317685059e-01 +9.9999818592211021e-01 +9.9999817020139870e-01 +9.9999804774497236e-01 +9.9999799262203282e-01 +8.7384657746612657e-05 +8.5818037910402706e-05 +8.2878985145062750e-05 +8.7614258702420738e-05 +8.0544428590007593e-05
 40.00000000 +5.0000000000000000e+00 +1.9999885343999955e+00 +1.9919331840528567e-03 +9.9959679339900842e-01 +9.9999802070253696e-01 +9.9999813606294186e-01 +9.9999786330474794e-01 +9.9999787881867075e-01 +8.5244789156508694e-05 +9.2607096401606698e-05 +7.5292622300229369e-05 +9.1746315930584251e-05 +6.6416838697407648e-05
 40.50000000 +5.0000000000000000e+00 +1.9999890829243596e+00 +1.9880005744836770e-03 +9.9961153351347920e-01 +9.9999778172817744e-01 +9.9999784239122447e-01 +9.9999797490545717e-01 +9.9999793291205474e-01 +8.1288466892805842e-05 +7.3015448787659302e-05 +9.4534724732670076e-05 +7.3972169764014331e-05 +7.4123758905097491e-05
 41.00000000 +5.0000000000000000e+00 +1.9999854140825675e+00 +2.0040568217116000e-03 +9.9957251104658873e-01 +9.9999802375421298e-01 +9.9999788345007146e-01 +9.9999813391846404e-01 +9.9999775541489999e-01 +8.2838981962391644e-05 +7.1520721244032305e-05 +9.9486026691148385e-05 +9.5426601997722915e-05 +8.6420106993699005e-05
 41.50000000 +5.0000000000000000e+00 +1.9999882990822939e+00 +1.9969757253228016e-03 +9.9959589848093500e-01 +9.9999770207212324e-01 +9.9999760723595110e-01 +9.9999796343306036e-01 +9.9999816766616145e-01 +9.7221575243287421e-05 +7.7739213204297433e-05 +9.0829691629290617e-05 +7.6193066263858787e-05 +7.0677535793055879e-05
 42.00000000 +5.0000000000000000e+00 +1.9999888427755392e+00 +2.0021187150710113e-03 +9.9958444907255772e-01 +9.9999790646569819e-01 +9.9999758146133244e-01 +9.9999765734340518e-01 +9.9999759269697830e-01 +8.0896243624138813e-05 +1.0162865624216846e-04 +8.4337337773661230e-05 +7.9129731126101861e-05 +7.8820982536202241e-05
 42.50000000 +5.0000000000000000e+00 +1.9999904368607786e+00 +2.0052973821037957e-03 +9.9957885686565906e-01 +9.9999741752871529e-01 +9.9999804003825943e-01 +9.9999750623942718e-01 +9.9999783200765813e-01 +8.1431714461317650e-05 +7.8254128023756011e-05 +1.0383007041256116e-04 +8.1985041740565846e-05 +8.4846342319603321e-05
 43.00000000 +5.0000000000000000e+00 +1.9999900821128038e+00 +2.0151620597685786e-03 +9.9955577572322207e-01 +9.9999794567946909e-01 +9.9999734470359281e-01 +9.9999750527526332e-01 +9.9999777136896950e-01 +1.0046544858330907e-04 +8.2897269448717816e-05 +9.5914669847282436e-05 +9.0144380357006494e-05 +8.4235453265351653e-05
 43.50000000 +5.0000000000000000e+00 +1.9999883779111507e+00 +2.0410661491714064e-03 +9.9949223726807745e-01 +9.9999710954208509e-01 +9.9999722493919341e-01 +9.9999743119368778e-01 +9.9999731458629471e-01 +1.0974477858604196e-04 +9.6844627610982075e-05 +1.0296856507006896e-04 +1.0482184476480026e-04 +1.0430264751066543e-04
 44.00000000 +5.0000000000000000e+00 +1.9999894892345644e+00 +2.0376995951916278e-03 +9.9950218656246614e-01 +9.9999806019243154e-01 +9.9999765578003441e-01 +9.9999779554424895e-01 +9.9999732150288778e-01 +1.0259840953139942e-04 +9.6365852496624416e-05 +9.7152472520428107e-05 +1.0012540025934101e-04 +1.1073828597633495e-04
 44.50000000 +5.0000000000000000e+00 +1.9999880616993662e+00 +2.0641936444929531e-03 +9.9943374967485066e-01 +9.9999744580208205e-01 +9.9999773361876532e-01 +9.9999750751060990e-01 +9.9999757466358041e-01 +1.0218576901774281e-04 +1.2525308424000606e-04 +1.0445142985630723e-04 +1.1698660354217766e-04 +1.2711183695852298e-04
 45.00000000 +5.0000000000000000e+00 +1.9999878348530995e+00 +2.0536365039812983e-03 +9.9946086011328150e-01 +9.9999734821995090e-01 +9.9999730369179640e-01 +9.9999723745352198e-01 +9.9999742767735944e-01 +1.0229677206317946e-04 +1.1144499540380311e-04 +1.1799963945350578e-04 +1.1114381187002272e-04 +1.0693760637805104e-04
 45.50000000 +5.0000000000000000e+00 +1.9999859935429156e+00 +2.0714104997440717e-03 +9.9941356063897546e-01 +9.9999736011816176e-01 +9.9999726401201028e-01 +9.9999726973715053e-01 +9.9999750290503731e-01 +1.2769192374468383e-04 +1.1829487404847900e-04 +1.1342095862873315e-04 +1.2881647784092690e-04 +1.0881836114629264e-04
 46.00000000 +5.0000000000000000e+00 +1.9999846780903545e+00 +2.0749313223378998e-03 +9.9940348905174636e-01 +9.9999727141821804e-01 +9.9999730883829496e-01 +9.9999707053978792e-01 +9.9999740940573512e-01 +1.4847491802908431e-04 +1.2765312914688915e-04 +1.0185396314107943e-04 +1.1032944667403547e-04 +1.1913929400370437e-04
 46.50000000 +5.0000000000000000e+00 +1.9999839736232070e+00 +2.0809207548302638e-03 +9.9938666000331655e-01 +9.9999713522366918e-01 +9.9999735401108869e-01 +9.9999756598536604e-01 +9.9999730462589109e-01 +1.1890088765514098e-04 +1.3431441844925736e-04 +1.3259546359113659e-04 +1.1406529754427927e-04 +1.2410407857440647e-04
 47.00000000 +5.0000000000000000e+00 +1.9999823897649234e+00 +2.0917671079227250e-03 +9.9935643260029905e-01 +9.9999696791799164e-01 +9.9999691794233903e-01 +9.9999732953478071e-01 +9.9999679454972801e-01 +1.5732568456581261e-04 +1.3601233893236272e-04 +1.3051179264893188e-04 +1.0883640372284294e-04 +1.2287119638773855e-04
 47.50000000 +5.0000000000000000e+00 +1.9999848792234205e+00 +2.0901394428096496e-03 +9.9935986763356266e-01 +9.9999723891779102e-01 +9.9999691239469135e-01 +9.9999747250439452e-01 +9.9999675318209036e-01 +1.1406570113122529e-04 +1.2816429403579691e-04 +1.2678453989260099e-04 +1.4643050029296598e-04 +1.3631035252911641e-04
 48.00000000 +5.0000000000000000e+00 +1.9999858498428071e+00 +2.0961625022959760e-03 +9.9934436406382354e-01 +9.9999693775491039e-01 +9.9999713626286713e-01 +9.9999709438540252e-01 +9.9999701927791740e-01 +1.3126304321221645e-04 +1.4179290860893547e-04 +1.2984256732074940e-04 +1.3206734451614891e-04 +1.3248236600394269e-04
 48.50000000 +5.0000000000000000e+00 +1.9999793395332985e+00 +2.1087440247729065e-03 +9.9930658617283497e-01 +9.9999725924060456e-01 +9.9999691207195063e-01 +9.9999712206430169e-01 +9.9999719441100121e-01 +1.4777992976165252e-04 +1.4120083203311948e-04 +1.3126273809270926e-04 +1.4422827875428773e-04 +1.4045423568699429e-04
 49.00000000 +5.0000000000000000e+00 +1.9999790345575708e+00 +2.1101304391766482e-03 +9.9930054626151055e-01 +9.9999648843472178e-01 +9.9999698367576528e-01 +9.9999753725761797e-01 +9.9999659500674087e-01 +1.3649357919614724e-04 +1.4097421248563869e-04 +1.5094050826486055e-04 +1.4617903735865078e-04 +1.3726206270941880e-04
 49.50000000 +5.0000000000000000e+00 +1.9999800636758378e+00 +2.1132321762300297e-03 +9.9929154221103178e-01 +9.9999785786069306e-01 +9.9999677711815649e-01 +9.9999653583488368e-01 +9.9999707847919428e-01 +1.5139845623859325e-04 +1.5213536699612432e-04 +1.5529136201024814e-04 +1.2440365691743054e-04 +1.3697968853707224e-04
 50.00000000 +5.0000000000000000e+00 +1.9999770977718971e+00 +2.0986609142712234e-03 +9.9932474154978168e-01 +9.9999750294913992e-01 +9.9999733192526175e-01 +9.9999660597949314e-01 +9.9999682225753606e-01 +1.3786883271424177e-04 +1.2136376069909490e-04 +1.4406270596047557e-04 +1.4750082080216837e-04 +1.3619921751912339e-04
 50.50000000 +5.0000000000000000e+00 +1.9999672246456006e+00 +2.1082408332542225e-03 +9.9929328127909045e-01 +9.9999681883628322e-01 +9.9999635684796440e-01 +9.9999646862032876e-01 +9.9999669238674005e-01 +1.5708365674457165e-04 +1.3763525215179095e-04 +1.3969826095058704e-04 +1.3238704656913354e-04 +1.5357785060685943e-04
 51.00000000 +5.0000000000000000e+00 +1.9999746546308506e+00 +2.0997714974451127e-03 +9.9931542948353147e-01 +9.9999630505227854e-01 +9.9999656230514899e-01 +9.9999669851730466e-01 +9.9999701854964518e-01 +1.3028155030578293e-04 +1.4708775913400090e-04 +1.4945575581974349e-04 +1.3463392834541456e-04 +1.3652708084417969e-04
 51.50000000 +5.0000000000000000e+00 +1.9999704802877738e+00 +2.1148287338287712e-03 +9.9927273241999182e-01 +9.9999657707058320e-01 +9.9999641544521034e-01 +9.9999720755135724e-01 +9.9999701281451536e-01 +1.5128778498714582e-04 +1.5249133844882820e-04 +1.5586958357935714e-04 +1.4540342807989491e-04 +1.3500256213004347e-04
 52.00000000 +5.0000000000000000e+00 +1.9999735235713061e+00 +2.1040383470079804e-03 +9.9929918415079555e-01 +9.9999695898484264e-01 +9.9999632517114756e-01 +9.9999638769240262e-01 +9.9999642217794249e-01 +1.5274926763144409e-04 +1.3643504042958678e-04 +1.2706552377771385e-04 +1.4884505093803839e-04 +1.4962697451089129e-04
 52.50000000 +5.0000000000000000e+00 +1.9999691251904002e+00 +2.1055467100331098e-03 +9.9929223979220017e-01 +9.9999616611954401e-01 +9.9999630737332612e-01 +9.9999695035561165e-01 +9.9999620507713483e-01 +1.5621961094772156e-04 +1.4976545804015919e-04 +1.4214147628790314e-04 +1.4677348287694809e-04 +1.2723129011050477e-04
 53.00000000 +5.0000000000000000e+00 +1.9999696365312016e+00 +2.0845720340114653e-03 +9.9934686848816190e-01 +9.9999654753594003e-01 +9.9999614900965161e-01 +9.9999594182576423e-01 +9.9999608914611748e-01 +1.4077917476419314e-04 +1.1988589588809042e-04 +1.2998037554595449e-04 +1.2290242649630400e-04 +1.5485613566623073e-04
 53.50000000 +5.0000000000000000e+00 +1.9999687365405809e+00 +2.0800735604130480e-03 +9.9935464571794930e-01 +9.9999603873902898e-01 +9.9999621450053167e-01 +9.9999591774139340e-01 +9.9999629376285881e-01 +1.3737777874996905e-04 +1.4792757001795491e-04 +1.1800633988487058e-04 +1.2665102321755665e-04 +1.3092686121727047e-04
 54.00000000 +5.0000000000000000e+00 +1.9999659622250818e+00 +2.0796601005250068e-03 +9.9935663570272004e-01 +9.9999537596864430e-01 +9.9999594224482780e-01 +9.9999606197209201e-01 +9.9999639672545726e-01 +1.2889025906610006e-04 +1.3954724931442795e-04 +1.3884946839029438e-04 +1.3932322352728854e-04 +1.1297716462677514e-04
 54.50000000 +5.0000000000000000e+00 +1.9999685655624131e+00 +2.0929661414939211e-03 +9.9932319931294655e-01 +9.9999570424290940e-01 +9.9999666658086672e-01 +9.9999582256000197e-01 +9.9999700361755406e-01 +1.3327396538988305e-04 +1.3974516138590007e-04 +1.2822186748010783e-04 +1.4285573550500307e-04 +1.4750699381575462e-04
 55.00000000 +5.0000000000000000e+00 +1.9999669982351169e+00 +2.0981453013038734e-03 +9.9931037290857350e-01 +9.9999552724766350e-01 +9.9999597431943532e-01 +9.9999539992920827e-01 +9.9999618350347375e-01 +1.3657196844262380e-04 +1.3294701254228171e-04 +1.6606218398032495e-04 +1.4575495114212676e-04 +1.2520595355554445e-04
 55.50000000 +5.0000000000000000e+00 +1.9999679056931852e+00 +2.0947911655024745e-03 +9.9931951895880844e-01 +9.9999541366586275e-01 +9.9999539592906295e-01 +9.9999545813878665e-01 +9.9999493492623504e-01 +1.4457643877607623e-04 +1.4386062612108707e-04 +1.2448606156371866e-04 +1.4855722329282375e-04 +1.3779804343920954e-04
 56.00000000 +5.0000000000000000e+00 +1.9999667049815286e+00 +2.0794367177402327e-03 +9.9935760861940404e-01 +9.9999475514158775e-01 +9.9999578655552257e-01 +9.9999627219000586e-01 +9.9999574414626380e-01 +1.2183929689405601e-04 +1.5837884142008845e-04 +1.0379859743997995e-04 +1.4208189505251340e-04 +1.3373473685818186e-04
 56.50000000 +5.0000000000000000e+00 +1.9999660456414325e+00 +2.0594897096027796e-03 +9.9941065983865551e-01 +9.9999606963165955e-01 +9.9999602582972902e-01 +9.9999562735663394e-01 +9.9999568049688836e-01 +1.0602774557453605e-04 +1.3525171362340429e-04 +1.4142136953711337e-04 +1.0915959543749504e-04 +1.1407640223942152e-04
 57.00000000 +5.0000000000000000e+00 +1.9999646110928817e+00 +2.0714512129224212e-03 +9.9938001986888858e-01 +9.9999523128908729e-01 +9.9999564493570836e-01 +9.9999546793405114e-01 +9.9999576410533597e-01 +1.4246288678431454e-04 +1.3697301064509337e-04 +1.2826526037660517e-04 +1.1242481617833579e-04 +1.1774587682689620e-04
 57.50000000 +5.0000000000000000e+00 +1.9999639469332511e+00 +2.0601077133102852e-03 +9.9940931908588193e-01 +9.9999537933261184e-01 +9.9999456447779445e-01 +9.9999614830721728e-01 +9.9999528651691649e-01 +1.2432842760189174e-04 +1.0771576891123618e-04 +1.2353272915559764e-04 +1.3685071965278693e-04 +1.1687461414555290e-04
 58.00000000 +5.0000000000000000e+00 +1.9999600806639399e+00 +2.0701908310593125e-03 +9.9938405804743724e-01 +9.9999566954312180e-01 +9.9999487568550505e-01 +9.9999516272587252e-01 +9.9999617214230918e-01 +1.5544238305153737e-04 +1.2243414193054529e-04 +1.1753958429348815e-04 +1.2081485878544220e-04 +1.1783091685869448e-04
 58.50000000 +5.0000000000000000e+00 +1.9999686492151356e+00 +2.0667978322370197e-03 +9.9939632436681758e-01 +9.9999456110781348e-01 +9.9999481390323530e-01 +9.9999517174095653e-01 +9.9999615158035216e-01 +1.0137045129358913e-04 +1.2970306986237221e-04 +1.3480520462022397e-04 +1.2789861526712212e-04 +1.2919996623307742e-04
 59.00000000 +5.0000000000000000e+00 +1.9999574609432282e+00 +2.0621844708778657e-03 +9.9940617037825719e-01 +9.9999510238032308e-01 +9.9999494551864099e-01 +9.9999506107480718e-01 +9.9999593288144839e-01 +1.0038076648196214e-04 +1.2696472393292839e-04 +1.2095846146605981e-04 +1.3340898676742464e-04 +1.3107480270633257e-04
 59.50000000 +5.0000000000000000e+00 +1.9999652856243482e+00 +2.0854376967909039e-03 +9.9935331510638203e-01 +9.9999346993566207e-01 +9.9999419458550920e-01 +9.9999543453604400e-01 +9.9999648486878612e-01 +1.1583429657479118e-04 +1.3804853906259753e-04 +1.5809069380702575e-04 +1.0299364268822136e-04 +1.5213376678019746e-04
 60.00000000 +5.0000000000000000e+00 +1.9999684988378441e+00 +2.0453095712071948e-03 +9.9945693722569506e-01 +9.9999444510254953e-01 +9.9999486997195752e-01 +9.9999429305266507e-01 +9.9999427054018875e-01 +1.2218601201790434e-04 +1.2132378908496454e-04 +1.1691402003202519e-04 +7.6238290694232775e-05 +1.2852201155267556e-04
 60.50000000 +5.0000000000000000e+00 +1.9999662840947323e+00 +2.0867920692019090e-03 +9.9935205796701432e-01 +9.9999411014599437e-01 +9.9999551222264427e-01 +9.9999475181920783e-01 +9.9999603798420855e-01 +1.4388821006558071e-04 +1.2268736303448115e-04 +1.1503558753330711e-04 +1.6881770646133944e-04 +1.1710096749496645e-04
 61.00000000 +5.0000000000000000e+00 +1.9999643547809158e+00 +2.0718771923825870e-03 +9.9939253601749967e-01 +9.9999530363775779e-01 +9.9999418391109629e-01 +9.9999347130097871e-01 +9.9999505435463865e-01 +1.1268821671805012e-04 +1.0759336915639581e-04 +1.4951441067241947e-04 +1.1854976147362713e-04 +1.4110503660635029e-04
 61.50000000 +5.0000000000000000e+00 +1.9999661013617149e+00 +2.0689169499515411e-03 +9.9940132969935047e-01 +9.9999561937700532e-01 +9.9999517840995722e-01 +9.9999504443770015e-01 +9.9999378883603551e-01 +1.3889015435029166e-04 +8.9159189026364729e-05 +1.2480221568890462e-04 +1.3060455936709037e-04 +1.3558310809678174e-04
 62.00000000 +5.0000000000000000e+00 +1.9999600514336893e+00 +2.1152289616274533e-03 +9.9928212786444981e-01 +9.9999317422527767e-01 +9.9999451999546529e-01 +9.9999452624740837e-01 +9.9999579053567877e-01 +1.5482543319156173e-04 +1.8956058249810126e-04 +1.3696465026117365e-04 +1.3253168638026127e-04 +1.2597879699894037e-04
 62.50000000 +5.0000000000000000e+00 +1.9999653536018029e+00 +2.0801095575191894e-03 +9.9937433503456374e-01 +9.9999387135429996e-01 +9.9999490271517621e-01 +9.9999478113959372e-01 +9.9999359429405332e-01 +1.3792004387332675e-04 +1.3948323621099421e-04 +1.3306483971585071e-04 +9.8456870095460654e-05 +1.3959045560907454e-04
 63.00000000 +5.0000000000000000e+00 +1.9999672316369208e+00 +2.0658554899592343e-03 +9.9941557646081258e-01 +9.9999386106544363e-01 +9.9999518342951144e-01 +9.9999487450575031e-01 +9.9999383022325461e-01 +1.2834065403206232e-04 +1.0356378348209254e-04 +1.0750234332642842e-04 +1.5873238718901988e-04 +1.0853515249345043e-04
 63.50000000 +5.0000000000000000e+00 +1.9999585250748255e+00 +2.0925935472704956e-03 +9.9934443153749186e-01 +9.9999376405897700e-01 +9.9999385068025082e-01 +9.9999428752300135e-01 +9.9999402489927636e-01 +1.3058817615875024e-04 +1.5000903261377701e-04 +1.2585873472248913e-04 +1.2663242660481970e-04 +1.4655292571684280e-04
 64.00000000 +5.0000000000000000e+00 +1.9999651009624886e+00 +2.0742890329608129e-03 +9.9939434529044580e-01 +9.9999437852214612e-01 +9.9999406787760314e-01 +9.9999492140711599e-01 +9.9999368730397886e-01 +1.0910021939142787e-04 +1.2652632527614853e-04 +1.4417142392888431e-04 +1.1865272749128964e-04 +1.3014889685859313e-04
 64.50000000 +5.0000000000000000e+00 +1.9999592101218930e+00 +2.0927494104170728e-03 +9.9934608701309635e-01 +9.9999435039981777e-01 +9.9999405212507164e-01 +9.9999382245740775e-01 +9.9999466663197867e-01 +1.7783530437396629e-04 +1.2415889687094752e-04 +1.1825673642475698e-04 +1.2156316918330001e-04 +1.3520727191623986e-04
 65.00000000 +5.0000000000000000e+00 +1.9999641124096164e+00 +2.0472022474841470e-03 +9.9946098577537290e-01 +9.9999348024390022e-01 +9.9999331430684635e-01 +9.9999436180216483e-01 +9.9999591674178046e-01 +1.0744845860991223e-04 +9.5326860069509415e-05 +1.2965292370087112e-04 +1.0099221123451873e-04 +1.2852069375531876e-04
 65.50000000 +5.0000000000000000e+00 +1.9999581149377144e+00 +2.1121514209742646e-03 +9.9929371935713318e-01 +9.9999399212721851e-01 +9.9999300093839594e-01 +9.9999383283019860e-01 +9.9999278887085608e-01 +1.4293118212964758e-04 +1.6980155137821462e-04 +1.3982790764542808e-04 +1.3118958338429075e-04 +1.4891566290698821e-04
 66.00000000 +5.0000000000000000e+00 +1.9999598527030238e+00 +2.0952575650528106e-03 +9.9934144346736875e-01 +9.9999307940304050e-01 +9.9999310696911348e-01 +9.9999466312697460e-01 +9.9999505459567095e-01 +1.7939187290747538e-04 +1.2910077739315708e-04 +1.3658592440649939e-04 +1.0348110570187597e-04 +1.3409272869692793e-04
 66.50000000 +5.0000000000000000e+00 +1.9999525002669565e+00 +2.1185340821671273e-03 +9.9927470144747732e-01 +9.9999409905569947e-01 +9.9999356723076227e-01 +9.9999542414681553e-01 +9.9999407452549027e-01 +1.4854070411752593e-04 +1.2021301520188810e-04 +1.7174265805685541e-04 +1.6672153012801919e-04 +1.4091568183254716e-04
 67.00000000 +5.0000000000000000e+00 +1.9999523373630570e+00 +2.1015113296048798e-03 +9.9932169925072645e-01 +9.9999362454738094e-01 +9.9999407484802694e-01 +9.9999258279498593e-01 +9.9999405708463962e-01 +1.0598264373099068e-04 +1.4907955575470689e-04 +1.6416167214343338e-04 +1.5655036539118723e-04 +1.2818722864053745e-04
 67.50000000 +5.0000000000000000e+00 +1.9999493543237901e+00 +2.1133360014590672e-03 +9.9929060355221178e-01 +9.9999258815779946e-01 +9.9999228348045177e-01 +9.9999319078807225e-01 +9.9999294698809882e-01 +1.4336545245357087e-04 +1.3164088240220554e-04 +1.5378539880265399e-04 +1.3497032801103567e-04 +1.7462499060425405e-04
 68.00000000 +5.0000000000000000e+00 +1.9999573634032926e+00 +2.1024136119441872e-03 +9.9931616406085788e-01 +9.9999449252028594e-01 +9.9999346316351001e-01 +9.9999428180797068e-01 +9.9999459703424509e-01 +1.1993555938300076e-04 +1.6131981130494685e-04 +1.4556337842916683e-04 +1.5532428321345438e-04 +1.2485838821092431e-04
 68.50000000 +5.0000000000000000e+00 +1.9999585431702025e+00 +2.1097160299400914e-03 +9.9930070229110768e-01 +9.9999270390189887e-01 +9.9999292833794728e-01 +9.9999218685475821e-01 +9.9999157539986172e-01 +1.6357245399946217e-04 +1.4301677777250898e-04 +1.5225940359460939e-04 +1.4865983469510412e-04 +1.2239477618208723e-04
 69.00000000 +5.0000000000000000e+00 +1.9999520559151911e+00 +2.0763697809838191e-03 +9.9937737732257026e-01 +9.9999208148127428e-01 +9.9999282739975914e-01 +9.9999283868198829e-01 +9.9999207033839521e-01 +1.4186981764304648e-04 +1.1377501848557074e-04 +1.4449825857920439e-04 +1.2124562426568555e-04 +1.3141602965557710e-04
 69.50000000 +5.0000000000000000e+00 +1.9999406183504687e+00 +2.1250194464549317e-03 +9.9925073906620665e-01 +9.9999294348139844e-01 +9.9999259308407695e-01 +9.9999306532524912e-01 +9.9999516463167515e-01 +1.8203108647185510e-04 +1.7149731821718852e-04 +1.3339323225386280e-04 +1.4843063532533519e-04 +1.4014212453718986e-04
 70.00000000 +5.0000000000000000e+00 +1.9999468555253632e+00 +2.1040018504513988e-03 +9.9930563756609225e-01 +9.9999217700491339e-01 +9.9999300477834074e-01 +9.9999276339026566e-01 +9.9999201291332551e-01 +1.6209433191896732e-04 +1.5916010128731199e-04 +1.2920740277234434e-04 +1.5225200678662055e-04 +1.2169051695351706e-04
 70.50000000 +5.0000000000000000e+00 +1.9999463489888496e+00 +2.0839421992093514e-03 +9.9935853721300238e-01 +9.9999378532007199e-01 +9.9999112915575683e-01 +9.9999320947506121e-01 +9.9999221518826709e-01 +1.2756990791794743e-04 +1.3939815970359307e-04 +1.2853155095676977e-04 +1.6271910399365670e-04 +1.1290493527521741e-04
 71.00000000 +5.0000000000000000e+00 +1.9999492788840945e+00 +2.1076464416708352e-03 +9.9929789782942424e-01 +9.9999365114837058e-01 +9.9999132736248830e-01 +9.9999182864766512e-01 +9.9999104018579921e-01 +1.5559977132898446e-04 +1.6058279910783892e-04 +1.3455273283337281e-04 +1.4797938024619994e-04 +1.3554014735431291e-04
 71.50000000 +5.0000000000000000e+00 +1.9999452766116121e+00 +2.0917236832940240e-03 +9.9933508045102304e-01 +9.9999228376403893e-01 +9.9999080771115068e-01 +9.9999219356805202e-01 +9.9999281863538592e-01 +1.4633191287929113e-04 +1.5505448809451027e-04 +1.4417558465665796e-04 +1.4566347293434547e-04 +1.0559041080477218e-04
 72.00000000 +5.0000000000000000e+00 +1.9999429599564227e+00 +2.1152025324246804e-03 +9.9927805643699252e-01 +9.9999157654334481e-01 +9.9999208396308015e-01 +9.9999194042548434e-01 +9.9999141789550772e-01 +1.4152262528965942e-04 +1.2255846992354315e-04 +1.8372903562260324e-04 +1.2370485159441812e-04 +1.8340973338114167e-04
 72.50000000 +5.0000000000000000e+00 +1.9999388128712945e+00 +2.1457069836892115e-03 +9.9919539651593536e-01 +9.9999528703195795e-01 +9.9999282800447375e-01 +9.9999357314199544e-01 +9.9999188798018168e-01 +1.6687920544822388e-04 +1.4649160772326207e-04 +1.5669496270118521e-04 +1.9162942826860574e-04 +1.6933211121658039e-04
 73.00000000 +5.0000000000000000e+00 +1.9999300404171005e+00 +2.1428653284513662e-03 +9.9920317464496311e-01 +9.9999224568033274e-01 +9.9999295728550852e-01 +9.9998991301625106e-01 +9.9999338615866740e-01 +1.9282239009652850e-04 +1.4845042885360004e-04 +1.3556680238957638e-04 +1.6766873663983888e-04 +1.8381484090971561e-04
 73.50000000 +5.0000000000000000e+00 +1.9999371024526689e+00 +2.0729487199023944e-03 +9.9938033530257064e-01 +9.9999244735045156e-01 +9.9999068364679367e-01 +9.9999263748227396e-01 +9.9999140825872423e-01 +1.0673605747176442e-04 +1.2042890342549994e-04 +1.3301357660090520e-04 +1.7965914544402605e-04 +1.1265024739947206e-04
 74.00000000 +5.0000000000000000e+00 +1.9999319853626234e+00 +2.1469517758167305e-03 +9.9918900465330573e-01 +9.9999333282517944e-01 +9.9999134673193346e-01 +9.9999266714631285e-01 +9.9999263235252878e-01 +1.5273390234750954e-04 +1.2960985949154856e-04 +2.4143107893949192e-04 +1.5775616384494087e-04 +1.5948529970063435e-04
 74.50000000 +5.0000000000000000e+00 +1.9999371528915042e+00 +2.1233437889799193e-03 +9.9926125779128216e-01 +9.9999257344249559e-01 +9.9999256907889111e-01 +9.9998887085473820e-01 +9.9999359662078924e-01 +1.6872018951645255e-04 +1.2563116977102562e-04 +1.9500441566311494e-04 +1.5421974102196843e-04 +1.2755668583925556e-04
 75.00000000 +5.0000000000000000e+00 +1.9999375952023877e+00 +2.1125288389743932e-03 +9.9928388208388608e-01 +9.9999212860129449e-01 +9.9999113163256559e-01 +9.9998988089333141e-01 +9.9999071674116935e-01 +1.4481514907628798e-04 +1.0954865309749724e-04 +1.6839916098368782e-04 +1.9326225131335864e-04 +1.3623483440090663e-04
 75.50000000 +5.0000000000000000e+00 +1.9999294940350736e+00 +2.1208064147240041e-03 +9.9925722606015266e-01 +9.9999301552002873e-01 +9.9999027971463106e-01 +9.9999120939582009e-01 +9.9999026863025187e-01 +1.4478662588282841e-04 +1.6437670801376839e-04 +1.4469037999174629e-04 +1.7081579789958093e-04 +1.5333116993019848e-04
 76.00000000 +5.0000000000000000e+00 +1.9999321182541745e+00 +2.1367492054845498e-03 +9.9922092090660197e-01 +9.9999251235614584e-01 +9.9999463868918526e-01 +9.9998966517488819e-01 +9.9999175185112565e-01 +1.8829680215563536e-04 +1.3489255134288547e-04 +1.2314803395418206e-04 +1.9133818133329825e-04 +1.7283546745428487e-04
 76.50000000 +5.0000000000000000e+00 +1.9999279137295027e+00 +2.1369281340592062e-03 +9.9921833624527301e-01 +9.9998839254256799e-01 +9.9999196880769348e-01 +9.9999118615885108e-01 +9.9999121107230282e-01 +1.6078457200991564e-04 +2.0541400570687172e-04 +1.3668502652030640e-04 +2.1473973733383923e-04 +1.0128182755763761e-04
 77.00000000 +5.0000000000000000e+00 +1.9999300315179098e+00 +2.0943707996775424e-03 +9.9932487557430016e-01 +9.9999021177609504e-01 +9.9998926517080089e-01 +9.9999374158537324e-01 +9.9999067419891208e-01 +1.3611814094888918e-04 +1.8827981408157417e-04 +1.6804175708845160e-04 +1.2341898013110662e-04 +9.5373019179149259e-05
 77.50000000 +5.0000000000000000e+00 +1.9999256904775180e+00 +2.1685780522077733e-03 +9.9913947221761990e-01 +9.9999107507748097e-01 +9.9998925672236538e-01 +9.9998638030599374e-01 +9.9999050786844179e-01 +1.9697356827254187e-04 +1.7464196950134318e-04 +1.7674721106997944e-04 +2.0417158940835763e-04 +1.5077346147798377e-04
 78.00000000 +5.0000000000000000e+00 +1.9999315863598193e+00 +2.1157103203976180e-03 +9.9927752250139901e-01 +9.9999098278285181e-01 +9.9999004872321640e-01 +9.9999138629795159e-01 +9.9998950185715008e-01 +1.3810547286449869e-04 +1.1632050867508909e-04 +1.8826477870100765e-04 +1.7457445059318187e-04 +1.4329264056964580e-04
 78.50000000 +5.0000000000000000e+00 +1.9999220682107968e+00 +2.1080929855064167e-03 +9.9929173629663237e-01 +9.9999355321584416e-01 +9.9998933472457552e-01 +9.9999033142881621e-01 +9.9998853013939515e-01 +7.1969120625374925e-05 +1.5797164674146143e-04 +1.4214208766553894e-04 +1.7727143658245810e-04 +1.9715990024942899e-04
 79.00000000 +5.0000000000000000e+00 +1.9999308047004665e+00 +2.1057370127831841e-03 +9.9930539101802918e-01 +9.9998944322809857e-01 +9.9999083724779847e-01 +9.9998943760222614e-01 +9.9998922851038152e-01 +1.5646705019033497e-04 +1.5087561562847622e-04 +1.2048536396329082e-04 +1.5774247610810576e-04 +1.5009190596595578e-04
 79.50000000 +5.0000000000000000e+00 +1.9999216621386000e+00 +2.1554718772782851e-03 +9.9917293206090851e-01 +9.9998933574602300e-01 +9.9998864367975115e-01 +9.9998694958198064e-01 +9.9998698645030049e-01 +1.3228339243391308e-04 +1.6872264960337972e-04 +2.0773369892584852e-04 +1.7537409613146594e-04 +1.9103863036509943e-04
 80.00000000 +5.0000000000000000e+00 +1.9999306325807433e+00 +2.1371991697702484e-03 +9.9921907300379409e-01 +9.9999204631760019e-01 +9.9998971944634252e-01 +9.9999271892313202e-01 +9.9998954326813239e-01 +1.5657037584996660e-04 +1.7413791776003037e-04 +1.1298674708579734e-04 +1.8967335724222434e-04 +1.8353063667782632e-04
 80.50000000 +5.0000000000000000e+00 +1.9999270021696112e+00 +2.1166326840251666e-03 +9.9927522261271839e-01 +9.9998889688286752e-01 +9.9998860694173020e-01 +9.9999298060255160e-01 +9.9999168887145817e-01 +1.2480365131344173e-04 +1.3684755762733615e-04 +1.5922469349798071e-04 +1.5537149723051342e-04 +1.8635670904391274e-04
 81.00000000 +5.0000000000000000e+00 +1.9999199381265849e+00 +2.1307530769446846e-03 +9.9924052519270667e-01 +9.9999199945286299e-01 +9.9999056329451474e-01 +9.9998932771078342e-01 +9.9999077718409968e-01 +1.5261770965461648e-04 +1.6074827718830229e-04 +1.2288713391631545e-04 +2.0322134269488149e-04 +1.5733268361724554e-04
 81.50000000 +5.0000000000000000e+00 +1.9999249768367420e+00 +2.1346066087021649e-03 +9.9922593326404774e-01 +9.9998433461940139e-01 +9.9999111254895878e-01 +9.9999066620036070e-01 +9.9998882585155990e-01 +1.3192049603115411e-04 +1.8139972221490144e-04 +1.8307638177217719e-04 +1.9660487597089986e-04 +1.2612602664791438e-04
 82.00000000 +5.0000000000000000e+00 +1.9999194918818370e+00 +2.1359438113073507e-03 +9.9922165113549888e-01 +9.9998903071447198e-01 +9.9998977403838940e-01 +9.9999124793629701e-01 +9.9998984662983548e-01 +1.7673510498263052e-04 +1.7138196700908608e-04 +1.2259242043362071e-04 +1.6096569853303903e-04 +1.8677434001665146e-04
 82.50000000 +5.0000000000000000e+00 +1.9999161794202855e+00 +2.1340707202371005e-03 +9.9923010122542733e-01 +9.9998903501874770e-01 +9.9998873612225281e-01 +9.9998873631901530e-01 +9.9999040585893850e-01 +1.6500505478415445e-04 +1.5383407207375264e-04 +1.6254141756484234e-04 +1.5481294105291557e-04 +1.7679197456022550e-04
 83.00000000 +5.0000000000000000e+00 +1.9999140866859901e+00 +2.1446251075071194e-03 +9.9919513445120878e-01 +9.9998621400498067e-01 +9.9999355091776188e-01 +9.9998664746272214e-01 +9.9998968461854965e-01 +1.4985226343982346e-04 +1.6000433603246400e-04 +1.7947619948227009e-04 +1.2881649641169405e-04 +2.3061925902460238e-04
 83.50000000 +5.0000000000000000e+00 +1.9999102419854340e+00 +2.1851881508816611e-03 +9.9909443375304330e-01 +9.9998897149387012e-01 +9.9998393617691217e-01 +9.9998749552445332e-01 +9.9998763119632550e-01 +1.8652903548225437e-04 +1.9509129415870084e-04 +1.3035358463033093e-04 +2.6072282081903851e-04 +1.8483511724530204e-04
 84.00000000 +5.0000000000000000e+00 +1.9999165212258840e+00 +2.1241216247974326e-03 +9.9924925618101212e-01 +9.9998790040819674e-01 +9.9998709801806807e-01 +9.9999024505765477e-01 +9.9999134723083516e-01 +1.2776506050743574e-04 +1.6733286013712569e-04 +1.7863368103416096e-04 +1.1685963618088355e-04 +2.0356186345076073e-04
 84.50000000 +5.0000000000000000e+00 +1.9999065125501589e+00 +2.1134238034171125e-03 +9.9928746707169525e-01 +9.9999040091498059e-01 +9.9999021427046564e-01 +9.9998651311358566e-01 +9.9998590635658779e-01 +1.3392173143130922e-04 +1.1853356942404291e-04 +1.5027314673700691e-04 +1.7581922160999299e-04 +1.8095058449134170e-04
 85.00000000 +5.0000000000000000e+00 +1.9999163785648815e+00 +2.1148019008502637e-03 +9.9927037527779783e-01 +9.9998616639577997e-01 +9.9998931804780056e-01 +9.9998716951695410e-01 +9.9998964923996747e-01 +1.9332901084011706e-04 +9.6674053034701105e-05 +1.3308876627759529e-04 +1.7580340005920870e-04 +1.7842626681252493e-04
 85.50000000 +5.0000000000000000e+00 +1.9999186521115810e+00 +2.1378725180850916e-03 +9.9923284009203739e-01 +9.9998652546483302e-01 +9.9998569475785415e-01 +9.9998618226292979e-01 +9.9998985719624045e-01 +2.2090822696501993e-04 +1.4737720088040277e-04 +1.3353391784543545e-04 +1.4652828146484654e-04 +1.7055259273414186e-04
 86.00000000 +5.0000000000000000e+00 +1.9999139592380328e+00 +2.0800308089501227e-03 +9.9936820242757252e-01 +9.9998562176293104e-01 +9.9998861529413352e-01 +9.9998904768176511e-01 +9.9998551763858867e-01 +1.7790373311297528e-04 +1.0597841054435930e-04 +1.6396232520900916e-04 +9.3059840238959794e-05 +1.4209089272296485e-04
 86.50000000 +5.0000000000000000e+00 +1.9998981966023990e+00 +2.1486913646602784e-03 +9.9918462773543326e-01 +9.9998672842952763e-01 +9.9998871769660980e-01 +9.9998682255915916e-01 +9.9998771797581243e-01 +1.8748365006986340e-04 +1.2132803303706167e-04 +1.7786298526455369e-04 +1.9332488299906320e-04 +1.8538606390153877e-04
 87.00000000 +5.0000000000000000e+00 +1.9999150670297803e+00 +2.1009306524077663e-03 +9.9931582860246060e-01 +9.9998588281034229e-01 +9.9998815995069368e-01 +9.9998493255137932e-01 +9.9998944436891823e-01 +1.9082991355409820e-04 +1.2481417294263821e-04 +1.1541453449176254e-04 +1.6003886781306646e-04 +1.4465423357293188e-04
 87.50000000 +5.0000000000000000e+00 +1.9999204021653560e+00 +2.1398898096718468e-03 +9.9922896716143750e-01 +9.9998552411932262e-01 +9.9999069812041397e-01 +9.9998745241240339e-01 +9.9998943977146815e-01 +1.4786225158617950e-04 +1.8033473477062847e-04 +1.8950774615864643e-04 +1.6672471299186399e-04 +1.3348896210479215e-04
 88.00000000 +5.0000000000000000e+00 +1.9999171291719173e+00 +2.1002638767604435e-03 +9.9931720403475688e-01 +9.9998657817067926e-01 +9.9998725649013664e-01 +9.9998789496562035e-01 +9.9998431027364520e-01 +1.6942892347968501e-04 +1.5409692712744166e-04 +1.3111016812380092e-04 +1.8906457907594647e-04 +9.3055454473428139e-05
 88.50000000 +5.0000000000000000e+00 +1.9999048333187559e+00 +2.1088343268140376e-03 +9.9929035332954319e-01 +9.9998960651047020e-01 +9.9998606636550758e-01 +9.9998723866271855e-01 +9.9998769760615169e-01 +2.2876506475018099e-04 +5.4853975442312459e-05 +1.8443618444878614e-04 +1.4581972201029473e-04 +1.4516256059765784e-04
 89.00000000 +5.0000000000000000e+00 +1.9998894816909563e+00 +2.2103403970603927e-03 +9.9902916177452472e-01 +9.9998883547757045e-01 +9.9998811683675259e-01 +9.9998481263680816e-01 +9.9998754197649309e-01 +1.8378260893317381e-04 +2.0247056588988473e-04 +2.3304191897920482e-04 +1.8936898567835505e-04 +2.1286720808888390e-04
 89.50000000 +5.0000000000000000e+00 +1.9999241146756834e+00 +2.1135728928477677e-03 +9.9929052493041348e-01 +9.9998202312595186e-01 +9.9999109360781191e-01 +9.9998686617582888e-01 +9.9998778190375015e-01 +8.0244999366980310e-05 +1.6332075181341101e-04 +1.7633898442691857e-04 +1.8979389639539533e-04 +1.5201161859642166e-04
 90.00000000 +5.0000000000000000e+00 +1.9998937453330661e+00 +2.1300076004806272e-03 +9.9922910157110889e-01 +9.9999059463331652e-01 +9.9998868653564166e-01 +9.9998615387181811e-01 +9.9998585129239681e-01 +1.7882625982267638e-04 +1.7018284336516013e-04 +1.6614115631329555e-04 +1.7283079390599819e-04 +1.3163102583741492e-04
 90.50000000 +5.0000000000000000e+00 +1.9999039032456736e+00 +2.1248080741235881e-03 +9.9924566585876207e-01 +9.9998565222744840e-01 +9.9998091727278171e-01 +9.9998408025295116e-01 +9.9998795819642239e-01 +1.6404018183678790e-04 +1.6176007419381764e-04 +1.6518162698205729e-04 +9.1842850747802723e-05 +2.3290147556477637e-04
 91.00000000 +5.0000000000000000e+00 +1.9999124452627048e+00 +2.1512968895012179e-03 +9.9918524480905113e-01 +9.9998659434409054e-01 +9.9998528420029531e-01 +9.9998541352678938e-01 +9.9999005320087686e-01 +1.7161089109045180e-04 +1.9461903520996229e-04 +1.3483717283568479e-04 +1.3143455703951647e-04 +2.3490825767567692e-04
 91.50000000 +5.0000000000000000e+00 +1.9999074400609640e+00 +2.1204980354419633e-03 +9.9925522203493433e-01 +9.9998435596986301e-01 +9.9998757642025071e-01 +9.9998392638152644e-01 +9.9998389802670806e-01 +2.0088905276168374e-04 +1.1553518409886516e-04 +1.4448708426697339e-04 +1.8521224205549677e-04 +1.5889759855371228e-04
 92.00000000 +5.0000000000000000e+00 +1.9998841559372449e+00 +2.1629287716062985e-03 +9.9915166717577897e-01 +9.9998424001470443e-01 +9.9998671940313744e-01 +9.9998543802195261e-01 +9.9998403056846308e-01 +1.3952765360694542e-04 +1.5941720828358514e-04 +2.3632412604040380e-04 +1.0308340038134418e-04 +2.6955243835256133e-04
 92.50000000 +5.0000000000000000e+00 +1.9998994387157953e+00 +2.1127510514809115e-03 +9.9927874659113847e-01 +9.9997993295692433e-01 +9.9998596088385461e-01 +9.9998404780536798e-01 +9.9998181516882323e-01 +5.8234202763495466e-05 +1.6294824302149228e-04 +1.8078076576331947e-04 +1.7841611004702440e-04 +2.0911725119002677e-04
 93.00000000 +5.0000000000000000e+00 +1.9999158589085340e+00 +2.0980991195178960e-03 +9.9932988274379231e-01 +9.9998194646280181e-01 +9.9998079054068800e-01 +9.9998633706520035e-01 +9.9998165511039472e-01 +1.3645778529626298e-04 +1.9058739505381492e-04 +1.3711667942806826e-04 +1.4501924336019712e-04 +1.3020698913503056e-04
 93.50000000 +5.0000000000000000e+00 +1.9999086296606916e+00 +2.1278423513778886e-03 +9.9925212697709298e-01 +9.9998604654616452e-01 +9.9998491295607705e-01 +9.9998268812169699e-01 +9.9998354370386011e-01 +1.2947512186222175e-04 +7.4942045936679131e-05 +1.4888615037155476e-04 +1.4431198480202288e-04 +3.1306638173438572e-04
 94.00000000 +5.0000000000000000e+00 +1.9998870914159490e+00 +2.2016899671320569e-03 +9.9906598164996130e-01 +9.9998474444245800e-01 +9.9998588704211289e-01 +9.9998407627538954e-01 +9.9998543137556895e-01 +2.0277260472091870e-04 +2.4097833886008453e-04 +1.5986873425597687e-04 +1.5611587346036617e-04 +2.3414364361496557e-04
 94.50000000 +5.0000000000000000e+00 +1.9998798537217612e+00 +2.1943139267016055e-03 +9.9907263407190361e-01 +9.9998750740124032e-01 +9.9998029884696982e-01 +9.9998271262241523e-01 +9.9998057212537605e-01 +2.1251107719504579e-04 +2.1448663607961726e-04 +1.5107119468234071e-04 +2.3808437464363928e-04 +1.8012166473977228e-04
 95.00000000 +5.0000000000000000e+00 +1.9998886734119550e+00 +2.1820076567060421e-03 +9.9911346021526648e-01 +9.9998516001121118e-01 +9.9998313108420067e-01 +9.9998441690194995e-01 +9.9997814741392632e-01 +1.9739485925520506e-04 +1.8668537250928101e-04 +2.0095808489904328e-04 +1.6341975669318943e-04 +2.0722629128666403e-04
 95.50000000 +5.0000000000000000e+00 +1.9998847398507340e+00 +2.2308066624948915e-03 +9.9899023172172940e-01 +9.9998337373213908e-01 +9.9998240329632848e-01 +9.9997880974015008e-01 +9.9997953331177691e-01 +2.2397134319892078e-04 +2.2340488036157194e-04 +2.6841730176795770e-04 +1.7567974302371798e-04 +1.9417492801373308e-04
 96.00000000 +5.0000000000000000e+00 +1.9998905153542028e+00 +2.1902352863770575e-03 +9.9909662138609001e-01 +9.9998572899521876e-01 +9.9998746234930180e-01 +9.9998086488226279e-01 +9.9998319691004944e-01 +2.7884631339223406e-04 +1.9579545927871420e-04 +1.2100945360457947e-04 +2.1124719607866602e-04 +1.5922706049204403e-04
 96.50000000 +5.0000000000000000e+00 +1.9998634718402784e+00 +2.1526456932407074e-03 +9.9917655590666576e-01 +9.9998790598250786e-01 +9.9998346706620811e-01 +9.9997758472217424e-01 +9.9998327504416129e-01 +1.1752712047776617e-04 +1.1709219212704887e-04 +3.3128047817899769e-04 +1.1369352423633029e-04 +2.1161794479018843e-04
 97.00000000 +5.0000000000000000e+00 +1.9998822488093086e+00 +2.1616321370974017e-03 +9.9915597900346675e-01 +9.9999106464998522e-01 +9.9997737424115019e-01 +9.9998492494288460e-01 +9.9997692005649230e-01 +1.5730354697981232e-04 +2.1154503278876337e-04 +1.8166496936829402e-04 +2.0940613802459754e-04 +1.5381742378526249e-04
 97.50000000 +5.0000000000000000e+00 +1.9998856429878089e+00 +2.1893141050761235e-03 +9.9909128131604463e-01 +9.9997626488833669e-01 +9.9998144691289281e-01 +9.9998324276954653e-01 +9.9997727400834846e-01 +1.3885595663424002e-04 +2.0261009599075065e-04 +2.1425273726174220e-04 +2.2418190843871320e-04 +2.1058941760560121e-04
 98.00000000 +5.0000000000000000e+00 +1.9998663165505668e+00 +2.1962531160620007e-03 +9.9907102026303252e-01 +9.9998546957676693e-01 +9.9998471578462045e-01 +9.9997831719736363e-01 +9.9998349434153444e-01 +2.7738780020047352e-04 +1.3565115640683671e-04 +1.7802443853407682e-04 +2.1030890376064331e-04 +1.9561054271769187e-04
 98.50000000 +5.0000000000000000e+00 +1.9998584062046980e+00 +2.1684284083201130e-03 +9.9912490382421648e-01 +9.9998235243837208e-01 +9.9997973662957662e-01 +9.9997954397322153e-01 +9.9998080996584848e-01 +1.1968614714466773e-04 +1.2287510124497501e-04 +2.0360463040861005e-04 +2.6041504181895835e-04 +2.4607224971552122e-04
 99.00000000 +5.0000000000000000e+00 +1.9998931358359993e+00 +2.1762236991040395e-03 +9.9913592587111011e-01 +9.9998451981539371e-01 +9.9999053721441944e-01 +9.9997811816482407e-01 +9.9998179981085655e-01 +2.1426778789651474e-04 +2.1548345579988702e-04 +2.0011701395698957e-04 +8.7576997412527790e-05 +2.1165388636023295e-04
 99.50000000 +5.0000000000000000e+00 +1.9998689304452155e+00 +2.1680096723074227e-03 +9.9914505039864820e-01 +9.9997514807652244e-01 +9.9998046001116692e-01 +9.9997829680490191e-01 +9.9998319739152919e-01 +2.6121427095941838e-04 +6.9471352302780454e-05 +1.9945200291798131e-04 +2.1373724728372247e-04 +1.9397244858307988e-04
100.00000000 +5.0000000000000000e+00 +1.9998777783989414e+00 +2.1584312112648209e-03 +9.9917312426179672e-01 +9.9998727692698930e-01 +9.9997304546512955e-01 +9.9998333633655223e-01 +9.9998565139611306e-01 +1.5983210834056091e-04 +1.7900283315080273e-04 +1.7952946339894147e-04 +1.7631521295643780e-04 +2.0288600135928247e-04
100.50000000 +5.0000000000000000e+00 +1.9998752289238979e+00 +2.1322421569366203e-03 +9.9921865146153643e-01 +9.9998642215118216e-01 +9.9998119347767223e-01 +9.9997638613533324e-01 +9.9998389486263939e-01 +2.0099857654447159e-04 +2.2035456962838935e-04 +1.2705093511292646e-04 +1.8845195356650046e-04 +1.1659589487695387e-04
101.00000000 +5.0000000000000000e+00 +1.9998684775506712e+00 +2.2935416900448742e-03 +9.9883372644597457e-01 +9.9998025159131976e-01 +9.9998064473926895e-01 +9.9997754114734738e-01 +9.9998391647979001e-01 +2.2616790009201171e-04 +2.5296627270927343e-04 +2.9526747920163740e-04 +2.3463953605611901e-04 +2.3487841415349784e-04
101.50000000 +5.0000000000000000e+00 +1.9998748189907380e+00 +2.1245159579704061e-03 +9.9924770532689677e-01 +9.9998647647547789e-01 +9.9998111540261092e-01 +9.9998190799211462e-01 +9.9997594024353997e-01 +2.0263099148443931e-04 +1.3663876606872280e-04 +1.7398433641999342e-04 +1.0681761008720067e-04 +2.0678284169454536e-04
102.00000000 +5.0000000000000000e+00 +1.9998674399478333e+00 +2.1766403641155772e-03 +9.9911614091409207e-01 +9.9998006959906438e-01 +9.9997411852178297e-01 +9.9997884464775777e-01 +9.9997715269796250e-01 +2.1558205097441438e-04 +1.7501511043840583e-04 +2.4310356660050284e-04 +1.4488746557683778e-04 +1.9508542310662979e-04
102.50000000 +5.0000000000000000e+00 +1.9998517067723893e+00 +2.1884415596047902e-03 +9.9908379761138422e-01 +9.9997813863990948e-01 +9.9997646419199637e-01 +9.9998115019563016e-01 +9.9998644585875884e-01 +2.3632194733136036e-04 +2.0202829048617609e-04 +1.6986860616762943e-04 +2.4566351428486802e-04 +1.4012116129837420e-04
103.00000000 +5.0000000000000000e+00 +1.9998648639137904e+00 +2.1310232834758540e-03 +9.9921601238880664e-01 +9.9998419430790486e-01 +9.9998492007116890e-01 +9.9999187617457463e-01 +9.9998139857928392e-01 +1.9305402159963382e-04 +1.8734443263109887e-04 +8.4503918404819778e-05 +2.7924744982419020e-04 +9.7448659222210449e-05
103.50000000 +5.0000000000000000e+00 +1.9998647000757142e+00 +2.2001588988133933e-03 +9.9906694638848148e-01 +9.9997528365310395e-01 +9.9997317361737381e-01 +9.9998382200505198e-01 +9.9997964006300133e-01 +2.1893522964956680e-04 +2.7023969674803847e-04 +2.3086130043671650e-04 +1.7157113810101359e-04 +1.2952691654604770e-04
104.00000000 +5.0000000000000000e+00 +1.9998942182452810e+00 +2.0735566383460963e-03 +9.9937810079611478e-01 +9.9997847847830801e-01 +9.9998870922438587e-01 +9.9998211651844671e-01 +9.9997612629464050e-01 +1.3697587908661154e-04 +1.5123713479474750e-04 +1.0567509143363198e-04 +7.7086706411963349e-05 +2.2549388109438238e-04
104.50000000 +5.0000000000000000e+00 +1.9998754877031331e+00 +2.2398426800555207e-03 +9.9895796228712852e-01 +9.9998219134731436e-01 +9.9998000069460924e-01 +9.9998122223588892e-01 +9.9998235420975623e-01 +2.6930212449742427e-04 +2.7493518682935106e-04 +1.7806684685358490e-04 +1.6213074858959962e-04 +2.3183432204370276e-04
105.00000000 +5.0000000000000000e+00 +1.9998349834094333e+00 +2.1597125943318383e-03 +9.9914411203064246e-01 +9.9998385092073983e-01 +9.9998171111684953e-01 +9.9998490919559224e-01 +9.9997360975900640e-01 +2.1110152238907668e-04 +2.0254005580859900e-04 +1.9652439248368794e-04 +1.3025376477281882e-04 +1.9138725764257088e-04
105.50000000 +5.0000000000000000e+00 +1.9998265589225823e+00 +2.1417892967654970e-03 +9.9920279438327952e-01 +9.9998186348877849e-01 +9.9997782960954329e-01 +9.9998200372508195e-01 +9.9998481372705861e-01 +1.7577368514023361e-04 +1.0883670920095773e-04 +1.1004464965454550e-04 +2.0949569294561099e-04 +2.6654431534550298e-04
106.00000000 +5.0000000000000000e+00 +1.9998422156290940e+00 +2.1862614370136736e-03 +9.9908940721593775e-01 +9.9998440501547670e-01 +9.9998114418212058e-01 +9.9997539795879753e-01 +9.9998245146139852e-01 +1.4419080199113118e-04 +1.6106382828954199e-04 +2.7819480055192212e-04 +2.0666500855902198e-04 +1.9707973628689844e-04
106.50000000 +5.0000000000000000e+00 +1.9998560864270416e+00 +2.2509140076451320e-03 +9.9894149159579360e-01 +9.9997617582616605e-01 +9.9998362958212472e-01 +9.9998066609334169e-01 +9.9997383738936607e-01 +1.9751249596662232e-04 +2.5310344012486935e-04 +3.2865919979213794e-04 +1.5793528134413099e-04 +2.0698908966308230e-04
107.00000000 +5.0000000000000000e+00 +1.9998426300405523e+00 +2.1666384707824927e-03 +9.9914127743837011e-01 +9.9998203351200721e-01 +9.9996880395397303e-01 +9.9998200772628099e-01 +9.9997057134113732e-01 +2.0785869305283948e-04 +2.1223180161721711e-04 +2.2561828723147119e-04 +1.6027828640537600e-04 +1.4931896893843243e-04
107.50000000 +5.0000000000000000e+00 +1.9998416549273015e+00 +2.1350865431690198e-03 +9.9922119151570632e-01 +9.9998503619246215e-01 +9.9997640606172822e-01 +9.9997310503966985e-01 +9.9997357178595048e-01 +1.8588317261682984e-04 +2.3469029287044124e-04 +1.1483049969788051e-04 +1.9276540986188596e-04 +1.4252001693226734e-04
108.00000000 +5.0000000000000000e+00 +1.9998221788444317e+00 +2.1741368373993245e-03 +9.9911733960061644e-01 +9.9998231711366103e-01 +9.9997719872358537e-01 +9.9996841899146505e-01 +9.9997379127469888e-01 +1.4901534003286884e-04 +2.6467028207299571e-04 +2.1119723170491244e-04 +1.4600021284778901e-04 +2.1005123056681371e-04
108.50000000 +5.0000000000000000e+00 +1.9998509440946366e+00 +2.1298116674896982e-03 +9.9924671425257350e-01 +9.9998169090025057e-01 +9.9997162507687232e-01 +9.9998453130288967e-01 +9.9998059099223624e-01 +2.3837208516601865e-04 +2.6514118985495520e-04 +7.3983783266949536e-05 +1.7518674932463779e-04 +8.2163667194235792e-05
109.00000000 +5.0000000000000000e+00 +1.9998288758266198e+00 +2.1922817477571604e-03 +9.9907455540358370e-01 +9.9997646237447146e-01 +9.9997996569647984e-01 +9.9998090330869227e-01 +9.9997861379490116e-01 +1.6079580666303537e-04 +2.8589954004745337e-04 +1.6334785122919471e-04 +1.9463151497804416e-04 +2.0482471876996698e-04
109.50000000 +5.0000000000000000e+00 +1.9998102646810143e+00 +2.2210195060480909e-03 +9.9899746071437745e-01 +9.9997972498494270e-01 +9.9996685846345346e-01 +9.9997733459290405e-01 +9.9998910026933396e-01 +2.3741189476574414e-04 +1.8517365857994959e-04 +2.1896416458833465e-04 +2.7548518358384339e-04 +1.7248608666916318e-04
110.00000000 +5.0000000000000000e+00 +1.9998508956893875e+00 +2.1142252889494251e-03 +9.9926561943343284e-01 +9.9996876774625842e-01 +9.9997063765694028e-01 +9.9998512433431219e-01 +9.9996472246360213e-01 +7.3328394246024742e-05 +1.6520792303264951e-04 +1.1062066197632674e-04 +2.8311010006782945e-04 +2.1286130037723693e-04
110.50000000 +5.0000000000000000e+00 +1.9997848628138168e+00 +2.2926998081549232e-03 +9.9880574497110575e-01 +9.9998748460707532e-01 +9.9997445536787710e-01 +9.9998716130986831e-01 +9.9997500212703461e-01 +2.7134137192210192e-04 +2.6480225649157116e-04 +2.7087309721199782e-04 +2.1295219413651310e-04 +2.5018268811721338e-04
111.00000000 +5.0000000000000000e+00 +1.9997989223036872e+00 +2.2314954291836634e-03 +9.9896280819253047e-01 +9.9997114592126646e-01 +9.9996888788254723e-01 +9.9996910507362702e-01 +9.9997069537948025e-01 +2.1509182858663696e-04 +1.7453474241961760e-04 +2.2096558799634649e-04 +2.6766860990275242e-04 +2.7909676814871298e-04
111.50000000 +5.0000000000000000e+00 +1.9998340040118543e+00 +2.1920084619994830e-03 +9.9906476329749039e-01 +9.9997235574889676e-01 +9.9997933948702644e-01 +9.9997619186732079e-01 +9.9998735403616945e-01 +1.3858661742654753e-04 +1.7761521538022255e-04 +1.6583688322078588e-04 +1.6992167397642276e-04 +3.6803518596686122e-04
112.00000000 +5.0000000000000000e+00 +1.9998234872333234e+00 +2.1883851003861514e-03 +9.9908123902094514e-01 +9.9997712424210550e-01 +9.9996324738285791e-01 +9.9998320527031037e-01 +9.9998477163654387e-01 +2.8669056364225470e-04 +2.8640067807788266e-04 +1.2598341649752514e-04 +1.2258404354354213e-04 +1.8875373287731393e-04
112.50000000 +5.0000000000000000e+00 +1.9997849188681434e+00 +2.2145442581101415e-03 +9.9901173428993983e-01 +9.9997023239254845e-01 +9.9997587043286240e-01 +9.9997636157257064e-01 +9.9997590151373772e-01 +3.2816254640801400e-04 +1.9996936493050553e-04 +2.5491936052677086e-04 +1.0689363748550531e-04 +1.9995488748210719e-04
113.00000000 +5.0000000000000000e+00 +1.9998072758285776e+00 +2.2820708718680758e-03 +9.9885784871008509e-01 +9.9997332368841862e-01 +9.9997774487903968e-01 +9.9996486783692617e-01 +9.9997073443377471e-01 +2.5391079020666832e-04 +3.3048529247397938e-04 +2.1978577488910520e-04 +2.3791926346276724e-04 +2.1337934329717335e-04
113.50000000 +5.0000000000000000e+00 +1.9997834272649657e+00 +2.3382527121860700e-03 +9.9870317721111268e-01 +9.9997870273680844e-01 +9.9997887744783187e-01 +9.9997873991840902e-01 +9.9997358799389546e-01 +2.9351398394281565e-04 +2.8903711493472202e-04 +2.4051472014586367e-04 +3.7370856474343181e-04 +1.9014031519160490e-04
114.00000000 +5.0000000000000000e+00 +1.9998094203645473e+00 +2.1798582600667839e-03 +9.9910121466715063e-01 +9.9997144923127634e-01 +9.9997466342406738e-01 +9.9997259346429956e-01 +9.9997141288998692e-01 +2.6841867908212845e-04 +2.0476033555427101e-04 +2.0467080286517940e-04 +1.3559910389755056e-04 +1.9521740944207622e-04
114.50000000 +5.0000000000000000e+00 +1.9997791294651344e+00 +2.2302523008477615e-03 +9.9897470274574873e-01 +9.9996845346043184e-01 +9.9997909779770866e-01 +9.9997501213833129e-01 +9.9996943111960701e-01 +2.2055893270965163e-04 +1.6449576924789039e-04 +3.0116729859642062e-04 +1.6753985088366151e-04 +2.7954087410441835e-04
115.00000000 +5.0000000000000000e+00 +1.9998000153587301e+00 +2.2302979256672213e-03 +9.9899601810119831e-01 +9.9996832485146081e-01 +9.9996996865877186e-01 +9.9997556689332623e-01 +9.9998541012439679e-01 +3.2158878443070224e-04 +1.8095540686273771e-04 +2.1495191227170410e-04 +2.0949019724627362e-04 +1.7772507720776072e-04
115.50000000 +5.0000000000000000e+00 +1.9998172194213399e+00 +2.3084986471380007e-03 +9.9879290673739884e-01 +9.9997372951791319e-01 +9.9997403390077311e-01 +9.9997394910084647e-01 +9.9998134826493457e-01 +3.4551173849190452e-04 +2.7276537210906509e-04 +2.7096640166616049e-04 +1.9881779379527100e-04 +2.1597117940122434e-04
116.00000000 +5.0000000000000000e+00 +1.9998437158848630e+00 +2.0793058562435830e-03 +9.9936809862316411e-01 +9.9996697550013336e-01 +9.9997129674027707e-01 +9.9997415334213235e-01 +9.9997068957837743e-01 +1.1965904143635549e-04 +2.0864133771194911e-04 +1.6716932107464132e-04 +1.2357240222979842e-04 +1.2974410114086423e-04
116.50000000 +5.0000000000000000e+00 +1.9998102011138652e+00 +2.2657413775898304e-03 +9.9890515193445184e-01 +9.9997338975059102e-01 +9.9997209822153632e-01 +9.9998009624753115e-01 +9.9996763988655291e-01 +3.8498848717648352e-04 +1.8730891699869935e-04 +1.1001816655289580e-04 +3.4265814460837543e-04 +1.7665024990205986e-04
117.00000000 +5.0000000000000000e+00 +1.9997648792645095e+00 +2.2602015702681984e-03 +9.9888087235738743e-01 +9.9998109104984989e-01 +9.9997156092335859e-01 +9.9997633078799486e-01 +9.9997189166775335e-01 +1.8207889327197864e-04 +2.1168067480237536e-04 +1.8763216402946679e-04 +2.2567209514195503e-04 +4.1118938179465780e-04
117.50000000 +5.0000000000000000e+00 +1.9997975782835968e+00 +2.1759539267510049e-03 +9.9912940122543936e-01 +9.9996190502389437e-01 +9.9997869585908739e-01 +9.9997970603910635e-01 +9.9996982605726659e-01 +3.0970852691208640e-04 +2.0029468295427750e-04 +1.3055922529594166e-04 +3.2571665286681561e-04 +1.4186712574020761e-05
118.00000000 +5.0000000000000000e+00 +1.9998311040476313e+00 +2.1816160377492490e-03 +9.9909106581693474e-01 +9.9998606856806271e-01 +9.9997233312759393e-01 +9.9997331457733740e-01 +9.9997517100914179e-01 +2.5312424157207715e-04 +2.3024573276704218e-04 +1.7105870339013910e-04 +1.0251319535899676e-04 +2.4510503399267702e-04
118.50000000 +5.0000000000000000e+00 +1.9998191616157099e+00 +2.0423560982921005e-03 +9.9945092883813691e-01 +9.9996929986818317e-01 +9.9996460131951970e-01 +9.9998336869238658e-01 +9.9996817755588474e-01 +1.6179731293399820e-04 -7.6559032055102835e-06 +1.4676831927248947e-04 +1.7748328268701877e-04 +1.8523071258845345e-04
119.00000000 +5.0000000000000000e+00 +1.9997861882211119e+00 +2.2699256855596901e-03 +9.9888447873027686e-01 +9.9997468286874469e-01 +9.9996913963557643e-01 +9.9997963547839297e-01 +9.9996633740149776e-01 +4.4109361709539680e-04 +2.1640179865347771e-05 +1.8536199915445212e-04 +3.4622422410286388e-04 +2.3140587598849193e-04
119.50000000 +5.0000000000000000e+00 +1.9997633527937853e+00 +2.3566808000314268e-03 +9.9867217699494115e-01 +9.9996156026711647e-01 +9.9998466671295683e-01 +9.9997572193821993e-01 +9.9998216826905029e-01 +3.0395187148227892e-04 +2.1843209106498022e-04 +2.6416658063032147e-04 +3.4729212018568646e-04 +2.8986314873713140e-04
120.00000000 +5.0000000000000000e+00 +1.9997387731209713e+00 +2.3274589118141135e-03 +9.9870906539138793e-01 +9.9997125747321247e-01 +9.9997786884698570e-01 +9.9997753213356533e-01 +9.9997502747950673e-01 +4.4005943931909241e-04 +1.6764186066162463e-04 +2.5353433834837154e-04 +3.0138692191707816e-04 +2.2662611077760739e-04
120.50000000 +5.0000000000000000e+00 +1.9997899509365604e+00 +2.1586353322801369e-03 +9.9913720027771358e-01 +9.9997325445478979e-01 +9.9997762213167440e-01 +9.9996115956383291e-01 +9.9997678208414342e-01 +4.1166146694798881e-04 +2.3088030917399523e-04 +3.0735037859069459e-05 +2.0422478374585354e-04 +9.6479901652111856e-05
121.00000000 +5.0000000000000000e+00 +1.9997062858579473e+00 +2.4217662232614793e-03 +9.9847673843259455e-01 +9.9996850947282612e-01 +9.9996260319360042e-01 +9.9997293999356818e-01 +9.9998369789479202e-01 +2.7016230236828753e-04 +3.5000398479444834e-04 +3.2235240571285950e-04 +3.6380790250667753e-04 +3.2918441185862506e-04
121.50000000 +5.0000000000000000e+00 +1.9997984042903203e+00 +2.2731402691825112e-03 +9.9886870741852218e-01 +9.9996285649439631e-01 +9.9997262666191700e-01 +9.9997013530646739e-01 +9.9997681180002562e-01 +3.0654638484604976e-04 +2.2416046099854069e-04 +2.9142557594835351e-04 +3.0064860998703667e-04 +1.2608128725583807e-04
122.00000000 +5.0000000000000000e+00 +1.9997937351175386e+00 +2.2619758354475343e-03 +9.9892835413414294e-01 +9.9997309644782528e-01 +9.9997268288331420e-01 +9.9997339323100043e-01 +9.9996941928536498e-01 +2.2978327035246937e-04 +1.7789444677156668e-04 +2.1973615732688370e-04 +2.4093145883719540e-04 +3.1470869030636851e-04
122.50000000 +5.0000000000000000e+00 +1.9997624955569211e+00 +2.2746425093173660e-03 +9.9888419951801444e-01 +9.9994651465860751e-01 +9.9996411575003841e-01 +9.9996631658241286e-01 +9.9996876700100190e-01 +3.4712200913638723e-04 +2.6805086651759204e-04 +2.0338575673158399e-04 +7.6334753474128879e-05 +3.7519310860519505e-04
123.00000000 +5.0000000000000000e+00 +1.9997623069219836e+00 +2.1755504315589536e-03 +9.9912550959201574e-01 +9.9996681044716706e-01 +9.9996528375510674e-01 +9.9996840690716660e-01 +9.9996048098478529e-01 +4.1195288891927059e-04 +1.0105527446599563e-04 +3.3189286876153122e-04 +1.0814067008293149e-04 +6.0466606967100143e-05
123.50000000 +5.0000000000000000e+00 +1.9997431959749805e+00 +2.3328085538026188e-03 +9.9873968289062520e-01 +9.9995837544824084e-01 +9.9997196997518123e-01 +9.9998870717205024e-01 +9.9995632081728325e-01 +4.3569344035747365e-04 +2.1996791843712665e-04 +2.6674199730088426e-04 +1.9104111068673940e-04 +2.7149922357608876e-04
124.00000000 +5.0000000000000000e+00 +1.9998118047153706e+00 +2.1678332595020276e-03 +9.9913806403663596e-01 +9.9995570183144733e-01 +9.9995630428694016e-01 +9.9997415734853445e-01 +9.9995886002604972e-01 +1.5033996299153730e-04 +1.6256095025094647e-04 +2.6961600744742292e-04 +2.7444953199811322e-04 +1.5994600801800125e-04
124.50000000 +5.0000000000000000e+00 +1.9996808223748277e+00 +2.3604393786485090e-03 +9.9864443319731122e-01 +9.9996837109588810e-01 +9.9995608186738560e-01 +9.9996226467713090e-01 +9.9996661502870265e-01 +5.4612155521160813e-04 +3.1821928795608845e-04 +1.3548306270662195e-04 +2.7391931963402055e-04 +2.2849091041753943e-04
125.00000000 +5.0000000000000000e+00 +1.9997384069917370e+00 +2.2938896185673101e-03 +9.9882137325596498e-01 +9.9998186159381530e-01 +9.9994448206783237e-01 +9.9997130666069167e-01 +9.9996424876836965e-01 +1.7994008168242573e-04 +3.3532950027539293e-04 +1.8491522584297257e-04 +3.2849221618495253e-04 +2.8805062623088256e-04
125.50000000 +5.0000000000000000e+00 +1.9996908085029030e+00 +2.4368036748356157e-03 +9.9843535660279192e-01 +9.9996216366014434e-01 +9.9995233735314482e-01 +9.9996709038798159e-01 +9.9996182012687207e-01 +1.7641717319269733e-04 +3.5784707858301309e-04 +4.2685839055201029e-04 +3.8977878590152612e-04 +3.7033044538902903e-04
126.00000000 +5.0000000000000000e+00 +1.9997316491431443e+00 +2.3601341355257190e-03 +9.9865128909385481e-01 +9.9997145973343471e-01 +9.9996352681510459e-01 +9.9998714320371074e-01 +9.9997954979022063e-01 +3.7304559801431918e-04 +1.4521938860001361e-04 +4.9027364389926415e-04 +1.3234871086218979e-04 +3.0614402662370010e-04
126.50000000 +5.0000000000000000e+00 +1.9996792585929863e+00 +2.3605536883837103e-03 +9.9863393042771431e-01 +9.9997279814186446e-01 +9.9997024838008286e-01 +9.9995473421641234e-01 +9.9995159657003108e-01 +2.9739758826058415e-04 +3.3366232736625019e-04 +4.2149381882747875e-04 +3.1047979700364701e-04 +1.5365872628805965e-04
127.00000000 +5.0000000000000000e+00 +1.9997066066541307e+00 +2.3226922818691876e-03 +9.9873423576104059e-01 +9.9995457219004436e-01 +9.9996069738660631e-01 +9.9996723646055885e-01 +9.9996383372485464e-01 +3.9565493055038296e-04 +2.9531444339808124e-04 +3.7262689720478213e-04 +1.1031073913514288e-04 +2.4551746504600014e-04
127.50000000 +5.0000000000000000e+00 +1.9997976017040771e+00 +2.0327562608667155e-03 +9.9948040562555140e-01 +9.9997290361250324e-01 +9.9996928391414330e-01 +9.9998504047757841e-01 +9.9995355507357697e-01 +1.9125247474779090e-04 +7.9283772647690165e-05 +1.0861899443983000e-04 +2.5192379808674798e-04 +7.7322589350766729e-06
128.00000000 +5.0000000000000000e+00 +1.9997407800865479e+00 +2.1547103892322140e-03 +9.9917686085452995e-01 +9.9996596375415270e-01 +9.9995885411689223e-01 +9.9995775569059198e-01 +9.9997182496290626e-01 +1.2066615177198419e-04 +3.4208395529634493e-04 +2.1380780745652506e-04 +1.2022677043697073e-04 +1.7195592682789433e-04
128.50000000 +5.0000000000000000e+00 +1.9997754802616718e+00 +2.2538229815158932e-03 +9.9894179766669045e-01 +9.9996295697205340e-01 +9.9996472688836624e-01 +9.9997693208239902e-01 +9.9995090965317879e-01 +2.2011445158310418e-04 +4.0308513123083340e-04 +8.5561452087099476e-05 +9.0789882534219262e-05 +4.0312582521994679e-04
129.00000000 +5.0000000000000000e+00 +1.9996894037310222e+00 +2.2293534551818999e-03 +9.9895685281538860e-01 +9.9994711318905449e-01 +9.9994810953718216e-01 +9.9998455656545615e-01 +9.9997463040168122e-01 +5.1568373171130392e-04 +1.6781999117040100e-04 +1.2492358768821361e-04 +1.6126479250060224e-04 +2.1904538708848888e-04
129.50000000 +5.0000000000000000e+00 +1.9997043774566470e+00 +2.3629929504312640e-03 +9.9862375261924818e-01 +9.9994874829202285e-01 +9.9996588225008376e-01 +9.9995859071344417e-01 +9.9995955774399847e-01 +1.9651781981326125e-04 +2.8069604974824229e-04 +5.1444696411955871e-04 +3.8311371096249545e-04 +1.6869383793595904e-04
130.00000000 +5.0000000000000000e+00 +1.9996793671904580e+00 +2.3041101743141220e-03 +9.9878560288595819e-01 +9.9994984934612330e-01 +9.9997291958124201e-01 +9.9995895205436525e-01 +9.9995774047074049e-01 +3.3194629862287383e-04 +2.9921468707638197e-04 +2.7799399201163606e-04 +2.5101059442992729e-04 +2.1477008420651132e-04
130.50000000 +5.0000000000000000e+00 +1.9997128618160611e+00 +2.2450241968303211e-03 +9.9894868250508750e-01 +9.9996892675559323e-01 +9.9995044146057088e-01 +9.9997183032285974e-01 +9.9998009013121492e-01 +1.6731078708395243e-04 +2.5647303154705475e-04 +2.6090479177154574e-04 +1.7795932024363152e-04 +3.1738088907993205e-04
131.00000000 +5.0000000000000000e+00 +1.9996649500040091e+00 +2.3632253145688255e-03 +9.9862632823372188e-01 +9.9997482642930269e-01 +9.9994958728917449e-01 +9.9996292955466637e-01 +9.9994952273670823e-01 +2.6560470924605123e-04 +3.6591529272020368e-04 +3.7389836489200133e-04 +2.6332185952722691e-04 +2.6806552827440388e-04
131.50000000 +5.0000000000000000e+00 +1.9997398885480966e+00 +2.1559593148346092e-03 +9.9916811400137173e-01 +9.9996485205828056e-01 +9.9994366908104426e-01 +9.9996025457725279e-01 +9.9996761994165462e-01 +9.5267400085641857e-05 +2.3535890728541937e-04 +8.9252356493662205e-05 +2.7631470098737573e-04 +2.9929697213727482e-04
132.00000000 +5.0000000000000000e+00 +1.9996886184063185e+00 +2.3415097781840687e-03 +9.9868629996538250e-01 +9.9998761498103650e-01 +9.9995668175856312e-01 +9.9997093136193682e-01 +9.9995532582814284e-01 +3.0743734222906857e-04 +2.8975474020017159e-04 +2.5740529425153459e-04 +2.9735583156337763e-04 +2.9119289155116331e-04
132.50000000 +5.0000000000000000e+00 +1.9997205453807088e+00 +2.3168937598694642e-03 +9.9876613101617806e-01 +9.9996616612328160e-01 +9.9997657449072397e-01 +9.9995385747843946e-01 +9.9995398164773619e-01 +2.1966474210388927e-04 +2.2990413501918148e-04 +4.1144235744905764e-04 +3.0589242137361427e-04 +2.1638558807001983e-04
133.00000000 +5.0000000000000000e+00 +1.9996569886216873e+00 +2.2083073601672706e-03 +9.9901408156014415e-01 +9.9996798499261674e-01 +9.9994289503837852e-01 +9.9996348857875794e-01 +9.9994942924533070e-01 +2.3406293859260915e-04 +1.1385902428191625e-04 +2.3262113033240849e-04 +4.2617072528550924e-04 +1.5540677419290677e-04
133.50000000 +5.0000000000000000e+00 +1.9996574353534131e+00 +2.3756986851840157e-03 +9.9862877769895853e-01 +9.9995322335414338e-01 +9.9995852886107095e-01 +9.9994671981927130e-01 +9.9996052588683726e-01 +1.8363128168209138e-04 +3.5044243526025483e-04 +3.8035272694970641e-04 +2.9645930562467168e-04 +3.4133863448020102e-04
134.00000000 +5.0000000000000000e+00 +1.9996704439607629e+00 +2.3063098445712548e-03 +9.9878013688180778e-01 +9.9995656201878691e-01 +9.9995555383538126e-01 +9.9997922867891942e-01 +9.9994921213125121e-01 +4.3843906601533382e-04 +3.1751930891413656e-04 +3.0681532034548814e-04 +1.8506538852825305e-04 +1.3146737076946070e-04
134.50000000 +5.0000000000000000e+00 +1.9996989648194385e+00 +2.2350165759995838e-03 +9.9896966310309632e-01 +9.9997418133071958e-01 +9.9996084769287619e-01 +9.9996772391845790e-01 +9.9996464851316647e-01 +2.1929185167399520e-04 +2.1370073634889664e-04 +1.5587322141262644e-04 +3.0423659148314961e-04 +2.6983304000410873e-04
135.00000000 +5.0000000000000000e+00 +1.9997462100422310e+00 +2.1263729906467084e-03 +9.9924794071740619e-01 +9.9997707032359495e-01 +9.9995224520541215e-01 +9.9998793267585795e-01 +9.9996384063868227e-01 +1.4399598467744801e-04 +1.0026811822395543e-04 +5.1306110316782937e-05 +2.5527945447120955e-04 +3.2012076741047113e-04
135.50000000 +5.0000000000000000e+00 +1.9997527642839255e+00 +2.2735961890054039e-03 +9.9888466749556737e-01 +9.9995721299887030e-01 +9.9996980650557066e-01 +9.9995579471273288e-01 +9.9994895387651861e-01 +2.3618024140791425e-04 +2.2321290546295443e-04 +3.8451505302437036e-04 +2.9340810412967477e-04 +1.4624810190170200e-04
136.00000000 +5.0000000000000000e+00 +1.9997685758762977e+00 +2.1540447948401723e-03 +9.9916134391466660e-01 +9.9997451605229781e-01 +9.9996932698796859e-01 +9.9995611178543420e-01 +9.9995299470493393e-01 +1.9873464752245932e-04 +2.1151858072109554e-04 +3.5726226805421674e-04 +8.4803773052123327e-05 +1.3338729308906861e-04
136.50000000 +5.0000000000000000e+00 +1.9996759479146493e+00 +2.2552546452693674e-03 +9.9893156245816139e-01 +9.9992259705900033e-01 +9.9994727267764150e-01 +9.9997748363879579e-01 +9.9996387068110704e-01 +2.2708469822387573e-04 +2.2919373521321573e-04 +5.3252715437129601e-05 +2.3467938801232407e-04 +5.1300294580732409e-04
137.00000000 +5.0000000000000000e+00 +1.9996188060326048e+00 +2.2370687728388069e-03 +9.9890507588910993e-01 +9.9999117901192192e-01 +9.9995046086347184e-01 +9.9996873146677490e-01 +9.9995878599331334e-01 +8.4574011659281241e-05 +4.1676952640617781e-04 +2.6690893899175604e-04 +2.7439522930433445e-04 +1.8311906503498738e-04
137.50000000 +5.0000000000000000e+00 +1.9996938433485882e+00 +2.2898958988512319e-03 +9.9883381654990244e-01 +9.9997849835819730e-01 +9.9996336221463644e-01 +9.9995612239275211e-01 +9.9992352590702238e-01 +2.7062075802847366e-04 +2.8676604652965517e-04 +3.3613133687076618e-04 +2.8298893121808595e-04 +1.6816750322963243e-04
138.00000000 +5.0000000000000000e+00 +1.9996446486643347e+00 +2.2962505253954807e-03 +9.9881322587835897e-01 +9.9996988984218482e-01 +9.9997859025381897e-01 +9.9992571366805660e-01 +9.9997230528743208e-01 +2.6140245950366037e-04 +8.6840513210879015e-05 +3.6105842740179249e-04 +2.5911390895416188e-04 +3.7185975683353892e-04
138.50000000 +5.0000000000000000e+00 +1.9996380693809532e+00 +2.3396925748667089e-03 +9.9869267018686891e-01 +9.9995277608528155e-01 +9.9994360816272632e-01 +9.9995473661942669e-01 +9.9995988077693942e-01 +7.9378403479293363e-05 +4.1157883187490975e-05 +6.8272096412414298e-04 +3.0530794994263415e-04 +3.8776296943479523e-04
139.00000000 +5.0000000000000000e+00 +1.9996482329451697e+00 +2.2671748753185996e-03 +9.9884103777860600e-01 +9.9997670680902484e-01 +9.9998430757583978e-01 +9.9995972575222736e-01 +9.9995830152277931e-01 +1.5614499379267986e-04 +2.4423625155299165e-04 +2.1709877225702093e-04 +3.4419620234113214e-04 +3.1824434191388915e-04
139.50000000 +5.0000000000000000e+00 +1.9996503663227869e+00 +2.2525316577893051e-03 +9.9893033400208553e-01 +9.9995886870999040e-01 +9.9997576776240571e-01 +9.9995160077715894e-01 +9.9993000022575296e-01 +2.0883967520734649e-04 +1.1291682762226166e-04 +4.8064678305400639e-04 +2.1936148432685830e-04 +2.3166375022794442e-04
140.00000000 +5.0000000000000000e+00 +1.9996401259439303e+00 +2.2851401381801563e-03 +9.9885340938378797e-01 +9.9995872552942966e-01 +9.9996435413265350e-01 +9.9994584649336282e-01 +9.9997392629513360e-01 +4.7249348868429718e-04 +2.8636004776431349e-04 +1.1896534509983473e-04 +2.7900582706484372e-04 +1.4691346090994425e-04
140.50000000 +5.0000000000000000e+00 +1.9998543387074328e+00 +1.9281881120662351e-03 +9.9974018444833879e-01 +9.9994212814625660e-01 +9.9997797881028505e-01 +9.9993481927401084e-01 +9.9994572221766487e-01 -1.0774094951657406e-04 +3.2072244616333041e-04 +7.1607487339276455e-06 -1.1745585869715252e-05 +2.5077044181003630e-04
141.00000000 +5.0000000000000000e+00 +1.9996756191436764e+00 +2.1455545191666251e-03 +9.9920923552685659e-01 +9.9998670012005464e-01 +9.9994832220103458e-01 +9.9996612843963029e-01 +9.9995006194053693e-01 +1.8015695142003336e-04 +3.1036505908179295e-04 +6.4241535996630134e-05 +4.5473970880764981e-05 +3.3931425367000569e-04
141.50000000 +5.0000000000000000e+00 +1.9995431755246345e+00 +2.5098806915520573e-03 +9.9825916183981656e-01 +9.9995323034018435e-01 +9.9993993533098791e-01 +9.9996684320243467e-01 +9.9996918395840872e-01 +4.1486750214264601e-04 +2.7415239250173337e-04 +5.0098333315647841e-04 +2.4194454346926727e-04 +4.7969755695297106e-04
142.00000000 +5.0000000000000000e+00 +1.9996029685522099e+00 +2.4669503115108300e-03 +9.9839208663696610e-01 +9.9994983170033291e-01 +9.9993493749211526e-01 +9.9995192540860078e-01 +9.9994615732099179e-01 +3.4569350772443102e-04 +5.1416935605965472e-04 +3.5317670724306725e-04 +2.5788173758779429e-04 +3.5414013395109638e-04
142.50000000 +5.0000000000000000e+00 +1.9996000569761734e+00 +2.3973837582528007e-03 +9.9858683831102557e-01 +9.9997331060772787e-01 +9.9993123769652881e-01 +9.9992629597316784e-01 +9.9992767198536014e-01 +3.2037009155948785e-04 +2.7397884854613751e-04 +4.7139426841127544e-04 +3.3035088420202988e-04 +2.5855133386723479e-04
143.00000000 +5.0000000000000000e+00 +1.9995187605774454e+00 +2.6090392085480430e-03 +9.9800077569743850e-01 +9.9992200078147631e-01 +9.9997682073062499e-01 +9.9993732598332707e-01 +9.9992578565931201e-01 +4.9378034231518529e-04 +4.6240710073092303e-04 +3.0406217179466445e-04 +5.8484638476276904e-04 +3.9219514951986613e-04
143.50000000 +5.0000000000000000e+00 +1.9995796358506424e+00 +2.4099743648497499e-03 +9.9854430122807669e-01 +9.9995093168395055e-01 +9.9992810230953089e-01 +9.9996579281967113e-01 +9.9994546973171372e-01 +2.6205518403879139e-04 +4.8588706850091718e-04 +2.2650884232575851e-04 +2.2154069101083310e-04 +4.6941043336139432e-04
144.00000000 +5.0000000000000000e+00 +1.9995397296949404e+00 +2.5308175461125951e-03 +9.9824122459256226e-01 +9.9992477160829485e-01 +9.9993697667533965e-01 +9.9994751831144391e-01 +9.9993597918051447e-01 +5.5029281227467186e-04 +2.5260255122089834e-04 +4.8972386033125997e-04 +3.6142754024820760e-04 +3.5948287011011888e-04
144.50000000 +5.0000000000000000e+00 +1.9996288056863483e+00 +2.3641947346665394e-03 +9.9861878910869950e-01 +9.9996468842013553e-01 +1.0000033065838281e+00 +9.9996304959700788e-01 +9.9996817376341629e-01 -5.9427468923972344e-05 +6.2847414936971090e-04 +3.5588702947285139e-04 +3.2695349066392897e-04 +2.3010532632810311e-04
145.00000000 +5.0000000000000000e+00 +1.9996978486581070e+00 +2.0410184143165792e-03 +9.9949420910630016e-01 +9.9997034925080652e-01 +9.9993727051618886e-01 +9.9994534033767568e-01 +9.9997386559576296e-01 +4.0287128735470840e-04 -9.5426609627880218e-05 -2.2291004593470017e-05 +1.4917289946585495e-04 +2.4463862610736066e-04
145.50000000 +5.0000000000000000e+00 +1.9996308415959214e+00 +2.0854223195118982e-03 +9.9932778445172787e-01 +9.9991490972214092e-01 +9.9994078618100668e-01 +9.9997904788654057e-01 +9.9994663643326143e-01 +2.0818896056345334e-04 +3.4643415014875542e-04 +2.4091499427432181e-04 +5.8846916956736370e-05 +3.6450305584203902e-05
146.00000000 +5.0000000000000000e+00 +1.9996829126563977e+00 +2.0846092999434037e-03 +9.9935281337103610e-01 +9.9993000225487705e-01 +9.9995296456341665e-01 +9.9994940115323716e-01 +9.9996516467550567e-01 +9.8837554892006885e-05 -8.2973350164809353e-06 +3.3077468210105884e-04 +1.1753912759403788e-04 +3.1079995234132592e-04
146.50000000 +5.0000000000000000e+00 +1.9995832583680335e+00 +2.4514306966177670e-03 +9.9842927319952535e-01 +9.9993152321205347e-01 +9.9994692702003807e-01 +9.9995723376871126e-01 +9.9990702061691539e-01 +2.4635261068008731e-04 +3.6015006223118835e-04 +1.2235025497589916e-04 +3.9032122161190386e-04 +7.0884802917964306e-04
147.00000000 +5.0000000000000000e+00 +1.9994858904710262e+00 +2.4533484356996896e-03 +9.9837826811257446e-01 +9.9992314435779273e-01 +9.9997069463335975e-01 +9.9995815263416787e-01 +9.9993189749996503e-01 +2.4403320451907962e-04 +3.1156382849058522e-04 +3.7359884780446752e-04 +5.2075139505774624e-04 +3.8789549156644323e-04
147.50000000 +5.0000000000000000e+00 +1.9994839505504949e+00 +2.3121043518709058e-03 +9.9874527894492926e-01 +9.9995318203503225e-01 +9.9996915648258933e-01 +9.9993647381440542e-01 +9.9996369006694574e-01 +5.1127612604236951e-05 +1.6838607264954314e-06 +4.5410790363303784e-04 +6.5078004291919890e-04 +2.7451923616330617e-04
148.00000000 +5.0000000000000000e+00 +1.9994695425739557e+00 +2.5529069480113224e-03 +9.9814521450234350e-01 +9.9992569471342219e-01 +9.9995797576713041e-01 +9.9995242119909677e-01 +9.9993510306939926e-01 +3.2890457313046868e-04 +3.4394251186652342e-04 +5.7079594901380084e-04 +6.5146363511098574e-04 +1.8848408232280558e-04
148.50000000 +5.0000000000000000e+00 +1.9994933192493289e+00 +2.4832154901671764e-03 +9.9833383030382428e-01 +9.9992027708265285e-01 +9.9991655521944767e-01 +9.9996466300741715e-01 +9.9994701171426348e-01 +4.7262868925462544e-04 +3.2790282975844363e-04 +4.4893708657737884e-04 +4.9428064921852892e-04 +1.7391341696372983e-04
149.00000000 +5.0000000000000000e+00 +1.9995539199444821e+00 +2.5496890791999838e-03 +9.9819945479453820e-01 +9.9997763616018565e-01 +9.9995434256795901e-01 +9.9993452022495977e-01 +9.9995493550825509e-01 +5.1929354422688989e-04 +5.3584575637937695e-04 +2.8483034461363762e-04 +5.5217269598006977e-04 +8.6968409057811059e-05
149.50000000 +5.0000000000000000e+00 +1.9996121140225636e+00 +2.3150423450713073e-03 +9.9874444941994411e-01 +9.9997281568835705e-01 +9.9992175456518884e-01 +9.9996481617195521e-01 +9.9995813682876267e-01 +3.7550224905222319e-05 +2.5590813287850275e-04 +2.9013157915984059e-04 +5.0408679973493957e-04 +3.5035059389412000e-04
150.00000000 +5.0000000000000000e+00 +1.9995042145651554e+00 +2.3244491362327817e-03 +9.9873077776630104e-01 +9.9994892048778272e-01 +9.9995178257134298e-01 +9.9996957667135555e-01 +9.9994721116135321e-01 +6.6434880920061460e-05 +3.8705907241279043e-04 +3.0357950680972944e-04 +4.2334488762557838e-04 +2.7131298812911505e-04
