#PATCH_CHECK: SepMBpoisson v0.61 exact-bernoulli stratified-backward active
#discretizing the bath:
#     0 0.0000000000000000e+00 -6.3189999999999946e-01
#     1 5.0552502960343670e-03 -3.1236923849306741e-01
#     2 5.0552502960343670e-03 -2.8551434894153410e-01
#     3 5.0552502960343670e-03 -2.5532516103079184e-01
#     4 5.0552502960343670e-03 -2.2213610542645076e-01
#     5 5.0552502960343670e-03 -1.8619730119959638e-01
#     6 5.0552502960343670e-03 -1.4770501589588542e-01
#     7 5.0552502960343670e-03 -1.0681861980524598e-01
#     8 5.0552502960343670e-03 -6.3670885889427264e-02
#     9 5.0552502960343670e-03 -1.8374661087827426e-02
#sampling: jump_strength=1.2638125740085920e-02 jump_probability=1.2480396914593113e-02 log_scale=1.2558931178164597e-02 back_replicas=4 stratify_forward=0
#adaptive measurement: gap=3.5938804226854387e-02 period_steps=350 nmeas=87 nwf=200 tmax=1.0000000000000000e+02 forced_stride=0
  0.00000000 +5.0000000000000000e+00 +1.9999999999999998e+00 +1.8374661879283106e-03 +1.0000000000000000e+00 +1.0000000000000000e+00 +1.0000000000000000e+00 +1.0000000000000000e+00 +1.0000000000000000e+00 +0.0000000000000000e+00 +0.0000000000000000e+00 +0.0000000000000000e+00 +0.0000000000000000e+00 +0.0000000000000000e+00
  0.50000000 +5.0000000000000000e+00 +1.9999999998485716e+00 +1.8500433664850784e-03 +9.9996806956955842e-01 +9.9999999997819533e-01 +9.9999999997819533e-01 +9.9999999997819533e-01 +9.9999999997819533e-01 +6.3692531602233716e-06 +6.4124442982899870e-06 +6.3500570988604300e-06 +6.4054057424569095e-06 +6.3932482369270463e-06
  1.00000000 +5.0000000000000000e+00 +1.9999999996776132e+00 +1.8851512952554408e-03 +9.9987888683813542e-01 +9.9999999981608956e-01 +9.9999999982591625e-01 +9.9999999981035759e-01 +9.9999999980708199e-01 +2.4361886200850265e-05 +2.4374167185245802e-05 +2.4086047796126397e-05 +2.4203365588955476e-05 +2.4088539646363590e-05
  1.50000000 +5.0000000000000000e+00 +1.9999999876155927e+00 +1.9354998341777746e-03 +9.9975082440618313e-01 +9.9999999817226604e-01 +9.9999999821989916e-01 +9.9999999833336561e-01 +9.9999999821107810e-01 +5.0850101256200909e-05 +5.0573587561537102e-05 +4.9665440889107896e-05 +4.9289728785609221e-05 +4.8803680378351471e-05
  2.00000000 +5.0000000000000000e+00 +2.0000000003441176e+00 +1.9902881018134238e-03 +9.9961114709278309e-01 +9.9999999308184440e-01 +9.9999999333176059e-01 +9.9999999355379987e-01 +9.9999999326110522e-01 +8.1284117491021079e-05 +8.0084154519264315e-05 +7.7544485737827390e-05 +7.5853229308235154e-05 +7.4113753505417228e-05
  2.50000000 +5.0000000000000000e+00 +2.0000000135911207e+00 +2.0379444770947663e-03 +9.9948912472348062e-01 +9.9999998246944444e-01 +9.9999998312242577e-01 +9.9999998342556795e-01 +9.9999998329123174e-01 +1.1071390421144637e-04 +1.0659056996128532e-04 +1.0206591963257981e-04 +9.7929865396323223e-05 +9.3642865166644349e-05
  3.00000000 +5.0000000000000000e+00 +2.0000000139186551e+00 +2.0693452121671109e-03 +9.9940794915750908e-01 +9.9999996490524523e-01 +9.9999996525394952e-01 +9.9999996629992649e-01 +9.9999996598503715e-01 +1.3345165767445234e-04 +1.2600147893567789e-04 +1.1830102815292693e-04 +1.1097762856471868e-04 +1.0345644254879268e-04
  3.50000000 +5.0000000000000000e+00 +2.0000000060022582e+00 +2.0774148089866126e-03 +9.9938575873205127e-01 +9.9999993999555403e-01 +9.9999993992045588e-01 +9.9999994095558309e-01 +9.9999994102293299e-01 +1.4586165430338334e-04 +1.3458724346604813e-04 +1.2289078776295392e-04 +1.1132749310444654e-04 +9.9811991215113363e-05
  4.00000000 +5.0000000000000000e+00 +1.9999999858670221e+00 +2.0605471623289860e-03 +9.9942694402257370e-01 +9.9999990654770710e-01 +9.9999990817969231e-01 +9.9999990949265782e-01 +9.9999990951219775e-01 +1.4524268711971870e-04 +1.2968843302555726e-04 +1.1484019396014932e-04 +9.9115940514829160e-05 +8.4535089833890533e-05
  4.50000000 +5.0000000000000000e+00 +1.9999999337745120e+00 +2.0248060917177164e-03 +9.9951652091561172e-01 +9.9999987040858407e-01 +9.9999987243528521e-01 +9.9999987406410173e-01 +9.9999987552341973e-01 +1.3363495827893094e-04 +1.1426710907479314e-04 +9.6157741585296515e-05 +7.7981609584579806e-05 +6.1945340303163487e-05
  5.00000000 +5.0000000000000000e+00 +1.9999997858030658e+00 +1.9755438264893368e-03 +9.9964126302627421e-01 +9.9999983267781734e-01 +9.9999983295389694e-01 +9.9999983902263778e-01 +9.9999983942307669e-01 +1.1123371764317950e-04 +8.8607694444768617e-05 +7.0577484504052274e-05 +5.1606269061712655e-05 +3.7367735039829238e-05
  5.50000000 +5.0000000000000000e+00 +1.9999997961269860e+00 +1.9239863040195753e-03 +9.9977294156573804e-01 +9.9999979429255037e-01 +9.9999979804691586e-01 +9.9999980876349603e-01 +9.9999980757878493e-01 +8.2336689045893198e-05 +6.1177380478389626e-05 +4.2759381147523667e-05 +2.5749460544448006e-05 +1.5827085721849889e-05
  6.00000000 +5.0000000000000000e+00 +1.9999996116976528e+00 +1.8821968841775962e-03 +9.9988096157419237e-01 +9.9999976405041147e-01 +9.9999977496825854e-01 +9.9999978270937762e-01 +9.9999978825992808e-01 +5.2983563473969989e-05 +3.4241417568915365e-05 +1.9851667171831758e-05 +9.6284933562821308e-06 +3.2234768193158311e-06
  6.50000000 +5.0000000000000000e+00 +1.9999996123726873e+00 +1.8560308711658034e-03 +9.9995013598857907e-01 +9.9999974738096542e-01 +9.9999975904846694e-01 +9.9999976457864226e-01 +9.9999977090808334e-01 +2.6852268415878665e-05 +1.3100253694514975e-05 +5.7286387985641985e-06 +1.7562557914346997e-06 +3.3848651823855039e-06
  7.00000000 +5.0000000000000000e+00 +1.9999996732543111e+00 +1.8523623647338878e-03 +9.9996264308160399e-01 +9.9999974136857939e-01 +9.9999975295692234e-01 +9.9999976072356656e-01 +9.9999976084283160e-01 +8.0514258674417781e-06 +4.2836635797766372e-06 +3.0246756262074315e-06 +7.3387471671454942e-06 +1.5642481100034729e-05
  7.50000000 +5.0000000000000000e+00 +1.9999996742503832e+00 +1.8711541709235859e-03 +9.9991782438969468e-01 +9.9999973166040712e-01 +9.9999975308787625e-01 +9.9999975877432501e-01 +9.9999976857455719e-01 +2.6464900591303965e-06 +7.6210081530625633e-06 +1.1492102755096128e-05 +2.3946875694928386e-05 +3.7456886683675588e-05
  8.00000000 +5.0000000000000000e+00 +1.9999994711948836e+00 +1.9042290440223889e-03 +9.9983586165548877e-01 +9.9999974403128067e-01 +9.9999975760134807e-01 +9.9999975817015063e-01 +9.9999976978647853e-01 +9.0477904039061000e-06 +1.8404311431150727e-05 +3.1970839190854889e-05 +4.5691143791691465e-05 +5.9994810241380318e-05
  8.50000000 +5.0000000000000000e+00 +1.9999994551905487e+00 +1.9509409414892689e-03 +9.9971777714295418e-01 +9.9999975949149067e-01 +9.9999975144674313e-01 +9.9999977329772838e-01 +9.9999976685676162e-01 +2.6482880214242543e-05 +4.3353138820535196e-05 +5.4784471159219817e-05 +7.3961237512230551e-05 +8.4590029418417329e-05
  9.00000000 +5.0000000000000000e+00 +1.9999990460026182e+00 +1.9947059331907962e-03 +9.9960556157903635e-01 +9.9999976305606453e-01 +9.9999976715369598e-01 +9.9999975039783429e-01 +9.9999976129946189e-01 +5.1307596374531493e-05 +6.9040730563487570e-05 +8.3527104904541137e-05 +9.3262440583809374e-05 +9.8258643113888349e-05
  9.50000000 +5.0000000000000000e+00 +1.9999988085339122e+00 +2.0310395049802465e-03 +9.9951068674737331e-01 +9.9999975306473432e-01 +9.9999975029640864e-01 +9.9999972622173872e-01 +9.9999972198057319e-01 +8.0101078092510592e-05 +9.7289756620611036e-05 +1.0676055844316664e-04 +1.0628903259027945e-04 +9.9921307141937651e-05
 10.00000000 +5.0000000000000000e+00 +1.9999990020882352e+00 +2.0502443569788021e-03 +9.9945825170794733e-01 +9.9999974898496480e-01 +9.9999970458857534e-01 +9.9999969683738976e-01 +9.9999968411950702e-01 +1.1086877345224721e-04 +1.1736849833946603e-04 +1.1770768415297433e-04 +1.0791074025531422e-04 +8.9058164141741228e-05
 10.50000000 +5.0000000000000000e+00 +1.9999988668893591e+00 +2.0512177185381597e-03 +9.9945158165537595e-01 +9.9999971281772226e-01 +9.9999966605111557e-01 +9.9999963673134762e-01 +9.9999961133898541e-01 +1.3019547526825885e-04 +1.3085275997477635e-04 +1.1833497999840806e-04 +9.8412605546362151e-05 +7.1995671873278344e-05
 11.00000000 +5.0000000000000000e+00 +1.9999987091754774e+00 +2.0321467451999238e-03 +9.9949651596678080e-01 +9.9999964878715475e-01 +9.9999959745996514e-01 +9.9999959943153904e-01 +9.9999953913990247e-01 +1.4227998500033830e-04 +1.3136767216308397e-04 +1.0603927468750562e-04 +7.7773684709865076e-05 +4.7638840406077751e-05
 11.50000000 +5.0000000000000000e+00 +1.9999985654745474e+00 +1.9999940722575885e-03 +9.9957576230354217e-01 +9.9999962973432277e-01 +9.9999956244403176e-01 +9.9999954570832095e-01 +9.9999948036915409e-01 +1.3846937208724256e-04 +1.2346671568802460e-04 +8.6052727411348260e-05 +5.3756761832677379e-05 +2.4274072479445014e-05
 12.00000000 +5.0000000000000000e+00 +1.9999987883659092e+00 +1.9630943420208386e-03 +9.9966903391734774e-01 +9.9999953618348836e-01 +9.9999946059679812e-01 +9.9999941536154568e-01 +9.9999939780560587e-01 +1.3085764385400647e-04 +9.8326571097328316e-05 +6.1407579815171627e-05 +2.8324993967066039e-05 +1.4239257678958471e-05
 12.50000000 +5.0000000000000000e+00 +1.9999984872781926e+00 +1.9278673322994267e-03 +9.9975985108686727e-01 +9.9999951227690786e-01 +9.9999943820878401e-01 +9.9999935327624689e-01 +9.9999930170509599e-01 +1.1105815891567730e-04 +7.0429217055351624e-05 +3.6028021137263301e-05 +2.0177917189137851e-05 +4.8500218523850563e-06
 13.00000000 +5.0000000000000000e+00 +1.9999978564788281e+00 +1.9009117521025137e-03 +9.9983128051319903e-01 +9.9999954036702987e-01 +9.9999938179221570e-01 +9.9999934099259757e-01 +9.9999929890548012e-01 +8.2967882188622304e-05 +4.8194309620883538e-05 +2.1582550448047041e-05 +5.9583334941822713e-06 +1.2454496203250931e-05
 13.50000000 +5.0000000000000000e+00 +1.9999977690140711e+00 +1.8836421287190361e-03 +9.9987914622499718e-01 +9.9999940376640206e-01 +9.9999935833829912e-01 +9.9999924790158690e-01 +9.9999920441413581e-01 +5.4756508249467248e-05 +2.3402248393226862e-05 +9.1409873232624931e-06 +1.3914168526266207e-05 +2.2425324028904924e-05
 14.00000000 +5.0000000000000000e+00 +1.9999976912680297e+00 +1.8896647083103720e-03 +9.9986841603879673e-01 +9.9999941542318471e-01 +9.9999936762532216e-01 +9.9999926537883510e-01 +9.9999923696680137e-01 +3.5706236955780281e-05 +1.3753743196013186e-05 +1.2374331655015651e-05 +2.6375649286313941e-05 +4.6088742513597560e-05
 14.50000000 +5.0000000000000000e+00 +1.9999977713848527e+00 +1.9014785706975559e-03 +9.9984216270839521e-01 +9.9999937165014019e-01 +9.9999937646171766e-01 +9.9999928423518925e-01 +9.9999926170526554e-01 +1.5370940403610066e-05 +9.4455990252102437e-06 +2.0065625043325825e-05 +4.4064877221588653e-05 +7.1596155456421441e-05
 15.00000000 +5.0000000000000000e+00 +1.9999968576474290e+00 +1.9282752555314006e-03 +9.9977620688143887e-01 +9.9999936656570321e-01 +9.9999932983348538e-01 +9.9999922835749011e-01 +9.9999925390386135e-01 +1.2414978950049008e-05 +1.7060438877309192e-05 +3.7573133026957560e-05 +7.0989621655311464e-05 +8.8576271105416640e-05
 15.50000000 +5.0000000000000000e+00 +1.9999969008796969e+00 +1.9636772643980812e-03 +9.9968668320391507e-01 +9.9999943204956809e-01 +9.9999941863961184e-01 +9.9999930808280180e-01 +9.9999937778311521e-01 +2.2424204039433790e-05 +3.8972186266540012e-05 +6.5922448910762116e-05 +9.1246284554373879e-05 +9.7215147992773523e-05
 16.00000000 +5.0000000000000000e+00 +1.9999967403028238e+00 +1.9904012140776243e-03 +9.9961745260931589e-01 +9.9999937590540111e-01 +9.9999954166168370e-01 +9.9999922814699371e-01 +9.9999919040049978e-01 +3.1401782475490292e-05 +6.2658354536763712e-05 +9.1502317318749584e-05 +1.0468450285795719e-04 +9.4964258370816774e-05
 16.50000000 +5.0000000000000000e+00 +1.9999965464594183e+00 +2.0059528187357182e-03 +9.9957460991906943e-01 +9.9999946462013156e-01 +9.9999944918141426e-01 +9.9999928632066493e-01 +9.9999934691617021e-01 +4.8999021676864984e-05 +9.1551030286554370e-05 +1.0084697398873052e-04 +1.0487011190265804e-04 +8.1575829989098870e-05
 17.00000000 +5.0000000000000000e+00 +1.9999962190909806e+00 +2.0060891544746852e-03 +9.9957076476219220e-01 +9.9999969371217556e-01 +9.9999940482600125e-01 +9.9999928366842294e-01 +9.9999920277157472e-01 +7.2780154476728763e-05 +1.0606883492756344e-04 +1.1024926285361429e-04 +9.0641758582563195e-05 +5.1910432157471046e-05
 17.50000000 +5.0000000000000000e+00 +1.9999965687855488e+00 +2.0143710694088537e-03 +9.9954596407709029e-01 +9.9999963320485186e-01 +9.9999938921511000e-01 +9.9999947192185201e-01 +9.9999913496279713e-01 +1.0087794157545034e-04 +1.2249086619481173e-04 +1.1448521091846618e-04 +8.3220818200228537e-05 +3.5331776415116814e-05
 18.00000000 +5.0000000000000000e+00 +1.9999959695725831e+00 +2.0023690071159870e-03 +9.9957297760974173e-01 +9.9999968526608085e-01 +9.9999952315584528e-01 +9.9999930377054846e-01 +9.9999917144552486e-01 +1.1865272804651878e-04 +1.2739312703156385e-04 +1.0142408363000785e-04 +5.7210089843829014e-05 +2.4658722202337735e-05
 18.50000000 +5.0000000000000000e+00 +1.9999957788200491e+00 +1.9800110081424466e-03 +9.9962795127527748e-01 +9.9999962681371468e-01 +9.9999945921254396e-01 +9.9999919082159761e-01 +9.9999880230283977e-01 +1.2637607838672719e-04 +1.1398284185472114e-04 +7.5071259126856935e-05 +4.2137201151897561e-05 +1.7402312830016574e-05
 19.00000000 +5.0000000000000000e+00 +1.9999949315987138e+00 +1.9513575174201715e-03 +9.9970007812463912e-01 +9.9999955373196991e-01 +9.9999924190429701e-01 +9.9999913953356678e-01 +9.9999897248061964e-01 +1.2875195397512730e-04 +9.5759303974709935e-05 +5.3413343940234005e-05 +2.0541080715811759e-05 +4.5485671189062798e-06
 19.50000000 +5.0000000000000000e+00 +1.9999959830944147e+00 +1.9458941049199767e-03 +9.9971613275782722e-01 +9.9999966806384477e-01 +9.9999940222373351e-01 +9.9999895476425571e-01 +9.9999885141912603e-01 +1.1836497807448401e-04 +9.2463919794981498e-05 +3.8634727774085343e-05 +1.6554904068867377e-05 +2.0972055434963150e-05
 20.00000000 +5.0000000000000000e+00 +1.9999948930835429e+00 +1.9260960899276731e-03 +9.9976825374897982e-01 +9.9999957358513292e-01 +9.9999912260995460e-01 +9.9999900567441868e-01 +9.9999896389313769e-01 +1.0164582690652887e-04 +6.0182149366767070e-05 +2.9606290950692251e-05 +6.4872346039575663e-06 +3.7159074762341020e-05
 20.50000000 +5.0000000000000000e+00 +1.9999941094736933e+00 +1.9187746521515290e-03 +9.9978973815916383e-01 +9.9999941110486945e-01 +9.9999941725966168e-01 +9.9999901910848044e-01 +9.9999881126823631e-01 +8.1032210281154393e-05 +4.2395426912931909e-05 +7.1980942337532828e-06 +2.9743554935562119e-05 +5.3233780575081924e-05
 21.00000000 +5.0000000000000000e+00 +1.9999935377506022e+00 +1.9188450856095997e-03 +9.9979220900501953e-01 +9.9999937218414647e-01 +9.9999902875294266e-01 +9.9999886985458220e-01 +9.9999861110693733e-01 +6.0195261143678915e-05 +2.0276484102663132e-05 +1.6477210938991160e-05 +4.3979033391289442e-05 +7.0981163491172129e-05
 21.50000000 +5.0000000000000000e+00 +1.9999938867691374e+00 +1.9353286865541404e-03 +9.9975291203198025e-01 +9.9999928273173644e-01 +9.9999911506281047e-01 +9.9999910780729917e-01 +9.9999869790463825e-01 +4.5202920685640071e-05 +2.6375064040812110e-05 +3.6534478771746057e-05 +6.1962231879902744e-05 +8.0809684310413637e-05
 22.00000000 +5.0000000000000000e+00 +1.9999938363756584e+00 +1.9450550717174115e-03 +9.9973024524323750e-01 +9.9999942235946238e-01 +9.9999890763770283e-01 +9.9999897027748541e-01 +9.9999880017093146e-01 +2.8149908967483582e-05 +2.5603153530898046e-05 +5.0927588912184889e-05 +8.1393490539769772e-05 +8.7580172849317838e-05
 22.50000000 +5.0000000000000000e+00 +1.9999924073879767e+00 +1.9571487250325892e-03 +9.9969881021797147e-01 +9.9999949730551219e-01 +9.9999922615632941e-01 +9.9999905286047452e-01 +9.9999864079979217e-01 +2.4950400719085803e-05 +3.9285980772035954e-05 +7.2310047282274888e-05 +8.4659260028172961e-05 +8.3566949444528171e-05
 23.00000000 +5.0000000000000000e+00 +1.9999909782581498e+00 +1.9692435813259278e-03 +9.9966737206580447e-01 +9.9999957225901670e-01 +9.9999954470663932e-01 +9.9999913545167829e-01 +9.9999848141279968e-01 +2.1750574209659161e-05 +5.2970169069416673e-05 +9.3694632605218888e-05 +8.7925354368733599e-05 +7.9553326836951453e-05
 23.50000000 +5.0000000000000000e+00 +1.9999913160359968e+00 +1.9734194038054939e-03 +9.9965529438593770e-01 +9.9999949625401996e-01 +9.9999952143040782e-01 +9.9999908009183114e-01 +9.9999848867242724e-01 +3.5340555559135382e-05 +7.0910506684620053e-05 +1.0199279941242254e-04 +8.0918631564996563e-05 +5.8956576762726049e-05
 24.00000000 +5.0000000000000000e+00 +1.9999916537939593e+00 +1.9775949804638785e-03 +9.9964321741705631e-01 +9.9999942025349742e-01 +9.9999949815554667e-01 +9.9999902473524260e-01 +9.9999849593162715e-01 +4.8929736897286950e-05 +8.8849788192909719e-05 +1.1029047772540028e-04 +7.3912321231111216e-05 +3.8361039172380245e-05
 24.50000000 +5.0000000000000000e+00 +1.9999902909259812e+00 +1.9814022610993220e-03 +9.9963143228131279e-01 +9.9999952933705638e-01 +9.9999938423716006e-01 +9.9999903284174751e-01 +9.9999854889526973e-01 +8.0200237076291593e-05 +9.9653880741095807e-05 +9.8078670955198822e-05 +6.2192699216258152e-05 +3.1946846046009227e-05
 25.00000000 +5.0000000000000000e+00 +1.9999889279571044e+00 +1.9852098236043986e-03 +9.9961964627306443e-01 +9.9999963842869155e-01 +9.9999927031033975e-01 +9.9999904094885295e-01 +9.9999860186283340e-01 +1.1147305234715284e-04 +1.1045877316349349e-04 +8.5865960091546797e-05 +5.0472209546544010e-05 +2.5532178048875406e-05
 25.50000000 +5.0000000000000000e+00 +1.9999899312373535e+00 +1.9704444631906725e-03 +9.9965673590448778e-01 +9.9999958064902461e-01 +9.9999925254607802e-01 +9.9999903061329354e-01 +9.9999868505045642e-01 +1.0659669369708356e-04 +1.1337776502937615e-04 +6.2561513428409176e-05 +3.2273047551840281e-05 +3.1906215684871922e-05
 26.00000000 +5.0000000000000000e+00 +1.9999909345185638e+00 +1.9556790886310505e-03 +9.9969382557144459e-01 +9.9999952286930205e-01 +9.9999923478179886e-01 +9.9999902027772380e-01 +9.9999876823815881e-01 +1.0172033037523818e-04 +1.1629675969178737e-04 +3.9257044438538780e-05 +1.4073868121501526e-05 +3.8280259427489920e-05
 26.50000000 +5.0000000000000000e+00 +1.9999905240022942e+00 +1.9508226062444768e-03 +9.9970658327365358e-01 +9.9999951500029771e-01 +9.9999919967621986e-01 +9.9999875551537198e-01 +9.9999864796712878e-01 +9.8486291149426337e-05 +9.2442139644504328e-05 +2.8378046913685046e-05 +3.0208019831100035e-05 +4.7784076442614251e-05
 27.00000000 +5.0000000000000000e+00 +1.9999901135336164e+00 +1.9459666868748885e-03 +9.9971933949684932e-01 +9.9999950713220553e-01 +9.9999916457471050e-01 +9.9999849078371439e-01 +9.9999852771004194e-01 +9.5252626849099729e-05 +6.8590285087795621e-05 +1.7500310602175034e-05 +4.6340301091938972e-05 +5.7286791670482147e-05
 27.50000000 +5.0000000000000000e+00 +1.9999894425038374e+00 +1.9461427100640237e-03 +9.9971938473794675e-01 +9.9999948753784917e-01 +9.9999918387399511e-01 +9.9999821300333236e-01 +9.9999861708238402e-01 +9.0515523627232255e-05 +5.3617629279342073e-05 +3.1202442650753837e-05 +4.4374562617830890e-05 +6.5403595032618159e-05
 28.00000000 +5.0000000000000000e+00 +1.9999887715783824e+00 +1.9463187058870136e-03 +9.9971942997201069e-01 +9.9999946794653916e-01 +9.9999920317027946e-01 +9.9999793526613656e-01 +9.9999870644083155e-01 +8.5779156877962762e-05 +3.8647301254389440e-05 +4.4902444442862577e-05 +4.2409129755074971e-05 +7.3519136483628421e-05
 28.50000000 +5.0000000000000000e+00 +1.9999890073479258e+00 +1.9463681170363871e-03 +9.9972028579047623e-01 +9.9999958468001560e-01 +9.9999927952488776e-01 +9.9999807241070171e-01 +9.9999858689545840e-01 +6.4849039021274481e-05 +2.6493896580206499e-05 +5.4609793505932015e-05 +6.6272698359255046e-05 +7.1965285909799626e-05
 29.00000000 +5.0000000000000000e+00 +1.9999892431006792e+00 +1.9464175246669988e-03 +9.9972114154799552e-01 +9.9999970140517913e-01 +9.9999935587405853e-01 +9.9999820954550034e-01 +9.9999846735859865e-01 +4.3920411680285781e-05 +1.4341357397589082e-05 +6.4316451270639982e-05 +9.0134567545214155e-05 +7.0411545991758384e-05
 29.50000000 +5.0000000000000000e+00 +1.9999901732352325e+00 +1.9424794938192294e-03 +9.9973078490010581e-01 +9.9999968388947935e-01 +9.9999954745551711e-01 +9.9999839840395000e-01 +9.9999829933144768e-01 +3.7087179389208829e-05 +2.4971749583500144e-05 +7.0131998273045590e-05 +8.6224336261585044e-05 +5.4870808435293225e-05
 30.00000000 +5.0000000000000000e+00 +1.9999911033813056e+00 +1.9385414142018484e-03 +9.9974042837164201e-01 +9.9999966637356252e-01 +9.9999973903934847e-01 +9.9999858726473856e-01 +9.9999813130221582e-01 +3.0253862473582509e-05 +3.5602273418989349e-05 +7.5947617296717794e-05 +8.2314056552621281e-05 +3.9329878418238880e-05
 30.50000000 +5.0000000000000000e+00 +1.9999910919767860e+00 +1.9479720395788268e-03 +9.9971861151257702e-01 +9.9999924902730197e-01 +9.9999947518393839e-01 +9.9999862351166702e-01 +9.9999848504432742e-01 +3.5125105721842725e-05 +5.7267081534434341e-05 +8.9855451327260503e-05 +7.4112356753480352e-05 +2.9195800523130271e-05
 31.00000000 +5.0000000000000000e+00 +1.9999910805725760e+00 +1.9574024090619722e-03 +9.9969679524549837e-01 +9.9999883169236614e-01 +9.9999921133568803e-01 +9.9999865975761215e-01 +9.9999883877684093e-01 +3.9996216792112712e-05 +7.8931301789522199e-05 +1.0376290797784967e-04 +6.5910879502083586e-05 +1.9061997609577892e-05
 31.50000000 +5.0000000000000000e+00 +1.9999889525303700e+00 +1.9655006023983454e-03 +9.9967509611958183e-01 +9.9999908564011397e-01 +9.9999915088458369e-01 +9.9999820298520969e-01 +9.9999853334826738e-01 +5.6062681298609928e-05 +9.4890334229860918e-05 +1.0225738162634814e-04 +5.4349967180290010e-05 +2.2370703116283787e-05
 32.00000000 +5.0000000000000000e+00 +1.9999868247205166e+00 +1.9735979115256567e-03 +9.9965339936290576e-01 +9.9999933956013431e-01 +9.9999909044008006e-01 +9.9999774626268056e-01 +9.9999822795304294e-01 +7.2127391572661512e-05 +1.1084762416782791e-04 +1.0075201965719548e-04 +4.2790317147874933e-05 +2.5679047358783076e-05
 32.50000000 +5.0000000000000000e+00 +1.9999852165624221e+00 +1.9701061927035390e-03 +9.9966013576480073e-01 +9.9999967925326483e-01 +9.9999921987868579e-01 +9.9999880619062920e-01 +9.9999765752623992e-01 +8.4774806767301861e-05 +1.1307506522144220e-04 +7.2303851895776675e-05 +3.3339899401359291e-05 +4.1007799376340887e-05
 33.00000000 +5.0000000000000000e+00 +1.9999836082305600e+00 +1.9666140965877354e-03 +9.9966687289458978e-01 +1.0000000189831004e+00 +9.9999934933127788e-01 +9.9999986623310699e-01 +9.9999708703780010e-01 +9.7423588563931023e-05 +1.1530274695865288e-04 +4.3852610200115798e-05 +2.3888460500758906e-05 +5.6338207724672256e-05
 33.50000000 +5.0000000000000000e+00 +1.9999852091779553e+00 +1.9633357144918958e-03 +9.9967574662417158e-01 +9.9999974111068901e-01 +9.9999965310798433e-01 +9.9999896681819944e-01 +9.9999795122377921e-01 +1.0840193842961267e-04 +9.2314636292472254e-05 +4.4507110250024699e-05 +3.0575472764830469e-05 +5.2142031115159599e-05
 34.00000000 +5.0000000000000000e+00 +1.9999868100904972e+00 +1.9600574037675184e-03 +9.9968462016056925e-01 +9.9999946324432643e-01 +9.9999995687807719e-01 +9.9999806742287201e-01 +9.9999881539094460e-01 +1.1938004929298576e-04 +6.9327026085065960e-05 +4.5161596051250983e-05 +3.7262339450432772e-05 +4.7945945857799936e-05
 34.50000000 +5.0000000000000000e+00 +1.9999864949259663e+00 +1.9622606452535081e-03 +9.9967728066916373e-01 +9.9999979139001205e-01 +9.9999981065052368e-01 +9.9999904297047593e-01 +9.9999873671310602e-01 +1.0151038767257848e-04 +6.2653937741043343e-05 +3.7686967816238207e-05 +5.2942604559580981e-05 +7.0543722591996565e-05
 35.00000000 +5.0000000000000000e+00 +1.9999861798374827e+00 +1.9644633551085850e-03 +9.9966994294874034e-01 +1.0000001194565178e+00 +9.9999966445825450e-01 +1.0000000182826854e+00 +9.9999865805425225e-01 +8.3645037910217476e-05 +5.5982459579142843e-05 +3.0214143170827891e-05 +6.8619086100874668e-05 +9.3136046598127711e-05
 35.50000000 +5.0000000000000000e+00 +1.9999876883845751e+00 +1.9558682100738510e-03 +9.9969310725008809e-01 +9.9999963392176039e-01 +9.9999813098883339e-01 +9.9999952113225432e-01 +9.9999866561193507e-01 +7.9842203307291425e-05 +3.8229489126245213e-05 +4.0405709132701043e-05 +6.9377519887613099e-05 +8.3086138045506636e-05
 36.00000000 +5.0000000000000000e+00 +1.9999891971053438e+00 +1.9472720754915344e-03 +9.9971627421831066e-01 +9.9999914833110382e-01 +9.9999659734286594e-01 +9.9999902392458673e-01 +9.9999867317048774e-01 +7.6038930889090495e-05 +2.0474474797541660e-05 +5.0598448435967890e-05 +7.0136040991821625e-05 +7.3035072460320372e-05
 36.50000000 +5.0000000000000000e+00 +1.9999873832459871e+00 +1.9520960890376823e-03 +9.9970433284327243e-01 +9.9999963823568550e-01 +9.9999732219562643e-01 +9.9999923939102942e-01 +9.9999789024432850e-01 +7.2377599648647091e-05 +3.4410245001157821e-05 +5.8200811431453827e-05 +7.3937455318527423e-05 +6.2650954294353681e-05
 37.00000000 +5.0000000000000000e+00 +1.9999855698935070e+00 +1.9569187545325321e-03 +9.9969239480520389e-01 +1.0000001280033655e+00 +9.9999804684583005e-01 +9.9999945479726104e-01 +9.9999710753695503e-01 +6.8717291552580499e-05 +4.8342120909507083e-05 +6.5801049976995648e-05 +7.7737807355198041e-05 +5.2269737928691809e-05
 37.50000000 +5.0000000000000000e+00 +1.9999855379448750e+00 +1.9613592853241959e-03 +9.9968358538509572e-01 +1.0000003884942912e+00 +9.9999818290628073e-01 +9.9999939724910880e-01 +9.9999722112035427e-01 +6.1538926455952895e-05 +6.3731254025264260e-05 +8.0042345994382861e-05 +6.7469198267666771e-05 +4.8443096534154392e-05
 38.00000000 +5.0000000000000000e+00 +1.9999855059979921e+00 +1.9657995730466677e-03 +9.9967477644720437e-01 +1.0000006489709581e+00 +9.9999831895928382e-01 +9.9999933970410682e-01 +9.9999733469753616e-01 +5.4360954294198616e-05 +7.9119544758809025e-05 +9.4282862460748167e-05 +5.7201151271162727e-05 +4.4616664605258713e-05
 38.50000000 +5.0000000000000000e+00 +1.9999836674539528e+00 +1.9560830413337463e-03 +9.9969830767638779e-01 +1.0000000617346982e+00 +9.9999943730149021e-01 +9.9999824373046076e-01 +9.9999673260260535e-01 +5.3909067662198471e-05 +8.6299066299719236e-05 +8.7412561350808647e-05 +4.3974249497543342e-05 +3.5621946993353387e-05
 39.00000000 +5.0000000000000000e+00 +1.9999818288879796e+00 +1.9463663937000864e-03 +9.9972183918630497e-01 +9.9999947449143312e-01 +1.0000005556570388e+00 +9.9999714774373971e-01 +9.9999613050049163e-01 +5.3457175639073808e-05 +9.3478673494180254e-05 +8.0542178276398149e-05 +3.0747189923561336e-05 +2.6627122072138203e-05
 39.50000000 +5.0000000000000000e+00 +1.9999814660542563e+00 +1.9652725895194646e-03 +9.9967503051674356e-01 +9.9999901954459547e-01 +9.9999926694725361e-01 +9.9999834800274079e-01 +9.9999842700206298e-01 +7.0034027057886368e-05 +8.7509759901426633e-05 +8.4299071732085794e-05 +4.6394011562772810e-05 +4.1671035246950982e-05
 40.00000000 +5.0000000000000000e+00 +1.9999811033777657e+00 +1.9841705923678782e-03 +9.9962824213164736e-01 +9.9999856479490812e-01 +9.9999797879592855e-01 +9.9999954774161126e-01 +1.0000007225084488e+00 +8.6603694923557999e-05 +8.1543432928224792e-05 +8.8054337143755778e-05 +6.2034052675822101e-05 +5.6708429165060030e-05
 40.50000000 +5.0000000000000000e+00 +1.9999836370855106e+00 +1.9798665684994231e-03 +9.9963916457278634e-01 +9.9999914043149241e-01 +9.9999847544890308e-01 +9.9999839305576743e-01 +9.9999932440980011e-01 +9.8148808523969831e-05 +7.4964625008292133e-05 +8.2955002424293047e-05 +4.4371835828451541e-05 +6.5061806601022213e-05
 41.00000000 +5.0000000000000000e+00 +1.9999861707658342e+00 +1.9755625912108183e-03 +9.9965008689571844e-01 +9.9999971606184657e-01 +9.9999897209650235e-01 +9.9999723838241983e-01 +9.9999792632628171e-01 +1.0969379717859124e-04 +6.8385888286823482e-05 +7.7855722891849604e-05 +2.6709810128584664e-05 +7.3415093633426453e-05
 41.50000000 +5.0000000000000000e+00 +1.9999879432492536e+00 +1.9657298753985759e-03 +9.9967303279875463e-01 +9.9999909559600120e-01 +9.9999840547532881e-01 +9.9999835849828578e-01 +9.9999826287281968e-01 +9.8623393039710581e-05 +7.1056640787195771e-05 +5.4408530990804323e-05 +3.9918780775133579e-05 +6.8837459215720915e-05
 42.00000000 +5.0000000000000000e+00 +1.9999897157908781e+00 +1.9558968366982423e-03 +9.9969597945529132e-01 +9.9999847510978090e-01 +9.9999783883554827e-01 +9.9999947865093441e-01 +9.9999859943040914e-01 +8.7552625369358055e-05 +7.3727480990110379e-05 +3.0960569127608039e-05 +5.3128185179699005e-05 +6.4259674477019262e-05
 42.50000000 +5.0000000000000000e+00 +1.9999876179982958e+00 +1.9418921893228902e-03 +9.9973156367270910e-01 +9.9999915037172560e-01 +9.9999915144311613e-01 +9.9999822601368060e-01 +9.9999675293902934e-01 +6.4597071919688241e-05 +7.3852069049385388e-05 +3.3391263290380674e-05 +5.6010016350568557e-05 +4.7305141086184621e-05
 43.00000000 +5.0000000000000000e+00 +1.9999855202184109e+00 +1.9278876267071878e-03 +9.9976714767476238e-01 +9.9999982562958367e-01 +1.0000004640427398e+00 +9.9999697338400817e-01 +9.9999490645882516e-01 +4.1641657402802649e-05 +7.3976656354622153e-05 +3.5821942741980768e-05 +5.8891830079870931e-05 +3.0350710308451162e-05
 43.50000000 +5.0000000000000000e+00 +1.9999843498444199e+00 +1.9482506391652404e-03 +9.9971611152969120e-01 +9.9999987768209264e-01 +1.0000019612065678e+00 +9.9999748637595287e-01 +9.9999573590215896e-01 +3.6866018979617976e-05 +5.2493924550820580e-05 +7.9584233478720396e-05 +7.6416054378469658e-05 +4.3467064198050260e-05
 44.00000000 +5.0000000000000000e+00 +1.9999831794112108e+00 +1.9686146819229968e-03 +9.9966507280236316e-01 +9.9999992973723495e-01 +1.0000034584461466e+00 +9.9999799939385325e-01 +9.9999656538745951e-01 +3.2090138925247058e-05 +3.1010105793294856e-05 +1.2334873843967170e-04 +9.3941165343672863e-05 +5.6584081730887912e-05
 44.50000000 +5.0000000000000000e+00 +1.9999827554904606e+00 +1.9629522971594581e-03 +9.9968002343675111e-01 +1.0000002238363834e+00 +1.0000028851854366e+00 +9.9999807836410948e-01 +9.9999601201096233e-01 +3.8945838690148296e-05 +3.9358412617983067e-05 +1.1056618738106403e-04 +8.0732805174188308e-05 +5.3173924082850259e-05
 45.00000000 +5.0000000000000000e+00 +1.9999823315217438e+00 +1.9572892716943724e-03 +9.9969497576281097e-01 +1.0000005179688101e+00 +1.0000023118598618e+00 +9.9999815734330177e-01 +9.9999545857185057e-01 +4.5802314180761119e-05 +4.7707664057586496e-05 +9.7782189970682570e-05 +6.7522950472425166e-05 +4.9763380573841637e-05
 45.50000000 +5.0000000000000000e+00 +1.9999819075050522e+00 +1.9516256054189888e-03 +9.9970992978082918e-01 +1.0000008121345194e+00 +1.0000017384694113e+00 +9.9999823633143070e-01 +9.9999490507011346e-01 +5.2659565528753565e-05 +5.6057860272439624e-05 +8.4996745963030290e-05 +5.4311600984708473e-05 +4.6352451138367772e-05
 46.00000000 +5.0000000000000000e+00 +1.9999814834403771e+00 +1.9459612982245340e-03 +9.9972488549109317e-01 +1.0000011063335175e+00 +1.0000011650140739e+00 +9.9999831532849837e-01 +9.9999435150573990e-01 +5.9517592865823491e-05 +6.4409001422913273e-05 +7.2209855112554685e-05 +4.1098756457305892e-05 +4.2941135710919622e-05
 46.50000000 +5.0000000000000000e+00 +1.9999810593277112e+00 +1.9402963500022082e-03 +9.9973984289389017e-01 +1.0000014005658102e+00 +1.0000005914938388e+00 +9.9999839433450610e-01 +9.9999379787872000e-01 +6.6376396323698566e-05 +7.2761087669414537e-05 +5.9421517173647622e-05 +2.7884416636427675e-05 +3.9529434225973301e-05
 47.00000000 +5.0000000000000000e+00 +1.9999794810904645e+00 +1.9453386770618415e-03 +9.9972554558928439e-01 +1.0000013772033163e+00 +1.0000007075459409e+00 +9.9999936579397031e-01 +9.9999344031957149e-01 +6.9508987459555041e-05 +7.1318687569252100e-05 +6.0838082973851520e-05 +4.5055604449923905e-05 +3.2842190593450109e-05
 47.50000000 +5.0000000000000000e+00 +1.9999779030974503e+00 +1.9503802238233347e-03 +9.9971125049718124e-01 +1.0000013538444379e+00 +1.0000008235800844e+00 +1.0000003371031017e+00 +9.9999308281575516e-01 +7.2641093828158660e-05 +6.9876510679940955e-05 +6.2254429561051962e-05 +6.2224135028822941e-05 +2.6155981809263168e-05
 48.00000000 +5.0000000000000000e+00 +1.9999763253486098e+00 +1.9554209904677992e-03 +9.9969695761706612e-01 +1.0000013304891737e+00 +1.0000009395962721e+00 +1.0000013082619343e+00 +9.9999272536725781e-01 +7.5772715542026976e-05 +6.8434556949672365e-05 +6.3670556986129682e-05 +7.9390008989886049e-05 +1.9470807633217497e-05
 48.50000000 +5.0000000000000000e+00 +1.9999747478438883e+00 +1.9604609771762932e-03 +9.9968266694842700e-01 +1.0000013071375236e+00 +1.0000010555945100e+00 +1.0000022792705046e+00 +9.9999236797406743e-01 +7.8903852713642819e-05 +6.6992826326653748e-05 +6.5086465299949727e-05 +9.6553226949683718e-05 +1.2786667825192459e-05
 49.00000000 +5.0000000000000000e+00 +1.9999731705832278e+00 +1.9655001841298154e-03 +9.9966837849074985e-01 +1.0000012837894861e+00 +1.0000011715748012e+00 +1.0000032501288458e+00 +9.9999201063617038e-01 +8.2034505455454151e-05 +6.5551318759108433e-05 +6.6502154553361342e-05 +1.1371378952459556e-04 +6.1035621451416956e-06
 49.50000000 +5.0000000000000000e+00 +1.9999704711853732e+00 +1.9664285274738316e-03 +9.9966549814501993e-01 +1.0000008081586558e+00 +1.0000006425036914e+00 +1.0000021593177504e+00 +9.9999328854657676e-01 +6.8336161680363262e-05 +7.2558008077142381e-05 +6.6938170721503830e-05 +1.0306862276957150e-04 +2.6702326901756007e-05
 50.00000000 +5.0000000000000000e+00 +1.9999677721188183e+00 +1.9673567568815891e-03 +9.9966261815279700e-01 +1.0000003325862004e+00 +1.0000001134975145e+00 +1.0000010686405310e+00 +9.9999456630014394e-01 +5.4639499113039001e-05 +7.9563837459063397e-05 +6.7374133377062577e-05 +9.2424762503661687e-05 +4.7298563556881567e-05
 50.50000000 +5.0000000000000000e+00 +1.9999650733835013e+00 +1.9682848723740626e-03 +9.9965973851401624e-01 +9.9999985707210870e-01 +9.9999958455625959e-01 +9.9999997809716323e-01 +9.9999584389690177e-01 +4.0944517443996538e-05 +8.6568807063172655e-05 +6.7810042529888482e-05 +8.1782208486361364e-05 +6.7892272575903451e-05
 51.00000000 +5.0000000000000000e+00 +1.9999623749793614e+00 +1.9692128739722194e-03 +9.9965685922861214e-01 +9.9999938161637014e-01 +9.9999905567991376e-01 +9.9999888768762202e-01 +9.9999712133687813e-01 +2.7251216363827029e-05 +9.3572917047732461e-05 +6.8245898189829934e-05 +7.1140960477224691e-05 +8.8483454424092498e-05
 51.50000000 +5.0000000000000000e+00 +1.9999596769063372e+00 +1.9701407616970240e-03 +9.9965398029651964e-01 +9.9999890621897358e-01 +9.9999852686846513e-01 +9.9999779741188266e-01 +9.9999839862010187e-01 +1.3559595563197578e-05 +1.0057616757096625e-04 +6.8681700366732940e-05 +6.0501018235864962e-05 +1.0907210956660530e-04
 52.00000000 +5.0000000000000000e+00 +1.9999602781991113e+00 +1.9672568126469642e-03 +9.9966212687958089e-01 +9.9999979777036008e-01 +1.0000002884703916e+00 +9.9999889257617003e-01 +9.9999788164522008e-01 +3.1390182391093591e-05 +8.7606310121596807e-05 +6.4756702376629109e-05 +5.3446094249476892e-05 +1.0381337604499296e-04
 52.50000000 +5.0000000000000000e+00 +1.9999608794853101e+00 +1.9643728951342547e-03 +9.9967027337355541e-01 +1.0000006893119970e+00 +1.0000020500530542e+00 +9.9999998772848109e-01 +9.9999736467599165e-01 +4.9220574233067366e-05 +7.4636594503768868e-05 +6.0831747308239529e-05 +4.6391247412028050e-05 +9.8554700030125344e-05
 53.00000000 +5.0000000000000000e+00 +1.9999614807649329e+00 +1.9614890091583775e-03 +9.9967841977844418e-01 +1.0000015808438845e+00 +1.0000038116164534e+00 +1.0000010828688162e+00 +9.9999684771241659e-01 +6.7050771092317239e-05 +6.1667020715155995e-05 +5.6906835160860160e-05 +3.9336477722252975e-05 +9.3296081521059200e-05
 53.50000000 +5.0000000000000000e+00 +1.9999620820379818e+00 +1.9586051547188172e-03 +9.9968656609424977e-01 +1.0000024723660230e+00 +1.0000055731605890e+00 +1.0000021779971757e+00 +9.9999633075449490e-01 +8.4880772972041613e-05 +4.8697588753431734e-05 +5.2981965933786983e-05 +3.2281785178886215e-05 +8.8037520516851271e-05
 54.00000000 +5.0000000000000000e+00 +1.9999626833044544e+00 +1.9557213318150543e-03 +9.9969471232097262e-01 +1.0000033638784120e+00 +1.0000073346854619e+00 +1.0000032731135595e+00 +9.9999581380222580e-01 +1.0271057987543860e-04 +3.5728298616269720e-05 +4.9057139626315936e-05 +2.5227169780662318e-05 +8.2779017016558262e-05
 54.50000000 +5.0000000000000000e+00 +1.9999658403010048e+00 +1.9674595939094858e-03 +9.9966655468218202e-01 +1.0000037598364884e+00 +1.0000057198692565e+00 +1.0000016929601212e+00 +9.9999635049398083e-01 +9.7909531459938775e-05 +5.4151621259855914e-05 +6.7234672026679354e-05 +3.8342455773831111e-05 +6.8283884977587397e-05
 55.00000000 +5.0000000000000000e+00 +1.9999689966435952e+00 +1.9791954244708669e-03 +9.9963840287613137e-01 +1.0000041557125434e+00 +1.0000041053875539e+00 +1.0000001131340053e+00 +9.9999688707456214e-01 +9.3109477562009231e-05 +7.2571127587402984e-05 +8.5408439025448651e-05 +5.1455024989073264e-05 +5.3791755546015848e-05
 55.50000000 +5.0000000000000000e+00 +1.9999721523324310e+00 +1.9909288242546427e-03 +9.9961025690100835e-01 +1.0000045515066029e+00 +1.0000024912402499e+00 +9.9999853363511004e-01 +9.9999742354400445e-01 +8.8310417872666672e-05 +9.0986818784589567e-05 +1.0357844179248401e-04 +6.4564878270455549e-05 +3.9302627788973426e-05
 56.00000000 +5.0000000000000000e+00 +1.9999753073677140e+00 +2.0026597940159458e-03 +9.9958211675500219e-01 +1.0000049472186927e+00 +1.0000008774272409e+00 +9.9999695446333392e-01 +9.9999795990234275e-01 +8.3512352083055645e-05 +1.0939869603660320e-04 +1.2174468149716108e-04 +7.7672016461695110e-05 +2.4816500773976371e-05
 56.50000000 +5.0000000000000000e+00 +1.9999784617496466e+00 +2.0143883345095943e-03 +9.9955398243630100e-01 +1.0000053428488374e+00 +9.9999926394842231e-01 +9.9999537561857477e-01 +9.9999849614961045e-01 +7.8715279884448660e-05 +1.2780676052814041e-04 +1.3990715930837109e-04 +9.0776440406159606e-05 +1.0333373568927112e-05
 57.00000000 +5.0000000000000000e+00 +1.9999791817312831e+00 +2.0146256091601810e-03 +9.9955241231174219e-01 +1.0000029280686644e+00 +1.0000007523212271e+00 +9.9999820447480570e-01 +9.9999687813721294e-01 +7.4942852069708087e-05 +1.0900502043428994e-04 +1.3076992599467496e-04 +1.0634984975130285e-04 +2.7757051358571000e-05
 57.50000000 +5.0000000000000000e+00 +1.9999799017690176e+00 +2.0148629022981742e-03 +9.9955084206484612e-01 +1.0000005131003424e+00 +1.0000022408099998e+00 +1.0000010335514486e+00 +9.9999525999874694e-01 +7.1170130323826720e-05 +9.0201815390760892e-05 +1.2163198074756527e-04 +1.2192447250865692e-04 +4.5182086725282231e-05
 58.00000000 +5.0000000000000000e+00 +1.9999806218628564e+00 +2.0151002139257345e-03 +9.9954927169559837e-01 +9.9999809794384908e-01 +1.0000037294147530e+00 +1.0000038628485293e+00 +9.9999364173419747e-01 +6.7397114612450463e-05 +7.1397145226332839e-05 +1.1249332348383262e-04 +1.3750030882004298e-04 +6.2608479827731700e-05
 58.50000000 +5.0000000000000000e+00 +1.9999813420128061e+00 +2.0153375440450250e-03 +9.9954770120398495e-01 +9.9999568259916294e-01 +1.0000052181355015e+00 +1.0000066923660740e+00 +9.9999202334355031e-01 +6.3623804901219905e-05 +5.2591009769758711e-05 +1.0335395412025475e-04 +1.5307735882730440e-04 +8.0036230824615095e-05
 59.00000000 +5.0000000000000000e+00 +1.9999820622188735e+00 +2.0155748926582052e-03 +9.9954613058999131e-01 +9.9999326706626157e-01 +1.0000067069722578e+00 +1.0000095221041079e+00 +9.9999040482679036e-01 +5.9850201155770214e-05 +3.3783408849764718e-05 +9.4213872573596305e-05 +1.6865562267230662e-04 +9.7465339874652757e-05
 59.50000000 +5.0000000000000000e+00 +1.9999841319087999e+00 +1.9954883967998284e-03 +9.9959711892299752e-01 +9.9999573442209977e-01 +1.0000046647868384e+00 +1.0000084292740357e+00 +9.9999005982938494e-01 +7.4928269914834053e-05 +2.1408236766143616e-05 +7.7906990062378580e-05 +1.4033338605183107e-04 +8.9415889474893178e-05
 60.00000000 +5.0000000000000000e+00 +1.9999862021309360e+00 +1.9753967358072046e-03 +9.9964812036737949e-01 +9.9999820241240489e-01 +1.0000026220762817e+00 +1.0000073361629482e+00 +9.9998971474326548e-01 +9.0010215918086078e-05 +9.0298824736596913e-06 +6.1595914324133260e-05 +1.1200386652071968e-04 +8.1364369202308404e-05
 60.50000000 +5.0000000000000000e+00 +1.9999882728854868e+00 +1.9552999076877975e-03 +9.9969913492819407e-01 +1.0000006710374223e+00 +1.0000005788403854e+00 +1.0000062427707368e+00 +9.9998936956839735e-01 +1.0509604066123734e-04 -3.3516552552766905e-06 +4.5280643741253744e-05 +8.3667061269469286e-05 +7.3310778258410815e-05
 61.00000000 +5.0000000000000000e+00 +1.9999903441726585e+00 +1.9351979104480469e-03 +9.9975016261050298e-01 +1.0000031402973966e+00 +9.9999853507894709e-01 +1.0000051490972932e+00 +9.9998902430474668e-01 +1.2018574564076825e-04 -1.5736377648886690e-05 +2.8961176695301293e-05 +5.5322967487131550e-05 +6.5255115844301977e-05
 61.50000000 +5.0000000000000000e+00 +1.9999924159926559e+00 +1.9150907420933659e-03 +9.9980120341936851e-01 +1.0000056101925729e+00 +9.9999649079176389e-01 +1.0000040551425093e+00 +9.9998867895227916e-01 +1.3527933235392913e-04 -2.8124285936023337e-05 +1.2637511567004513e-05 +2.6971582361311904e-05 +5.7197381160672504e-05
 62.00000000 +5.0000000000000000e+00 +1.9999905956593171e+00 +1.9274709512707060e-03 +9.9976960142071125e-01 +1.0000028968969632e+00 +9.9999842408694739e-01 +1.0000025985139964e+00 +9.9999154009516245e-01 +1.4271616531338132e-04 -2.7807037950904805e-05 +2.3158864151673685e-05 +2.8748218598664371e-05 +6.8122792780606187e-05
 62.50000000 +5.0000000000000000e+00 +1.9999887761481441e+00 +1.9398455688502342e-03 +9.9973801369529192e-01 +1.0000001848268307e+00 +1.0000003565089464e+00 +1.0000011425433795e+00 +9.9999439994579309e-01 +1.5014963938137101e-04 -2.7489933252794946e-05 +3.3675464702572089e-05 +3.0524052407305290e-05 +7.9043269871014338e-05
 63.00000000 +5.0000000000000000e+00 +1.9999869574585789e+00 +1.9522145986193137e-03 +9.9970644023344246e-01 +9.9999747398134475e-01 +1.0000022880583526e+00 +9.9999968723021182e-01 +9.9999725850504617e-01 +1.5757975683298043e-04 -2.7172971744640988e-05 +4.4187316438400875e-05 +3.2299084330744736e-05 +8.9958815774208230e-05
 63.50000000 +5.0000000000000000e+00 +1.9999851395900650e+00 +1.9645780443618890e-03 +9.9967488102550373e-01 +9.9999476435967594e-01 +1.0000042187357558e+00 +9.9999823257404863e-01 +1.0000001157737963e+00 +1.6500651994123773e-04 -2.6856153329477775e-05 +5.4694422574955017e-05 +3.4073314912002031e-05 +1.0086943382948126e-04
 64.00000000 +5.0000000000000000e+00 +1.9999833225420469e+00 +1.9769359098584889e-03 +9.9964333606182576e-01 +9.9999205596099627e-01 +1.0000061485417475e+00 +9.9999677857444524e-01 +1.0000029717529171e+00 +1.7242993097711908e-04 -2.6539477910427694e-05 +6.5196786325126598e-05 +3.5846744693606343e-05 +1.1177512737311255e-04
 64.50000000 +5.0000000000000000e+00 +1.9999838860370596e+00 +1.9765351296441042e-03 +9.9964370381026990e-01 +9.9999437656304724e-01 +1.0000050899420760e+00 +9.9999511525013052e-01 +1.0000032759250856e+00 +1.4496323133365808e-04 -2.2183608621772989e-05 +7.5507177130847093e-05 +6.3907949577451253e-05 +9.6243765343510159e-05
 65.00000000 +5.0000000000000000e+00 +1.9999844495027423e+00 +1.9761343702907894e-03 +9.9964407153957258e-01 +9.9999669704430882e-01 +1.0000040313975065e+00 +9.9999345201239431e-01 +1.0000035800814226e+00 +1.1749796136337677e-04 -1.7827966061104425e-05 +8.5817031268915607e-05 +9.1967693843437805e-05 +8.0713211739092674e-05
 65.50000000 +5.0000000000000000e+00 +1.9999850129390970e+00 +1.9757336317969155e-03 +9.9964443924973523e-01 +9.9999901740478969e-01 +1.0000029729080333e+00 +9.9999178886122908e-01 +1.0000038842219279e+00 +9.0034120954653790e-05 -1.3472550210720278e-05 +9.6126348781232229e-05 +1.2002597760560326e-04 +6.5183466496742483e-05
 66.00000000 +5.0000000000000000e+00 +1.9999855763461256e+00 +1.9753329141608527e-03 +9.9964480694075886e-01 +1.0000013376444996e+00 +1.0000019144736534e+00 +9.9999012579662838e-01 +1.0000041883466033e+00 +6.2571709995879439e-05 -9.1173610529206705e-06 +1.0643512970969284e-04 +1.4808280097797300e-04 +4.9654529553348630e-05
 66.50000000 +5.0000000000000000e+00 +1.9999861397238297e+00 +1.9749322173809739e-03 +9.9964517461264513e-01 +1.0000036577634475e+00 +1.0000008560943614e+00 +9.9998846281858500e-01 +1.0000044924554496e+00 +3.5110728375455708e-05 -4.7623985700075784e-06 +1.1674337409618876e-04 +1.7613816407456058e-04 +3.4126400845806700e-05
 67.00000000 +5.0000000000000000e+00 +1.9999852651478778e+00 +1.9741686391674773e-03 +9.9964771457481649e-01 +1.0000034470116563e+00 +9.9999963138696002e-01 +9.9998948808167842e-01 +1.0000030882799293e+00 +4.5798809210976714e-05 +1.6077830780300753e-06 +1.0209106477070365e-04 +1.5118796172044457e-04 +5.5945054243568479e-05
 67.50000000 +5.0000000000000000e+00 +1.9999843904958785e+00 +1.9734049945582645e-03 +9.9965025475784608e-01 +1.0000032362415401e+00 +9.9999840657306660e-01 +9.9999051343392242e-01 +1.0000016839823114e+00 +5.6487819411400084e-05 +7.9785186349814448e-06 +8.7437481377195033e-05 +1.2623558986155678e-04 +7.7765604847292367e-05
 68.00000000 +5.0000000000000000e+00 +1.9999835157678216e+00 +1.9726412835446732e-03 +9.9965279516176275e-01 +1.0000030254530954e+00 +9.9999718165266616e-01 +9.9999153887532721e-01 +1.0000002795625793e+00 +6.7177759097948193e-05 +1.4349808173096051e-05 +7.2782623749478807e-05 +1.0128104821491606e-04 +9.9588052904441796e-05
 68.50000000 +5.0000000000000000e+00 +1.9999826409636980e+00 +1.9718775061180432e-03 +9.9965533578659549e-01 +1.0000028146463207e+00 +9.9999595662574614e-01 +9.9999256440590611e-01 +9.9999887502071805e-01 +7.7868628391864592e-05 +2.0721651764636006e-05 +5.8126491721342116e-05 +7.6324336497492329e-05 +1.2141239866252340e-04
 69.00000000 +5.0000000000000000e+00 +1.9999817660834969e+00 +1.9711136622697096e-03 +9.9965787663237304e-01 +1.0000026038212131e+00 +9.9999473149229146e-01 +9.9999359002566979e-01 +9.9999747035671094e-01 +8.8560427414413845e-05 +2.7094049481875959e-05 +4.3469085126543062e-05 +5.1365454426206056e-05 +1.4323864236908670e-04
 69.50000000 +5.0000000000000000e+00 +1.9999879104415514e+00 +1.9488591933260861e-03 +9.9971888249850038e-01 +1.0000018349002640e+00 +9.9999265726410547e-01 +9.9999483819438084e-01 +9.9999909593874048e-01 +8.3940779993504341e-05 +2.5597874447824093e-05 +2.0622117785424833e-05 +5.4576407801525059e-05 +1.0795401345885403e-04
 70.00000000 +5.0000000000000000e+00 +1.9999940556370983e+00 +1.9266016910385007e-03 +9.9977989667989098e-01 +1.0000010658745084e+00 +9.9999058275319663e-01 +9.9999608653322036e-01 +1.0000007217423406e+00 +7.9320502902228751e-05 +2.4101495481091748e-05 -2.2279636587792692e-06 +5.7787798838423607e-05 +7.2664575158817743e-05
 70.50000000 +5.0000000000000000e+00 +2.0000002016703102e+00 +1.9043411547867341e-03 +9.9984091917824591e-01 +1.0000002967439263e+00 +9.9998850795950733e-01 +9.9999733504222443e-01 +1.0000023477675584e+00 +7.4699596011839746e-05 +2.2604912539981245e-05 -2.5081159842803570e-05 +6.0999627626389516e-05 +3.7370326485611769e-05
 71.00000000 +5.0000000000000000e+00 +2.0000063485413562e+00 +1.8820775839503933e-03 +9.9990194999526516e-01 +9.9999952750849475e-01 +9.9998643288297939e-01 +9.9999858372142614e-01 +1.0000039740144371e+00 +7.0078059193554696e-05 +2.1108125582783486e-05 -4.7937471403556000e-05 +6.4211894254934912e-05 +2.0712664556017499e-06
 71.50000000 +5.0000000000000000e+00 +2.0000124962504082e+00 +1.8598109779089185e-03 +9.9996298913264980e-01 +9.9999875816819295e-01 +9.9998435752355486e-01 +9.9999983257086089e-01 +1.0000056004830229e+00 +6.5455892318555989e-05 +1.9611134567778042e-05 -7.0796898978118134e-05 +6.7424598813596389e-05 -3.3232605915114723e-05
 72.00000000 +5.0000000000000000e+00 +2.0000011631221875e+00 +1.9129685687590636e-03 +9.9982401440316582e-01 +9.9999754894023507e-01 +9.9998137906134255e-01 +9.9999868698478878e-01 +1.0000051463747817e+00 +8.0809872118230421e-05 +4.0260161876612474e-05 -5.8907021131372453e-06 +6.8267229721699849e-05 +9.7776706313510175e-06
 72.50000000 +5.0000000000000000e+00 +1.9999898350515466e+00 +1.9661024372321875e-03 +9.9968510169325220e-01 +9.9999634025191397e-01 +9.9997840192831411e-01 +9.9999754190995205e-01 +1.0000046924691937e+00 +9.6156999972740089e-05 +6.0899974245433135e-05 +5.8986529382110319e-05 +6.9109484593045967e-05 +5.2768753192917419e-05
 73.00000000 +5.0000000000000000e+00 +1.9999785120350997e+00 +2.0192125992044485e-03 +9.9954625096140148e-01 +9.9999513210286772e-01 +9.9997542612357970e-01 +9.9999639734600787e-01 +1.0000042387661223e+00 +1.1149728046773756e-04 +8.1530577841322941e-05 +1.2383481489264907e-04 +6.9951363679296647e-05 +9.5740654615126240e-05
 73.50000000 +5.0000000000000000e+00 +1.9999671940694665e+00 +2.0722990705378456e-03 +9.9940746216614540e-01 +9.9999392449273572e-01 +9.9997245164625082e-01 +9.9999525329261474e-01 +1.0000037852654324e+00 +1.2683071818478457e-04 +1.0215197882586306e-04 +1.8865417378620958e-04 +7.0792867231889405e-05 +1.3869338773205947e-04
 74.00000000 +5.0000000000000000e+00 +1.9999558811512672e+00 +2.1253618670802263e-03 +9.9926873526605065e-01 +9.9999271742115725e-01 +9.9996947849543905e-01 +9.9999410974943126e-01 +1.0000033319669885e+00 +1.4215731770135629e-04 +1.2276418335513883e-04 +2.5344462541324758e-04 +7.1633995502037355e-05 +1.8162696536635174e-04
 74.50000000 +5.0000000000000000e+00 +1.9999594900500237e+00 +2.0925266138151033e-03 +9.9935302979219587e-01 +9.9999892822046854e-01 +9.9997274526969515e-01 +9.9999495222713930e-01 +1.0000027833195253e+00 +1.3206724206020444e-04 +8.9804177328299691e-05 +2.2836481813957093e-04 +6.2738717999933388e-05 +1.6458620477343246e-04
 75.00000000 +5.0000000000000000e+00 +1.9999631001941109e+00 +2.0596800300199682e-03 +9.9943735340603113e-01 +1.0000051411629538e+00 +9.9997601317122420e-01 +9.9999579499556290e-01 +1.0000022344827391e+00 +1.2197368461539621e-04 +5.6832797722750257e-05 +2.0327635652396750e-04 +5.3840370985683762e-05 +1.4753956388935884e-04
 75.50000000 +5.0000000000000000e+00 +1.9999667115841728e+00 +2.0268221098290349e-03 +9.9952170612261459e-01 +1.0000113562497221e+00 +9.9997928220060928e-01 +9.9999663805485273e-01 +1.0000016854565319e+00 +1.1187664356441072e-04 +2.3850038650417479e-05 +1.7817923608610625e-04 +4.4938952870209788e-05 +1.3048703966991895e-04
 76.00000000 +5.0000000000000000e+00 +1.9999703242208551e+00 +1.9939528473724658e-03 +9.9960608795701544e-01 +1.0000175734818839e+00 +9.9998255235843492e-01 +9.9999748140515932e-01 +1.0000011362408059e+00 +1.0177611710348244e-04 -9.1441057808367513e-06 +1.5307345234256295e-04 +3.6034462063335674e-05 +1.1342862906879921e-04
 76.50000000 +5.0000000000000000e+00 +1.9999739381048034e+00 +1.9610722367763714e-03 +9.9969049892431316e-01 +1.0000237928605500e+00 +9.9998582364528510e-01 +9.9999832504663300e-01 +1.0000005868354627e+00 +9.1672103427600508e-05 -4.2149641467219009e-05 +1.2795900080681769e-04 +2.7126896973787621e-05 +9.6364329037582514e-05
 77.00000000 +5.0000000000000000e+00 +1.9999717447788241e+00 +1.9464350622574308e-03 +9.9972773318939245e-01 +1.0000215544335112e+00 +9.9999249230615250e-01 +1.0000000115880587e+00 +9.9999535138647455e-01 +1.1796245524665898e-04 -5.5818276406181580e-05 +1.1112348648608105e-04 -2.9989098441273441e-06 +9.2588342206630046e-05
 77.50000000 +5.0000000000000000e+00 +1.9999695521607028e+00 +1.9318026116268276e-03 +9.9976495543777355e-01 +1.0000193167288851e+00 +9.9999915881482848e-01 +1.0000016975851835e+00 +9.9999011762713497e-01 +1.4424432232119504e-04 -6.9482500035770070e-05 +9.4293405528842169e-05 -3.3114994092479803e-05 +8.8813574008421718e-05
 78.00000000 +5.0000000000000000e+00 +1.9999673602500956e+00 +1.9171748825981027e-03 +9.9980216567527280e-01 +1.0000170797463221e+00 +1.0000058231723541e+00 +1.0000033830382704e+00 +9.9998488555662590e-01 +1.7051770875799695e-04 -8.3142314491147626e-05 +7.7468755305242881e-05 -6.3221360477190561e-05 +8.5040023853114537e-05
 78.50000000 +5.0000000000000000e+00 +1.9999651690466602e+00 +1.9025518728862743e-03 +9.9983936390770234e-01 +1.0000148434854723e+00 +1.0000124853797703e+00 +1.0000050679475827e+00 +9.9997965517412968e-01 +1.9678261866120329e-04 -9.6797721906099706e-05 +6.0649533187122019e-05 -9.3318013701143942e-05 +8.1267691151246118e-05
 79.00000000 +5.0000000000000000e+00 +1.9999629785500552e+00 +1.8879335802078347e-03 +9.9987655014087162e-01 +1.0000126079459872e+00 +1.0000191454381180e+00 +1.0000067523133838e+00 +9.9997442647883039e-01 +2.2303905613230471e-04 -1.1044872441303518e-04 +4.3835736548014016e-05 -1.2340495846419015e-04 +7.7496575313734469e-05
 79.50000000 +5.0000000000000000e+00 +1.9999607695986574e+00 +1.9013262941167453e-03 +9.9984156227244791e-01 +1.0000040575805129e+00 +1.0000158839627173e+00 +1.0000022966942366e+00 +9.9998542165807958e-01 +2.1180503008879988e-04 -1.1839815299475864e-04 +4.7885373674613326e-05 -8.6795551534082739e-05 +9.6281137145933833e-05
 80.00000000 +5.0000000000000000e+00 +1.9999585614047215e+00 +1.9147144155930705e-03 +9.9980658640155029e-01 +9.9999551014700472e-01 +1.0000126236056941e+00 +9.9999784260294533e-01 +9.9999641306702403e-01 +2.0057485625237106e-04 -1.2634485567528578e-04 +5.1933622159176973e-05 -5.0198698163658772e-05 +1.1505925765231398e-04
 80.50000000 +5.0000000000000000e+00 +1.9999563539678566e+00 +1.9280979469985565e-03 +9.9977162252200791e-01 +9.9998696564395428e-01 +1.0000093643664729e+00 +9.9999339003872367e-01 +1.0000074007076016e+00 +1.8934853264194448e-04 -1.3428883385646506e-04 +5.5980482715841538e-05 -1.3614391897001843e-05 +1.3383094014545404e-04
 81.00000000 +5.0000000000000000e+00 +1.9999541472876743e+00 +1.9414768906933356e-03 +9.9973667062765548e-01 +9.9997842406985482e-01 +1.0000061062444792e+00 +9.9998893900078634e-01 +1.0000183845817512e+00 +1.7812605727780467e-04 -1.4223008893918414e-04 +6.0025956058254092e-05 +2.2957373717378377e-05 +1.5259618793566216e-04
 81.50000000 +5.0000000000000000e+00 +1.9999519413637856e+00 +1.9548512490359196e-03 +9.9970173071233148e-01 +9.9996988542320064e-01 +1.0000028492391382e+00 +9.9998448948834895e-01 +1.0000293646914080e+00 +1.6690742818159312e-04 -1.5016862232337028e-04 +6.4070042899572486e-05 +5.9516605126549960e-05 +1.7135500433097754e-04
 82.00000000 +5.0000000000000000e+00 +1.9999555708147956e+00 +1.9335210272150723e-03 +9.9975549488860505e-01 +9.9998109305916383e-01 +9.9999993083987326e-01 +9.9998651239516534e-01 +1.0000219559471568e+00 +1.1471503192687251e-04 -1.3255991112552290e-04 +6.2348335973800911e-05 +4.9279702561978951e-05 +1.6122972121443061e-04
 82.50000000 +5.0000000000000000e+00 +1.9999592001250011e+00 +1.9121916329006658e-03 +9.9980925697909662e-01 +9.9999230026032671e-01 +9.9999701255382767e-01 +9.9998853522350339e-01 +1.0000145474903286e+00 +6.2524660477351332e-05 -1.1495188305802688e-04 +6.0626695841688691e-05 +3.9043197138275714e-05 +1.5110483090847247e-04
 83.00000000 +5.0000000000000000e+00 +1.9999628292944098e+00 +1.8908630660445461e-03 +9.9986301698392666e-01 +1.0000035070267141e+00 +9.9999409438099507e-01 +9.9999055797336711e-01 +1.0000071393209058e+00 +1.0336313715203248e-05 -9.7344538081129805e-05 +5.8905122499348968e-05 +2.8807088832330018e-05 +1.4098033339024482e-04
 83.50000000 +5.0000000000000000e+00 +1.9999664583230305e+00 +1.8695353265985632e-03 +9.9991677490321718e-01 +1.0000147133583519e+00 +9.9999117632136847e-01 +9.9999258064476115e-01 +9.9999973143887189e-01 -4.1850008477388842e-05 -7.9737876155082458e-05 +5.7183615942895251e-05 +1.8571377621033488e-05 +1.3085622863689129e-04
 84.00000000 +5.0000000000000000e+00 +1.9999700872108706e+00 +1.8482084145145701e-03 +9.9997053073708919e-01 +1.0000259192552647e+00 +9.9998825837494143e-01 +9.9999460323769007e-01 +9.9999232384421000e-01 -9.4034306218232874e-05 -6.2131897240138691e-05 +5.5462176168441304e-05 +8.3360634812795349e-06 +1.2073251662555714e-04
 84.50000000 +5.0000000000000000e+00 +1.9999690793178175e+00 +1.8678420921713751e-03 +9.9992276242999090e-01 +1.0000246012661131e+00 +9.9999880274124753e-01 +1.0000020191721959e+00 +9.9999213186490954e-01 -3.9882340674304368e-05 -6.1822988179137102e-05 +2.0076463165765546e-05 +2.3269816166344588e-05 +1.1804157564411997e-04
 85.00000000 +5.0000000000000000e+00 +1.9999680717326167e+00 +1.8874697728808875e-03 +9.9987500871333390e-01 +1.0000232836795313e+00 +1.0000093438868631e+00 +1.0000094328415645e+00 +9.9999193994424762e-01 +1.4253084591798566e-05 -6.1514173471897960e-05 -1.5298441558425018e-05 +3.8199007458006690e-05 +1.1535145658873843e-04
 85.50000000 +5.0000000000000000e+00 +1.9999670644551284e+00 +1.9070914593902651e-03 +9.9982726958043433e-01 +1.0000219664953336e+00 +1.0000198818132626e+00 +1.0000168442468340e+00 +9.9999174808219748e-01 +6.8371977157058976e-05 -6.1205453075198447e-05 -5.0662542955325479e-05 +5.3123639445807549e-05 +1.1266215908289410e-04
 86.00000000 +5.0000000000000000e+00 +1.9999660574852101e+00 +1.9267071544449893e-03 +9.9977954502461253e-01 +1.0000206497133364e+00 +1.0000304165219209e+00 +1.0000242533890413e+00 +9.9999155627873182e-01 +1.2247434459383263e-04 -6.0896826945842187e-05 -8.6015845973107276e-05 +6.8043714218012788e-05 +1.0997368275029845e-04
 86.50000000 +5.0000000000000000e+00 +1.9999650508227218e+00 +1.9463168607888649e-03 +9.9973183503919272e-01 +1.0000193333333554e+00 +1.0000409480143118e+00 +1.0000316602692225e+00 +9.9999136453382420e-01 +1.7656019446985152e-04 -6.0588295040659157e-05 -1.2135835555692040e-04 +8.2959233861612912e-05 +1.0728602721489272e-04
 87.00000000 +5.0000000000000000e+00 +1.9999695181084354e+00 +1.9665011297804592e-03 +9.9968117787330391e-01 +1.0000262358212577e+00 +1.0000328417240987e+00 +1.0000355066982287e+00 +9.9999627127420398e-01 +1.6051321205599431e-04 -4.1064232989766083e-05 -6.2982502644160792e-05 +5.6696024786182567e-05 +1.1480410203325757e-04
 87.50000000 +5.0000000000000000e+00 +1.9999739860842374e+00 +1.9866885167572454e-03 +9.9963051288209848e-01 +1.0000331393754285e+00 +1.0000247341816582e+00 +1.0000393537214163e+00 +1.0000011787725573e+00 +1.4446375076843771e-04 -2.1537154939810054e-05 -4.5976320629864489e-06 +3.0428758675195022e-05 +1.2232333821376868e-04
 88.00000000 +5.0000000000000000e+00 +1.9999784547502868e+00 +2.0068790224417599e-03 +9.9957984006376288e-01 +1.0000400439961150e+00 +1.0000166253867002e+00 +1.0000432013389218e+00 +1.0000060870290601e+00 +1.2841181003274754e-04 -2.0070601918878840e-06 +5.3796258276284052e-05 +4.1574345885057268e-06 +1.2984373602555068e-04
 88.50000000 +5.0000000000000000e+00 +1.9999829241067455e+00 +2.0270726475567634e-03 +9.9952915941648390e-01 +1.0000469496835649e+00 +1.0000085153389346e+00 +1.0000470495508842e+00 +1.0000109960438877e+00 +1.1235738927431231e-04 +1.7526051953119593e-05 +1.1219917046397792e-04 -2.2117948414320422e-05 +1.3736529573781146e-04
 89.00000000 +5.0000000000000000e+00 +1.9999873941537720e+00 +2.0472693928252385e-03 +9.9947847093844622e-01 +1.0000538564380248e+00 +1.0000004040380708e+00 +1.0000508983574405e+00 +1.0000159058172160e+00 +9.6300487918342728e-05 +3.7062182194547574e-05 +1.7061110659106823e-04 -4.8397391274009074e-05 +1.4488801761984197e-04
 89.50000000 +5.0000000000000000e+00 +1.9999843462715663e+00 +2.0171329173836855e-03 +9.9954810444465425e-01 +1.0000505970088287e+00 +9.9999766125728939e-01 +1.0000468823764417e+00 +1.0000187507840936e+00 +8.9539069251909015e-05 +3.6296595721685705e-05 +1.5135605964030472e-04 -5.2828966353115675e-05 +1.1364136294494053e-04
 90.00000000 +5.0000000000000000e+00 +1.9999812979775498e+00 +1.9869923700908620e-03 +9.9961774735930431e-01 +1.0000473371392387e+00 +9.9999491810592034e-01 +1.0000428658528284e+00 +1.0000215961353656e+00 +8.2776737025054561e-05 +3.5530905807588387e-05 +1.3209841106854098e-04 -5.7261140198811598e-05 +8.2390486418324160e-05
 90.50000000 +5.0000000000000000e+00 +1.9999782492716383e+00 +1.9568477501214683e-03 +9.9968739968430320e-01 +1.0000440768291659e+00 +9.9999217458388900e-01 +1.0000388487864911e+00 +1.0000244418711091e+00 +7.6013491052614998e-05 +3.4765112431289698e-05 +1.1283816034846930e-04 -6.1693912932457408e-05 +5.1135387184289978e-05
 91.00000000 +5.0000000000000000e+00 +1.9999752001537494e+00 +1.9266990566499810e-03 +9.9975706142155829e-01 +1.0000408160785210e+00 +9.9998943069112001e-01 +1.0000348311773197e+00 +1.0000272879914025e+00 +6.9249331149375988e-05 +3.3999215571818064e-05 +9.3575306952639587e-05 -6.6127284675446463e-05 +1.9876064386903745e-05
 91.50000000 +5.0000000000000000e+00 +1.9999721506238000e+00 +1.8965462888506544e-03 +9.9982673257297816e-01 +1.0000375548872147e+00 +9.9998668642753863e-01 +1.0000308130252042e+00 +1.0000301344963243e+00 +6.2484257130073113e-05 +3.3233215208196260e-05 +7.4309850353459112e-05 -7.0561255549204997e-05 -1.1387482830000043e-05
 92.00000000 +5.0000000000000000e+00 +1.9999691006817057e+00 +1.8663894458975177e-03 +9.9989641314047073e-01 +1.0000342932551576e+00 +9.9998394179306926e-01 +1.0000267943300345e+00 +1.0000329813859516e+00 +5.5718268809391837e-05 +3.2467111319441335e-05 +5.5041790023192478e-05 -7.4995825675191951e-05 -4.2655255322818380e-05
 92.50000000 +5.0000000000000000e+00 +1.9999660503273826e+00 +1.8362285269643785e-03 +9.9996610312594492e-01 +1.0000310311822600e+00 +9.9998119678763642e-01 +1.0000227750917001e+00 +1.0000358286603626e+00 +4.8951366001967543e-05 +3.1700903884564721e-05 +3.5771125433961720e-05 -7.9430995174899170e-05 -7.3927253948179744e-05
 93.00000000 +5.0000000000000000e+00 +1.9999629995607482e+00 +1.8060635312248210e-03 +1.0000358025313107e+00 +1.0000277686684331e+00 +9.9997845141116581e-01 +1.0000187553100919e+00 +1.0000386763196354e+00 +4.2183548522385552e-05 +3.0934592882572151e-05 +1.6497856057746135e-05 -8.3866764169851339e-05 -1.0520347956294419e-04
 93.50000000 +5.0000000000000000e+00 +1.9999599483817190e+00 +1.7758944578522057e-03 +1.0001055113584780e+00 +1.0000245057135877e+00 +9.9997570566358174e-01 +1.0000147349850987e+00 +1.0000415243638485e+00 +3.5414816185181029e-05 +3.0168178292463702e-05 -2.7780186336177022e-06 -8.8303132781606021e-05 -1.3648393302420340e-04
 94.00000000 +5.0000000000000000e+00 +1.9999568967902093e+00 +1.7457213060196681e-03 +1.0001752296093569e+00 +1.0000212423176333e+00 +9.9997295954480836e-01 +1.0000107141166106e+00 +1.0000443727930792e+00 +2.8645168804838947e-05 +2.9401660093233727e-05 -2.2056499168436071e-05 -9.2740101131753548e-05 -1.6776861518928078e-04
 94.50000000 +5.0000000000000000e+00 +1.9999502653638432e+00 +1.7718535360409760e-03 +1.0001124008355637e+00 +1.0000200697073938e+00 +9.9997229586135072e-01 +1.0000152731843195e+00 +1.0000397502699869e+00 +3.5019747909492169e-05 +1.5961674392063178e-05 -1.4413351930803461e-05 -7.2096948249378902e-05 -1.2426098554684198e-04
 95.00000000 +5.0000000000000000e+00 +1.9999436366201113e+00 +1.7979751947060996e-03 +1.0000495974780996e+00 +1.0000188975715145e+00 +9.9997163244637577e-01 +1.0000198304077343e+00 +1.0000351296168597e+00 +4.1391748284883238e-05 +2.5271256121139184e-06 -6.7732966004345774e-06 -5.1462146208922996e-05 -8.0770956187629049e-05
 95.50000000 +5.0000000000000000e+00 +1.9999370105573828e+00 +1.8240862884284388e-03 +9.9998681952154433e-01 +1.0000177259097067e+00 +9.9997096929971940e-01 +1.0000243857879729e+00 +1.0000305108325620e+00 +4.7761171495468304e-05 -1.0901989545070089e-05 +8.6366869846017420e-07 -3.0835689944120592e-05 -3.7298516433951621e-05
 96.00000000 +5.0000000000000000e+00 +1.9999303871740335e+00 +1.8501868236162078e-03 +9.9992406695049096e-01 +1.0000165547216837e+00 +9.9997030642121953e-01 +1.0000289393261541e+00 +1.0000258939159608e+00 +5.4128019104438342e-05 -2.4325674375277272e-05 +8.4975458401533365e-06 -1.0217574392803759e-05 +6.1563443832449234e-06
 96.50000000 +5.0000000000000000e+00 +1.9999237664684384e+00 +1.8762768066724390e-03 +9.9986133974954550e-01 +1.0000153840071577e+00 +9.9996964381071352e-01 +1.0000334910233950e+00 +1.0000212788659231e+00 +6.0492292673720358e-05 -3.7743932171631173e-05 +1.6128336697401959e-05 +1.0392205503102250e-05 +4.9593636924388506e-05
 97.00000000 +5.0000000000000000e+00 +1.9999171484389737e+00 +1.9023562439949876e-03 +9.9979863790332490e-01 +1.0000142137658419e+00 +9.9996898146803881e-01 +1.0000380408808112e+00 +1.0000166656813172e+00 +6.6853993763978651e-05 -5.1156766224593122e-05 +2.3756043141449144e-05 +3.0993654797583213e-05 +9.3013371841289068e-05
 97.50000000 +5.0000000000000000e+00 +1.9999105330840174e+00 +1.9284251419765396e-03 +9.9973596139646037e-01 +1.0000130439974493e+00 +9.9996831939303277e-01 +1.0000425888995181e+00 +1.0000120543610127e+00 +7.3213123934616129e-05 -6.4564179821964963e-05 +3.1380667042025573e-05 +5.1586778540540030e-05 +1.3641555977714730e-04
 98.00000000 +5.0000000000000000e+00 +1.9999039204019482e+00 +1.9544835070046136e-03 +9.9967331021359429e-01 +1.0000118747016935e+00 +9.9996765758553385e-01 +1.0000471350806308e+00 +1.0000074449038796e+00 +7.9569684743775607e-05 -7.7966176248891667e-05 +3.9002210267351006e-05 +7.2171581777792862e-05 +1.7980021136656320e-04
 98.50000000 +5.0000000000000000e+00 +1.9998973103911464e+00 +1.9805313454615676e-03 +9.9961068433938138e-01 +1.0000107058782874e+00 +9.9996699604537920e-01 +1.0000516794252619e+00 +1.0000028373087884e+00 +8.5923677748340953e-05 -9.1362758787864108e-05 +4.6620674684135814e-05 +9.2748069551085134e-05 +2.2316733723554469e-04
 99.00000000 +5.0000000000000000e+00 +1.9998907030499944e+00 +2.0065686637246055e-03 +9.9954808375848991e-01 +1.0000095375269460e+00 +9.9996633477240737e-01 +1.0000562219345244e+00 +9.9999823157461187e-01 +9.2275104503938536e-05 -1.0475393071872169e-04 +5.4236062157582542e-05 +1.1331624689808790e-04 +2.6651694800151676e-04
 99.50000000 +5.0000000000000000e+00 +1.9999300864620864e+00 +1.9891225068894899e-03 +9.9961301744001585e-01 +1.0000558100672445e+00 +9.9998694225021201e-01 +1.0000653779219943e+00 +9.9996543055855025e-01 +1.6922775120298942e-04 -1.9877279630754231e-04 +7.2235789281080084e-05 +1.7916337751920061e-04 +9.1567639751494672e-05
100.00000000 +5.0000000000000000e+00 +1.9999694998700923e+00 +1.9716630623936400e-03 +9.9967800057751899e-01 +1.0001021178504808e+00 +1.0000075654234601e+00 +1.0000745408830150e+00 +9.9993260455997923e-01 +2.4623900798285259e-04 -2.9286327026262996e-04 +9.0249225685629821e-05 +2.4506065983505689e-04 -8.3514916587247305e-05
