#PATCH_CHECK: SepMBpoisson v0.61 exact-bernoulli stratified-backward active
#discretizing the bath:
#     0 0.0000000000000000e+00 -6.3189999999999946e-01
#     1 5.0552502960343670e-03 -2.7561991631741245e-01
#     2 5.0552502960343670e-03 -2.5306107598991895e-01
#     3 5.0552502960343670e-03 -2.2890897275141478e-01
#     4 5.0552502960343670e-03 -2.0326252372014117e-01
#     5 5.0552502960343670e-03 -1.7620421537377490e-01
#     6 5.0552502960343670e-03 -1.4780420725879517e-01
#     7 5.0552502960343670e-03 -1.1812312887388349e-01
#     8 5.0552502960343670e-03 -8.7214060873365695e-02
#     9 5.0552502960343670e-03 -5.5123983263482501e-02
#sampling: jump_strength=1.2638125740085920e-02 jump_probability=1.2480396914593113e-02 log_scale=1.2558931178164597e-02 back_replicas=4 stratify_forward=0
#adaptive measurement: gap=2.7058308346366272e-02 period_steps=465 nmeas=91 nwf=200 tmax=1.0000000000000000e+02 forced_stride=0
  0.00000000 +5.0000000000000000e+00 +1.9999999999999998e+00 +1.8374661879283106e-03 +1.0000000000000000e+00 +1.0000000000000000e+00 +1.0000000000000000e+00 +1.0000000000000000e+00 +1.0000000000000000e+00 +0.0000000000000000e+00 +0.0000000000000000e+00 +0.0000000000000000e+00 +0.0000000000000000e+00 +0.0000000000000000e+00
  0.50000000 +5.0000000000000000e+00 +1.9999999998485876e+00 +1.8500409419392875e-03 +9.9996807572489022e-01 +9.9999999997819322e-01 +9.9999999997819322e-01 +9.9999999997819322e-01 +9.9999999997819322e-01 +6.4402631380553526e-06 +6.3932329005345298e-06 +6.3490820653108988e-06 +6.4092295799633816e-06 +6.3324455187048931e-06
  1.00000000 +5.0000000000000000e+00 +2.0000000005584342e+00 +1.8851350959170089e-03 +9.9987892873305972e-01 +9.9999999979814680e-01 +9.9999999980715426e-01 +9.9999999983335697e-01 +9.9999999980387877e-01 +2.4453350408178223e-05 +2.4353295489572906e-05 +2.4152710894915720e-05 +2.4178456797567526e-05 +2.3934315109499446e-05
  1.50000000 +5.0000000000000000e+00 +1.9999999955073995e+00 +1.9355151099013838e-03 +9.9975078976681642e-01 +9.9999999814148877e-01 +9.9999999804820905e-01 +9.9999999823112340e-01 +9.9999999814621343e-01 +5.0908938858644970e-05 +5.0265355422312581e-05 +4.9925784209505446e-05 +4.9381257716274191e-05 +4.8736211263890397e-05
  2.00000000 +5.0000000000000000e+00 +2.0000000005623244e+00 +1.9908490770939777e-03 +9.9960972879271281e-01 +9.9999999324345035e-01 +9.9999999313636234e-01 +9.9999999343839718e-01 +9.9999999317376043e-01 +8.0873870105866463e-05 +7.9451436929673996e-05 +7.8280832841039124e-05 +7.6587993173088303e-05 +7.5104144800169161e-05
  2.50000000 +5.0000000000000000e+00 +1.9999999894224496e+00 +2.0401140836057365e-03 +9.9948362781008038e-01 +9.9999998240966748e-01 +9.9999998225854891e-01 +9.9999998332640549e-01 +9.9999998273371116e-01 +1.0926730104619571e-04 +1.0638644716647923e-04 +1.0383085341633360e-04 +1.0015247395746771e-04 +9.6804546318444195e-05
  3.00000000 +5.0000000000000000e+00 +2.0000000266279514e+00 +2.0730929309844882e-03 +9.9939843605151713e-01 +9.9999996436980099e-01 +9.9999996447886985e-01 +9.9999996598789243e-01 +9.9999996571410443e-01 +1.3091528905249524e-04 +1.2574070948875480e-04 +1.2079183681871575e-04 +1.1488497968998935e-04 +1.0937042031952306e-04
  3.50000000 +5.0000000000000000e+00 +1.9999999982336709e+00 +2.0827891785608725e-03 +9.9937206799398393e-01 +9.9999993869618753e-01 +9.9999993866019421e-01 +9.9999994133390069e-01 +9.9999994152159644e-01 +1.4186378782300927e-04 +1.3397352354590041e-04 +1.2635428597201583e-04 +1.1711475806032066e-04 +1.0886523744701665e-04
  4.00000000 +5.0000000000000000e+00 +1.9999999745000074e+00 +2.0687314673849774e-03 +9.9940605065684052e-01 +9.9999990650754955e-01 +9.9999990699002117e-01 +9.9999990918104065e-01 +9.9999991113593412e-01 +1.4080037909801189e-04 +1.3052612223804470e-04 +1.1955055519772059e-04 +1.0737202111674118e-04 +9.6066550699927268e-05
  4.50000000 +5.0000000000000000e+00 +1.9999999355481355e+00 +2.0327557902236797e-03 +9.9949611740826549e-01 +9.9999986870368263e-01 +9.9999987282468916e-01 +9.9999987399369172e-01 +9.9999987598070250e-01 +1.2763544999427491e-04 +1.1431920133260190e-04 +1.0054125649695177e-04 +8.7523238585950823e-05 +7.4372049428907296e-05
  5.00000000 +5.0000000000000000e+00 +1.9999999593180189e+00 +1.9830118015759439e-03 +9.9962198384819934e-01 +9.9999983264326242e-01 +9.9999983595658593e-01 +9.9999983764987810e-01 +9.9999984254600205e-01 +1.0516375231085285e-04 +8.8839741832473347e-05 +7.5445475223943673e-05 +6.1597713340722686e-05 +4.7620682340375921e-05
  5.50000000 +5.0000000000000000e+00 +1.9999999286011390e+00 +1.9305077037144638e-03 +9.9975594557553982e-01 +9.9999979717279786e-01 +9.9999980304732983e-01 +9.9999980698286495e-01 +9.9999981248216840e-01 +7.6530149090370015e-05 +6.0570679191018068e-05 +4.8307941656679061e-05 +3.5618745000527811e-05 +2.3807470485130026e-05
  6.00000000 +5.0000000000000000e+00 +1.9999998876951735e+00 +1.8841485571470203e-03 +9.9987548604341170e-01 +9.9999977228806469e-01 +9.9999977166479403e-01 +9.9999978899630393e-01 +9.9999978619187613e-01 +4.6975771014861267e-05 +3.4161515843152902e-05 +2.2494453414942811e-05 +1.3679197422920992e-05 +8.0840537071881948e-06
  6.50000000 +5.0000000000000000e+00 +1.9999998925796294e+00 +1.8558054995651066e-03 +9.9995028182292334e-01 +9.9999975135292063e-01 +9.9999976091373388e-01 +9.9999977084081937e-01 +9.9999977828339315e-01 +2.2700683098008737e-05 +1.3580620157169731e-05 +8.6644003362384033e-06 +4.0697804492161765e-06 +1.6414928025423491e-06
  7.00000000 +5.0000000000000000e+00 +1.9999996927837753e+00 +1.8458944424824320e-03 +9.9997875360435706e-01 +9.9999973934998987e-01 +9.9999975365978377e-01 +9.9999975954193965e-01 +9.9999977862337086e-01 +6.9867451597933967e-06 +2.3145377747137253e-06 +1.3399468815447224e-06 +4.6717225596601689e-06 +6.9022318328391462e-06
  7.50000000 +5.0000000000000000e+00 +1.9999994620648740e+00 +1.8628447397215700e-03 +9.9993882971022086e-01 +9.9999973854679092e-01 +9.9999975254300522e-01 +9.9999975939990515e-01 +9.9999977492507619e-01 +3.6291500566805541e-06 +4.9956057882183849e-06 +9.0871832772394149e-06 +1.7353921465383704e-05 +2.7078870118264069e-05
  8.00000000 +5.0000000000000000e+00 +1.9999994825753020e+00 +1.8984183747622633e-03 +9.9985087877380707e-01 +9.9999974848036188e-01 +9.9999975496130367e-01 +9.9999975489576298e-01 +9.9999975685413922e-01 +1.2837159286798445e-05 +1.7205125197569490e-05 +2.8680628601813583e-05 +4.0605054473983736e-05 +5.0778212998289492e-05
  8.50000000 +5.0000000000000000e+00 +1.9999994449129472e+00 +1.9448727357033754e-03 +9.9973385827085304e-01 +9.9999974718064566e-01 +9.9999974438572536e-01 +9.9999975009056363e-01 +9.9999975767626070e-01 +3.2232600590587963e-05 +4.1422697465520896e-05 +5.2534317778094219e-05 +6.5099806305683971e-05 +7.5852967199746351e-05
  9.00000000 +5.0000000000000000e+00 +1.9999994933540226e+00 +1.9957075604760291e-03 +9.9960394454031409e-01 +9.9999974415163428e-01 +9.9999974457204410e-01 +9.9999975142621234e-01 +9.9999975294031163e-01 +5.7178944802389238e-05 +7.1096582371107608e-05 +8.1074865921309432e-05 +8.9446732424929080e-05 +9.8265244090869474e-05
  9.50000000 +5.0000000000000000e+00 +1.9999996263362481e+00 +2.0345699165483931e-03 +9.9950275552011125e-01 +9.9999973400397624e-01 +9.9999972839905882e-01 +9.9999971996811443e-01 +9.9999972664370551e-01 +8.4907579240750802e-05 +9.6032172661217875e-05 +1.0458432781092437e-04 +1.0606000465119647e-04 +1.0675142272372215e-04
 10.00000000 +5.0000000000000000e+00 +1.9999997058306971e+00 +2.0589564041143728e-03 +9.9943694250746529e-01 +9.9999969927052290e-01 +9.9999969695238056e-01 +9.9999966146624386e-01 +9.9999965538534041e-01 +1.1131326420292666e-04 +1.1537779118006497e-04 +1.1839948336548481e-04 +1.1516751650004701e-04 +1.0408645715376735e-04
 10.50000000 +5.0000000000000000e+00 +1.9999996640040587e+00 +2.0617668762439689e-03 +9.9942531763909381e-01 +9.9999968036750619e-01 +9.9999963159148575e-01 +9.9999962905539863e-01 +9.9999958673378631e-01 +1.2843143885576562e-04 +1.2726259459282818e-04 +1.2010840926619125e-04 +1.0773407810023889e-04 +9.2618178883577926e-05
 11.00000000 +5.0000000000000000e+00 +1.9999996482386868e+00 +2.0476133270950080e-03 +9.9945690515501684e-01 +9.9999961213981614e-01 +9.9999958796634181e-01 +9.9999955301383703e-01 +9.9999950527816728e-01 +1.3634005922229825e-04 +1.2606666870330888e-04 +1.1432884608935710e-04 +9.4281101874278613e-05 +7.3820013613816991e-05
 11.50000000 +5.0000000000000000e+00 +1.9999995486305742e+00 +2.0201014535086996e-03 +9.9952384669967775e-01 +9.9999954833691318e-01 +9.9999952492456301e-01 +9.9999947474866557e-01 +9.9999945143776825e-01 +1.3595577009463134e-04 +1.1908043712482892e-04 +9.5951244093131900e-05 +7.4566251303067498e-05 +5.2600348371058493e-05
 12.00000000 +5.0000000000000000e+00 +1.9999991109159383e+00 +1.9768959326620806e-03 +9.9963217957166950e-01 +9.9999946797552630e-01 +9.9999944264610285e-01 +9.9999935945112051e-01 +9.9999936279297752e-01 +1.2109993578894374e-04 +1.0174461808484022e-04 +6.7728727494476105e-05 +4.9544734789490469e-05 +3.0069464808698586e-05
 12.50000000 +5.0000000000000000e+00 +1.9999991936967196e+00 +1.9312401482931068e-03 +9.9974920342926665e-01 +9.9999942517773155e-01 +9.9999940460327363e-01 +9.9999935377480886e-01 +9.9999932882923104e-01 +9.8884541472522904e-05 +7.5804071533930073e-05 +4.4604267078555264e-05 +2.2689960018402257e-05 +1.1301242603455841e-05
 13.00000000 +5.0000000000000000e+00 +1.9999986874032747e+00 +1.8935240705198644e-03 +9.9984799555285075e-01 +9.9999934728272399e-01 +9.9999933127796592e-01 +9.9999923813941938e-01 +9.9999925381452004e-01 +6.9302381965578139e-05 +4.5239985924081930e-05 +2.5161703428719301e-05 +8.3901832901403143e-06 +6.7398187446567263e-06
 13.50000000 +5.0000000000000000e+00 +1.9999988782614517e+00 +1.8743075349176863e-03 +9.9990138523482586e-01 +9.9999925024932157e-01 +9.9999930671463289e-01 +9.9999925653193200e-01 +9.9999911149017318e-01 +4.5152457297540212e-05 +2.1070460688162036e-05 +1.2834957138242622e-05 +1.0751863679399359e-05 +1.1879926388473413e-05
 14.00000000 +5.0000000000000000e+00 +1.9999992667452615e+00 +1.8703356724248904e-03 +9.9991696140333686e-01 +9.9999928804768179e-01 +9.9999924294157427e-01 +9.9999915305928933e-01 +9.9999921822992188e-01 +2.6036958866831075e-05 +1.0448531494145792e-05 +9.1354290528497906e-06 +1.5785914301378370e-05 +2.4729620434421788e-05
 14.50000000 +5.0000000000000000e+00 +1.9999990758529829e+00 +1.8821110502242142e-03 +9.9989154620425014e-01 +9.9999921656081947e-01 +9.9999925431884329e-01 +9.9999912409745606e-01 +9.9999916506194786e-01 +1.0023127119494129e-05 +1.4608649400040144e-05 +1.1062694497088744e-05 +2.7324490567534628e-05 +4.8674753137196361e-05
 15.00000000 +5.0000000000000000e+00 +1.9999992314478197e+00 +1.9154610396621039e-03 +9.9981047523493960e-01 +9.9999932083866272e-01 +9.9999929697793932e-01 +9.9999919661257319e-01 +9.9999922390919971e-01 +1.3605465758926945e-05 +1.7785784289501805e-05 +3.8128927655803246e-05 +5.1416097608162916e-05 +7.1550138118761929e-05
 15.50000000 +5.0000000000000000e+00 +1.9999992332681455e+00 +1.9505901531586326e-03 +9.9972255880069449e-01 +9.9999934976375793e-01 +9.9999933823642573e-01 +9.9999920456234226e-01 +9.9999915860874133e-01 +2.0012686884689644e-05 +4.0829714056911566e-05 +5.6665295966362225e-05 +7.5473192995929067e-05 +8.7409170913281509e-05
 16.00000000 +5.0000000000000000e+00 +1.9999993212132148e+00 +1.9835557938907549e-03 +9.9963785648217629e-01 +9.9999941387302416e-01 +9.9999936645632659e-01 +9.9999922034534117e-01 +9.9999907985945669e-01 +3.6841712937977732e-05 +6.3161464445265559e-05 +7.8032115418883341e-05 +9.3417433896376853e-05 +9.3610195209759632e-05
 16.50000000 +5.0000000000000000e+00 +1.9999990247493680e+00 +2.0163584628122896e-03 +9.9955096599037963e-01 +9.9999923127948709e-01 +9.9999930477029442e-01 +9.9999918731245085e-01 +9.9999918744853267e-01 +6.2327275443066604e-05 +8.4568496250670230e-05 +1.0018523478011807e-04 +1.0205230616622814e-04 +1.0298981341985010e-04
 17.00000000 +5.0000000000000000e+00 +1.9999988218022613e+00 +2.0330915300664342e-03 +9.9950368738747719e-01 +9.9999929378228281e-01 +9.9999921739975262e-01 +9.9999902582538291e-01 +9.9999916342637551e-01 +8.8921230520281369e-05 +1.0435616345075349e-04 +1.0830953988802245e-04 +1.0745001257395480e-04 +9.0575426553323268e-05
 17.50000000 +5.0000000000000000e+00 +1.9999982286706204e+00 +2.0387157160089882e-03 +9.9948372452070078e-01 +9.9999934121906109e-01 +9.9999909334565318e-01 +9.9999919664837311e-01 +9.9999898341484339e-01 +1.0443685787306133e-04 +1.2414923409145821e-04 +1.1471834415129849e-04 +1.0267340571671311e-04 +7.3683000964860928e-05
 18.00000000 +5.0000000000000000e+00 +1.9999987384666551e+00 +2.0207398980274650e-03 +9.9952448539523031e-01 +9.9999932977346928e-01 +9.9999897186255227e-01 +9.9999917275807482e-01 +9.9999898712226920e-01 +1.2241391141538900e-04 +1.2799730839504526e-04 +1.0199353853534327e-04 +7.4353121852495323e-05 +5.2295203408200934e-05
 18.50000000 +5.0000000000000000e+00 +1.9999992781711935e+00 +1.9977631501190717e-03 +9.9957973655154908e-01 +9.9999940819327837e-01 +9.9999910408301340e-01 +9.9999901097991728e-01 +9.9999881584715633e-01 +1.2234195363105337e-04 +1.2101189151101220e-04 +8.4227880852816812e-05 +6.3027264876134892e-05 +3.3315483575311876e-05
 19.00000000 +5.0000000000000000e+00 +1.9999982211901628e+00 +1.9591919572196546e-03 +9.9967555727722801e-01 +9.9999918752041894e-01 +9.9999905678111289e-01 +9.9999870112617506e-01 +9.9999875310923314e-01 +1.1534059987702742e-04 +9.1592901543737694e-05 +6.9622810311080786e-05 +3.5967776754697438e-05 +1.6220133057986789e-05
 19.50000000 +5.0000000000000000e+00 +1.9999988408330589e+00 +1.9300655005916145e-03 +9.9975169354575621e-01 +9.9999893965412223e-01 +9.9999898784923147e-01 +9.9999883208121487e-01 +9.9999866532428250e-01 +1.0727818024715620e-04 +7.2490375863434173e-05 +3.9078175763428457e-05 +2.4105574538555759e-05 +9.9290501804249137e-06
 20.00000000 +5.0000000000000000e+00 +1.9999977513603955e+00 +1.9110134770902432e-03 +9.9980321362933378e-01 +9.9999896925487197e-01 +9.9999889322738589e-01 +9.9999877947055782e-01 +9.9999861882804286e-01 +9.3471172121587301e-05 +5.4595879044004886e-05 +2.1664501574622495e-05 +1.5258780012120995e-05 +1.6535348820407455e-05
 20.50000000 +5.0000000000000000e+00 +1.9999979625094229e+00 +1.9083452467474377e-03 +9.9981405651226585e-01 +9.9999899136668413e-01 +9.9999898122769282e-01 +9.9999882952682639e-01 +9.9999826856844654e-01 +6.4093370912072728e-05 +3.9636113543414062e-05 +2.0696802017801370e-05 +2.8652926831044979e-05 +3.7793545402630735e-05
 21.00000000 +5.0000000000000000e+00 +1.9999970269117480e+00 +1.9080527021082543e-03 +9.9981990849730251e-01 +9.9999888687781535e-01 +9.9999884067330647e-01 +9.9999878951729271e-01 +9.9999852764381192e-01 +5.3209433157237961e-05 +2.7214103400210676e-05 +1.8047661569825210e-05 +3.2179225073640916e-05 +5.4396419037937445e-05
 21.50000000 +5.0000000000000000e+00 +1.9999987455208845e+00 +1.9181947713393138e-03 +9.9979900232407914e-01 +9.9999939014861206e-01 +9.9999908482860689e-01 +9.9999869865007918e-01 +9.9999810154397650e-01 +4.0217119197638676e-05 +2.5877625151748578e-05 +1.6685269583167781e-05 +4.8296152892162777e-05 +7.4646253967337994e-05
 22.00000000 +5.0000000000000000e+00 +1.9999977499498756e+00 +1.9188794179706211e-03 +9.9980133057376830e-01 +9.9999914596760109e-01 +9.9999887574152635e-01 +9.9999884781382387e-01 +9.9999826682006987e-01 +1.6153065908387369e-05 +1.5149802454807667e-05 +4.3048275632725288e-05 +5.6972319035227899e-05 +7.2209622135281618e-05
 22.50000000 +5.0000000000000000e+00 +1.9999987952287404e+00 +1.9541580231582172e-03 +9.9971311105587979e-01 +9.9999918028372725e-01 +9.9999896255075305e-01 +9.9999850193627982e-01 +9.9999869933535523e-01 +1.3966430434079465e-05 +4.3488347977273699e-05 +5.6781369968363410e-05 +8.8143532972974049e-05 +8.9165175025218810e-05
 23.00000000 +5.0000000000000000e+00 +1.9999990215348273e+00 +1.9815162189103968e-03 +9.9964202202010322e-01 +9.9999926914179960e-01 +9.9999909050908231e-01 +9.9999831374232373e-01 +9.9999823881287564e-01 +3.7194989665964492e-05 +4.9280755990947377e-05 +7.9667248251908310e-05 +1.0223677747501068e-04 +9.4685958315067769e-05
 23.50000000 +5.0000000000000000e+00 +2.0000012610296340e+00 +1.9854026826134079e-03 +9.9963046382714071e-01 +9.9999892429702775e-01 +9.9999876589278025e-01 +9.9999895141188189e-01 +9.9999849130070950e-01 +5.0181399874897910e-05 +6.5427617190243800e-05 +8.8752183593802277e-05 +8.9423227689345840e-05 +8.0618711837409743e-05
 24.00000000 +5.0000000000000000e+00 +1.9999983465904043e+00 +2.0117331941327207e-03 +9.9955717741473238e-01 +9.9999866021342487e-01 +9.9999919151283467e-01 +9.9999870327281026e-01 +9.9999874486996843e-01 +7.6057652463530097e-05 +9.4027596085449852e-05 +1.1088000417271706e-04 +9.8324817033519185e-05 +6.8232497753789866e-05
 24.50000000 +5.0000000000000000e+00 +2.0000004288835895e+00 +1.9957512969894747e-03 +9.9959447643184784e-01 +9.9999930656816716e-01 +9.9999913156199527e-01 +9.9999865550914790e-01 +9.9999816963584787e-01 +7.7177005239634244e-05 +1.0249627719404032e-04 +9.2427750463248173e-05 +8.2306688319711932e-05 +5.5852474832290003e-05
 25.00000000 +5.0000000000000000e+00 +2.0000014808834026e+00 +1.9958491133505365e-03 +9.9959034881940712e-01 +9.9999900682662246e-01 +9.9999924655403682e-01 +9.9999878672816511e-01 +9.9999818036415600e-01 +1.1175882003851104e-04 +1.0655534456776118e-04 +9.7178799696696392e-05 +7.1996306352989248e-05 +2.6941439704942919e-05
 25.50000000 +5.0000000000000000e+00 +1.9999987687774761e+00 +1.9795743237346658e-03 +9.9962839096534417e-01 +9.9999933253860740e-01 +9.9999906179882792e-01 +9.9999796567186316e-01 +9.9999838839119459e-01 +1.1745360537702482e-04 +1.1143795299236311e-04 +7.4042316647292608e-05 +4.2480830499298204e-05 +3.1445851264797505e-05
 26.00000000 +5.0000000000000000e+00 +1.9999982359218265e+00 +1.9650924546557574e-03 +9.9966366516350735e-01 +9.9999950548173833e-01 +9.9999835899133271e-01 +9.9999836359951577e-01 +9.9999851146417573e-01 +1.3612992297759065e-04 +1.0403118132871007e-04 +6.0571790636687705e-05 +2.4206512761291728e-05 +1.6655891096737329e-05
 26.50000000 +5.0000000000000000e+00 +2.0000004033619994e+00 +1.9379226437175635e-03 +9.9973548712560845e-01 +9.9999904729538169e-01 +9.9999906077113532e-01 +9.9999822903724633e-01 +9.9999814213425087e-01 +1.0337786880200440e-04 +8.5512001322051495e-05 +4.4750912235517814e-05 +1.3877924952067005e-05 +2.2514911343840526e-05
 27.00000000 +5.0000000000000000e+00 +2.0000005171260757e+00 +1.9316527236360231e-03 +9.9975285175488793e-01 +9.9999965318127571e-01 +9.9999837570050998e-01 +9.9999841122060906e-01 +9.9999765003677754e-01 +9.5254528918754423e-05 +7.0482116488762437e-05 +3.3001475465559459e-05 +1.0209218394915691e-05 +4.4110778525165216e-05
 27.50000000 +5.0000000000000000e+00 +1.9999991859581612e+00 +1.9242364394441934e-03 +9.9977435164973671e-01 +1.0000001620051695e+00 +9.9999816565777166e-01 +9.9999876239095886e-01 +9.9999742623986665e-01 +7.7968534127549261e-05 +4.0243166864013988e-05 +1.4761429833716944e-05 +4.4583021106601686e-05 +5.3575971855854562e-05
 28.00000000 +5.0000000000000000e+00 +1.9999989572057475e+00 +1.9278767139235993e-03 +9.9976914333722988e-01 +9.9999915032645070e-01 +9.9999892618700204e-01 +9.9999825615779159e-01 +9.9999775199191043e-01 +6.8661908989217472e-05 +2.7630224926690505e-05 +3.0257642469060830e-05 +4.0544995472473262e-05 +6.9677184301595555e-05
 28.50000000 +5.0000000000000000e+00 +1.9999997459235652e+00 +1.9386944712100915e-03 +9.9974488155880847e-01 +9.9999880937060326e-01 +9.9999839606959029e-01 +9.9999741018240929e-01 +9.9999835894308231e-01 +4.1964005430316685e-05 +3.2262513167869035e-05 +5.3983111916418842e-05 +5.9094555188243083e-05 +7.4839745366619994e-05
 29.00000000 +5.0000000000000000e+00 +2.0000006228516574e+00 +1.9409379596232693e-03 +9.9974074231886145e-01 +9.9999914023757985e-01 +9.9999841281187707e-01 +9.9999811179186315e-01 +9.9999736574286624e-01 +2.5044535398394391e-05 +1.7911214352372229e-05 +4.8714767316069470e-05 +7.8690309232351172e-05 +9.5866339145822232e-05
 29.50000000 +5.0000000000000000e+00 +1.9999985774025102e+00 +1.9629841785460027e-03 +9.9968567958120147e-01 +9.9999858996603197e-01 +9.9999876948447930e-01 +9.9999827860165491e-01 +9.9999748723931470e-01 +4.2408934394800288e-05 +3.3964968225469108e-05 +5.7746094673341587e-05 +8.0884445009268401e-05 +1.0619061620957162e-04
 30.00000000 +5.0000000000000000e+00 +1.9999994360302653e+00 +1.9623559044439462e-03 +9.9968579066374486e-01 +9.9999892601556539e-01 +9.9999885026657809e-01 +9.9999847897902838e-01 +9.9999788384486088e-01 +4.3041013443831209e-05 +5.0868948972717771e-05 +6.5273741690919737e-05 +7.5276740065552435e-05 +8.5609777731113939e-05
 30.50000000 +5.0000000000000000e+00 +2.0000002947142073e+00 +1.9617275892297626e-03 +9.9968590175355743e-01 +9.9999926208708900e-01 +9.9999893105396320e-01 +9.9999867936951436e-01 +9.9999828047636008e-01 +4.3673133853973363e-05 +6.7774035859188630e-05 +7.2801881292211852e-05 +6.9668668172626275e-05 +6.5027592512322937e-05
 31.00000000 +5.0000000000000000e+00 +2.0000011534543392e+00 +1.9610992328994137e-03 +9.9968601285063929e-01 +9.9999959818060447e-01 +9.9999901184663464e-01 +9.9999887977311319e-01 +9.9999867713381363e-01 +4.4305295629286639e-05 +8.4680228993458211e-05 +8.0330513525568963e-05 +6.4060229294470828e-05 +4.4444060421005042e-05
 31.50000000 +5.0000000000000000e+00 +2.0000011261470565e+00 +1.9604119524948057e-03 +9.9968497633221742e-01 +9.9999952081406884e-01 +9.9999905100454212e-01 +9.9999846896146849e-01 +9.9999857211963805e-01 +5.7997859110033961e-05 +8.7498423201588243e-05 +7.8959492253528806e-05 +5.5875486064903343e-05 +3.9079593725164596e-05
 32.00000000 +5.0000000000000000e+00 +2.0000010988441139e+00 +1.9597247813103167e-03 +9.9968393997851535e-01 +9.9999944345982772e-01 +9.9999909015622701e-01 +9.9999805821510845e-01 +9.9999846712215112e-01 +7.1688246618074265e-05 +9.0316169552478930e-05 +7.7588688859234699e-05 +4.7692043525152392e-05 +3.3715979530985679e-05
 32.50000000 +5.0000000000000000e+00 +2.0000010715455097e+00 +1.9590377193199125e-03 +9.9968290378949365e-01 +9.9999936611787898e-01 +9.9999912930169044e-01 +9.9999764753401787e-01 +9.9999836214134885e-01 +8.5376458672062940e-05 +9.3133468152879572e-05 +7.6218103290754254e-05 +3.9509901365191196e-05 +2.8353217635269711e-05
 33.00000000 +5.0000000000000000e+00 +2.0000008155957714e+00 +1.9606502472644285e-03 +9.9967927737743967e-01 +9.9999973580338919e-01 +9.9999884665761418e-01 +9.9999805315059476e-01 +9.9999833959527673e-01 +8.4914373667702365e-05 +9.0991198106802132e-05 +6.6078520167759858e-05 +4.4492456346538100e-05 +3.9270907977255470e-05
 33.50000000 +5.0000000000000000e+00 +2.0000005597050410e+00 +1.9622624034538708e-03 +9.9967565180142548e-01 +1.0000001054036718e+00 +9.9999856407869936e-01 +9.9999845867366022e-01 +9.9999831705440256e-01 +8.4452395193244486e-05 +8.8849421943489401e-05 +5.5941274642378208e-05 +4.9473862640755715e-05 +5.0186081335399750e-05
 34.00000000 +5.0000000000000000e+00 +2.0000003038732967e+00 +1.9638741880167818e-03 +9.9967202706116121e-01 +1.0000004749187554e+00 +9.9999828156492299e-01 +9.9999886410324623e-01 +9.9999829451872435e-01 +8.3990523211854065e-05 +8.6708139492170064e-05 +4.5806365906331549e-05 +5.4454120645028829e-05 +6.1098738580007134e-05
 34.50000000 +5.0000000000000000e+00 +2.0000005517273882e+00 +1.9645461227126384e-03 +9.9967178583011107e-01 +1.0000000898217833e+00 +9.9999823156218948e-01 +9.9999819164954473e-01 +9.9999832643817099e-01 +8.0628587384315518e-05 +7.4219726809518862e-05 +4.9849171852724254e-05 +5.5143490723569117e-05 +7.3533767483078747e-05
 35.00000000 +5.0000000000000000e+00 +2.0000007995026494e+00 +1.9652178436961299e-03 +9.9967154467578545e-01 +9.9999970484729328e-01 +9.9999818157535991e-01 +9.9999751940972081e-01 +9.9999835834746564e-01 +7.7267720838152329e-05 +6.1735286132216476e-05 +5.3890691963418599e-05 +5.5832641544329512e-05 +8.5964841359793446e-05
 35.50000000 +5.0000000000000000e+00 +2.0000010471991168e+00 +1.9658893510691995e-03 +9.9967130359814849e-01 +9.9999931999522707e-01 +9.9999813160442630e-01 +9.9999684738367223e-01 +9.9999839024661308e-01 +7.3907923063309771e-05 +4.9254815565588431e-05 +5.7930926851767247e-05 +5.6521573211897520e-05 +9.8391962096726655e-05
 36.00000000 +5.0000000000000000e+00 +2.0000021323448207e+00 +1.9633988010838944e-03 +9.9967886998523736e-01 +9.9999952899838762e-01 +9.9999852172062664e-01 +9.9999714945869811e-01 +9.9999823901794016e-01 +6.5157827436912973e-05 +4.8931770184610881e-05 +6.4506166175458710e-05 +7.0308833463394307e-05 +7.8786239699936821e-05
 36.50000000 +5.0000000000000000e+00 +2.0000032175964146e+00 +1.9609080080695207e-03 +9.9968643711065808e-01 +9.9999973802194286e-01 +9.9999891187489487e-01 +9.9999745156320086e-01 +9.9999808777451016e-01 +5.6406877971963193e-05 +4.8608693280709201e-05 +7.1082047114175837e-05 +8.4097439082398578e-05 +5.9178604167296096e-05
 37.00000000 +5.0000000000000000e+00 +2.0000043029539127e+00 +1.9584169719905030e-03 +9.9969400497451821e-01 +9.9999994706589534e-01 +9.9999930206723597e-01 +9.9999775369718436e-01 +9.9999793651632130e-01 +4.7655074543477338e-05 +4.8285584849269114e-05 +7.7658569761836826e-05 +9.7887390265842300e-05 +3.9569055218763711e-05
 37.50000000 +5.0000000000000000e+00 +2.0000031950318138e+00 +1.9625037609063830e-03 +9.9968291690364097e-01 +9.9999936930634259e-01 +9.9999980066731098e-01 +9.9999792409851007e-01 +9.9999750512273633e-01 +5.6760430556395148e-05 +6.2136404873714703e-05 +8.4875903885907775e-05 +8.7968103793574764e-05 +3.0743058770472077e-05
 38.00000000 +5.0000000000000000e+00 +2.0000020871964974e+00 +1.9665902297060656e-03 +9.9967182970128687e-01 +9.9999879159204519e-01 +1.0000002992283308e+00 +9.9999809448648835e-01 +9.9999707376294256e-01 +6.5865073351184820e-05 +7.5986139970133629e-05 +9.2092672679691055e-05 +7.8049594294214220e-05 +2.1917753658209154e-05
 38.50000000 +5.0000000000000000e+00 +2.0000009794479543e+00 +1.9706763784271618e-03 +9.9966074336735400e-01 +9.9999821392299837e-01 +1.0000007977502998e+00 +9.9999826486112053e-01 +9.9999664243693542e-01 +7.4969003011642090e-05 +8.9834790265993697e-05 +9.9308876209607141e-05 +6.8131861676474329e-05 +1.3093139800750088e-05
 39.00000000 +5.0000000000000000e+00 +2.0000015152186736e+00 +1.9708157507735140e-03 +9.9965964662738405e-01 +9.9999846498916012e-01 +1.0000009074174745e+00 +9.9999871920013028e-01 +9.9999678890487387e-01 +8.4571367209214168e-05 +8.7956738375170491e-05 +8.2636670644661264e-05 +6.1728124789114076e-05 +2.8579939428651483e-05
 39.50000000 +5.0000000000000000e+00 +2.0000020509738823e+00 +1.9709551190850165e-03 +9.9965854991916459e-01 +9.9999871604805324e-01 +1.0000010170814739e+00 +9.9999917352598688e-01 +9.9999693536857215e-01 +9.4173453416964627e-05 +8.6078740854219021e-05 +6.5964947742459213e-05 +5.5324573290855734e-05 +4.4066290711481060e-05
 40.00000000 +5.0000000000000000e+00 +2.0000025867135816e+00 +1.9710944833618454e-03 +9.9965745324269495e-01 +9.9999896709967884e-01 +1.0000011267422992e+00 +9.9999962783869112e-01 +9.9999708182803049e-01 +1.0377526164696511e-04 +8.4200797700778371e-05 +4.9293707482041549e-05 +4.8921207173648891e-05 +5.9552193668708046e-05
 40.50000000 +5.0000000000000000e+00 +2.0000019663480288e+00 +1.9742184801318737e-03 +9.9964970528835961e-01 +9.9999926686802187e-01 +9.9999976643994815e-01 +9.9999936946620260e-01 +9.9999676898024348e-01 +1.0295253367071984e-04 +8.3458302570309071e-05 +4.9181006468699995e-05 +5.1508292282058957e-05 +6.8022755669177765e-05
 41.00000000 +5.0000000000000000e+00 +2.0000013458232084e+00 +1.9773432789300786e-03 +9.9964195534488043e-01 +9.9999956671332502e-01 +9.9999840578836452e-01 +9.9999911102738170e-01 +9.9999645605213883e-01 +1.0212959447433956e-04 +8.2715616817998476e-05 +4.9068276521465399e-05 +5.4096041576544628e-05 +7.6495492329195782e-05
 41.50000000 +5.0000000000000000e+00 +2.0000007251390590e+00 +1.9804688800653604e-03 +9.9963420341149212e-01 +9.9999986663561768e-01 +9.9999704478741425e-01 +9.9999885252220289e-01 +9.9999614304368512e-01 +1.0130644397647355e-04 +8.1972740370429278e-05 +4.8955517629193992e-05 +5.6684455312914902e-05 +8.4970404486324800e-05
 42.00000000 +5.0000000000000000e+00 +2.0000007213791395e+00 +1.9743596617232051e-03 +9.9964994752870540e-01 +9.9999961281370309e-01 +9.9999764449326589e-01 +9.9999863965214009e-01 +9.9999614274068271e-01 +9.1696128734891912e-05 +7.8596158238158597e-05 +4.4040912625101458e-05 +6.4920642822521214e-05 +7.8758902013368099e-05
 42.50000000 +5.0000000000000000e+00 +2.0000007176201833e+00 +1.9682520105025430e-03 +9.9966568760727681e-01 +9.9999935905689774e-01 +9.9999824404528248e-01 +9.9999842683668205e-01 +9.9999614243775781e-01 +8.2088278707471494e-05 +7.5220442258337606e-05 +3.9127568303260056e-05 +7.3154717605794107e-05 +7.2548992899575368e-05
 43.00000000 +5.0000000000000000e+00 +2.0000007138621916e+00 +1.9621459258004599e-03 +9.9968142364876023e-01 +9.9999910536517767e-01 +9.9999884344352319e-01 +9.9999821407580802e-01 +9.9999614213491061e-01 +7.2482892945778044e-05 +7.1845592097734179e-05 +3.4215484178651399e-05 +8.1386680475556297e-05 +6.6340676531938454e-05
 43.50000000 +5.0000000000000000e+00 +2.0000009773535345e+00 +1.9645545888696634e-03 +9.9967518875674777e-01 +9.9999922518150974e-01 +9.9999911802496921e-01 +9.9999781642717189e-01 +9.9999579360723356e-01 +6.0293590040921464e-05 +7.4700966420786943e-05 +4.9509127580472279e-05 +9.1658757956970919e-05 +5.6695565167674716e-05
 44.00000000 +5.0000000000000000e+00 +2.0000012408089822e+00 +1.9669629238009950e-03 +9.9966895471412975e-01 +9.9999934498151943e-01 +9.9999939256900838e-01 +9.9999741883270876e-01 +9.9999544512703764e-01 +4.8105947713657030e-05 +7.7555951749435785e-05 +6.4800687493045853e-05 +1.0192943604895179e-04 +4.7051767779766326e-05
 44.50000000 +5.0000000000000000e+00 +2.0000015042285404e+00 +1.9693709306615034e-03 +9.9966272152073188e-01 +9.9999946476520907e-01 +9.9999966707564825e-01 +9.9999702129240686e-01 +9.9999509669431241e-01 +3.5919965624671158e-05 +8.0410548163165668e-05 +8.0090164342101058e-05 +1.1219871503744258e-04 +3.7409284099722365e-05
 45.00000000 +5.0000000000000000e+00 +1.9999984797105601e+00 +1.9743755813974809e-03 +9.9965023442483525e-01 +9.9999923816800518e-01 +9.9999947631137309e-01 +9.9999686300758872e-01 +9.9999546313139620e-01 +4.5309423369722976e-05 +8.1794488783212564e-05 +9.6006511182361416e-05 +8.8186042441693415e-05 +4.7428503104131693e-05
 45.50000000 +5.0000000000000000e+00 +1.9999954557141333e+00 +1.9793793691230393e-03 +9.9963774948223472e-01 +9.9999901160987614e-01 +9.9999928557999396e-01 +9.9999670475006586e-01 +9.9999582950529109e-01 +5.4697261980833838e-05 +8.3178190754203159e-05 +1.1192011338090926e-04 +6.4177510631734927e-05 +5.7445994377505599e-05
 46.00000000 +5.0000000000000000e+00 +1.9999924322391245e+00 +1.9843822940613870e-03 +9.9962526669237317e-01 +9.9999878509081197e-01 +9.9999909488150196e-01 +9.9999654651983050e-01 +9.9999619581601318e-01 +6.4083481876776914e-05 +8.4561654137861668e-05 +1.2783097164761935e-04 +4.0173118536593332e-05 +6.7461758366704839e-05
 46.50000000 +5.0000000000000000e+00 +1.9999898328500949e+00 +1.9759848868793209e-03 +9.9964543583299159e-01 +9.9999954178887207e-01 +9.9999867025819977e-01 +9.9999674872689459e-01 +9.9999515215014700e-01 +7.7601572461087571e-05 +7.4935560336599874e-05 +1.0410126420811999e-04 +4.9582715777457109e-05 +5.8230112213359410e-05
 47.00000000 +5.0000000000000000e+00 +1.9999872339255540e+00 +1.9675889802431355e-03 +9.9966560136955440e-01 +1.0000002983517167e+00 +9.9999824571077389e-01 +9.9999695089782581e-01 +9.9999410867077498e-01 +9.1117247476556109e-05 +6.5311186637161060e-05 +8.0375797067320040e-05 +5.8990631602608372e-05 +4.9000115677367118e-05
 47.50000000 +5.0000000000000000e+00 +1.9999846354653776e+00 +1.9591945737506646e-03 +9.9968576330302794e-01 +1.0000010547793818e+00 +9.9999782123920455e-01 +9.9999715303263426e-01 +9.9999306537784716e-01 +1.0463050757058739e-04 +5.5688532578534909e-05 +5.6654569088762581e-05 +6.8396866462689060e-05 +3.9771768316608403e-05
 48.00000000 +5.0000000000000000e+00 +1.9999868852359375e+00 +1.9598237923467723e-03 +9.9968520683648432e-01 +1.0000001102944600e+00 +9.9999865758188100e-01 +9.9999921407579773e-01 +9.9999577670999951e-01 +9.8433337476418526e-05 +4.4526768938428894e-05 +5.0937177593850105e-05 +6.8225265747147369e-05 +5.8911919596059063e-05
 48.50000000 +5.0000000000000000e+00 +1.9999891354209767e+00 +1.9604531268650107e-03 +9.9968465026742159e-01 +9.9999916563553370e-01 +9.9999949407863853e-01 +1.0000012754986711e+00 +9.9999848854166573e-01 +9.2235025665899473e-05 +3.3362948945527785e-05 +4.5218732773104856e-05 +6.8053633417281754e-05 +7.8055597101727272e-05
 49.00000000 +5.0000000000000000e+00 +1.9999913860206096e+00 +1.9610825773374160e-03 +9.9968409359581167e-01 +9.9999822080255485e-01 +1.0000003307295193e+00 +1.0000033373013593e+00 +1.0000012008729839e+00 +8.6035571823490291e-05 +2.2197072031510579e-05 +3.9499234335415732e-05 +6.7881969464354873e-05 +9.7202801808167789e-05
 49.50000000 +5.0000000000000000e+00 +1.9999915088484579e+00 +1.9471073313440676e-03 +9.9971874378444259e-01 +9.9999823247049224e-01 +1.0000014863245994e+00 +1.0000021746452912e+00 +9.9999976604075302e-01 +6.4533545205587437e-05 +2.9581582253306089e-05 +3.5277372215667360e-05 +6.3659627060365460e-05 +8.6544572444436935e-05
 50.00000000 +5.0000000000000000e+00 +1.9999916316700479e+00 +1.9331327973101903e-03 +9.9975339220784287e-01 +9.9999824413783478e-01 +1.0000026418608086e+00 +1.0000010120484537e+00 +9.9999833128161886e-01 +4.3032613993912859e-05 +3.6965716276214233e-05 +3.1055725175834157e-05 +5.9437499760758967e-05 +7.5886886057004757e-05
 50.50000000 +5.0000000000000000e+00 +1.9999917544853818e+00 +1.9191589751813803e-03 +9.9978803886614764e-01 +9.9999825580458312e-01 +1.0000037973381508e+00 +9.9999984951084264e-01 +9.9999689659557556e-01 +2.1532778104761589e-05 +4.4349474128982093e-05 +2.6834293199480883e-05 +5.5215587549098295e-05 +6.5229742604379988e-05
 51.00000000 +5.0000000000000000e+00 +1.9999932522943629e+00 +1.9337069903327376e-03 +9.9975321571720155e-01 +9.9999993636622320e-01 +1.0000030317174839e+00 +9.9999929822524358e-01 +9.9999516336850569e-01 +5.7183653336041109e-05 +3.7761018575642543e-05 +4.9874092208778472e-05 +5.1518238006486864e-05 +5.3017604181606090e-05
 51.50000000 +5.0000000000000000e+00 +1.9999947498511688e+00 +1.9482525561417224e-03 +9.9971839843117338e-01 +1.0000016166449195e+00 +1.0000022662257191e+00 +9.9999874703246061e-01 +9.9999343043324640e-01 +9.2828526291517812e-05 +3.1173672272134582e-05 +7.2910012176476141e-05 +4.7821510959439718e-05 +4.0807521826810350e-05
 52.00000000 +5.0000000000000000e+00 +1.9999962471558630e+00 +1.9627956732268487e-03 +9.9968358700658211e-01 +1.0000032966407433e+00 +1.0000015008628234e+00 +9.9999819593246986e-01 +9.9999169778972419e-01 +1.2846739848690263e-04 +2.4587434938347406e-05 +9.5942054082120005e-05 +4.4125406250762579e-05 +2.8599495020788871e-05
 52.50000000 +5.0000000000000000e+00 +1.9999951232669493e+00 +1.9493687817389821e-03 +9.9971745385059585e-01 +1.0000031327468935e+00 +1.0000020073613960e+00 +9.9999935779424942e-01 +9.9999177767687109e-01 +9.8827926607311585e-05 +4.5310400083393435e-05 +8.3043553068365923e-05 +5.2005998160781827e-05 +7.0827047270215272e-06
 53.00000000 +5.0000000000000000e+00 +1.9999939996462559e+00 +1.9359450946346197e-03 +9.9975131261214623e-01 +1.0000029688921572e+00 +1.0000025137390911e+00 +1.0000005193787456e+00 +9.9999185754495246e-01 +6.9195528310974155e-05 +6.6028419606607502e-05 +7.0148130335531911e-05 +5.9884709334761296e-05 -1.4428950495240076e-05
 53.50000000 +5.0000000000000000e+00 +1.9999928762936878e+00 +1.9225246107667897e-03 +9.9978516329412659e-01 +1.0000028050765213e+00 +1.0000030199959513e+00 +1.0000016806860579e+00 +9.9999193739397529e-01 +3.9570201065982408e-05 +8.6741495278218193e-05 +5.7255784781782636e-05 +6.7761540445888905e-05 -3.5935472484035878e-05
 54.00000000 +5.0000000000000000e+00 +1.9999930291566521e+00 +1.9529392648123128e-03 +9.9970731134003421e-01 +1.0000035988794311e+00 +1.0000003925208525e+00 +1.0000005370640372e+00 +9.9999206725898915e-01 +4.9698895693114463e-05 +8.4259920333794791e-05 +6.8793564114016611e-05 +8.3780093568533714e-05 +9.5604546962869411e-06
 54.50000000 +5.0000000000000000e+00 +1.9999931819770069e+00 +1.9833454410948114e-03 +9.9962948108634997e-01 +1.0000043924610766e+00 +9.9999776577813437e-01 +9.9999939376078928e-01 +9.9999219708780462e-01 +5.9824767053781903e-05 +8.1779037102131782e-05 +8.0328127412332686e-05 +9.9794181688973640e-05 +5.5043700368260160e-05
 55.00000000 +5.0000000000000000e+00 +1.9999933347547711e+00 +2.0137431431584210e-03 +9.9955167252400268e-01 +1.0000051858215508e+00 +9.9999513976749110e-01 +9.9999825077618043e-01 +9.9999232688043660e-01 +6.9947816328253733e-05 +7.9298845294058096e-05 +9.1859476021196652e-05 +1.1580380667380675e-04 +1.0051426983339934e-04
 55.50000000 +5.0000000000000000e+00 +1.9999951036922210e+00 +2.0080100327060759e-03 +9.9956784698935264e-01 +1.0000031183547162e+00 +9.9999934538955015e-01 +9.9999550131797643e-01 +9.9999242783110387e-01 +8.0535914473959042e-05 +6.2671489151442601e-05 +1.0766744077704323e-04 +9.9043761749469160e-05 +9.1841506175714533e-05
 56.00000000 +5.0000000000000000e+00 +1.9999968723878299e+00 +2.0022777060595292e-03 +9.9958401924340068e-01 +1.0000010511705368e+00 +1.0000035504366354e+00 +9.9999275223566619e-01 +9.9999252876796996e-01 +9.1122565061172792e-05 +4.6046406228270836e-05 +1.2347324433705447e-04 +8.2286008185205448e-05 +8.3169928220363178e-05
 56.50000000 +5.0000000000000000e+00 +1.9999986408416466e+00 +1.9965461630580546e-03 +9.9960018928660010e-01 +9.9999898426895462e-01 +1.0000077549088642e+00 +9.9999000352917300e-01 +9.9999262969103719e-01 +1.0170776838673047e-04 +2.9423596058397700e-05 +1.3927688714440394e-04 +6.5530545511150674e-05 +7.4499535724205834e-05
 57.00000000 +5.0000000000000000e+00 +1.9999962692047517e+00 +1.9963894371358712e-03 +9.9959718970748668e-01 +9.9999790812501466e-01 +1.0000059214087151e+00 +9.9999413569807305e-01 +9.9999203163555295e-01 +1.0746941589096050e-04 +5.2337251887358787e-05 +1.1959682023012016e-04 +4.5719788082329179e-05 +8.7690160371545331e-05
 57.50000000 +5.0000000000000000e+00 +1.9999938973725444e+00 +1.9962326983067741e-03 +9.9959418988134818e-01 +9.9999683189245048e-01 +1.0000040877575711e+00 +9.9999826820727133e-01 +9.9999143353081710e-01 +1.1323153788650757e-04 +7.5252794734004399e-05 +9.9915132595224373e-05 +2.5907399170086153e-05 +1.0088187131179963e-04
 58.00000000 +5.0000000000000000e+00 +1.9999915253450011e+00 +1.9960759465691685e-03 +9.9959118980815320e-01 +9.9999575557125142e-01 +1.0000022539554132e+00 +1.0000024010568100e+00 +9.9999083537682321e-01 +1.1899413443198805e-04 +9.8170224831447625e-05 +8.0231824039500452e-05 +6.0933785728759589e-06 +1.1407466867916416e-04
 58.50000000 +5.0000000000000000e+00 +1.9999928894936689e+00 +1.9817415721351535e-03 +9.9962830569271810e-01 +9.9999783734868297e-01 +1.0000030603917440e+00 +1.0000012793043154e+00 +9.9999032818635025e-01 +9.3039417467337420e-05 +1.1358910217748511e-04 +6.2861582265377075e-05 +8.8086057891434048e-06 +1.0089037177833298e-04
 59.00000000 +5.0000000000000000e+00 +1.9999942533143824e+00 +1.9674106438199745e-03 +9.9966541265427400e-01 +9.9999991862563553e-01 +1.0000038666342002e+00 +1.0000001578215008e+00 +9.9998982111781043e-01 +6.7090940261488267e-05 +1.2900427267995500e-04 +4.5495516461237950e-05 +1.1523180239174026e-05 +8.7709244506850500e-05
 59.50000000 +5.0000000000000000e+00 +1.9999956168072601e+00 +1.9530831603810632e-03 +9.9970251069603855e-01 +1.0000019994022895e+00 +1.0000046726828511e+00 +9.9999903660826861e-01 +9.9998931417115999e-01 +4.1148700564565750e-05 +1.4441573767543685e-04 +2.8133625121350222e-05 +1.4237102158336274e-05 +7.4531285721840917e-05
 60.00000000 +5.0000000000000000e+00 +1.9999942894372909e+00 +1.9492707203116648e-03 +9.9971261734955164e-01 +1.0000013136558241e+00 +1.0000030607466226e+00 +9.9999866993685949e-01 +9.9998995028485915e-01 +4.7216082611272217e-05 +1.3387033689366270e-04 +3.1787833888321823e-05 +1.5222335581282981e-05 +6.6291447592858725e-05
 60.50000000 +5.0000000000000000e+00 +1.9999929621456296e+00 +1.9454585051566675e-03 +9.9972272340682400e-01 +1.0000006279498141e+00 +1.0000014489054898e+00 +9.9999830328708239e-01 +9.9999058636103089e-01 +5.3283106713571835e-05 +1.2332555823642240e-04 +3.5441827075727236e-05 +1.6207510880513318e-05 +5.8052095572044574e-05
 61.00000000 +5.0000000000000000e+00 +1.9999916349322704e+00 +1.9416465148961695e-03 +9.9973282886790893e-01 +9.9999994228425637e-01 +9.9999983715944496e-01 +9.9999793665893510e-01 +9.9999122239967897e-01 +5.9349772903139036e-05 +1.1278140164866443e-04 +3.9095604702643032e-05 +1.7192628061170648e-05 +4.9813229616382913e-05
 61.50000000 +5.0000000000000000e+00 +1.9999903077972043e+00 +1.9378347495102692e-03 +9.9974293373285827e-01 +9.9999925665914691e-01 +9.9999822550847906e-01 +9.9999757005241563e-01 +9.9999185840080573e-01 +6.5416081211644436e-05 +1.0223786707534358e-04 +4.2749166788143518e-05 +1.8177687128397694e-05 +4.1574849682863225e-05
 62.00000000 +5.0000000000000000e+00 +1.9999889807404265e+00 +1.9340232089790693e-03 +9.9975303800172521e-01 +9.9999857107448198e-01 +9.9999661395258410e-01 +9.9999720346752252e-01 +9.9999249436441529e-01 +7.1482031670754958e-05 +9.1694954461421255e-05 +4.6402513351300773e-05 +1.9162688087336608e-05 +3.3336955728480108e-05
 62.50000000 +5.0000000000000000e+00 +1.9999876537619286e+00 +1.9302118932826742e-03 +9.9976314167456271e-01 +9.9999788553025859e-01 +9.9999500249175122e-01 +9.9999683690425312e-01 +9.9999313029051073e-01 +7.7547624312133804e-05 +8.1152663751865372e-05 +5.0055644411184612e-05 +2.0147630943128915e-05 +2.5099547710233234e-05
 63.00000000 +5.0000000000000000e+00 +1.9999863268617035e+00 +1.9264008024011902e-03 +9.9977324475142304e-01 +9.9999720002647252e-01 +9.9999339112597219e-01 +9.9999647036260575e-01 +9.9999376617909497e-01 +8.3612859167440370e-05 +7.0610994891650227e-05 +5.3708559986862600e-05 +2.1132515700915531e-05 +1.6862625585127316e-05
 63.50000000 +5.0000000000000000e+00 +1.9999864377485910e+00 +1.9272508434389829e-03 +9.9976998074098877e-01 +9.9999783334503844e-01 +9.9999443899653340e-01 +9.9999866934211690e-01 +9.9999311952565773e-01 +7.7410436763753019e-05 +7.0379811574581124e-05 +5.5044777968259058e-05 +2.2612926103447266e-05 +2.0510099990830071e-05
 64.00000000 +5.0000000000000000e+00 +1.9999865486505672e+00 +1.9281010001398308e-03 +9.9976671628642844e-01 +9.9999846674977888e-01 +9.9999548700967600e-01 +1.0000008686208381e+00 +9.9999247278423198e-01 +7.1207170411252517e-05 +7.0148596800949839e-05 +5.6381177765647100e-05 +2.4093537941889175e-05 +2.4158070699669787e-05
 64.50000000 +5.0000000000000000e+00 +1.9999866595676346e+00 +1.9289512725273429e-03 +9.9976345138765155e-01 +9.9999910024071093e-01 +9.9999653516542875e-01 +1.0000030681988303e+00 +9.9999182595479952e-01 +6.5003059937675985e-05 +6.9917350564335592e-05 +5.7717759416138152e-05 +2.5574351257357418e-05 +2.7806537812949527e-05
 65.00000000 +5.0000000000000000e+00 +1.9999867704997960e+00 +1.9298016606251332e-03 +9.9976018604456696e-01 +9.9999973381785201e-01 +9.9999758346382106e-01 +1.0000052680761544e+00 +9.9999117903734247e-01 +5.8798105170713686e-05 +6.9686072858315880e-05 +5.9054522956853725e-05 +2.7055366090979330e-05 +3.1455501431999922e-05
 65.50000000 +5.0000000000000000e+00 +1.9999868814470549e+00 +1.9306521644568242e-03 +9.9975692025708429e-01 +1.0000003674812199e+00 +9.9999863190488181e-01 +1.0000074682528717e+00 +9.9999053203184296e-01 +5.2592305938008936e-05 +6.9454763676466427e-05 +6.0391468424925454e-05 +2.8536582483893454e-05 +3.5104961658179210e-05
 66.00000000 +5.0000000000000000e+00 +1.9999869924094140e+00 +1.9315027840460426e-03 +9.9975365402511251e-01 +1.0000010012308327e+00 +9.9999968048864007e-01 +1.0000096687290432e+00 +9.9998988493828278e-01 +4.6385662067158195e-05 +6.9223423012361248e-05 +6.1728595857495088e-05 +3.0018000477249523e-05 +3.8754918592873196e-05
 66.50000000 +5.0000000000000000e+00 +1.9999871033868768e+00 +1.9323535194164245e-03 +9.9975038734856148e-01 +1.0000016350667076e+00 +1.0000007292151256e+00 +1.0000118695047304e+00 +9.9998923775664472e-01 +4.0178173385710934e-05 +6.8992050859572582e-05 +6.3065905291714497e-05 +3.1499620112208488e-05 +4.2405372337495286e-05
 67.00000000 +5.0000000000000000e+00 +1.9999882969037641e+00 +1.9413222463025410e-03 +9.9972903419059345e-01 +1.0000002218056459e+00 +1.0000016302626482e+00 +1.0000088371601439e+00 +9.9998863368535995e-01 +4.6932495220325817e-05 +6.0566489577674891e-05 +8.4436812425854946e-05 +3.4002490812383382e-05 +4.5704617981725134e-05
 67.50000000 +5.0000000000000000e+00 +1.9999894898254480e+00 +1.9502865005135157e-03 +9.9970769168137608e-01 +9.9999880924937257e-01 +1.0000025308608207e+00 +1.0000058063277775e+00 +9.9998802991532354e-01 +5.3683448696449103e-05 +5.2145130095985277e-05 +1.0579706195760679e-04 +3.6504113339020984e-05 +4.9002218302804296e-05
 68.00000000 +5.0000000000000000e+00 +1.9999906821523747e+00 +1.9592462853942785e-03 +9.9968635981294618e-01 +9.9999739739736104e-01 +1.0000034310099806e+00 +1.0000027770065010e+00 +9.9998742644631056e-01 +6.0431036333136970e-05 +4.3727969272151009e-05 +1.2714666185735049e-04 +3.9004488625578734e-05 +5.2298174531202011e-05
 68.50000000 +5.0000000000000000e+00 +1.9999918738849876e+00 +1.9682016042864236e-03 +9.9966503857734734e-01 +9.9999598624908470e-01 +1.0000043307104622e+00 +9.9999974919518397e-01 +9.9998682327809518e-01 +6.7175260646934259e-05 +3.5315003966951926e-05 +1.4848562008752081e-04 +4.1503617604583454e-05 +5.5592487896160795e-05
 69.00000000 +5.0000000000000000e+00 +1.9999930650237319e+00 +1.9771524605282139e-03 +9.9964372796663192e-01 +9.9999457580401696e-01 +1.0000052299626014e+00 +9.9999672289269792e-01 +9.9998622041045304e-01 +7.3916124151877786e-05 +2.6906231044296548e-05 +1.6981394460261682e-04 +4.4001501207632615e-05 +5.8885159625698086e-05
 69.50000000 +5.0000000000000000e+00 +1.9999942555690509e+00 +1.9860988574545886e-03 +9.9962242797286005e-01 +9.9999316606163324e-01 +1.0000061287667334e+00 +9.9999369809791538e-01 +9.9998561784315976e-01 +8.0653629359499373e-05 +1.8501647371218255e-05 +1.9113164334921178e-04 +4.6498140365395428e-05 +6.2176190946607710e-05
 70.00000000 +5.0000000000000000e+00 +1.9999954455213877e+00 +1.9950407983971622e-03 +9.9960113858809962e-01 +9.9999175702140775e-01 +1.0000070271231929e+00 +9.9999067480971005e-01 +9.9998501557599040e-01 +8.7387778778828909e-05 +1.0101249817871261e-05 +2.1243872426596281e-04 +4.8993536007613982e-05 +6.5465583084461435e-05
 70.50000000 +5.0000000000000000e+00 +1.9999905707316257e+00 +1.9798194580142796e-03 +9.9963713875220084e-01 +9.9999329633090628e-01 +1.0000079940960298e+00 +9.9999082854687504e-01 +9.9998675751454635e-01 +7.9026399582087184e-05 +1.9889724327746591e-05 +1.9691450383077177e-04 +3.5158866622016056e-05 +5.2995254549137882e-05
 71.00000000 +5.0000000000000000e+00 +1.9999856952597603e+00 +1.9645959877922507e-03 +9.9967314395360840e-01 +9.9999483585579163e-01 +1.0000089612041696e+00 +9.9999098230555161e-01 +9.9998849969684200e-01 +7.0663850423156006e-05 +2.9679568485475387e-05 +1.8138811117608162e-04 +2.1322261426582951e-05 +4.0523181108753453e-05
 71.50000000 +5.0000000000000000e+00 +1.9999808191056496e+00 +1.9493703872840210e-03 +9.9970915419338024e-01 +9.9999637559610965e-01 +1.0000099284476414e+00 +9.9999113608574441e-01 +9.9999024212292886e-01 +6.2300131056458583e-05 +3.9470782578548805e-05 +1.6585954584594041e-04 +7.4837200149852941e-06 +2.8049362397049956e-05
 72.00000000 +5.0000000000000000e+00 +1.9999759422691499e+00 +1.9341426560424077e-03 +9.9974516947257319e-01 +9.9999791555190509e-01 +1.0000108958264728e+00 +9.9999128988745778e-01 +9.9999198479285800e-01 +5.3935241236349308e-05 +4.9263366894538438e-05 +1.5032880738426825e-04 -6.3567580192200517e-06 +1.5573798047666682e-05
 72.50000000 +5.0000000000000000e+00 +1.9999710647501172e+00 +1.9189127936201046e-03 +9.9978118979224584e-01 +9.9999945572322335e-01 +1.0000118633406931e+00 +9.9999144371069604e-01 +9.9999372770668060e-01 +4.5569180717113898e-05 +5.9057321721096413e-05 +1.3479589533485777e-04 -2.0199173082589972e-05 +3.0964876941403732e-06
 73.00000000 +5.0000000000000000e+00 +1.9999661865484093e+00 +1.9036807995696798e-03 +9.9981721515345645e-01 +1.0000009961101100e+00 +1.0000128309903302e+00 +9.9999159755546452e-01 +9.9999547086444818e-01 +3.7201949252969271e-05 +6.8852647345955334e-05 +1.1926080924137387e-04 -3.4043525581795153e-05 -9.3825690300947985e-06
 73.50000000 +5.0000000000000000e+00 +1.9999613076638818e+00 +1.8884466734435759e-03 +9.9985324555726318e-01 +1.0000025367126097e+00 +1.0000137987754125e+00 +9.9999175142176666e-01 +9.9999721426621135e-01 +2.8833546598063483e-05 +7.8649344056928400e-05 +1.0372354864735365e-04 -4.7889815923620160e-05 -2.1863372491707306e-05
 74.00000000 +5.0000000000000000e+00 +1.9999619930936570e+00 +1.8954273066059547e-03 +9.9983779007955165e-01 +1.0000008629873740e+00 +1.0000144889307849e+00 +9.9999389555172991e-01 +9.9999545332570050e-01 +2.7896309931914438e-05 +9.1210452215554014e-05 +7.8745851850382963e-05 -3.2350930331240383e-05 -7.9925720270688339e-06
 74.50000000 +5.0000000000000000e+00 +1.9999626784790356e+00 +1.9024074876189834e-03 +9.9982233560292200e-01 +9.9999918937054899e-01 +1.0000151790414546e+00 +9.9999603954281380e-01 +9.9999369249924919e-01 +2.6959133972429058e-05 +1.0377074676647970e-04 +5.3769772907998372e-05 -1.6813051223066204e-05 +5.8773299985211305e-06
 75.00000000 +5.0000000000000000e+00 +1.9999633638200223e+00 +1.9093872165265907e-03 +9.9980688212727686e-01 +9.9999751586212382e-01 +1.0000158691074261e+00 +9.9999818339503155e-01 +9.9999193178684631e-01 +2.6022018713709404e-05 +1.1633022778875137e-04 +2.8795311663017495e-05 -1.2761785013128266e-06 +1.9746333672350265e-05
 75.50000000 +5.0000000000000000e+00 +1.9999640491166204e+00 +1.9163664933726993e-03 +9.9979142965251910e-01 +9.9999584246208795e-01 +1.0000165591287036e+00 +1.0000003271083970e+00 +9.9999017118848110e-01 +2.5084964149858292e-05 +1.2888889536140469e-04 +3.8224679582783649e-06 +1.4259687931791851e-05 +3.3614439081694913e-05
 76.00000000 +5.0000000000000000e+00 +1.9999647343688349e+00 +1.9233453182012253e-03 +9.9977597817855079e-01 +9.9999416917043105e-01 +1.0000172491052910e+00 +1.0000024706829229e+00 +9.9998841070414179e-01 +2.4147970274979293e-05 +1.4144674956346499e-04 -2.1148758363360673e-05 +2.9794548174007275e-05 +4.7481646313820159e-05
 76.50000000 +5.0000000000000000e+00 +1.9999654195766705e+00 +1.9303236910560813e-03 +9.9976052770527557e-01 +9.9999249598714279e-01 +1.0000179390371933e+00 +1.0000046141186238e+00 +9.9998665033381806e-01 +2.3211037083176772e-05 +1.5400379047394755e-04 -4.6118367459020868e-05 +4.5328402323080230e-05 +6.1347955455979750e-05
 77.00000000 +5.0000000000000000e+00 +1.9999661047401303e+00 +1.9373016119811725e-03 +9.9974507823259562e-01 +9.9999082291221186e-01 +1.0000186289244144e+00 +1.0000067574155123e+00 +9.9998489007749847e-01 +2.2274164568555828e-05 +1.6656001817185728e-04 -7.1086359485803162e-05 +6.0861250476744840e-05 +7.5213366595416119e-05
 77.50000000 +5.0000000000000000e+00 +1.9999665804172853e+00 +1.9381671436218017e-03 +9.9974257858204663e-01 +9.9999416416892151e-01 +1.0000120439341103e+00 +1.0000033399795016e+00 +9.9998069887216878e-01 +2.7216512318877129e-05 +1.4694216984361216e-04 -5.6950860223237418e-05 +6.0948967703546764e-05 +8.9017676716800223e-05
 78.00000000 +5.0000000000000000e+00 +1.9999670559985909e+00 +1.9390325008558256e-03 +9.9974007943518306e-01 +9.9999750475236049e-01 +1.0000054602706974e+00 +9.9999992323211262e-01 +9.9997650851137709e-01 +3.2157864174818805e-05 +1.2732827455669027e-04 -4.2818209296114682e-05 +6.1036667255126806e-05 +1.0281920523811104e-04
 78.50000000 +5.0000000000000000e+00 +1.9999675314840752e+00 +1.9398976837359527e-03 +9.9973758079185249e-01 +1.0000008446627320e+00 +9.9999887793377362e-01 +9.9999650717313626e-01 +9.9997231899486738e-01 +3.7098220437363028e-05 +1.0771833111639160e-04 -2.8688405843602510e-05 +6.1124349136826796e-05 +1.1661795300001205e-04
 79.00000000 +5.0000000000000000e+00 +1.9999680068737671e+00 +1.9407626923148721e-03 +9.9973508265190247e-01 +1.0000041839002394e+00 +9.9999229692293845e-01 +9.9999309180236484e-01 +9.9996813032238441e-01 +4.2037581407370657e-05 +8.8112338328497596e-05 -1.4561449005215338e-05 +6.1212013353986451e-05 +1.3041392084282789e-04
 79.50000000 +5.0000000000000000e+00 +1.9999684821676962e+00 +1.9416275266452511e-03 +9.9973258501518159e-01 +1.0000075224650860e+00 +9.9998571723779162e-01 +9.9998967711959075e-01 +9.9996394249367404e-01 +4.6975947385581426e-05 +6.8510294999270881e-05 -4.3733792081423472e-07 +6.1299659911943352e-05 +1.4420710960654491e-04
 80.00000000 +5.0000000000000000e+00 +1.9999689573658914e+00 +1.9424921867797356e-03 +9.9973008788153772e-01 +1.0000108603574758e+00 +9.9997913887793244e-01 +9.9998626312460592e-01 +9.9995975550848082e-01 +5.1913318672613846e-05 +4.8912199935454865e-05 +1.3683928269393182e-05 +6.1387288816032871e-05 +1.5799752013081084e-04
 80.50000000 +5.0000000000000000e+00 +1.9999694324683803e+00 +1.9433566727709499e-03 +9.9972759125081812e-01 +1.0000141975776107e+00 +9.9997256184296002e-01 +9.9998284981720220e-01 +9.9995556936654950e-01 +5.6849695568965351e-05 +2.9318051944273623e-05 +2.7802350424853017e-05 +6.1474900071588267e-05 +1.7178515325493525e-04
 81.00000000 +5.0000000000000000e+00 +1.9999728773996479e+00 +1.9490968941189557e-03 +9.9971628658124823e-01 +1.0000107896607917e+00 +9.9997451842398410e-01 +9.9998773723709278e-01 +9.9996410977250283e-01 +5.3845554045656403e-05 +3.4837581559309483e-05 +2.1489965806695748e-05 +8.4352471626723455e-05 +1.5203275691573758e-04
 81.50000000 +5.0000000000000000e+00 +1.9999763221410447e+00 +1.9548367990895165e-03 +9.9970498253474505e-01 +1.0000073819318025e+00 +9.9997647489716912e-01 +9.9999262438760905e-01 +9.9997264970774402e-01 +5.0841578098299926e-05 +4.0356806960523818e-05 +1.5177929101274080e-05 +1.0722878226399871e-04 +1.3228144924756684e-04
 82.00000000 +5.0000000000000000e+00 +1.9999797666925874e+00 +1.9605763877087895e-03 +9.9969367911125762e-01 +1.0000039743906288e+00 +9.9997843126252484e-01 +9.9999751126877290e-01 +9.9998118917231227e-01 +4.7837767713207489e-05 +4.5875728173066472e-05 +8.8662402798255243e-06 +1.3010383208765614e-04 +1.1253123016042103e-04
 82.50000000 +5.0000000000000000e+00 +1.9999832110542899e+00 +1.9663156600029253e-03 +9.9968237631073398e-01 +1.0000005670372540e+00 +9.9998038752005913e-01 +1.0000023978806067e+00 +9.9998972816624587e-01 +4.4834122876692184e-05 +5.1394345222084483e-05 +2.5548993135907608e-06 +1.5297762120192621e-04 +9.2782099564307842e-05
 83.00000000 +5.0000000000000000e+00 +1.9999866552261705e+00 +1.9720546159980759e-03 +9.9967107413312295e-01 +9.9999715987166349e-01 +9.9998234366978223e-01 +1.0000072842231333e+00 +9.9999826668958436e-01 +4.1830643575068615e-05 +5.6912658132722175e-05 -3.7560938261863678e-06 +1.7585014971102813e-04 +7.3034057369244981e-05
 83.50000000 +5.0000000000000000e+00 +1.9999900992082420e+00 +1.9777932557203852e-03 +9.9965977257837280e-01 +9.9999375289384096e-01 +9.9998429971170144e-01 +1.0000121702963736e+00 +1.0000068047423660e+00 +3.8827329794652863e-05 +6.2430666930121017e-05 -1.0066739168258827e-05 +1.9872141771916938e-04 +5.3287103485260095e-05
 84.00000000 +5.0000000000000000e+00 +1.9999935430005225e+00 +1.9835315791959999e-03 +9.9964847164643222e-01 +9.9999034610377135e-01 +9.9998625564582710e-01 +1.0000170561003512e+00 +1.0000153423246305e+00 +3.5824181521762561e-05 +6.7948371639419821e-05 -1.6377036741376450e-05 +2.2159142533054613e-04 +3.3541237822390703e-05
 84.50000000 +5.0000000000000000e+00 +1.9999813397029538e+00 +1.9620129654934265e-03 +9.9970022423429228e-01 +9.9999668733031866e-01 +9.9998942812028857e-01 +1.0000095268348801e+00 +1.0000083740112076e+00 +2.9767078165917090e-05 +5.1765510507974107e-05 -1.7648146965102514e-05 +2.0118352787112294e-04 +3.0691500040458660e-05
 85.00000000 +5.0000000000000000e+00 +1.9999691348238047e+00 +1.9404915629203652e-03 +9.9975198352942718e-01 +1.0000030293787054e+00 +9.9999260100591136e-01 +1.0000019965935951e+00 +1.0000014047946721e+00 +2.3709189793107902e-05 +3.5580552033992955e-05 -1.8919421928148632e-05 +1.8077298549303838e-04 +2.7841392924808904e-05
 85.50000000 +5.0000000000000000e+00 +1.9999569283627674e+00 +1.9189673709346128e-03 +9.9980374953314144e-01 +1.0000093722490926e+00 +9.9999577430277520e-01 +9.9999446537630765e-01 +9.9999443467484905e-01 +1.7650516250714638e-05 +1.9393495809718100e-05 -2.0190861662542883e-05 +1.6035979768207629e-04 +2.4990916403636819e-05
 86.00000000 +5.0000000000000000e+00 +1.9999447203195351e+00 +1.8974403889938261e-03 +9.9985552224673935e-01 +1.0000157159416392e+00 +9.9999894801096034e-01 +9.9998693318282750e-01 +9.9998746365156255e-01 +1.1591057386077355e-05 +3.2043414272855077e-06 -2.1462466200321622e-05 +1.3994396392388712e-04 +2.2140070405119162e-05
 86.50000000 +5.0000000000000000e+00 +1.9999325106938000e+00 +1.8759106165555212e-03 +9.9990730167152564e-01 +1.0000220604565055e+00 +1.0000021221305468e+00 +9.9997940001296493e-01 +9.9998049172463677e-01 +5.5308130464965491e-06 -1.2986911521274592e-05 -2.2734235573529538e-05 +1.1952548370398806e-04 +1.9288854857414080e-05
 87.00000000 +5.0000000000000000e+00 +1.9999202994852538e+00 +1.8543780530770738e-03 +9.9995908780880527e-01 +1.0000284057938515e+00 +1.0000052966616144e+00 +9.9997186586653020e-01 +9.9997351889389652e-01 -5.3021692076689060e-07 -2.9180263444037722e-05 -2.4006169814219615e-05 +9.9104356507762742e-05 +1.6437269688661081e-05
 87.50000000 +5.0000000000000000e+00 +1.9999080866935888e+00 +1.8328426980157169e-03 +1.0000108806598833e+00 +1.0000347519538364e+00 +1.0000084716042428e+00 +9.9996433074333291e-01 +9.9996654515916528e-01 -6.5920326684916731e-06 -4.5375714749185244e-05 -2.5278268954453134e-05 +7.8680581820461451e-05 +1.3585314826981038e-05
 88.00000000 +5.0000000000000000e+00 +1.9999095953139909e+00 +1.8711824039597199e-03 +9.9991251369078771e-01 +1.0000245878198737e+00 +1.0000101405736646e+00 +9.9996934173903340e-01 +9.9996479911213920e-01 +2.5182460995262719e-05 -3.0250813399633161e-05 -2.4236727196915707e-06 +7.4698405566862627e-05 +5.1410684364656983e-05
 88.50000000 +5.0000000000000000e+00 +1.9999111029450383e+00 +1.9094969666905116e-03 +9.9981421123083780e-01 +1.0000144303515590e+00 +1.0000118084485750e+00 +9.9997434944851848e-01 +9.9996305421017229e-01 +5.6936116917850420e-05 -1.5135830973820000e-05 +2.0415935450559862e-05 +7.0718840827987866e-05 +8.9211247991393747e-05
 89.00000000 +5.0000000000000000e+00 +1.9999126095877040e+00 +1.9477864109333966e-03 +9.9971597321659700e-01 +1.0000042795423378e+00 +1.0000134752300498e+00 +9.9997935387501979e-01 +9.9996131045213876e-01 +8.8668955590666043e-05 -3.0757717685629359e-08 +4.3240570295247278e-05 +6.6741885035728722e-05 +1.2698703010080031e-04
 89.50000000 +5.0000000000000000e+00 +1.9999141152429589e+00 +1.9860507613812719e-03 +9.9961779958471053e-01 +9.9999413538566284e-01 +1.0000151409191640e+00 +9.9998435502176430e-01 +9.9995956783691331e-01 +1.2038099747824521e-04 +1.5064416110045023e-05 +6.6050246533997826e-05 +6.2767535625342911e-05 +1.6473805505451183e-04
 90.00000000 +5.0000000000000000e+00 +1.9999156199117754e+00 +2.0242900426946779e-03 +9.9951969027190879e-01 +9.9998399787499781e-01 +1.0000168055169918e+00 +9.9998935289197577e-01 +9.9995782636337394e-01 +1.5207226301830877e-04 +3.0149700237882939e-05 +8.8844978867151376e-05 +5.8795790035448772e-05 +2.0246434718224228e-04
 90.50000000 +5.0000000000000000e+00 +1.9999171235951203e+00 +2.0625042795018537e-03 +9.9942164521500310e-01 +9.9997386700381252e-01 +1.0000184690246046e+00 +9.9999434748887250e-01 +9.9995608603039832e-01 +1.8374277262180627e-04 +4.5225104381595823e-05 +1.1162478197579199e-04 +5.4826645708019700e-05 +2.4016593078183635e-04
 91.00000000 +5.0000000000000000e+00 +1.9999186262939626e+00 +2.1006934963987874e-03 +9.9932366435088860e-01 +9.9996374276558708e-01 +1.0000201314430732e+00 +9.9999933881566971e-01 +9.9995434683686646e-01 +2.1539254667296030e-04 +6.0290638244229095e-05 +1.3438967052177962e-04 +5.0860100088378738e-05 +2.7784283011932190e-04
 91.50000000 +5.0000000000000000e+00 +1.9999225466594466e+00 +2.0752035999543417e-03 +9.9938852564060210e-01 +9.9997643236130163e-01 +1.0000150373910504e+00 +1.0000012494710102e+00 +9.9995143668826370e-01 +1.7161026062068911e-04 +6.5944569300151960e-05 +1.2554779880066721e-04 +4.7023128533186360e-05 +2.5719268851083531e-04
 92.00000000 +5.0000000000000000e+00 +1.9999264695295524e+00 +2.0496974186657133e-03 +9.9945342836853768e-01 +9.9998913006407519e-01 +1.0000099400845677e+00 +1.0000031613470197e+00 +9.9994852468044149e-01 +1.2780000318344612e-04 +7.1602112508304183e-05 +1.1670027823340983e-04 +4.3183705634809925e-05 +2.3652935405399069e-04
 92.50000000 +5.0000000000000000e+00 +1.9999303949066802e+00 +2.0241749369219572e-03 +9.9951837257441933e-01 +1.0000018358816787e+00 +1.0000048395205055e+00 +1.0000050744448681e+00 +9.9994561081161693e-01 +8.3961747547359997e-05 +7.7263271331359638e-05 +1.0784710340492231e-04 +3.9341829043347903e-05 +2.1585281410188702e-04
 93.00000000 +5.0000000000000000e+00 +1.9999343227932347e+00 +1.9986361390921716e-03 +9.9958335829802070e-01 +1.0000145498218942e+00 +9.9999973569573963e-01 +1.0000069887657270e+00 +9.9994269508000611e-01 +4.0095466864276495e-05 +8.2928049236419469e-05 +9.8988268893195899e-05 +3.5497496405894278e-05 +1.9516305599145354e-04
 93.50000000 +5.0000000000000000e+00 +1.9999382531916226e+00 +1.9730810095254609e-03 +9.9964838557916713e-01 +1.0000272718925132e+00 +9.9999462860714272e-01 +1.0000089043107701e+00 +9.9993977748382190e-01 -3.7988657482970413e-06 +8.8596449695019182e-05 +9.0123769269287272e-05 +3.1650705366533706e-05 +1.7446006704342358e-04
 94.00000000 +5.0000000000000000e+00 +1.9999421861042546e+00 +1.9475095325509081e-03 +9.9971345445773507e-01 +1.0000400021013369e+00 +9.9998951825158333e-01 +1.0000108210811718e+00 +9.9993685802127530e-01 -4.7721277207246116e-05 +9.4268476183135674e-05 +8.1253599097307397e-05 +2.7801453566336735e-05 +1.5374383456230893e-04
 94.50000000 +5.0000000000000000e+00 +1.9999461215335430e+00 +1.9219216924775376e-03 +9.9977856497365047e-01 +1.0000527404561765e+00 +9.9998440462592464e-01 +1.0000127390781079e+00 +9.9993393669057451e-01 -9.1671794463904382e-05 +9.9944132181194339e-05 +7.2377752934410351e-05 +2.3949738643354950e-05 +1.3301434583637360e-04
 95.00000000 +5.0000000000000000e+00 +1.9999436712480252e+00 +1.9354905776543089e-03 +9.9974393523469929e-01 +1.0000402389666407e+00 +9.9997820817947569e-01 +1.0000196694523240e+00 +9.9994293661555389e-01 -5.0324824623805344e-05 +1.2355837367561458e-04 +5.2033530945201556e-05 +3.8175599855354109e-05 +1.1156887175334399e-04
 95.50000000 +5.0000000000000000e+00 +1.9999412226011835e+00 +1.9490503883753845e-03 +9.9970932865505890e-01 +1.0000277458377187e+00 +9.9997201587702012e-01 +1.0000265951917171e+00 +9.9995193052165798e-01 -9.0055063734326946e-06 +1.4715682268705407e-04 +3.1702914549871186e-05 +5.2391947246164896e-05 +9.0137739747935157e-05
 96.00000000 +5.0000000000000000e+00 +1.9999387755913738e+00 +1.9626011337407993e-03 +9.9967474521150468e-01 +1.0000152610610267e+00 +9.9996582771440301e-01 +1.0000335163009360e+00 +9.9996091841492341e-01 +3.2286188016748325e-05 +1.7073949505251211e-04 +1.1385890104473553e-05 +6.6598790356426344e-05 +6.8720935437641660e-05
 96.50000000 +5.0000000000000000e+00 +1.9999363302169566e+00 +1.9761428228384256e-03 +9.9964018488084361e-01 +1.0000027846281918e+00 +9.9995964368747414e-01 +1.0000404327846217e+00 +9.9996990030137767e-01 +7.3550286239207967e-05 +1.9430640658781953e-04 -8.9175560166999191e-06 +8.0796138714024998e-05 +4.7318444459182379e-05
 97.00000000 +5.0000000000000000e+00 +1.9999338864762917e+00 +1.9896754647439913e-03 +9.9960564763991300e-01 +9.9999031653085191e-01 +9.9995346379208894e-01 +1.0000473446474101e+00 +9.9997887618704062e-01 +1.1478681594941386e-04 +2.1785757308767406e-04 -2.9207437421151187e-05 +9.4984001834116311e-05 +2.5930252468468306e-05
 97.50000000 +5.0000000000000000e+00 +1.9999314443677432e+00 +2.0031990685211022e-03 +9.9957113346558091e-01 +9.9997785676065709e-01 +9.9994728802410848e-01 +1.0000542518939306e+00 +9.9998784607792368e-01 +1.5599580476589279e-04 +2.4139301032567563e-04 -4.9483767698205937e-05 +1.0916238921914576e-04 +4.5563451405706560e-06
 98.00000000 +5.0000000000000000e+00 +1.9999290038896760e+00 +2.0167136432212604e-03 +9.9953664233474671e-01 +9.9996540530926670e-01 +9.9994111637939898e-01 +1.0000611545288058e+00 +9.9999680998003071e-01 +1.9717728027029226e-04 +2.6491273405436158e-04 -6.9746560419043955e-05 +1.2333131035887024e-04 -1.6803291830311264e-05
 98.50000000 +5.0000000000000000e+00 +1.9999091110141070e+00 +2.0233257111093804e-03 +9.9952262447491103e-01 +9.9998482639138342e-01 +9.9993776910124499e-01 +1.0000480576558552e+00 +1.0000198265830542e+00 +1.9111428748285701e-04 +1.8641950179214425e-04 -1.4528789161668983e-05 +6.3676332483013904e-05 +6.0214464737984000e-05
 99.00000000 +5.0000000000000000e+00 +1.9998892187215904e+00 +2.0299375852004258e-03 +9.9950860702593292e-01 +1.0000042469042758e+00 +9.9993442192119841e-01 +1.0000349611667685e+00 +1.0000428425114700e+00 +1.8505147239932437e-04 +1.0792857013528680e-04 +4.0687363684833421e-05 +4.0231030707879617e-06 +1.3722996394652400e-04
 99.50000000 +5.0000000000000000e+00 +1.9998693270121006e+00 +2.0365492655029156e-03 +9.9949458998779472e-01 +1.0000236668479692e+00 +9.9993107483925492e-01 +1.0000218650615291e+00 +1.0000658577653081e+00 +1.7898883501188181e-04 +2.9439938982645995e-05 +9.5901898191614674e-05 -5.5628377954676565e-05 +2.1424320589455081e-04
100.00000000 +5.0000000000000000e+00 +1.9998494358856120e+00 +2.0431607520253708e-03 +9.9948057336047846e-01 +1.0000430862224887e+00 +9.9992772785541040e-01 +1.0000087693401205e+00 +1.0000888723445982e+00 +1.7292637531271738e-04 -4.9046391766915510e-05 +1.5111481442982208e-04 -1.1527811067024424e-04 +2.9125419068130062e-04
