#PATCH_CHECK: SepMBpoisson v0.60 fullmb-kondo adaptive-t500 active
#discretizing the bath:
#     0 0.0000000000000000e+00 -9.1873305439137479e-02
#     1 3.4156502553198661e-03 -1.6739316251010847e-01
#     2 3.4156502553198661e-03 -1.6537531855629614e-01
#     3 3.4156502553198661e-03 -1.6335073707078643e-01
#adaptive measurement: gap=2.0178439538123261e-03 period_steps=6228 nmeas=200 nwf=200 tmax=1.0000000000000000e+02 forced_stride=1
  0.00000000 +2.0000000000000000e+00 +1.9999999999999998e+00 +1.8374661879283106e-03 +1.0000000000000000e+00 +1.0000000000000000e+00 +0.0000000000000000e+00 +0.0000000000000000e+00
  0.50000000 +2.0000000000000000e+00 +1.9999999999812723e+00 +1.8398132046541582e-03 +9.9999404149400839e-01 +1.0000000000006957e+00 +3.0179449456048673e-06 +2.9405617418714096e-06
  1.00000000 +2.0000000000000000e+00 +1.9999999999608280e+00 +1.8466684612829503e-03 +9.9997663417677840e-01 +9.9999999998155620e-01 +1.1744664337005480e-05 +1.1621176043650910e-05
  1.50000000 +2.0000000000000000e+00 +2.0000000030511114e+00 +1.8579798520899041e-03 +9.9994790005617162e-01 +9.9999999984947197e-01 +2.5947330701447513e-05 +2.6152765367637313e-05
  2.00000000 +2.0000000000000000e+00 +1.9999999968140374e+00 +1.8732781473028187e-03 +9.9990901412624278e-01 +9.9999999953836194e-01 +4.5603518431076243e-05 +4.5382816957781589e-05
  2.50000000 +2.0000000000000000e+00 +2.0000000012611538e+00 +1.8924017835777729e-03 +9.9986036149185442e-01 +9.9999999862703359e-01 +7.0248113095398371e-05 +6.9391769613163698e-05
  3.00000000 +2.0000000000000000e+00 +2.0000000000320370e+00 +1.9154054295658924e-03 +9.9980177933737702e-01 +9.9999999700058650e-01 +9.8999035903832538e-05 +9.9224624544363204e-05
  3.50000000 +2.0000000000000000e+00 +1.9999999330753626e+00 +1.9406256243995064e-03 +9.9973746662585783e-01 +9.9999999340362167e-01 +1.3137613638864736e-04 +1.3116383571433040e-04
  4.00000000 +2.0000000000000000e+00 +1.9999999405054691e+00 +1.9682237981493581e-03 +9.9966698184098868e-01 +9.9999998851887806e-01 +1.6644095249746668e-04 +1.6658868796724221e-04
  4.50000000 +2.0000000000000000e+00 +1.9999999168020357e+00 +1.9965904596940666e-03 +9.9959437440802001e-01 +9.9999998148120217e-01 +2.0248045663812846e-04 +2.0316365424465874e-04
  5.00000000 +2.0000000000000000e+00 +1.9999998722829688e+00 +2.0255130493410079e-03 +9.9952016564037660e-01 +9.9999997021372944e-01 +2.4037787262784895e-04 +2.3948627457533173e-04
  5.50000000 +2.0000000000000000e+00 +1.9999996065122796e+00 +2.0542577587214306e-03 +9.9944615252593305e-01 +9.9999995659372798e-01 +2.7666085102275186e-04 +2.7723002773776987e-04
  6.00000000 +2.0000000000000000e+00 +1.9999996535189242e+00 +2.0835741373018113e-03 +9.9937055479577042e-01 +9.9999993525578668e-01 +3.1531205948300949e-04 +3.1419789050365443e-04
  6.50000000 +2.0000000000000000e+00 +1.9999996522136463e+00 +2.1087586630461445e-03 +9.9930509832138559e-01 +9.9999991194811133e-01 +3.4766818441691618e-04 +3.4732154619676901e-04
  7.00000000 +2.0000000000000000e+00 +1.9999994784726915e+00 +2.1330999107116179e-03 +9.9924155498000578e-01 +9.9999988754406943e-01 +3.7757814994805836e-04 +3.8097932563486124e-04
  7.50000000 +2.0000000000000000e+00 +1.9999994503514817e+00 +2.1554804396911303e-03 +9.9918279860165760e-01 +9.9999985585183571e-01 +4.0772097938025835e-04 +4.0962456551640289e-04
  8.00000000 +2.0000000000000000e+00 +1.9999990528614398e+00 +2.1733269249494028e-03 +9.9913531416177592e-01 +9.9999982153019085e-01 +4.3370658917865320e-04 +4.3115771850568040e-04
  8.50000000 +2.0000000000000000e+00 +1.9999987223684863e+00 +2.1854541924906721e-03 +9.9910204252353507e-01 +9.9999978687992219e-01 +4.5029396442907289e-04 +4.4787663328971889e-04
  9.00000000 +2.0000000000000000e+00 +1.9999988115300285e+00 +2.1986418407528344e-03 +9.9906616427488848e-01 +9.9999974524923940e-01 +4.6342050579217451e-04 +4.7066997016423530e-04
  9.50000000 +2.0000000000000000e+00 +1.9999986110297294e+00 +2.2030158618088400e-03 +9.9905242274391315e-01 +9.9999968832913855e-01 +4.7604356600068951e-04 +4.7184536219393118e-04
 10.00000000 +2.0000000000000000e+00 +1.9999981927192580e+00 +2.2035739914566970e-03 +9.9904838389770034e-01 +9.9999962296950506e-01 +4.7544272340219082e-04 +4.7655040936882357e-04
 10.50000000 +2.0000000000000000e+00 +1.9999979536911614e+00 +2.2008622592244432e-03 +9.9905258769224747e-01 +9.9999956475212703e-01 +4.7624247178026355e-04 +4.7160508261454064e-04
 11.00000000 +2.0000000000000000e+00 +1.9999983970435977e+00 +2.1939151089410964e-03 +9.9906776476381032e-01 +9.9999952646156187e-01 +4.7235362358451791e-04 +4.6035515101981164e-04
 11.50000000 +2.0000000000000000e+00 +1.9999972430970179e+00 +2.1812789475517264e-03 +9.9909740616816367e-01 +9.9999944993897438e-01 +4.4899395671748260e-04 +4.5414993660460479e-04
 12.00000000 +2.0000000000000000e+00 +1.9999978737935671e+00 +2.1664647527780225e-03 +9.9913296650302064e-01 +9.9999940963458478e-01 +4.3751343057196621e-04 +4.3011043060044157e-04
 12.50000000 +2.0000000000000000e+00 +1.9999971526740496e+00 +2.1508542886678949e-03 +9.9917079627838346e-01 +9.9999932964701987e-01 +4.1820793989306109e-04 +4.1166613581185204e-04
 13.00000000 +2.0000000000000000e+00 +1.9999965494826013e+00 +2.1245521323522594e-03 +9.9923595948814969e-01 +9.9999924738327084e-01 +3.8777913566692744e-04 +3.7701399291411518e-04
 13.50000000 +2.0000000000000000e+00 +1.9999977670258875e+00 +2.1051150719650072e-03 +9.9928452725156436e-01 +9.9999919258336367e-01 +3.5545318173500068e-04 +3.6082698189330789e-04
 14.00000000 +2.0000000000000000e+00 +1.9999966970398884e+00 +2.0806843370101474e-03 +9.9934613909759107e-01 +9.9999915468337330e-01 +3.3763406204791733e-04 +3.1707215587841971e-04
 14.50000000 +2.0000000000000000e+00 +1.9999973014125305e+00 +2.0538851517704721e-03 +9.9941450527076503e-01 +9.9999908818303673e-01 +2.9559528491964756e-04 +2.9081126082927997e-04
 15.00000000 +2.0000000000000000e+00 +1.9999978347765186e+00 +2.0284154880120318e-03 +9.9947957595449999e-01 +9.9999900279556597e-01 +2.6075312790008382e-04 +2.6066812318732685e-04
 15.50000000 +2.0000000000000000e+00 +1.9999972345220574e+00 +2.0031632518376381e-03 +9.9954522584941974e-01 +9.9999896122112863e-01 +2.2492562096481375e-04 +2.3088730704833439e-04
 16.00000000 +2.0000000000000000e+00 +1.9999981851103692e+00 +1.9797557955518307e-03 +9.9960588910847026e-01 +9.9999886784833758e-01 +1.9259365303890240e-04 +2.0264938976190353e-04
 16.50000000 +2.0000000000000000e+00 +1.9999961633529806e+00 +1.9598108279886852e-03 +9.9965905897352647e-01 +9.9999892801155932e-01 +1.9164103657790931e-04 +1.5037197872470927e-04
 17.00000000 +2.0000000000000000e+00 +1.9999954366745536e+00 +1.9457216205397813e-03 +9.9969761041800786e-01 +9.9999900448616785e-01 +1.5536771575471684e-04 +1.4801737904401269e-04
 17.50000000 +2.0000000000000000e+00 +1.9999970154350524e+00 +1.9254071161992849e-03 +9.9975278094932429e-01 +9.9999882876322144e-01 +1.2517199004454565e-04 +1.2321829600743934e-04
 18.00000000 +2.0000000000000000e+00 +1.9999954170313579e+00 +1.9044505275945395e-03 +9.9980869523067140e-01 +9.9999881891401587e-01 +9.7928607184369151e-05 +9.4557247112479428e-05
 18.50000000 +2.0000000000000000e+00 +1.9999979396246201e+00 +1.9017804862146639e-03 +9.9981981693888844e-01 +9.9999876079018402e-01 +9.4135734199455849e-05 +8.7286537118460322e-05
 19.00000000 +2.0000000000000000e+00 +1.9999966739193022e+00 +1.8859228617840540e-03 +9.9986510165402498e-01 +9.9999888700292827e-01 +6.5489659495997698e-05 +7.0521683184943186e-05
 19.50000000 +2.0000000000000000e+00 +1.9999948733244668e+00 +1.8858506219274179e-03 +9.9986915091430950e-01 +9.9999865615207995e-01 +6.1202321202075098e-05 +7.0990612032547834e-05
 20.00000000 +2.0000000000000000e+00 +1.9999946984109416e+00 +1.8880734622663754e-03 +9.9986788118859982e-01 +9.9999875004235939e-01 +7.2309314088060439e-05 +6.1059455325271301e-05
 20.50000000 +2.0000000000000000e+00 +1.9999965721797646e+00 +1.8907348674497069e-03 +9.9986698672645535e-01 +9.9999864732298060e-01 +6.4876514012298660e-05 +6.9489436085393665e-05
 21.00000000 +2.0000000000000000e+00 +1.9999950053864965e+00 +1.8983956832900929e-03 +9.9984937766944926e-01 +9.9999852676905210e-01 +6.6292596929043326e-05 +8.5802964559044984e-05
 21.50000000 +2.0000000000000000e+00 +1.9999976988381585e+00 +1.8998899997584471e-03 +9.9985086232045672e-01 +9.9999859636573007e-01 +8.9311201538442225e-05 +6.1230111863416921e-05
 22.00000000 +2.0000000000000000e+00 +1.9999942373794917e+00 +1.9285504058633497e-03 +9.9978096963455143e-01 +9.9999876520448649e-01 +9.9444454683036317e-05 +1.2082070521577550e-04
 22.50000000 +2.0000000000000000e+00 +1.9999976711747964e+00 +1.9340471530694418e-03 +9.9976985206307034e-01 +9.9999854096895446e-01 +1.2533301351541287e-04 +1.0627395405422630e-04
 23.00000000 +2.0000000000000000e+00 +1.9999946602731442e+00 +1.9761049817339040e-03 +9.9966591525376514e-01 +9.9999882311859145e-01 +1.4226093439222273e-04 +1.9300069312999996e-04
 23.50000000 +2.0000000000000000e+00 +1.9999939964843250e+00 +1.9686904704258683e-03 +9.9968646253161642e-01 +9.9999846231034706e-01 +1.4317202240605404e-04 +1.7190313704400301e-04
 24.00000000 +2.0000000000000000e+00 +1.9999939510032307e+00 +2.0148879423874688e-03 +9.9956885445535060e-01 +9.9999859746536679e-01 +1.9837211099838804e-04 +2.3417596968043907e-04
 24.50000000 +2.0000000000000000e+00 +1.9999927020839998e+00 +2.0025788000688836e-03 +9.9960021718752479e-01 +9.9999847108435858e-01 +1.8805637780954887e-04 +2.1325534990517477e-04
 25.00000000 +2.0000000000000000e+00 +1.9999955541644969e+00 +2.0619605547767170e-03 +9.9944930978403235e-01 +9.9999892680400382e-01 +2.7517349420937544e-04 +2.7658991724930656e-04
 25.50000000 +2.0000000000000000e+00 +1.9999915885645152e+00 +2.0578150749836904e-03 +9.9945712843010848e-01 +9.9999830482407703e-01 +2.8251645908125713e-04 +2.6205028585481107e-04
 26.00000000 +2.0000000000000000e+00 +1.9999932422627871e+00 +2.0552002983344020e-03 +9.9946209142888098e-01 +9.9999849788410877e-01 +2.8278958198657989e-04 +2.5662110627231989e-04
 26.50000000 +2.0000000000000000e+00 +1.9999927635398580e+00 +2.1044091941391251e-03 +9.9933580029893865e-01 +9.9999777007811630e-01 +3.3155556510854864e-04 +3.3487405688024268e-04
 27.00000000 +2.0000000000000000e+00 +1.9999943582482314e+00 +2.1075777045398026e-03 +9.9932253221728351e-01 +9.9999838920798789e-01 +3.6184959422557930e-04 +3.1722898008711077e-04
 27.50000000 +2.0000000000000000e+00 +1.9999914057861974e+00 +2.1287736930154151e-03 +9.9926610005182459e-01 +9.9999822836872543e-01 +3.6699803595999534e-04 +3.6867354445759004e-04
 28.00000000 +2.0000000000000000e+00 +1.9999922698595867e+00 +2.1606593172841561e-03 +9.9918210839479893e-01 +9.9999785858541645e-01 +4.0475422105860546e-04 +4.1527879921247766e-04
 28.50000000 +2.0000000000000000e+00 +1.9999905190862024e+00 +2.1515038440971168e-03 +9.9919801658156804e-01 +9.9999810407070977e-01 +4.3921983147600103e-04 +3.6465951491021205e-04
 29.00000000 +2.0000000000000000e+00 +1.9999911992729564e+00 +2.1542706067189960e-03 +9.9918979091390236e-01 +9.9999687977485086e-01 +4.1292171035680985e-04 +4.0040760078713649e-04
 29.50000000 +2.0000000000000000e+00 +1.9999878965892162e+00 +2.1451340023379149e-03 +9.9920503079459244e-01 +9.9999773486537513e-01 +3.7434578096702065e-04 +4.2288856028621137e-04
 30.00000000 +2.0000000000000000e+00 +1.9999882860191005e+00 +2.1526639126906361e-03 +9.9918205352162137e-01 +9.9999832824132162e-01 +4.1746409803200020e-04 +4.0215414031160738e-04
 30.50000000 +2.0000000000000000e+00 +1.9999859019181221e+00 +2.1326544237491663e-03 +9.9922630921781808e-01 +9.9999771616972966e-01 +3.6753286950089550e-04 +4.0844174285161849e-04
 31.00000000 +2.0000000000000000e+00 +1.9999876035493740e+00 +2.1332389608923912e-03 +9.9922459601768032e-01 +9.9999732887859660e-01 +4.3808659185976895e-04 +3.3998851228683887e-04
 31.50000000 +2.0000000000000000e+00 +1.9999871583300615e+00 +2.1361034370966881e-03 +9.9921224690682275e-01 +9.9999667326060282e-01 +4.0604607425113022e-04 +3.8503375842902212e-04
 32.00000000 +2.0000000000000000e+00 +1.9999897955662131e+00 +2.1045971753430445e-03 +9.9929255751166846e-01 +9.9999727084051349e-01 +3.9202726755892812e-04 +3.1814438027215965e-04
 32.50000000 +2.0000000000000000e+00 +1.9999817639182096e+00 +2.1105799350901607e-03 +9.9926907625788941e-01 +9.9999694021742436e-01 +3.9607002876825481e-04 +3.3791349591792908e-04
 33.00000000 +2.0000000000000000e+00 +1.9999829188092288e+00 +2.1114022156048717e-03 +9.9926481194975447e-01 +9.9999585882045261e-01 +3.7405087204932816e-04 +3.6527835648247209e-04
 33.50000000 +2.0000000000000000e+00 +1.9999829504840327e+00 +2.0960926508815881e-03 +9.9930089963614999e-01 +9.9999614300653805e-01 +3.4538683071918549e-04 +3.5757052586176850e-04
 34.00000000 +2.0000000000000000e+00 +1.9999793543531730e+00 +2.0934393371678990e-03 +9.9931022236901756e-01 +9.9999737185719462e-01 +3.2030007204413442e-04 +3.7210570296422276e-04
 34.50000000 +2.0000000000000000e+00 +1.9999773958316205e+00 +2.0546864480174860e-03 +9.9940649208078658e-01 +9.9999564887944881e-01 +2.9341836581975691e-04 +3.0444067437412811e-04
 35.00000000 +2.0000000000000000e+00 +1.9999747069270641e+00 +2.0620830120046830e-03 +9.9938061695388414e-01 +9.9999562171659773e-01 +3.3812186207781043e-04 +2.8563946744631269e-04
 35.50000000 +2.0000000000000000e+00 +1.9999816513834803e+00 +2.0509949598014627e-03 +9.9941845193292544e-01 +9.9999480421267206e-01 +3.3009335663447450e-04 +2.5665049766128618e-04
 36.00000000 +2.0000000000000000e+00 +1.9999838971594743e+00 +2.0368792912135417e-03 +9.9945466198135124e-01 +9.9999595676505693e-01 +3.1369514923080589e-04 +2.3568610315516546e-04
 36.50000000 +2.0000000000000000e+00 +1.9999765475322380e+00 +2.0235709416086501e-03 +9.9948644130186548e-01 +9.9999437094475563e-01 +2.4430764754279215e-04 +2.7488010652600587e-04
 37.00000000 +2.0000000000000000e+00 +1.9999883438642829e+00 +1.9862765497431728e-03 +9.9959277116269074e-01 +9.9999459157502801e-01 +2.2062705594351066e-04 +1.9201020752847631e-04
 37.50000000 +2.0000000000000000e+00 +1.9999871978619881e+00 +2.0203824520939953e-03 +9.9950367203713730e-01 +9.9999562486035987e-01 +2.8050514390310667e-04 +2.2019795913404751e-04
 38.00000000 +2.0000000000000000e+00 +1.9999852759201235e+00 +2.0106360933456668e-03 +9.9953253636919082e-01 +9.9999678147420545e-01 +2.3918273797989554e-04 +2.3149941747216383e-04
 38.50000000 +2.0000000000000000e+00 +1.9999913954095589e+00 +1.9570054436978111e-03 +9.9967574924030023e-01 +9.9999542569246724e-01 +1.4378520627272008e-04 +1.8503986171716837e-04
 39.00000000 +2.0000000000000000e+00 +1.9999866798240027e+00 +1.9855276687586192e-03 +9.9960469578094313e-01 +9.9999574242051814e-01 +2.0794785292221798e-04 +1.9161394458060686e-04
 39.50000000 +2.0000000000000000e+00 +1.9999875185432181e+00 +1.9920539217882943e-03 +9.9959160173015105e-01 +9.9999565278988645e-01 +2.0452808930197184e-04 +2.0821739077037983e-04
 40.00000000 +2.0000000000000000e+00 +1.9999833893866268e+00 +1.9796309240148113e-03 +9.9962391963629416e-01 +9.9999551820072408e-01 +1.9134551978766077e-04 +1.8921664259609238e-04
 40.50000000 +2.0000000000000000e+00 +1.9999906378630721e+00 +1.9761563029661302e-03 +9.9963909004943308e-01 +9.9999410906016950e-01 +1.9507284954321422e-04 +1.7172803971911960e-04
 41.00000000 +2.0000000000000000e+00 +1.9999908479077502e+00 +2.0105626210333138e-03 +9.9955758158612840e-01 +9.9999229259010458e-01 +2.4878918874288847e-04 +2.0133663604062659e-04
 41.50000000 +2.0000000000000000e+00 +1.9999821072236750e+00 +1.9787388861923312e-03 +9.9963397164698431e-01 +9.9999330800923658e-01 +2.1897156468609477e-04 +1.5374877839225285e-04
 42.00000000 +2.0000000000000000e+00 +1.9999949656594977e+00 +2.0060463618132526e-03 +9.9957514655905655e-01 +9.9999665874257593e-01 +1.6698198125101720e-04 +2.6121271600832195e-04
 42.50000000 +2.0000000000000000e+00 +1.9999981428895992e+00 +2.0298713132688969e-03 +9.9951460174671636e-01 +9.9999643867148880e-01 +3.0318603468108693e-04 +1.8577354604226064e-04
 43.00000000 +2.0000000000000000e+00 +1.9999926999569022e+00 +2.0088407351142182e-03 +9.9956961465125893e-01 +9.9999279633058102e-01 +2.1892592741185599e-04 +2.1866308968603225e-04
 43.50000000 +2.0000000000000000e+00 +1.9999906955860300e+00 +2.0217263370029613e-03 +9.9953953319128508e-01 +9.9999658634923794e-01 +2.4375040400962026e-04 +2.2013005655231719e-04
 44.00000000 +2.0000000000000000e+00 +1.9999908095932393e+00 +2.0023169291785064e-03 +9.9959332842929016e-01 +9.9999750763899375e-01 +1.8558696483530235e-04 +2.2357696631886980e-04
 44.50000000 +2.0000000000000000e+00 +1.9999889366851962e+00 +2.0228831075325788e-03 +9.9953710185923261e-01 +9.9999251488393814e-01 +2.1813287541471712e-04 +2.5225038142460336e-04
 45.00000000 +2.0000000000000000e+00 +1.9999922494108489e+00 +2.0061464119167970e-03 +9.9958028240423291e-01 +9.9999354686961039e-01 +2.2718334687158381e-04 +1.9898738023781229e-04
 45.50000000 +2.0000000000000000e+00 +1.9999900987488091e+00 +2.0915534802862993e-03 +9.9936033245734202e-01 +9.9999135758178970e-01 +3.3126642338449623e-04 +3.1704353840235957e-04
 46.00000000 +2.0000000000000000e+00 +1.9999997709550841e+00 +2.0670926694189794e-03 +9.9942745105316722e-01 +9.9999505455878324e-01 +3.2556710502390805e-04 +2.5192728302651324e-04
 46.50000000 +2.0000000000000000e+00 +1.9999987270217032e+00 +2.0445457783838219e-03 +9.9947831306042512e-01 +9.9999322821692738e-01 +2.4336108850241158e-04 +2.8509763364582407e-04
 47.00000000 +2.0000000000000000e+00 +1.9999880418100873e+00 +2.1074323574364223e-03 +9.9931277355923287e-01 +9.9998914967292929e-01 +3.7809044630464117e-04 +3.1998632050804905e-04
 47.50000000 +2.0000000000000000e+00 +1.9999895430904859e+00 +2.1298742079617758e-03 +9.9925488850808286e-01 +9.9999219156344854e-01 +3.9053143949308202e-04 +3.6238848911469346e-04
 48.00000000 +2.0000000000000000e+00 +1.9999930650630491e+00 +2.0919596345655551e-03 +9.9934653971085674e-01 +9.9999211468565663e-01 +3.3179943394791512e-04 +3.2954616910842150e-04
 48.50000000 +2.0000000000000000e+00 +1.9999907406673654e+00 +2.1164365115984049e-03 +9.9928906092281256e-01 +9.9999183561263139e-01 +3.1833009471629505e-04 +4.0077337040326757e-04
 49.00000000 +2.0000000000000000e+00 +1.9999922138847561e+00 +2.0536969396035320e-03 +9.9943826597484242e-01 +9.9999069452458622e-01 +3.1626442090914252e-04 +2.5477507881417865e-04
 49.50000000 +2.0000000000000000e+00 +1.9999851403365474e+00 +2.1083452666146802e-03 +9.9930726373840728e-01 +9.9999183834275840e-01 +4.2117414524431122e-04 +2.7972377348320886e-04
 50.00000000 +2.0000000000000000e+00 +1.9999767656924072e+00 +2.0980090564212033e-03 +9.9932466752586568e-01 +9.9999443446244130e-01 +3.2295805944686917e-04 +3.5793995131133390e-04
 50.50000000 +2.0000000000000000e+00 +1.9999800938240546e+00 +2.0825015830478752e-03 +9.9935936404804204e-01 +9.9999189395037136e-01 +3.1632525811123280e-04 +3.3241674255213017e-04
 51.00000000 +2.0000000000000000e+00 +1.9999818946726977e+00 +2.1220556587291770e-03 +9.9926072814329214e-01 +9.9999157342433564e-01 +3.0722388481158465e-04 +4.4047454744774095e-04
 51.50000000 +2.0000000000000000e+00 +1.9999809825047175e+00 +2.0670845177043987e-03 +9.9939275122951343e-01 +9.9999068572317229e-01 +2.7541509582874776e-04 +3.4114795057484841e-04
 52.00000000 +2.0000000000000000e+00 +1.9999810659717172e+00 +2.0466509069411668e-03 +9.9944266697213135e-01 +9.9999300675601188e-01 +3.1907761772214722e-04 +2.4524865463409812e-04
 52.50000000 +2.0000000000000000e+00 +1.9999819456453023e+00 +2.0240964891026225e-03 +9.9950155185881839e-01 +9.9998938076653632e-01 +1.9347789577842559e-04 +3.1558947924205648e-04
 53.00000000 +2.0000000000000000e+00 +1.9999814374690084e+00 +2.0335170397900340e-03 +9.9947793404243646e-01 +9.9999523630105258e-01 +2.9236904025572665e-04 +2.3446061670716987e-04
 53.50000000 +2.0000000000000000e+00 +1.9999868917793817e+00 +2.0401135543916360e-03 +9.9945668797530085e-01 +9.9999125399249622e-01 +2.6587382704911547e-04 +2.8618420471622719e-04
 54.00000000 +2.0000000000000000e+00 +1.9999840694138071e+00 +2.0383769552223376e-03 +9.9946347478017705e-01 +9.9999199937876204e-01 +3.5293969186056003e-04 +1.9158614841906549e-04
 54.50000000 +2.0000000000000000e+00 +1.9999873009879938e+00 +2.0611301495663164e-03 +9.9940508435076758e-01 +9.9998692923754695e-01 +3.3311268330022412e-04 +2.7487372794048488e-04
 55.00000000 +2.0000000000000000e+00 +1.9999763975165019e+00 +2.0678046896581014e-03 +9.9938468366574629e-01 +9.9998936318409060e-01 +2.9029703783381617e-04 +3.3565611189173962e-04
 55.50000000 +2.0000000000000000e+00 +1.9999859575321175e+00 +2.0788103495578609e-03 +9.9936304561068379e-01 +9.9998985371404125e-01 +4.0950994388705593e-04 +2.3759073107753437e-04
 56.00000000 +2.0000000000000000e+00 +1.9999795545073598e+00 +2.0846174784370963e-03 +9.9934903592944013e-01 +9.9998424397855601e-01 +4.2366306236628001e-04 +2.4305703035433360e-04
 56.50000000 +2.0000000000000000e+00 +1.9999791253531483e+00 +2.0761068350702684e-03 +9.9937431300665669e-01 +9.9997976423664925e-01 +3.0078590582431316e-04 +3.4513685012636889e-04
 57.00000000 +2.0000000000000000e+00 +1.9999865092380822e+00 +2.0543052307365416e-03 +9.9942596239770232e-01 +9.9998888286405030e-01 +2.7610696090541592e-04 +3.0904777698320999e-04
 57.50000000 +2.0000000000000000e+00 +1.9999879247762085e+00 +2.0885045225593141e-03 +9.9934323171469952e-01 +9.9998965036977761e-01 +2.5670145674689223e-04 +4.1041645838728026e-04
 58.00000000 +2.0000000000000000e+00 +1.9999851953203671e+00 +2.0650508143851870e-03 +9.9940222112339872e-01 +9.9999077992227414e-01 +2.7032283044291396e-04 +3.3667612376673579e-04
 58.50000000 +2.0000000000000000e+00 +1.9999898877748705e+00 +2.0358989055832264e-03 +9.9948237992971400e-01 +9.9998937086400563e-01 +3.2715506626545594e-04 +2.0109413968311362e-04
 59.00000000 +2.0000000000000000e+00 +1.9999738579154718e+00 +2.0501047264505062e-03 +9.9943503817625923e-01 +9.9998999352541829e-01 +2.4299204714584743e-04 +3.3197625093482136e-04
 59.50000000 +2.0000000000000000e+00 +1.9999901956231734e+00 +2.0198258126896836e-03 +9.9951913159090533e-01 +9.9998777356509672e-01 +2.1007263009827247e-04 +2.8302221314399764e-04
 60.00000000 +2.0000000000000000e+00 +1.9999874655817313e+00 +2.0081958576891926e-03 +9.9954886315874258e-01 +9.9998120992527950e-01 +1.8624856600243424e-04 +2.8367834922131483e-04
 60.50000000 +2.0000000000000000e+00 +1.9999903372156340e+00 +2.0001693612507368e-03 +9.9957091820802058e-01 +9.9998806486730596e-01 +2.5670119513549378e-04 +1.8431572907968109e-04
 61.00000000 +2.0000000000000000e+00 +1.9999847381746625e+00 +1.9984675432183300e-03 +9.9958415241516252e-01 +9.9999292803239781e-01 +2.6063062135883350e-04 +1.6228893042450306e-04
 61.50000000 +2.0000000000000000e+00 +1.9999859671958942e+00 +2.0341280923682793e-03 +9.9949813210443794e-01 +9.9998967596292510e-01 +2.4693014498483156e-04 +2.6526178738438478e-04
 62.00000000 +2.0000000000000000e+00 +1.9999549471055451e+00 +2.0418561917126786e-03 +9.9946243831256509e-01 +9.9998696384450736e-01 +2.2525452664987850e-04 +3.2534331685581428e-04
 62.50000000 +2.0000000000000000e+00 +1.9999756256867918e+00 +2.0455808882150349e-03 +9.9946862775222478e-01 +9.9998765643554843e-01 +3.1685502475063709e-04 +2.2686078761929458e-04
 63.00000000 +2.0000000000000000e+00 +1.9999709539810731e+00 +2.0142478237241204e-03 +9.9953379538872467e-01 +9.9998336845040070e-01 +1.4563139026331997e-04 +3.3720477073468454e-04
 63.50000000 +2.0000000000000000e+00 +1.9999888493065849e+00 +2.0725750485102502e-03 +9.9940193141672051e-01 +9.9999067615030679e-01 +2.3576394836297121e-04 +3.7162848461883718e-04
 64.00000000 +2.0000000000000000e+00 +1.9999982169780623e+00 +1.9963282429424850e-03 +9.9958949900986549e-01 +9.9997903577073866e-01 +1.8184151753906555e-04 +2.4962370174137625e-04
 64.50000000 +2.0000000000000000e+00 +1.9999606783692203e+00 +2.1086704166272579e-03 +9.9929900211396228e-01 +9.9999094859978721e-01 +4.5939899890372815e-04 +2.5065028748910711e-04
 65.00000000 +2.0000000000000000e+00 +1.9999789776351020e+00 +2.0691883414114894e-03 +9.9940191586143123e-01 +9.9999320477455456e-01 +4.1848007907173060e-04 +1.8639928552743149e-04
 65.50000000 +2.0000000000000000e+00 +1.9999995362621670e+00 +2.0638146664802917e-03 +9.9942154526011151e-01 +9.9998096646525803e-01 +2.9316787836223824e-04 +3.0432039682877591e-04
 66.00000000 +2.0000000000000000e+00 +1.9999693159881673e+00 +2.0870563660181141e-03 +9.9935123831661943e-01 +9.9998168819173983e-01 +2.9317885955528069e-04 +3.7389463266777412e-04
 66.50000000 +2.0000000000000000e+00 +1.9999839861593234e+00 +2.0357935798201781e-03 +9.9949029406038015e-01 +9.9998391845268664e-01 +1.8449552249659042e-04 +3.4129196509684491e-04
 67.00000000 +2.0000000000000000e+00 +1.9999919628038640e+00 +2.0398293776107378e-03 +9.9949050779669124e-01 +9.9998046493951420e-01 +3.4280115408923969e-04 +1.8622610908680800e-04
 67.50000000 +2.0000000000000000e+00 +1.9999792164132324e+00 +2.0418489539523414e-03 +9.9947029904057327e-01 +9.9998135718696102e-01 +2.6138211310115306e-04 +2.8696165953508141e-04
 68.00000000 +2.0000000000000000e+00 +1.9999705700157837e+00 +2.0502847062272376e-03 +9.9944132849941769e-01 +9.9998420663081355e-01 +3.5916733978523882e-04 +2.1529752937250838e-04
 68.50000000 +2.0000000000000000e+00 +1.9999769917282950e+00 +2.0667102078597340e-03 +9.9940897536397977e-01 +9.9998754669475165e-01 +3.4870117753188522e-04 +2.5477676322233680e-04
 69.00000000 +2.0000000000000000e+00 +1.9999687861901285e+00 +2.1094029535005808e-03 +9.9929874959676523e-01 +9.9998323899067365e-01 +4.2257630160725623e-04 +2.9543511092758264e-04
 69.50000000 +2.0000000000000000e+00 +1.9999812914594868e+00 +1.9851434507003308e-03 +9.9961311838238043e-01 +9.9998576329789235e-01 +1.0183502902508034e-04 +2.9928329118191876e-04
 70.00000000 +2.0000000000000000e+00 +1.9999775733394229e+00 +2.0439052627016902e-03 +9.9946937899826671e-01 +9.9997891729508026e-01 +4.0211295124925730e-04 +1.4959075543366854e-04
 70.50000000 +2.0000000000000000e+00 +1.9999729035737348e+00 +2.0746364674546157e-03 +9.9938342045911055e-01 +9.9998788540727124e-01 +1.3513855008351024e-04 +4.9355558306562607e-04
 71.00000000 +2.0000000000000000e+00 +1.9999581666905715e+00 +2.1300315868873891e-03 +9.9923738369092763e-01 +9.9998703755395113e-01 +4.0532001265195921e-04 +3.7025874258950182e-04
 71.50000000 +2.0000000000000000e+00 +1.9999417177175793e+00 +2.0792881461359197e-03 +9.9936691913849673e-01 +9.9998756863926441e-01 +2.6312273165996169e-04 +3.8238949054787030e-04
 72.00000000 +2.0000000000000000e+00 +1.9999727629393307e+00 +2.0819010576735631e-03 +9.9936373441254633e-01 +9.9998108226646709e-01 +3.5441047099551748e-04 +3.0077284986758900e-04
 72.50000000 +2.0000000000000000e+00 +1.9999572373557069e+00 +2.1413470092538122e-03 +9.9920244943838088e-01 +9.9998372250617895e-01 +2.9103357058129418e-04 +5.2279448483242077e-04
 73.00000000 +2.0000000000000000e+00 +1.9999674768740905e+00 +2.0972674747865745e-03 +9.9932472713920606e-01 +9.9996809816945409e-01 +4.7606216388985126e-04 +2.3111252786991085e-04
 73.50000000 +2.0000000000000000e+00 +1.9999526757990491e+00 +2.1024016729462220e-03 +9.9931544728050459e-01 +9.9997299686999253e-01 +3.6531311616077195e-04 +3.4624273347654943e-04
 74.00000000 +2.0000000000000000e+00 +1.9999698666947401e+00 +2.1232508167873627e-03 +9.9926187771114494e-01 +9.9997706042554690e-01 +4.1515552939814853e-04 +3.4590633453891875e-04
 74.50000000 +2.0000000000000000e+00 +1.9999579610653435e+00 +2.1155741781548462e-03 +9.9926840341879386e-01 +9.9997235864449963e-01 +3.8623460725155216e-04 +3.7300332953800832e-04
 75.00000000 +2.0000000000000000e+00 +1.9999620325746341e+00 +2.0622016728190809e-03 +9.9941743047636933e-01 +9.9997722659222354e-01 +4.7259291550879299e-04 +1.3275001589606704e-04
 75.50000000 +2.0000000000000000e+00 +1.9999480390983773e+00 +2.0583913773889514e-03 +9.9940836957485923e-01 +9.9997669146868906e-01 +2.3299824019859140e-04 +3.8194071613941675e-04
 76.00000000 +2.0000000000000000e+00 +1.9999852805546610e+00 +1.9989569803144252e-03 +9.9958872282766154e-01 +9.9998822651433084e-01 +2.7058302733228907e-04 +1.5246763031542444e-04
 76.50000000 +2.0000000000000000e+00 +1.9999427344230409e+00 +2.0893445152523277e-03 +9.9933242158291224e-01 +9.9998373573918042e-01 +3.0455292529427467e-04 +3.7928975265802390e-04
 77.00000000 +2.0000000000000000e+00 +1.9999582678447712e+00 +2.1110702588761883e-03 +9.9929775906495155e-01 +9.9997522613208534e-01 +5.0817137412569871e-04 +2.1884342879076061e-04
 77.50000000 +2.0000000000000000e+00 +1.9999612431456253e+00 +2.0097023777387582e-03 +9.9954380658558872e-01 +9.9997743917993442e-01 +2.3183805075417975e-04 +2.4691618353979569e-04
 78.00000000 +2.0000000000000000e+00 +1.9999221721515219e+00 +2.1094259849900590e-03 +9.9927937198993555e-01 +9.9998023881019071e-01 +3.0348851636523017e-04 +4.3690068332023698e-04
 78.50000000 +2.0000000000000000e+00 +1.9999475899870265e+00 +2.0308232329726435e-03 +9.9948262797982002e-01 +9.9998145416981932e-01 +1.3831165199840658e-04 +3.9760619817984190e-04
 79.00000000 +2.0000000000000000e+00 +1.9999472694786444e+00 +2.0680884337989781e-03 +9.9939233647726022e-01 +9.9996647857494969e-01 +3.8472912093692236e-04 +2.5645582725174621e-04
 79.50000000 +2.0000000000000000e+00 +1.9999389654566551e+00 +2.0873651379619156e-03 +9.9934115715575800e-01 +9.9998283182461167e-01 +2.3294786628572092e-04 +4.4306315396311146e-04
 80.00000000 +2.0000000000000000e+00 +1.9999510593801073e+00 +1.9707031755731791e-03 +9.9964809225210616e-01 +9.9998171961172844e-01 +2.4533474180835416e-04 +1.2485339424325620e-04
 80.50000000 +2.0000000000000000e+00 +1.9999293997350860e+00 +2.0368427187112919e-03 +9.9946197600072795e-01 +9.9996292261083763e-01 +3.0037139324530623e-04 +2.7472999520408416e-04
 81.00000000 +2.0000000000000000e+00 +1.9999245658741562e+00 +2.0187556119042219e-03 +9.9951696538157986e-01 +9.9997937006777238e-01 +2.3717637288731352e-04 +2.6648817778990411e-04
 81.50000000 +2.0000000000000000e+00 +1.9999520390260104e+00 +2.0421161149789088e-03 +9.9946032996891798e-01 +9.9997688561063569e-01 +2.6452178204906102e-04 +2.9826263853320047e-04
 82.00000000 +2.0000000000000000e+00 +1.9999270731988774e+00 +2.2084375923817805e-03 +9.9903311375393200e-01 +9.9996991274226343e-01 +5.4652681718567544e-04 +4.5044668612765937e-04
 82.50000000 +2.0000000000000000e+00 +1.9999263308579167e+00 +2.1005915428487258e-03 +9.9931915062041199e-01 +9.9995338925721766e-01 +4.1952634270520014e-04 +3.0793377986227088e-04
 83.00000000 +2.0000000000000000e+00 +1.9999314268172759e+00 +1.9785857837340570e-03 +9.9962863177103611e-01 +9.9997739364783467e-01 +2.4402335246701343e-04 +1.4995122895322015e-04
 83.50000000 +2.0000000000000000e+00 +1.9999259934244877e+00 +2.2306645412519823e-03 +9.9896046752267487e-01 +9.9998586159088931e-01 +4.9353784042286146e-04 +5.6013304573432517e-04
 84.00000000 +2.0000000000000000e+00 +1.9999542073702696e+00 +2.1406830708639644e-03 +9.9923188471740498e-01 +9.9999196611943164e-01 +5.7393792677793603e-04 +2.0221123606157704e-04
 84.50000000 +2.0000000000000000e+00 +1.9999419673214094e+00 +2.0854676225278436e-03 +9.9935336601448910e-01 +9.9997545151593181e-01 +3.9073273871541054e-04 +2.8044973033377756e-04
 85.00000000 +2.0000000000000000e+00 +1.9999685519496708e+00 +1.9966934725196431e-03 +9.9959713784611470e-01 +9.9997187456906611e-01 +2.4170296856866247e-04 +1.8928461562112500e-04
 85.50000000 +2.0000000000000000e+00 +1.9999423841190989e+00 +2.1204482387561178e-03 +9.9927483248187476e-01 +9.9997404172561499e-01 +4.3392382957431952e-04 +3.1720196355616587e-04
 86.00000000 +2.0000000000000000e+00 +1.9999312855608136e+00 +2.1140846111124094e-03 +9.9928065938102806e-01 +9.9997994259526402e-01 +4.8464481759292154e-04 +2.5475320627875453e-04
 86.50000000 +2.0000000000000000e+00 +1.9999370093762614e+00 +2.0864487336881396e-03 +9.9936490899731212e-01 +9.9998510649419048e-01 +4.7773345308897079e-04 +1.7225105541388418e-04
 87.00000000 +2.0000000000000000e+00 +1.9999193390767451e+00 +2.1673519957571613e-03 +9.9914746288343970e-01 +9.9996151885532703e-01 +4.7487475823056939e-04 +4.1614350237502781e-04
 87.50000000 +2.0000000000000000e+00 +1.9999082537898052e+00 +2.1610546885846862e-03 +9.9914790970341993e-01 +9.9996636963635321e-01 +4.5254021914669534e-04 +4.3318044095922429e-04
 88.00000000 +2.0000000000000000e+00 +1.9999598045085649e+00 +2.1425474111671510e-03 +9.9922685213763918e-01 +9.9999451339547618e-01 +2.0265500056797556e-04 +5.7597946654309421e-04
 88.50000000 +2.0000000000000000e+00 +1.9999273047544630e+00 +2.0745682780699054e-03 +9.9939865356189928e-01 +9.9997606788356397e-01 +4.9034123220241305e-04 +1.3493732287411542e-04
 89.00000000 +2.0000000000000000e+00 +1.9999168459481389e+00 +2.2999926189044037e-03 +9.9881957971475122e-01 +9.9997977627388546e-01 +4.9997294384440736e-04 +7.0067106777990640e-04
 89.50000000 +2.0000000000000000e+00 +1.9999038820898065e+00 +2.2173080660186609e-03 +9.9901919044584608e-01 +9.9995942115247916e-01 +4.4470571747135966e-04 +5.7668268377357619e-04
 90.00000000 +2.0000000000000000e+00 +1.9999551043287023e+00 +2.1987651964983940e-03 +9.9907865490480685e-01 +9.9995677580970743e-01 +4.7572453310839593e-04 +4.8884475259563707e-04
 90.50000000 +2.0000000000000000e+00 +1.9999298554419016e+00 +2.0850278770575058e-03 +9.9935272752215010e-01 +9.9995815806131993e-01 +3.3534591134402696e-04 +3.5376850561747754e-04
 91.00000000 +2.0000000000000000e+00 +1.9999047485909685e+00 +2.1574579931999635e-03 +9.9914794240071081e-01 +9.9996990334818914e-01 +2.6884179175670710e-04 +6.1331245918127490e-04
 91.50000000 +2.0000000000000000e+00 +1.9999190164364036e+00 +2.1242625685146317e-03 +9.9925341884482444e-01 +9.9999420266252614e-01 +3.1400228059382039e-04 +4.3837621138357094e-04
 92.00000000 +2.0000000000000000e+00 +1.9999323508762270e+00 +2.1528896298718871e-03 +9.9917531643543700e-01 +9.9998380343722970e-01 +5.4674170383116089e-04 +2.9413842355707987e-04
 92.50000000 +2.0000000000000000e+00 +1.9999169710248528e+00 +2.1204171077397835e-03 +9.9928024651646996e-01 +9.9996392821725533e-01 +4.8304910265788294e-04 +2.7277616374855982e-04
 93.00000000 +2.0000000000000000e+00 +1.9999405338213725e+00 +2.0520224100974167e-03 +9.9943442337529542e-01 +9.9995124622912546e-01 +3.6111156626853440e-04 +2.5321882969646788e-04
 93.50000000 +2.0000000000000000e+00 +1.9999339080758514e+00 +1.9616853105337236e-03 +9.9967152999511966e-01 +9.9996301290962408e-01 +2.5717142619703832e-05 +3.3973995315513125e-04
 94.00000000 +2.0000000000000000e+00 +1.9999885647836180e+00 +2.0119811494425043e-03 +9.9956632000726975e-01 +9.9998824095688110e-01 +3.2100544353459373e-04 +1.2443359244963603e-04
 94.50000000 +2.0000000000000000e+00 +1.9999147716298349e+00 +2.0809060843585488e-03 +9.9938190985320774e-01 +9.9999148521487291e-01 +4.3902959646709144e-04 +1.8757533491005002e-04
 95.00000000 +2.0000000000000000e+00 +1.9998929866496755e+00 +2.1621873251769213e-03 +9.9916583144495019e-01 +9.9996213825946390e-01 +3.4796634234248141e-04 +5.2406395362808683e-04
 95.50000000 +2.0000000000000000e+00 +1.9998912226335313e+00 +2.1767478860219170e-03 +9.9914150849107064e-01 +9.9993338840189949e-01 +2.8412600404043357e-04 +6.4097710300619606e-04
 96.00000000 +2.0000000000000000e+00 +1.9998713147660407e+00 +2.2684799891083515e-03 +9.9888267077501358e-01 +9.9995217775902523e-01 +4.5258082608814381e-04 +7.1257063983863242e-04
 96.50000000 +2.0000000000000000e+00 +1.9998977557893849e+00 +2.3887503567712374e-03 +9.9859192490198079e-01 +9.9994882785890760e-01 +6.2411284700098683e-04 +8.3513439211941860e-04
 97.00000000 +2.0000000000000000e+00 +1.9998924287890232e+00 +2.1205641314579957e-03 +9.9924902964213858e-01 +9.9996288351545637e-01 +2.9754209949708991e-04 +4.9054474295650652e-04
 97.50000000 +2.0000000000000000e+00 +1.9998731023576590e+00 +2.1705568060397216e-03 +9.9911595086157601e-01 +9.9993330177390283e-01 +2.9334860756446740e-04 +6.5739875746903640e-04
 98.00000000 +2.0000000000000000e+00 +1.9998756189982625e+00 +2.1219357585942357e-03 +9.9926109914094718e-01 +9.9998275176399876e-01 +4.0780969392805296e-04 +3.4833940047650642e-04
 98.50000000 +2.0000000000000000e+00 +1.9998557297500585e+00 +2.2614923475793381e-03 +9.9889605158969452e-01 +9.9996918919643329e-01 +6.1535524050363214e-04 +5.1940397399700120e-04
 99.00000000 +2.0000000000000000e+00 +1.9998601733782824e+00 +2.2501840693986957e-03 +9.9892755963982016e-01 +9.9997671932683752e-01 +5.5272796062294180e-04 +5.4299307216389278e-04
 99.50000000 +2.0000000000000000e+00 +1.9998715068476165e+00 +2.2443967944641386e-03 +9.9894030491834995e-01 +9.9995282175557154e-01 +4.3370681450203338e-04 +6.7316651157363230e-04
100.00000000 +2.0000000000000000e+00 +1.9999219272210491e+00 +2.0989665063681721e-03 +9.9933389620505375e-01 +9.9996271664670300e-01 +1.8452497300058322e-04 +5.1886217458531174e-04
