#PATCH_CHECK: SepMBpoisson v0.61 exact-bernoulli stratified-backward active
#discretizing the bath:
#     0 0.0000000000000000e+00 -6.3189999999999946e-01
#     1 5.7735026918962571e-03 -2.9399457740523993e-01
#     2 5.7735026918962571e-03 -2.6897322883668501e-01
#     3 5.7735026918962571e-03 -2.4162095552888979e-01
#     4 5.7735026918962571e-03 -2.1212175107428391e-01
#     5 5.7735026918962571e-03 -1.8062183155890651e-01
#     6 5.7735026918962571e-03 -1.4724104105906932e-01
#     7 5.7735026918962571e-03 -1.1207994535107946e-01
#     8 5.7735026918962571e-03 -7.5224509027382702e-02
#     9 5.7735026918962571e-03 -3.6749322175655019e-02
#sampling: jump_strength=1.4433756729740645e-02 jump_probability=1.4228387643833112e-02 log_scale=1.4330581680401275e-02 back_replicas=4 stratify_forward=0
#adaptive measurement: gap=3.1499919515377395e-02 period_steps=399 nmeas=76 nwf=150 tmax=7.5000000000000000e+01 forced_stride=0
  0.00000000 +5.0000000000000000e+00 +1.9999999999999998e+00 +1.8374661879283106e-03 +1.0000000000000000e+00 +1.0000000000000000e+00 +1.0000000000000000e+00 +1.0000000000000000e+00 +1.0000000000000000e+00 +0.0000000000000000e+00 +0.0000000000000000e+00 +0.0000000000000000e+00 +0.0000000000000000e+00 +0.0000000000000000e+00
  0.50000000 +5.0000000000000000e+00 +1.9999999998574149e+00 +1.8539217404693229e-03 +9.9995822333917950e-01 +9.9999999999922462e-01 +9.9999999999922462e-01 +9.9999999999922462e-01 +9.9999999999922462e-01 +8.3313190734317846e-06 +8.4748110363836860e-06 +8.3664599623179648e-06 +8.3488895178748756e-06 +8.2551804808450633e-06
  1.00000000 +5.0000000000000000e+00 +1.9999999921481064e+00 +1.8999528419382300e-03 +9.9984129292825974e-01 +9.9999999963902009e-01 +9.9999999968189990e-01 +9.9999999969047582e-01 +9.9999999958756436e-01 +3.1788947533904652e-05 +3.2003078162621312e-05 +3.1904422989002404e-05 +3.1909768704211500e-05 +3.1102251450392864e-05
  1.50000000 +5.0000000000000000e+00 +1.9999999845067482e+00 +1.9664040640935232e-03 +9.9967227960789540e-01 +9.9999999701938880e-01 +9.9999999717015553e-01 +9.9999999687917329e-01 +9.9999999706175324e-01 +6.6808384565059743e-05 +6.6701804193534367e-05 +6.5982400881602009e-05 +6.4975471327907591e-05 +6.3264239040054402e-05
  2.00000000 +5.0000000000000000e+00 +1.9999999900283476e+00 +2.0380208414389291e-03 +9.9948970410555060e-01 +9.9999998733240048e-01 +9.9999998840188087e-01 +9.9999998877971097e-01 +9.9999998867494866e-01 +1.0564847560817408e-04 +1.0528039547888478e-04 +1.0360047262096560e-04 +9.9549592141328407e-05 +9.6263756674425574e-05
  2.50000000 +5.0000000000000000e+00 +1.9999999882360320e+00 +2.1010091714358937e-03 +9.9932845098058454e-01 +9.9999996919927914e-01 +9.9999997107576366e-01 +9.9999997141543262e-01 +9.9999997036378774e-01 +1.4220770390958301e-04 +1.4053369492752555e-04 +1.3654960198698806e-04 +1.2894474537557808e-04 +1.2343115135828383e-04
  3.00000000 +5.0000000000000000e+00 +1.9999999963956114e+00 +2.1431039944351023e-03 +9.9921966369275783e-01 +9.9999993756523586e-01 +9.9999994253979563e-01 +9.9999994344528165e-01 +9.9999994110489510e-01 +1.7056830110844857e-04 +1.6749153938556060e-04 +1.5837983531042955e-04 +1.4589648979093875e-04 +1.3823551001139665e-04
  3.50000000 +5.0000000000000000e+00 +1.9999999931085779e+00 +2.1540051169488214e-03 +9.9918971622787145e-01 +9.9999989753746255e-01 +9.9999990055954602e-01 +9.9999990654086013e-01 +9.9999990147276752e-01 +1.8626310983270252e-04 +1.7816591290659346e-04 +1.6333374040767090e-04 +1.4821184114578742e-04 +1.3470306064404576e-04
  4.00000000 +5.0000000000000000e+00 +1.9999998761850146e+00 +2.1328742268153819e-03 +9.9924115444936357e-01 +9.9999983634424494e-01 +9.9999984274000187e-01 +9.9999985404918290e-01 +9.9999985201400465e-01 +1.8293921365555236e-04 +1.7238093139147168e-04 +1.5435743227404158e-04 +1.3214579480690247e-04 +1.1763701607127926e-04
  4.50000000 +5.0000000000000000e+00 +2.0000000814129395e+00 +2.0847704119527472e-03 +9.9936172021253034e-01 +9.9999976742130492e-01 +9.9999978474629825e-01 +9.9999979344866896e-01 +9.9999979334547440e-01 +1.6742557780649039e-04 +1.5056576257066251e-04 +1.2745170367303317e-04 +1.0569215784414054e-04 +8.8005574923859451e-05
  5.00000000 +5.0000000000000000e+00 +1.9999999987115880e+00 +2.0208344665914734e-03 +9.9952357082920007e-01 +9.9999970567520358e-01 +9.9999972405572557e-01 +9.9999973821473453e-01 +9.9999972538076309e-01 +1.3754293578008956e-04 +1.1669373602125139e-04 +9.6142579189653529e-05 +7.3195363228054249e-05 +5.3961192327568423e-05
  5.50000000 +5.0000000000000000e+00 +2.0000000598973680e+00 +1.9526211773346720e-03 +9.9969777611046162e-01 +9.9999963444841511e-01 +9.9999969118226995e-01 +9.9999969179153680e-01 +9.9999967484424235e-01 +9.7563379172881326e-05 +8.0336252112850654e-05 +5.7929972285049124e-05 +3.8294829442791736e-05 +2.9407210738580095e-05
  6.00000000 +5.0000000000000000e+00 +2.0000004092250729e+00 +1.8934560501740537e-03 +9.9985044734220885e-01 +9.9999959359335100e-01 +9.9999962076914894e-01 +9.9999965769478849e-01 +9.9999962700648315e-01 +6.2427170183916036e-05 +4.3000150144404540e-05 +2.9447561191190768e-05 +1.1999447014775671e-05 +4.1792692472796038e-06
  6.50000000 +5.0000000000000000e+00 +2.0000006655653872e+00 +1.8622230893010172e-03 +9.9993335866488220e-01 +9.9999960372009122e-01 +9.9999961090823763e-01 +9.9999961986443919e-01 +9.9999958767777086e-01 +2.4680243819576800e-05 +2.0699658676094139e-05 +8.2045240269433352e-06 +4.9949170393818381e-06 +9.6398008602929876e-06
  7.00000000 +5.0000000000000000e+00 +2.0000007080720024e+00 +1.8520498738323220e-03 +9.9996345889547178e-01 +9.9999956206833140e-01 +9.9999957405513051e-01 +9.9999962103895201e-01 +9.9999962187993630e-01 +7.1414474856799101e-06 +5.7081348643081454e-06 +3.3724470804344769e-06 +6.7661903715455701e-06 +1.5173907997942077e-05
  7.50000000 +5.0000000000000000e+00 +2.0000010678122417e+00 +1.8707994913028788e-03 +9.9991992941135255e-01 +9.9999958570665326e-01 +9.9999958443574444e-01 +9.9999958938079636e-01 +9.9999961646046887e-01 +4.8311175300019897e-06 +2.0472600698725737e-06 +8.9328262784649000e-06 +2.9634026689845515e-05 +3.6249394618061140e-05
  8.00000000 +5.0000000000000000e+00 +2.0000005984410461e+00 +1.9189206469994232e-03 +9.9980037201341998e-01 +9.9999961953063676e-01 +9.9999962786912377e-01 +9.9999959768006463e-01 +9.9999962295194955e-01 +1.6018566522810561e-05 +1.9252012947047956e-05 +4.2210128529898283e-05 +5.2632468062220310e-05 +7.1046768741922316e-05
  8.50000000 +5.0000000000000000e+00 +2.0000003590868110e+00 +1.9780148896102983e-03 +9.9965117709461004e-01 +9.9999961893999678e-01 +9.9999954577223371e-01 +9.9999961608638976e-01 +9.9999958746605211e-01 +3.7443847065132806e-05 +5.7983557536518191e-05 +7.0234921997409876e-05 +8.9163686355888641e-05 +9.5628615364152172e-05
  9.00000000 +5.0000000000000000e+00 +2.0000002727768642e+00 +2.0362864719680211e-03 +9.9950211508598441e-01 +9.9999957714731069e-01 +9.9999957839582887e-01 +9.9999962890743355e-01 +9.9999954294514903e-01 +6.9202915191144554e-05 +8.2395902783336260e-05 +1.0716282162980922e-04 +1.1348228710571028e-04 +1.2731363190022333e-04
  9.50000000 +5.0000000000000000e+00 +1.9999996358748067e+00 +2.0961617214796473e-03 +9.9934654835871417e-01 +9.9999953537531971e-01 +9.9999960771939433e-01 +9.9999958926206400e-01 +9.9999951065661286e-01 +1.1722920137991213e-04 +1.2702423280362837e-04 +1.4182091495783383e-04 +1.3166493851514893e-04 +1.3746928681574456e-04
 10.00000000 +5.0000000000000000e+00 +2.0000005715659928e+00 +2.1253065193797779e-03 +9.9926736720121434e-01 +9.9999961974111984e-01 +9.9999948047395593e-01 +9.9999945514931732e-01 +9.9999947872111239e-01 +1.4536818201678583e-04 +1.5549330201640641e-04 +1.5617433447998155e-04 +1.3708086802920096e-04 +1.4048205757401569e-04
 10.50000000 +5.0000000000000000e+00 +2.0000013058945831e+00 +2.1281042279028685e-03 +9.9925492870062882e-01 +9.9999943825354143e-01 +9.9999948471841005e-01 +9.9999927646348929e-01 +9.9999933304568833e-01 +1.7298790131054640e-04 +1.6777225353255994e-04 +1.6002652300021506e-04 +1.3703137225530554e-04 +1.0972071810407090e-04
 11.00000000 +5.0000000000000000e+00 +2.0000005475900138e+00 +2.1046251369686779e-03 +9.9930934128834115e-01 +9.9999931506450201e-01 +9.9999922993010748e-01 +9.9999928130262716e-01 +9.9999919297403106e-01 +1.8739834464776410e-04 +1.6917098356633342e-04 +1.3939702771240893e-04 +1.1137429054190208e-04 +8.6298796239008964e-05
 11.50000000 +5.0000000000000000e+00 +2.0000000390235066e+00 +2.0656684623629271e-03 +9.9940474206209429e-01 +9.9999917654609893e-01 +9.9999911383224349e-01 +9.9999914135911416e-01 +9.9999916855558368e-01 +1.8991725567089185e-04 +1.5324914607592937e-04 +1.1768056194053745e-04 +8.3495790157221865e-05 +5.4314862224512967e-05
 12.00000000 +5.0000000000000000e+00 +1.9999990894002879e+00 +2.0063120686042266e-03 +9.9955330712992263e-01 +9.9999908949024829e-01 +9.9999894679800250e-01 +9.9999904686232466e-01 +9.9999878972315814e-01 +1.7013166995332181e-04 +1.2570612387603040e-04 +8.1790432622080820e-05 +4.5872156690506087e-05 +2.7319582976819424e-05
 12.50000000 +5.0000000000000000e+00 +2.0000002469797202e+00 +1.9550014952077373e-03 +9.9968612411357571e-01 +9.9999896272513089e-01 +9.9999887495663908e-01 +9.9999877845893592e-01 +9.9999886838914087e-01 +1.3562639306485976e-04 +8.8999204783889546e-05 +5.1319271694205451e-05 +2.8242214659690032e-05 +1.4204264152377740e-05
 13.00000000 +5.0000000000000000e+00 +2.0000000267132667e+00 +1.9037538665341799e-03 +9.9982089296259913e-01 +9.9999888729331177e-01 +9.9999871863243184e-01 +9.9999877468529541e-01 +9.9999879417706306e-01 +9.1712155708470713e-05 +4.6684468387283097e-05 +2.6256995339951611e-05 +1.9561648518645725e-05 -2.8297069964339923e-07
 13.50000000 +5.0000000000000000e+00 +1.9999991792114058e+00 +1.8928564608017837e-03 +9.9985384257301624e-01 +9.9999894702183922e-01 +9.9999859424080972e-01 +9.9999878566265266e-01 +9.9999852686056712e-01 +7.2522844221265643e-05 +3.2018502231811109e-05 +5.1273419643565087e-06 +2.2687052353838080e-05 +1.8947899877833561e-05
 14.00000000 +5.0000000000000000e+00 +1.9999984506920407e+00 +1.8773311284002224e-03 +9.9989935062731772e-01 +9.9999867649420748e-01 +9.9999876625385675e-01 +9.9999859366236510e-01 +9.9999870190565032e-01 +3.3118365870649780e-05 +7.2379827011805567e-06 +9.0893206249003162e-06 +2.2033364567764904e-05 +3.4432022134292126e-05
 14.50000000 +5.0000000000000000e+00 +1.9999995153083219e+00 +1.9169883976401317e-03 +9.9980478225366665e-01 +9.9999868179414164e-01 +9.9999904018866625e-01 +9.9999911314588086e-01 +9.9999858300865341e-01 +2.1993381466374108e-05 +4.4150342698955440e-06 +2.8098463969572009e-05 +5.8850172828310651e-05 +8.6442564449935207e-05
 15.00000000 +5.0000000000000000e+00 +1.9999986981761075e+00 +1.9537854815401367e-03 +9.9971405286657788e-01 +9.9999890411709680e-01 +9.9999869801678143e-01 +9.9999884336263423e-01 +9.9999849448914602e-01 +1.8764816926514701e-05 +3.4790765081246536e-05 +4.9515628990604124e-05 +8.0404384951022581e-05 +1.0753160051020387e-04
 15.50000000 +5.0000000000000000e+00 +1.9999977317034114e+00 +1.9882374037083184e-03 +9.9962903408265180e-01 +9.9999913301570953e-01 +9.9999850444319782e-01 +9.9999863036955716e-01 +9.9999902132184715e-01 +4.6153128509655632e-05 +3.1133930244036486e-05 +7.0034542526615389e-05 +9.9867334911176562e-05 +1.2848785446531094e-04
 16.00000000 +5.0000000000000000e+00 +1.9999975341361356e+00 +2.0395124247334605e-03 +9.9949587349109981e-01 +9.9999902899094573e-01 +9.9999872768215226e-01 +9.9999901145821546e-01 +9.9999853725905452e-01 +7.0347985625497393e-05 +7.4497784688984270e-05 +1.1196950203029400e-04 +1.2166526732746302e-04 +1.3034057712793217e-04
 16.50000000 +5.0000000000000000e+00 +1.9999976396587136e+00 +2.0569021085409334e-03 +9.9944772572888052e-01 +9.9999906625558332e-01 +9.9999922518254802e-01 +9.9999834777633601e-01 +9.9999812686126444e-01 +6.8070335297054543e-05 +1.1606752265569831e-04 +1.1164100119903200e-04 +1.4874059197384911e-04 +1.1298876797824242e-04
 17.00000000 +5.0000000000000000e+00 +1.9999950828437880e+00 +2.0863256400822363e-03 +9.9936702721489423e-01 +9.9999919327326314e-01 +9.9999874826936341e-01 +9.9999880482176629e-01 +9.9999868811310422e-01 +1.1002323245786429e-04 +1.2490078369249089e-04 +1.5659016595011383e-04 +1.5152561938089579e-04 +9.4498545673041653e-05
 17.50000000 +5.0000000000000000e+00 +1.9999961388409770e+00 +2.0905366616951783e-03 +9.9934936320168122e-01 +9.9999917523671178e-01 +9.9999890512006717e-01 +9.9999901746917996e-01 +9.9999762945895343e-01 +1.5344970100361619e-04 +1.6799968746933228e-04 +1.6142897345553515e-04 +1.2416859425196382e-04 +4.8862586028904773e-05
 18.00000000 +5.0000000000000000e+00 +1.9999954437079621e+00 +2.0678522892190821e-03 +9.9940097363543534e-01 +9.9999886401806415e-01 +9.9999857724042474e-01 +9.9999876658357545e-01 +9.9999869336130864e-01 +1.7323245610292119e-04 +1.4874897942413365e-04 +1.4480333817446910e-04 +7.4588507128082066e-05 +6.2751906812608438e-05
 18.50000000 +5.0000000000000000e+00 +1.9999959807176395e+00 +2.0412232891116587e-03 +9.9946645600760364e-01 +9.9999878454841695e-01 +9.9999946369091897e-01 +9.9999872051830641e-01 +9.9999743349442771e-01 +1.6863472182535947e-04 +1.5737926985832731e-04 +1.1427046664611279e-04 +6.6872293282059953e-05 +3.1984987572883284e-05
 19.00000000 +5.0000000000000000e+00 +1.9999940166256913e+00 +2.0165900277959526e-03 +9.9952759999008134e-01 +9.9999940605668503e-01 +9.9999920263040054e-01 +9.9999826530711478e-01 +9.9999831485186386e-01 +1.6213671274258363e-04 +1.5473058628318476e-04 +9.6542586636911207e-05 +2.6288267213163922e-05 +3.7512989069402473e-05
 19.50000000 +5.0000000000000000e+00 +1.9999987707410043e+00 +1.9912931999831137e-03 +9.9959557022098444e-01 +9.9999900722478030e-01 +9.9999796496057802e-01 +9.9999734038543686e-01 +9.9999809088039759e-01 +1.6230049294759183e-04 +1.3641491795870188e-04 +3.9566129522455112e-05 +2.0208377599450277e-05 +5.3536374604135719e-05
 20.00000000 +5.0000000000000000e+00 +1.9999982202619926e+00 +1.9517206561481288e-03 +9.9969927085781352e-01 +9.9999939728057807e-01 +9.9999822942452232e-01 +9.9999886534039362e-01 +9.9999753396735447e-01 +1.4328696676676070e-04 +9.9315860648347315e-05 +2.6041889906728159e-05 +2.4139049726643956e-05 +1.3919334577723469e-05
 20.50000000 +5.0000000000000000e+00 +1.9999970014603392e+00 +1.9721116068365896e-03 +9.9965169866868753e-01 +9.9999860077301472e-01 +9.9999880684283637e-01 +9.9999847843599687e-01 +9.9999744581336159e-01 +1.3561946647390292e-04 +3.6972827420610534e-05 +3.9227134985122468e-05 +5.4104573339011903e-05 +8.9045450663326087e-05
 21.00000000 +5.0000000000000000e+00 +1.9999961221495408e+00 +1.9316848249927715e-03 +9.9976005624670194e-01 +9.9999917149999895e-01 +9.9999821120925836e-01 +9.9999827856644519e-01 +9.9999649991557549e-01 +4.3865779160028151e-05 +3.9967000663891805e-05 +3.4356458444071897e-05 +7.0143236233398561e-05 +5.9450107728851754e-05
 21.50000000 +5.0000000000000000e+00 +1.9999923688157699e+00 +1.9707917716013500e-03 +9.9966661934320000e-01 +9.9999752203762415e-01 +9.9999894683815693e-01 +9.9999879867953134e-01 +9.9999783161122424e-01 +6.3796615442804924e-05 +2.8527781876887511e-05 +5.3607280931184569e-05 +8.8253050080564760e-05 +1.0609678206316174e-04
 22.00000000 +5.0000000000000000e+00 +2.0000009150558906e+00 +1.9342150306780376e-03 +9.9976290567991566e-01 +9.9999745902713488e-01 +9.9999725701546960e-01 +9.9999922134449171e-01 +9.9999799732429462e-01 +1.9976622469768401e-05 -2.1310090034905615e-05 +3.7804275369619874e-05 +9.8051864791345129e-05 +1.1063694787817088e-04
 22.50000000 +5.0000000000000000e+00 +1.9999949484646429e+00 +1.9916125043801507e-03 +9.9961626953844707e-01 +9.9999735937277567e-01 +9.9999920270205167e-01 +9.9999988107502047e-01 +9.9999843748478956e-01 -1.7664162264910766e-05 +2.2029932902919176e-05 +1.2754733808609543e-04 +1.1915429949424343e-04 +1.3778242130202195e-04
 23.00000000 +5.0000000000000000e+00 +1.9999923882592796e+00 +1.9667622332410371e-03 +9.9967686241026588e-01 +9.9999961873236887e-01 +9.9999707160743312e-01 +9.9999910019061322e-01 +9.9999663436773201e-01 +4.5407294681981556e-05 +6.3420664958267634e-05 +5.8272652614062889e-05 +1.0736762046525016e-04 +5.6244488311662196e-05
 23.50000000 +5.0000000000000000e+00 +1.9999972433824462e+00 +2.0424117368455369e-03 +9.9948449764544522e-01 +9.9999859319436424e-01 +1.0000014955709744e+00 +9.9999781138774568e-01 +9.9999663705872821e-01 +6.5046158572901731e-05 +7.8030993977109195e-05 +1.0584216163359727e-04 +1.4972447163977395e-04 +1.2232135094296571e-04
 24.00000000 +5.0000000000000000e+00 +1.9999976013587539e+00 +2.0426272065444269e-03 +9.9947429674710397e-01 +9.9999920704826883e-01 +9.9999579738985622e-01 +9.9999811638480762e-01 +9.9999923127224410e-01 +9.4307831290965850e-05 +7.9424650175597989e-05 +1.5352066880044193e-04 +1.1804814567384116e-04 +8.8049885724280944e-05
 24.50000000 +5.0000000000000000e+00 +1.9999917474756015e+00 +2.0660148045871947e-03 +9.9941274037860683e-01 +9.9999882497897974e-01 +9.9999940768206130e-01 +9.9999952731222230e-01 +9.9999879503457412e-01 +1.2674147693166204e-04 +1.4711759960929420e-04 +1.3943649985480598e-04 +9.1368766381115955e-05 +8.6040262601479295e-05
 25.00000000 +5.0000000000000000e+00 +1.9999968200525466e+00 +2.0089998052793879e-03 +9.9955390738415228e-01 +9.9999755574116866e-01 +9.9999750252530906e-01 +9.9999895574678022e-01 +9.9999599352938895e-01 +1.1867770095204198e-04 +1.5019664526919318e-04 +1.3330558282293917e-04 +8.0124070483574036e-05 -2.6218946603653341e-05
 25.50000000 +5.0000000000000000e+00 +1.9999997328530703e+00 +2.0126980764619026e-03 +9.9954444085950345e-01 +9.9999786461165419e-01 +9.9999724826319780e-01 +9.9999835868397535e-01 +9.9999546193178501e-01 +1.2291831405661659e-04 +1.5112445644073461e-04 +1.0189318766358673e-04 +7.3202440043761122e-05 +1.7487242012899223e-05
 26.00000000 +5.0000000000000000e+00 +2.0000026456328373e+00 +2.0163963212906245e-03 +9.9953497440231287e-01 +9.9999817347993858e-01 +9.9999699400289843e-01 +9.9999776162542509e-01 +9.9999493033796882e-01 +1.2715889694268375e-04 +1.5205226100071587e-04 +7.0481016348210158e-05 +6.6280858927320974e-05 +6.1193119180198068e-05
 26.50000000 +5.0000000000000000e+00 +2.0000055583918486e+00 +2.0200945397658376e-03 +9.9952550801258011e-01 +9.9999848234602218e-01 +9.9999673974441083e-01 +9.9999716457112953e-01 +9.9999439874794116e-01 +1.3139944961056648e-04 +1.5298005894920762e-04 +3.9069068874416812e-05 +5.9359327133726451e-05 +1.0489868490157225e-04
 27.00000000 +5.0000000000000000e+00 +2.0000046269094729e+00 +2.0037941261875866e-03 +9.9956965025565825e-01 +9.9999934522587186e-01 +9.9999700002220304e-01 +9.9999754637202543e-01 +9.9999547366276909e-01 +1.1048400184034523e-04 +1.1436852599232928e-04 +4.0060585061988181e-05 +6.1871990248574781e-05 +1.1419936503276901e-04
 27.50000000 +5.0000000000000000e+00 +2.0000036960800487e+00 +1.9875051389109111e-03 +9.9961376155580484e-01 +1.0000002075008581e+00 +9.9999726011754486e-01 +9.9999792790528563e-01 +9.9999654782410019e-01 +8.9583215429030896e-05 +7.5784059037042106e-05 +4.1051406214251300e-05 +6.4382892031026879e-05 +1.2349352555171645e-04
 28.00000000 +5.0000000000000000e+00 +2.0000027659028925e+00 +1.9712275659255671e-03 +9.9965784194554430e-01 +1.0000010691716168e+00 +9.9999752003062869e-01 +9.9999830917119170e-01 +9.9999762123272762e-01 +6.8697074965994983e-05 +3.7226629634134773e-05 +4.2041533061761310e-05 +6.6892034332428172e-05 +1.3278117331121206e-04
 28.50000000 +5.0000000000000000e+00 +1.9999998243392272e+00 +1.9555996453691632e-03 +9.9969811788262786e-01 +9.9999983992061470e-01 +9.9999797408407076e-01 +9.9999772224100114e-01 +9.9999673728521643e-01 +5.0855994445765901e-05 +1.2460411327069564e-05 +5.6519361476527827e-05 +7.6147474999289726e-05 +1.1362534677622477e-04
 29.00000000 +5.0000000000000000e+00 +1.9999968824909167e+00 +1.9399702125541555e-03 +9.9973839771707118e-01 +9.9999861055066241e-01 +9.9999842818145002e-01 +9.9999713525401523e-01 +9.9999585325216844e-01 +3.3013187507271690e-05 -1.2308203519352959e-05 +7.0998590859547704e-05 +8.5403811282411769e-05 +9.4467666599650209e-05
 29.50000000 +5.0000000000000000e+00 +1.9999939403579208e+00 +1.9243392672610314e-03 +9.9977868144944049e-01 +9.9999738106174263e-01 +9.9999888232277268e-01 +9.9999654821022588e-01 +9.9999496913357189e-01 +1.5168653899911133e-05 -3.7079215253006583e-05 +8.5479221414180921e-05 +9.4661043311799074e-05 +7.5308132512419879e-05
 30.00000000 +5.0000000000000000e+00 +1.9999959204328510e+00 +1.9367455984360502e-03 +9.9974789742632275e-01 +9.9999708675858279e-01 +9.9999796835410881e-01 +9.9999675187137949e-01 +9.9999457302512951e-01 +3.0465068943094862e-05 +1.3989747785106207e-05 +1.1423281105287303e-04 +7.2827484390872301e-05 +3.4207456482181210e-05
 30.50000000 +5.0000000000000000e+00 +1.9999979007725439e+00 +1.9491535885049433e-03 +9.9971710928696589e-01 +9.9999679241607076e-01 +9.9999705426323549e-01 +9.9999695555976587e-01 +9.9999417686372238e-01 +4.5763529323360658e-05 +6.5065539432638208e-05 +1.4299024543446503e-04 +5.0991006028522943e-05 -6.8987152630040366e-06
 31.00000000 +5.0000000000000000e+00 +1.9999998813770528e+00 +1.9615632378004563e-03 +9.9968631703054400e-01 +9.9999649803419843e-01 +9.9999614005012694e-01 +9.9999715927538957e-01 +9.9999378064933930e-01 +6.1064035450969671e-05 +1.1614816105929677e-04 +1.7175152533014935e-04 +2.9151607639158773e-05 -4.8010383825486432e-05
 31.50000000 +5.0000000000000000e+00 +2.0000001126356031e+00 +1.9753764427457429e-03 +9.9964845201141450e-01 +9.9999712658762008e-01 +9.9999843750428041e-01 +9.9999846829685080e-01 +9.9999489834917632e-01 +1.0409208598607584e-04 +1.1290793427696349e-04 +1.5140647470589035e-04 +1.6702402137656603e-05 -2.2491663641710842e-05
 32.00000000 +5.0000000000000000e+00 +2.0000003438507266e+00 +1.9891870538650859e-03 +9.9961059410252973e-01 +9.9999775502301258e-01 +1.0000007345270203e+00 +9.9999977707250554e-01 +9.9999601583913289e-01 +1.4711205676893273e-04 +1.0966831594026751e-04 +1.3106524444919380e-04 +4.2555343320272547e-06 +3.0222646694552060e-06
 32.50000000 +5.0000000000000000e+00 +2.0000005750224381e+00 +2.0029950718890165e-03 +9.9957274330188739e-01 +9.9999838334040958e-01 +1.0000030311184691e+00 +1.0000010856024231e+00 +9.9999713311926863e-01 +1.9012395007513512e-04 +1.0642930587784533e-04 +1.1072783348408517e-04 -8.1889964361217585e-06 +2.8531402457602541e-05
 33.00000000 +5.0000000000000000e+00 +1.9999976321961814e+00 +2.0076620132655357e-03 +9.9956248631489275e-01 +9.9999786003000346e-01 +1.0000001047549674e+00 +1.0000004844902541e+00 +9.9999717767851704e-01 +1.8151207338215668e-04 +8.8072935436036323e-05 +8.3807490664041575e-05 +4.1473903130438992e-05 +4.7020315448746172e-05
 33.50000000 +5.0000000000000000e+00 +1.9999946876957979e+00 +2.0123316095913531e-03 +9.9955222349286021e-01 +9.9999733642189437e-01 +9.9999717672670385e-01 +9.9999988303612197e-01 +9.9999722226311460e-01 +1.7289529752843451e-04 +6.9706122344770951e-05 +5.6871833285806531e-05 +9.1165055136816403e-05 +6.5519746490710765e-05
 34.00000000 +5.0000000000000000e+00 +1.9999917415198578e+00 +2.0170038631326529e-03 +9.9954195483080899e-01 +9.9999681251582828e-01 +9.9999424703225703e-01 +9.9999928123973492e-01 +9.9999726687308288e-01 +1.6427361833219628e-04 +5.1328857690526160e-05 +2.9920848277346127e-05 +1.4088448369842065e-04 +8.4029704561379716e-05
 34.50000000 +5.0000000000000000e+00 +1.9999939251493819e+00 +1.9941030287447753e-03 +9.9960158828591716e-01 +9.9999712475641300e-01 +9.9999564626080484e-01 +9.9999860527828044e-01 +9.9999718385874814e-01 +1.3961018352751727e-04 +2.5621680489758114e-05 +2.1594634589073042e-05 +1.4207251639431132e-04 +8.0952543953986367e-05
 35.00000000 +5.0000000000000000e+00 +1.9999961077532951e+00 +1.9712129504516514e-03 +9.9966119373230355e-01 +9.9999743685034403e-01 +9.9999704483216090e-01 +9.9999792963431278e-01 +9.9999710088340354e-01 +1.1495833267813141e-04 -7.3422529381698689e-08 +1.3272331568064689e-05 +1.4325999109340452e-04 +7.7876828631533586e-05
 35.50000000 +5.0000000000000000e+00 +1.9999982893323220e+00 +1.9483336206771564e-03 +9.9972077118969671e-01 +9.9999774879772507e-01 +9.9999844274678884e-01 +9.9999725430760800e-01 +9.9999701794702212e-01 +9.0318057624803311e-05 -2.5756459871422910e-05 +4.9539364598167366e-06 +1.4444690818872901e-04 +7.4802557576025383e-05
 36.00000000 +5.0000000000000000e+00 +2.0000029136564379e+00 +1.9615135231720324e-03 +9.9968753183847525e-01 +9.9999801425758250e-01 +9.9999611453858928e-01 +9.9999612368922230e-01 +9.9999705480399581e-01 +7.5222937789473591e-05 +1.6447957750962208e-05 +2.5194249511822864e-05 +1.2994695116218109e-04 +7.8348767188344851e-05
 36.50000000 +5.0000000000000000e+00 +2.0000075380833637e+00 +1.9746937186889443e-03 +9.9965429174826026e-01 +9.9999827972334121e-01 +9.9999378627862778e-01 +9.9999499304570016e-01 +9.9999709166178885e-01 +6.0127482352059481e-05 +5.8653313682594225e-05 +4.5435012556364532e-05 +1.1544667176549935e-04 +8.1895055641730184e-05
 37.00000000 +5.0000000000000000e+00 +2.0000121626131033e+00 +1.9878742072376638e-03 +9.9962105091902698e-01 +9.9999854519500220e-01 +9.9999145796690248e-01 +9.9999386237704047e-01 +9.9999712852040090e-01 +4.5031691301368942e-05 +1.0085960795476490e-04 +6.5676225608448575e-05 +1.0094606998793300e-04 +8.5441422938810666e-05
 37.50000000 +5.0000000000000000e+00 +2.0000073670706571e+00 +1.9889373693921077e-03 +9.9961741220389244e-01 +9.9999879268706693e-01 +9.9999497947174809e-01 +9.9999872162548009e-01 +9.9999735607132123e-01 +5.8579240031837501e-05 +8.7475821448816952e-05 +6.1293221789598390e-05 +9.8731193640111907e-05 +8.6658460391418629e-05
 38.00000000 +5.0000000000000000e+00 +2.0000025728825763e+00 +1.9900002312865277e-03 +9.9961377451641020e-01 +9.9999904010923446e-01 +9.9999849998204460e-01 +1.0000035795015627e+00 +9.9999758355797630e-01 +7.2122962641056588e-05 +7.4095814814118603e-05 +5.6911455825978082e-05 +9.6516942821353550e-05 +8.7875154126284633e-05
 38.50000000 +5.0000000000000000e+00 +1.9999977800482869e+00 +1.9910627930481055e-03 +9.9961013785614461e-01 +9.9999928746153477e-01 +1.0000020194982131e+00 +1.0000084360058696e+00 +9.9999781098039342e-01 +8.5662860749666659e-05 +6.0719586449619653e-05 +5.2530927193265972e-05 +9.4303317266700862e-05 +8.9091504288998124e-05
 39.00000000 +5.0000000000000000e+00 +1.9999927582483388e+00 +1.9895009922933091e-03 +9.9960868858201080e-01 +9.9999459961362236e-01 +1.0000003425762973e+00 +1.0000060747621837e+00 +9.9999472673651213e-01 +8.8687022483998956e-05 +7.6622201118121871e-05 +4.5078039111754618e-05 +5.7368499405065083e-05 +1.2781196588950369e-04
 39.50000000 +5.0000000000000000e+00 +1.9999877363311167e+00 +1.9879391550657204e-03 +9.9960723927403194e-01 +9.9998991165623452e-01 +9.9999866561522011e-01 +1.0000037134633555e+00 +9.9999164242060412e-01 +9.1711254841693609e-05 +9.2525187160980723e-05 +3.7624976982668422e-05 +2.0432819003242771e-05 +1.6653333173040097e-04
 40.00000000 +5.0000000000000000e+00 +1.9999827142966160e+00 +1.9863772813640632e-03 +9.9960578993220706e-01 +9.9998522358936726e-01 +9.9999698861498065e-01 +1.0000013521093831e+00 +9.9998855803266717e-01 +9.4735557825224604e-05 +1.0842854459120552e-04 +3.0171740799910513e-05 -1.6503723968980825e-05 +2.0525560184336548e-04
 40.50000000 +5.0000000000000000e+00 +1.9999877195371172e+00 +1.9683687758038394e-03 +9.9965470273772328e-01 +9.9998919070172931e-01 +9.9999756311783028e-01 +1.0000029017213601e+00 +9.9999105317696135e-01 +8.7462959573383857e-05 +8.2008635526906537e-05 +3.4854445270239532e-05 +1.5314540885863241e-05 +1.4494796053656232e-04
 41.00000000 +5.0000000000000000e+00 +1.9999927244210809e+00 +1.9503615530384833e-03 +9.9970361205904679e-01 +9.9999315753150264e-01 +9.9999813757975609e-01 +1.0000044512229538e+00 +9.9999354814351926e-01 +8.0190879368511361e-05 +5.5590608424640850e-05 +3.9536816178783571e-05 +4.7130539239097586e-05 +8.4644615107196933e-05
 41.50000000 +5.0000000000000000e+00 +1.9999977289485456e+00 +1.9323556129309332e-03 +9.9975251789655062e-01 +9.9999712407871788e-01 +9.9999871200076307e-01 +1.0000060006141762e+00 +9.9999604293236011e-01 +7.2919317155256292e-05 +2.9174463083329735e-05 +4.4218853561182125e-05 +7.8944271332887197e-05 +2.4345565096275158e-05
 42.00000000 +5.0000000000000000e+00 +1.9999994853890084e+00 +1.9677034050325976e-03 +9.9966572088940930e-01 +1.0000003972088023e+00 +9.9999844194042986e-01 +1.0000021149607661e+00 +9.9999652208793233e-01 +7.0955288444518773e-05 +3.6132536620390890e-05 +6.1771603518916634e-05 +1.0623686264599398e-04 +6.1706620540496600e-05
 42.50000000 +5.0000000000000000e+00 +2.0000012421651245e+00 +2.0030579520328154e-03 +9.9957890729551868e-01 +1.0000036709643758e+00 +9.9999817182848871e-01 +9.9999822856481502e-01 +9.9999700133507063e-01 +6.8990884411479451e-05 +4.3091939832604845e-05 +7.9327707775130138e-05 +1.3353466952348528e-04 +9.9074815614220632e-05
 43.00000000 +5.0000000000000000e+00 +2.0000029992769894e+00 +2.0384192558680434e-03 +9.9949207711012333e-01 +1.0000069453456180e+00 +9.9999790166492464e-01 +9.9999434142610966e-01 +9.9999748067380101e-01 +6.7026104948542944e-05 +5.0052673101155753e-05 +9.6887167291414970e-05 +1.6083769346053110e-04 +1.3645015236419804e-04
 43.50000000 +5.0000000000000000e+00 +2.0000030683388990e+00 +2.0136572065596685e-03 +9.9955389766268310e-01 +1.0000033052822181e+00 +1.0000001104753442e+00 +9.9999267262979286e-01 +9.9999652391440341e-01 +7.7727797777051190e-05 +6.9504818538693047e-05 +8.6980449685684398e-05 +1.1011877591237122e-04 +1.0915820015998584e-04
 44.00000000 +5.0000000000000000e+00 +2.0000031373690499e+00 +1.9889065439654737e-03 +9.9961568978734672e-01 +9.9999966689268471e-01 +1.0000023182700528e+00 +9.9999100460086432e-01 +9.9999556759496744e-01 +8.8424569481464907e-05 +8.8948018996857746e-05 +7.7078287638358318e-05 +5.9423181224546976e-05 +8.1878798034133287e-05
 44.50000000 +5.0000000000000000e+00 +2.0000032063674658e+00 +1.9641672602330727e-03 +9.9967745350371873e-01 +9.9999603017586336e-01 +1.0000045250497507e+00 +9.9998933733879491e-01 +9.9999461171518955e-01 +9.9116423455438186e-05 +1.0838228064419288e-04 +6.7180678007880244e-05 +8.7508933133916961e-06 +5.4611937331986784e-05
 45.00000000 +5.0000000000000000e+00 +2.0000049002114095e+00 +1.9744985763267028e-03 +9.9965437150864622e-01 +9.9999934275302782e-01 +9.9999330043517864e-01 +9.9999274490523615e-01 +9.9999409127160410e-01 +1.2245153741199212e-04 +1.5245679168118638e-04 +6.6438198894333745e-05 -3.2432645534300274e-05 +5.7235238533833260e-05
 45.50000000 +5.0000000000000000e+00 +2.0000065946571630e+00 +1.9848335630632081e-03 +9.9963128131270518e-01 +1.0000026565071272e+00 +9.9998207183258114e-01 +9.9999615368236128e-01 +9.9999357064310868e-01 +1.4579494216799410e-04 +1.9654696207739540e-04 +6.5695455983257189e-05 -7.3630816599421531e-05 +5.9859471775874467e-05
 46.00000000 +5.0000000000000000e+00 +2.0000082897050486e+00 +1.9951722223991645e-03 +9.9960818291152509e-01 +1.0000059714387888e+00 +9.9997083923983254e-01 +9.9999956367081599e-01 +9.9999304982960491e-01 +1.6914664214272214e-04 +2.4065280017979062e-04 +6.4952449134037549e-05 -1.1484362768144123e-04 +6.2484637554919537e-05
 46.50000000 +5.0000000000000000e+00 +2.0000176645717933e+00 +1.9986505017011314e-03 +9.9960225844376294e-01 +1.0000020695739640e+00 +9.9998301449262528e-01 +9.9999984662684827e-01 +9.9999178518825949e-01 +1.8893210905485916e-04 +1.7750259673727541e-04 +5.0812259890178545e-05 -5.4040329430443723e-05 +5.7819036548126542e-05
 47.00000000 +5.0000000000000000e+00 +2.0000270396240030e+00 +2.0021288498145474e-03 +9.9959633385879576e-01 +9.9999816763194760e-01 +9.9999518998628323e-01 +1.0000001295884784e+00 +9.9999052052189541e-01 +2.0871796738658710e-04 +1.1435114398247909e-04 +3.6671790908312118e-05 +6.7641717035706968e-06 +5.3153343240876569e-05
 47.50000000 +5.0000000000000000e+00 +2.0000364148616829e+00 +2.0056072667414553e-03 +9.9959040915662045e-01 +9.9999426561273774e-01 +1.0000073657208135e+00 +1.0000004125557063e+00 +9.9998925583051168e-01 +2.2850421714952146e-04 +5.1198441878328273e-05 +2.2531042180137030e-05 +6.7569875756297656e-05 +4.8487557630430579e-05
 48.00000000 +5.0000000000000000e+00 +2.0000253931561205e+00 +2.0528625391156474e-03 +9.9946796966354967e-01 +9.9999868100455636e-01 +1.0000063565279791e+00 +1.0000017120133795e+00 +9.9999072630035923e-01 +2.0581832744521542e-04 +6.1573822437880496e-05 +8.3701827442550801e-05 +1.3685428751231805e-04 +4.6606232490341161e-05
 48.50000000 +5.0000000000000000e+00 +2.0000143645556614e+00 +2.1001473731771972e-03 +9.9934545357547011e-01 +1.0000030991585311e+00 +1.0000053467038195e+00 +1.0000030122839605e+00 +9.9999219769009495e-01 +1.8311824602969574e-04 +7.1955693569614512e-05 +1.4491087958056324e-04 +2.0618204182073862e-04 +4.4723730441457996e-05
 49.00000000 +5.0000000000000000e+00 +2.0000033290538339e+00 +2.1474617966743348e-03 +9.9922286082048506e-01 +1.0000075200772545e+00 +1.0000043362477422e+00 +1.0000043133682119e+00 +9.9999367000058259e-01 +1.6040395958183941e-04 +8.2344061365939345e-05 +2.0615823451357456e-04 +2.7555317936526965e-04 +4.2840050379069558e-05
 49.50000000 +5.0000000000000000e+00 +1.9999961982079344e+00 +2.1109479686387969e-03 +9.9930486984097422e-01 +1.0000039322568108e+00 +1.0000076945161165e+00 +1.0000012843317929e+00 +9.9999607774115173e-01 +1.7592022519498057e-04 +6.1817592386422055e-05 +1.7964677212289993e-04 +2.0676970001179512e-04 +6.1987021964889652e-05
 50.00000000 +5.0000000000000000e+00 +1.9999890673973031e+00 +2.0744343211954964e-03 +9.9938687845585839e-01 +1.0000003444541119e+00 +1.0000110527678809e+00 +9.9999825531035480e-01 +9.9999848546981229e-01 +1.9143641406686290e-04 +4.1291224927921986e-05 +1.5313544085417480e-04 +1.3798656085169719e-04 +8.1133898852491838e-05
 50.50000000 +5.0000000000000000e+00 +1.9999819366219398e+00 +2.0379208543430945e-03 +9.9946888666514055e-01 +9.9999675666915799e-01 +1.0000144110030360e+00 +9.9999522630389781e-01 +1.0000008931865647e+00 +2.0695252619805572e-04 +2.0764958989685988e-05 +1.2662424070642654e-04 +6.9203761882452101e-05 +1.0028068104257866e-04
 51.00000000 +5.0000000000000000e+00 +1.9999833395820750e+00 +2.0237422163528209e-03 +9.9950774619462113e-01 +1.0000007576099723e+00 +1.0000106649592178e+00 +9.9999561342306165e-01 +1.0000011879213098e+00 +2.2465735241880395e-04 +2.3784027451269093e-05 +8.6415740762468650e-05 +2.9514787215116907e-05 +1.1965798106520647e-04
 51.50000000 +5.0000000000000000e+00 +1.9999847428072604e+00 +2.0095608996969208e-03 +9.9954661306554626e-01 +1.0000047593066546e+00 +1.0000069182076867e+00 +9.9999600061536087e-01 +1.0000014827117367e+00 +2.4236552348194605e-04 +2.6803666283216446e-05 +4.6199644522815282e-05 -1.0181685597830364e-05 +1.3903894189838315e-04
 52.00000000 +5.0000000000000000e+00 +1.9999861462975721e+00 +1.9953769036162297e-03 +9.9958548727999685e-01 +1.0000087617594196e+00 +1.0000031707482426e+00 +9.9999638788081657e-01 +1.0000017775578616e+00 +2.6007704033544635e-04 +2.9823875647177132e-05 +5.9759498345948026e-06 -4.9885658681444573e-05 +1.5842356457962178e-04
 52.50000000 +5.0000000000000000e+00 +1.9999875500530850e+00 +1.9811902273512995e-03 +9.9962436884005412e-01 +1.0000127649684813e+00 +9.9999942258068508e-01 +9.9999677521944941e-01 +1.0000020724597003e+00 +2.7779190392762725e-04 +3.2844655704861311e-05 -3.4255345455878025e-05 -8.9597134161583647e-05 +1.7781185014682736e-04
 53.00000000 +5.0000000000000000e+00 +1.9999889540738742e+00 +1.9670008701423926e-03 +9.9966325774780018e-01 +1.0000167689340540e+00 +9.9999567370481279e-01 +9.9999716263127969e-01 +1.0000023674172680e+00 +2.9551011520716962e-04 +3.5866006618040261e-05 -7.4494243503102456e-05 -1.2931611416490906e-04 +1.9720379963829714e-04
 53.50000000 +5.0000000000000000e+00 +1.9999903583600147e+00 +1.9528088312294866e-03 +9.9970215400531814e-01 +1.0000207736563524e+00 +9.9999192412042537e-01 +9.9999755011632852e-01 +1.0000026624305811e+00 +3.1323167512311282e-04 +3.8887928548546425e-05 -1.1474074646239208e-04 -1.6904260081888599e-04 +2.1659941409272101e-04
 54.00000000 +5.0000000000000000e+00 +2.0000017826044885e+00 +1.9379592923646836e-03 +9.9974445483111019e-01 +1.0000097678642392e+00 +9.9999303201666534e-01 +9.9999637437772326e-01 +1.0000055018092382e+00 +2.6813436350287494e-04 +3.5911153263873945e-05 -7.8157026927994357e-05 -1.5225107114204473e-04 +1.7723168233011488e-04
 54.50000000 +5.0000000000000000e+00 +2.0000132027161204e+00 +1.9231151254779678e-03 +9.9978674035413007e-01 +9.9999876605358828e-01 +9.9999413951211236e-01 +9.9999519906445422e-01 +1.0000083401607198e+00 +2.2305336631313845e-04 +3.2935454859213929e-05 -4.1586541941918497e-05 -1.3546561597905100e-04 +1.3787819226176418e-04
 55.00000000 +5.0000000000000000e+00 +2.0000246186971533e+00 +1.9082763276548104e-03 +9.9982901058268037e-01 +9.9998776822223900e-01 +9.9999524660698358e-01 +9.9999402417629002e-01 +1.0000111774855840e+00 +1.7798867470262698e-04 +2.9960832750312918e-05 -5.0292843238560253e-06 -1.1868623203422126e-04 +9.8538936160940635e-05
 55.50000000 +5.0000000000000000e+00 +2.0000360305498264e+00 +1.8934428959827912e-03 +9.9987126552505701e-01 +9.9997677436803267e-01 +9.9999635330149617e-01 +9.9999284971300040e-01 +1.0000140137843860e+00 +1.3294027982646613e-04 +2.6987286353340018e-05 +3.1514753101308227e-05 -1.0191291601425559e-04 +5.9213906306504559e-05
 56.00000000 +5.0000000000000000e+00 +2.0000474382763818e+00 +1.8786148275515978e-03 +9.9991350518955102e-01 +9.9996578448881324e-01 +9.9999745959586761e-01 +9.9999167567435510e-01 +1.0000168490576842e+00 +8.7908172846177447e-05 +2.4014815084886535e-05 +6.8045577503500983e-05 -8.5145664628235611e-05 +1.9903094982899579e-05
 56.50000000 +5.0000000000000000e+00 +2.0000588418790533e+00 +1.8637921194530193e-03 +9.9995572958444656e-01 +9.9995479858242431e-01 +9.9999856549031452e-01 +9.9999050206012341e-01 +1.0000196833060335e+00 +4.2892344929672656e-05 +2.1043418361965552e-05 +1.0456319604746501e-04 -6.8384474587622227e-05 -1.9393505519852299e-05
 57.00000000 +5.0000000000000000e+00 +2.0000529737828061e+00 +1.8772542500439700e-03 +9.9991852025780403e-01 +9.9996613641097187e-01 +9.9999803928926223e-01 +9.9999883874704365e-01 +1.0000185435516680e+00 +6.6255277684796213e-05 -1.8410471803970687e-05 +1.0907218867995244e-04 -5.1694748837940899e-05 -5.3005001532052898e-06
 57.50000000 +5.0000000000000000e+00 +2.0000471051708173e+00 +1.8907175638085570e-03 +9.9988130766086969e-01 +9.9997747523599034e-01 +9.9999751304196283e-01 +1.0000071761666671e+00 +1.0000174036971308e+00 +8.9620263785482131e-05 -5.7867829534152368e-05 +1.1358157760344108e-04 -3.5003556244406347e-05 +8.7937438340521261e-06
 58.00000000 +5.0000000000000000e+00 +2.0000412360430198e+00 +1.9041820609027695e-03 +9.9984409179321287e-01 +9.9998881505761084e-01 +9.9999698674841009e-01 +1.0000155143190907e+00 +1.0000162637424084e+00 +1.1298730350244218e-04 -9.7328655285740899e-05 +1.1809136287017769e-04 -1.8310896613630833e-05 +2.2889226605218880e-05
 58.50000000 +5.0000000000000000e+00 +2.0000353663993442e+00 +1.9176477414826233e-03 +9.9980687265440116e-01 +1.0000001558759648e+00 +9.9999646040859735e-01 +1.0000238532044106e+00 +1.0000151236874872e+00 +1.3635639710643556e-04 -1.3679294951597797e-04 +1.2260154453241814e-04 -1.6167697521926389e-06 +3.6985948323622591e-05
 59.00000000 +5.0000000000000000e+00 +2.0000294962397236e+00 +1.9311146057041627e-03 +9.9976965024400466e-01 +1.0000114976911836e+00 +9.9999593402251952e-01 +1.0000321928227236e+00 +1.0000139835323549e+00 +1.5972754486826934e-04 -1.7626071268218580e-04 +1.2711212264242760e-04 +1.5078824533363970e-05 +5.1083909152619621e-05
 59.50000000 +5.0000000000000000e+00 +2.0000236255640895e+00 +1.9445826537234587e-03 +9.9973242456159117e-01 +1.0000228405033991e+00 +9.9999540759016980e-01 +1.0000405331741267e+00 +1.0000128432769977e+00 +1.8310074705879797e-04 -2.1573194524176690e-04 +1.3162309725248038e-04 +3.1775886436528726e-05 +6.5183109255595025e-05
 60.00000000 +5.0000000000000000e+00 +2.0000240678144472e+00 +1.9848767335156562e-03 +9.9963133501261814e-01 +1.0000311131122486e+00 +9.9999393913312618e-01 +1.0000337569044708e+00 +1.0000089517604549e+00 +2.0103378296303505e-04 -1.9151816060147893e-04 +1.7395915374321692e-04 +2.4043036259793870e-05 +9.3386265589119914e-05
 60.50000000 +5.0000000000000000e+00 +2.0000245102305967e+00 +2.0251859188926682e-03 +9.9953020756684363e-01 +1.0000393888223627e+00 +9.9999247012558234e-01 +1.0000269780945030e+00 +1.0000050587850469e+00 +2.1897354166616057e-04 -1.6729529861336578e-04 +2.1631108132209688e-04 +1.6307287165282345e-05 +1.2159999482000926e-04
 61.00000000 +5.0000000000000000e+00 +2.0000249528126322e+00 +2.0655102183503391e-03 +9.9942904220295270e-01 +1.0000476676354855e+00 +9.9999100056722856e-01 +1.0000201967427955e+00 +1.0000011643499531e+00 +2.3692002694928260e-04 -1.4306335417204883e-04 +2.5867888891550667e-04 +8.5686375225539603e-06 +1.4982430289478459e-04
 61.50000000 +5.0000000000000000e+00 +2.0000253955606468e+00 +2.1058496403908848e-03 +9.9932783889961552e-01 +1.0000559495533621e+00 +9.9998953045775507e-01 +1.0000134128479174e+00 +9.9999726845435233e-01 +2.5487324259634522e-04 -1.1882232216832038e-04 +3.0106258545652766e-04 +8.2708569994562747e-07 +1.7805919576442743e-04
 62.00000000 +5.0000000000000000e+00 +2.0000258384747336e+00 +2.1462041935228983e-03 +9.9922659763548538e-01 +1.0000642345777400e+00 +9.9998805979685146e-01 +1.0000066264084384e+00 +9.9999337109742259e-01 +2.7283319239413127e-04 -9.4572197489139573e-05 +3.4346217988494293e-04 -6.9173699354298082e-06 +2.0630467938438383e-04
 62.50000000 +5.0000000000000000e+00 +2.0000262815549861e+00 +2.1865738862613597e-03 +9.9912531838920016e-01 +1.0000725227103668e+00 +9.9998658858420797e-01 +9.9999983742292653e-01 +9.9998947227834223e-01 +2.9079988013226482e-04 -7.0312975017629325e-05 +3.8587768114724317e-04 -1.4664731017684689e-05 +2.3456075971456825e-04
 63.00000000 +5.0000000000000000e+00 +2.0000226225155582e+00 +2.1318730233701256e-03 +9.9926149155812782e-01 +1.0000721482699275e+00 +9.9999213837289147e-01 +9.9998504896962404e-01 +9.9999012745717253e-01 +2.2904714240193298e-04 -1.3631083371576011e-05 +3.0874450905897787e-04 -5.0309725607013712e-05 +2.2519452975818463e-04
 63.50000000 +5.0000000000000000e+00 +2.0000189654315226e+00 +2.0772013926586208e-03 +9.9939759195601752e-01 +1.0000717740295890e+00 +9.9999768519576371e-01 +9.9997026841928094e-01 +9.9999078228587424e-01 +1.6732740537822116e-04 +4.3020517431583045e-05 +2.3165255699230682e-04 -8.5935671486080630e-05 +2.1583330512169898e-04
 64.00000000 +5.0000000000000000e+00 +2.0000153103013139e+00 +2.0225589707005597e-03 +9.9953361964118781e-01 +1.0000713999891917e+00 +1.0000032290552019e+00 +9.9995549576556497e-01 +9.9999143676472890e-01 +1.0564064261479448e-04 +9.9641851666533402e-05 +1.5460179191404376e-04 -1.2154258392027290e-04 +2.0647708179391365e-04
 64.50000000 +5.0000000000000000e+00 +2.0000116571233661e+00 +1.9679457340946792e-03 +9.9966957467189377e-01 +1.0000710261485752e+00 +1.0000087699535802e+00 +9.9994073100214886e-01 +9.9999209089401653e-01 +4.3986827693568871e-05 +1.5623294358202956e-04 +7.7592180826289243e-05 -1.5713047815867095e-04 +1.9712585576791550e-04
 65.00000000 +5.0000000000000000e+00 +2.0000080058961149e+00 +1.9133616594647082e-03 +9.9980545710632818e-01 +1.0000706525075787e+00 +1.0000143078932699e+00 +9.9992597412271278e-01 +9.9999274467401633e-01 -1.7634065775326809e-05 +2.1279381740092976e-04 +6.2369076638371378e-07 -1.9269936943406993e-04 +1.8777962304107048e-04
 65.50000000 +5.0000000000000000e+00 +2.0000043566179997e+00 +1.8588067234593358e-03 +9.9994126700262298e-01 +1.0000702790660436e+00 +1.0000198428766407e+00 +9.9991122512094399e-01 +9.9999339810500931e-01 -7.9222064153588049e-05 +2.6932449732023045e-04 -7.6303711193139202e-05 -2.2824927296300179e-04 +1.7843837961501843e-04
 66.00000000 +5.0000000000000000e+00 +1.9999902975731525e+00 +1.8327945437575290e-03 +1.0000061116001695e+00 +1.0000324383694279e+00 +1.0000108129420375e+00 +9.9991886766283422e-01 +9.9999320111470147e-01 -1.6208456694735985e-05 +1.7897544844859049e-04 -1.1630007987042792e-04 -1.5693962656468792e-04 +1.4904102548533860e-04
 66.50000000 +5.0000000000000000e+00 +1.9999762422609075e+00 +1.8067892701518727e-03 +1.0000709389818183e+00 +9.9999460771931703e-01 +1.0000017854048342e+00 +9.9992650817566997e-01 +9.9999300417669335e-01 +4.6788420984570690e-05 +8.8650386771632909e-05 -1.5628582972334565e-04 -8.5648912500385898e-05 +1.1965147619771812e-04
 67.00000000 +5.0000000000000000e+00 +1.9999621906797789e+00 +1.7807908998924349e-03 +1.0001357491544252e+00 +9.9995678711171099e-01 +9.9999276026407635e-01 +9.9993414666025970e-01 +9.9999280729096485e-01 +1.0976857554594972e-04 -1.6506972620843092e-06 -1.9626096498019378e-04 -1.4377123231444607e-05 +9.0269728644353146e-05
 67.50000000 +5.0000000000000000e+00 +1.9999481428282799e+00 +1.7547994302307406e-03 +1.0002005421248403e+00 +9.9991897654261053e-01 +9.9998373751880942e-01 +9.9994178311740989e-01 +9.9999261045749421e-01 +1.7273201364748235e-04 -9.1927813198932864e-05 -2.3622548986702879e-04 +5.6875748776785116e-05 +6.0895779719089518e-05
 68.00000000 +5.0000000000000000e+00 +1.9999340987049268e+00 +1.7288148584197768e-03 +1.0002653178999126e+00 +9.9988117600802051e-01 +9.9997471716808006e-01 +9.9994941754792854e-01 +9.9999241367626124e-01 +2.3567874194371614e-04 -1.8218097058021759e-04 -2.7617940860766445e-04 +1.2810971105495342e-04 +3.1529626317421804e-05
 68.50000000 +5.0000000000000000e+00 +1.9999200583082355e+00 +1.7028371817139870e-03 +1.0003300764864862e+00 +9.9984338550394625e-01 +9.9996569921093537e-01 +9.9995704995262180e-01 +9.9999221694724461e-01 +2.9860876708566686e-04 -2.7241017894217938e-04 -3.1612272542367274e-04 +1.9932477112971354e-04 +2.1712653364921891e-06
 69.00000000 +5.0000000000000000e+00 +1.9999060043402634e+00 +1.7732335505698299e-03 +1.0001412591035725e+00 +9.9987478063611501e-01 +9.9997197069621402e-01 +9.9997540886070246e-01 +1.0000089327169042e+00 +1.9577156669945648e-04 -2.5409617518326529e-04 -2.1001792880125106e-04 +1.4943474119440551e-04 +1.4655578294736914e-04
 69.50000000 +5.0000000000000000e+00 +1.9998919579176557e+00 +1.8435921246729642e-03 +9.9995254309387438e-01 +9.9990615891270873e-01 +9.9997823881442671e-01 +9.9999375791216094e-01 +1.0000256395121179e+00 +9.2989578060968410e-05 -2.3579200393779502e-04 -1.0397009824987412e-04 +9.9571496466554485e-05 +2.9086278268016891e-04
 70.00000000 +5.0000000000000000e+00 +1.9998779190343374e+00 +1.9139129344523742e-03 +9.9976392837577566e-01 +9.9993752034729866e-01 +9.9998450356828383e-01 +1.0000120971149336e+00 +1.0000423373401117e+00 -9.7372432814013889e-06 -2.1749765728950059e-04 +2.0208120944877036e-06 +4.9735015381086349e-05 +4.3509232694541398e-04
 70.50000000 +5.0000000000000000e+00 +1.9998638876842401e+00 +1.9841960103043873e-03 +9.9957541486774681e-01 +9.9996886495344073e-01 +9.9999076496049411e-01 +1.0000304264769471e+00 +1.0000590262081031e+00 -1.1240894173155165e-04 -1.9921312733060960e-04 +1.0795484804664294e-04 -7.4723603929567961e-08 +5.7924447808664810e-04
 71.00000000 +5.0000000000000000e+00 +1.9998498638613018e+00 +2.0544413825927181e-03 +9.9938700248834611e-01 +1.0000001927446760e+00 +9.9999702299376148e-01 +1.0000487460061203e+00 +1.0000757061233017e+00 -2.1502556164574002e-04 -1.8093840616183394e-04 +2.1383205537224521e-04 -4.9857742007311490e-05 +7.2331929838052628e-04
 71.50000000 +5.0000000000000000e+00 +1.9998358475594680e+00 +2.1246490816485141e-03 +9.9919869115621962e-01 +1.0000315037345315e+00 +1.0000032776707888e+00 +1.0000670557103630e+00 +1.0000923770929100e+00 -3.1758714733264666e-04 -1.6267348589235858e-04 +3.1965247978785899e-04 -9.9614061324796084e-05 +8.6731685003690450e-04
 72.00000000 +5.0000000000000000e+00 +1.9998710666023287e+00 +1.9464879389748818e-03 +9.9966285647111708e-01 +1.0000387995305269e+00 +1.0000033905694063e+00 +1.0000420052777306e+00 +1.0000752254554799e+00 -2.6713080670242185e-04 -1.1267969270944275e-04 +1.4601379045637417e-04 -1.6825357515886578e-04 +5.7977297984448072e-04
 72.50000000 +5.0000000000000000e+00 +1.9999063681629503e+00 +1.7679093670502567e-03 +1.0001281093193388e+00 +1.0000461124204778e+00 +1.0000035037325443e+00 +1.0000168961522591e+00 +1.0000580336319855e+00 -2.1655624751925636e-04 -6.2568764716267606e-05 -2.8031732076466315e-05 -2.3705391048531213e-04 +2.9155539808644373e-04
 73.00000000 +5.0000000000000000e+00 +1.9999417525316816e+00 +1.5889118971069891e-03 +1.0005944535274824e+00 +1.0000534424645311e+00 +1.0000036171611328e+00 +9.9999172812743153e-01 +1.0000408014810278e+00 -1.6586305381904209e-04 -1.2340289761984887e-05 -2.0248551929502367e-04 -3.0601563317105679e-04 +2.6617342395248463e-06
 73.50000000 +5.0000000000000000e+00 +1.9999772200002315e+00 +1.4094940534786593e-03 +1.0010618929401187e+00 +1.0000607897231160e+00 +1.0000037308561067e+00 +9.9996650099576079e-01 +1.0000235288605437e+00 -1.1505080768389629e-04 +3.8006146240117518e-05 -3.7734900940731100e-04 -3.7513931174088633e-04 -2.8691039335384193e-04
 74.00000000 +5.0000000000000000e+00 +2.0000127708616842e+00 +1.2296543535595249e-03 +1.0015304314198981e+00 +1.0000681542569463e+00 +1.0000038448184065e+00 +9.9994121454878471e-01 +1.0000062156278029e+00 -6.4119089230676939e-05 +8.8470959323994983e-05 -5.5262364738451635e-04 -4.4442551739307616e-04 -5.7716337755097053e-04
 74.50000000 +5.0000000000000000e+00 +2.0000484054105021e+00 +1.0493913077636817e-03 +1.0020000728476561e+00 +1.0000755361270210e+00 +1.0000039590489753e+00 +9.9991586857705916e-01 +9.9998886163940148e-01 -1.3067476599417154e-05 +1.3905456748230553e-04 -7.2831088500080335e-04 -5.1387482401512306e-04 -8.6809962247483177e-04
 75.00000000 +5.0000000000000000e+00 +2.0000280011311853e+00 +1.6945547065782965e-03 +1.0003583787003709e+00 +1.0000111657394730e+00 +9.9985981684282499e-01 +9.9990547520103679e-01 +1.0000820854122880e+00 +1.5225565818675424e-04 +4.5313045682023869e-04 +1.3896258126170239e-04 -6.2827450063819990e-04 -3.3299609211321480e-04
