#PATCH_CHECK: SepMBpoisson v0.61 exact-bernoulli stratified-backward active
#discretizing the bath:
#     0 0.0000000000000000e+00 -6.3189999999999946e-01
#     1 1.0540925533894598e-02 -1.8374661087827493e-01
#     2 1.0540925533894598e-02 -1.7927592382132199e-01
#     3 1.0540925533894598e-02 -1.7476955526789500e-01
#     4 1.0540925533894598e-02 -1.7022778553958057e-01
#     5 1.0540925533894598e-02 -1.6565088845304216e-01
#     6 1.0540925533894598e-02 -1.6103913156777969e-01
#     7 1.0540925533894598e-02 -1.5639277642087554e-01
#     8 1.0540925533894598e-02 -1.5171207874959239e-01
#     9 1.0540925533894598e-02 -1.4699728870261999e-01
#sampling: jump_strength=2.6352313834736501e-02 jump_probability=2.5675699737331869e-02 log_scale=2.6011073609002566e-02 back_replicas=4 stratify_forward=0
#adaptive measurement: gap=4.5768970865384118e-03 period_steps=2746 nmeas=150 nwf=150 tmax=7.5000000000000000e+01 forced_stride=0
  0.00000000 +5.0000000000000000e+00 +1.9999999999999998e+00 +1.8374661879283106e-03 +1.0000000000000000e+00 +1.0000000000000000e+00 +1.0000000000000000e+00 +1.0000000000000000e+00 +1.0000000000000000e+00 +0.0000000000000000e+00 +0.0000000000000000e+00 +0.0000000000000000e+00 +0.0000000000000000e+00 +0.0000000000000000e+00
  0.50000000 +5.0000000000000000e+00 +1.9999999995229065e+00 +1.8920988983989362e-03 +9.9986130078331403e-01 +9.9999999999559319e-01 +9.9999999999559319e-01 +9.9999999999559319e-01 +9.9999999999559319e-01 +2.7950771253623129e-05 +2.8167108492428261e-05 +2.7550547361833632e-05 +2.7631673826385558e-05 +2.7399111294670037e-05
  1.00000000 +5.0000000000000000e+00 +2.0000000043024229e+00 +2.0443942547085465e-03 +9.9947444640348615e-01 +9.9999999622488989e-01 +9.9999999607867385e-01 +9.9999999596170119e-01 +9.9999999561078345e-01 +1.0510540497242501e-04 +1.0636956687750868e-04 +1.0522331962592338e-04 +1.0431538688185632e-04 +1.0455602845504837e-04
  1.50000000 +5.0000000000000000e+00 +2.0000000449228392e+00 +2.2680160939145128e-03 +9.9890572690767099e-01 +9.9999996678812053e-01 +9.9999996539997416e-01 +9.9999996483454645e-01 +9.9999996585334228e-01 +2.2056265942341121e-04 +2.1934931705860022e-04 +2.1837365969568703e-04 +2.1748524998255948e-04 +2.1863938035366194e-04
  2.00000000 +5.0000000000000000e+00 +2.0000000273664980e+00 +2.5191722861855072e-03 +9.9826564290897057e-01 +9.9999987424955805e-01 +9.9999986810865471e-01 +9.9999987404956425e-01 +9.9999987163097748e-01 +3.4983213760654650e-04 +3.4780019587433156e-04 +3.4617231184607436e-04 +3.4474031778484082e-04 +3.4632406556582161e-04
  2.50000000 +5.0000000000000000e+00 +1.9999999385184513e+00 +2.7521358620181645e-03 +9.9766973382228530e-01 +9.9999968024804975e-01 +9.9999966438396359e-01 +9.9999968011062379e-01 +9.9999967603362383e-01 +4.7176780488677501e-04 +4.6826080249142468e-04 +4.6529753631085444e-04 +4.6290322841390955e-04 +4.6333598054173705e-04
  3.00000000 +5.0000000000000000e+00 +1.9999996857319584e+00 +2.9246670083794652e-03 +9.9722517306931335e-01 +9.9999935562356301e-01 +9.9999933291286236e-01 +9.9999934901805965e-01 +9.9999934463598472e-01 +5.6656118251407074e-04 +5.5606731523974125e-04 +5.5364565844979508e-04 +5.4793605095299145e-04 +5.5323455471858020e-04
  3.50000000 +5.0000000000000000e+00 +1.9999997646322283e+00 +3.0007399722783942e-03 +9.9702395223584839e-01 +9.9999889403053588e-01 +9.9999889020111299e-01 +9.9999888008795212e-01 +9.9999887104208340e-01 +6.1415454901305399e-04 +6.0109472865710984e-04 +5.9488261679968752e-04 +5.8428792663613920e-04 +5.8609260180565454e-04
  4.00000000 +5.0000000000000000e+00 +1.9999996902738386e+00 +2.9661200587412953e-03 +9.9710340670846731e-01 +9.9999830775374599e-01 +9.9999828828241510e-01 +9.9999831868196543e-01 +9.9999829869583678e-01 +5.9878297855638747e-04 +5.8771927358867526e-04 +5.7989460434586465e-04 +5.6910207299961074e-04 +5.6788092734083931e-04
  4.50000000 +5.0000000000000000e+00 +1.9999993904365192e+00 +2.8335847706936804e-03 +9.9743296304316520e-01 +9.9999761382108510e-01 +9.9999762264696423e-01 +9.9999764838820160e-01 +9.9999761418878697e-01 +5.4003283076545813e-04 +5.2236063431253341e-04 +5.1270773323804748e-04 +4.9846608622893798e-04 +5.0297063311494951e-04
  5.00000000 +5.0000000000000000e+00 +1.9999989765795627e+00 +2.6217237566929590e-03 +9.9796698190110500e-01 +9.9999689281941895e-01 +9.9999696895011214e-01 +9.9999696039637254e-01 +9.9999693472044426e-01 +4.4021625703227410e-04 +4.1340465749767504e-04 +4.0796124725890506e-04 +4.0070251677332163e-04 +3.8297658766414390e-04
  5.50000000 +5.0000000000000000e+00 +1.9999992533447004e+00 +2.3903292536947215e-03 +9.9855543652634515e-01 +9.9999623845485608e-01 +9.9999631936234845e-01 +9.9999643873221244e-01 +9.9999631507809161e-01 +3.0925007277746456e-04 +3.0595407581688315e-04 +2.8379211028749100e-04 +2.8184358536286960e-04 +2.7841200229615677e-04
  6.00000000 +5.0000000000000000e+00 +1.9999986549399551e+00 +2.1378653411854801e-03 +9.9920290443059445e-01 +9.9999558583670978e-01 +9.9999572977083284e-01 +9.9999593548253429e-01 +9.9999581606415588e-01 +1.7956527114278422e-04 +1.7621947149372490e-04 +1.5482240173814656e-04 +1.4830172764762712e-04 +1.5511951893701766e-04
  6.50000000 +5.0000000000000000e+00 +1.9999983360799893e+00 +1.9507737644112199e-03 +9.9968901160322898e-01 +9.9999533055750833e-01 +9.9999554519856615e-01 +9.9999561464719333e-01 +9.9999556622171992e-01 +8.2688152641436293e-05 +6.4032999134402328e-05 +7.8362199466544471e-05 +4.5534875988804336e-05 +5.8313536551595182e-05
  7.00000000 +5.0000000000000000e+00 +1.9999997330313679e+00 +1.8529724508354753e-03 +9.9995297031337782e-01 +9.9999530021367700e-01 +9.9999531047529233e-01 +9.9999564723469792e-01 +9.9999558645170117e-01 +1.6298577739307362e-05 +4.5082795458848618e-06 +1.6982223451246751e-05 +2.7637082398067637e-05 -2.4086313972777389e-07
  7.50000000 +5.0000000000000000e+00 +2.0000003442846417e+00 +1.8635381067231094e-03 +9.9994274945444650e-01 +9.9999522066791657e-01 +9.9999539616176891e-01 +9.9999544298904142e-01 +9.9999526339057077e-01 +1.8177632888472728e-05 +9.4653677151508870e-06 +1.4966430049033380e-05 +2.1562352366422344e-05 +1.1755603519081976e-05
  8.00000000 +5.0000000000000000e+00 +1.9999985536168539e+00 +2.0001283355858472e-03 +9.9960997241608740e-01 +9.9999506061383525e-01 +9.9999525130467015e-01 +9.9999555338511892e-01 +9.9999530543383119e-01 +7.6144544395885991e-05 +6.2311858599675915e-05 +7.5601320394242316e-05 +9.7709553341288950e-05 +9.7089579771860395e-05
  8.50000000 +5.0000000000000000e+00 +1.9999983409959661e+00 +2.1835870000889678e-03 +9.9915317519703040e-01 +9.9999482392879102e-01 +9.9999521118080259e-01 +9.9999525819375457e-01 +9.9999528014933259e-01 +1.4460682381720006e-04 +1.8239370420205942e-04 +1.7083916132103462e-04 +1.8363230111843269e-04 +1.8477934191447575e-04
  9.00000000 +5.0000000000000000e+00 +1.9999989190486147e+00 +2.3931751028718460e-03 +9.9862412747990126e-01 +9.9999487837560463e-01 +9.9999460715061694e-01 +9.9999550851215591e-01 +9.9999488046869722e-01 +2.7103367357789312e-04 +2.6426199260305911e-04 +2.9221190916203657e-04 +3.0454556231173410e-04 +2.6394488235402947e-04
  9.50000000 +5.0000000000000000e+00 +1.9999956333751217e+00 +2.6628627882142779e-03 +9.9793245979622780e-01 +9.9999367503874459e-01 +9.9999440746950552e-01 +9.9999375251339118e-01 +9.9999409794305405e-01 +3.9948804837917895e-04 +4.1574640034208477e-04 +4.2521189319981044e-04 +4.1491304115501819e-04 +4.3624783894130072e-04
 10.00000000 +5.0000000000000000e+00 +1.9999969804790430e+00 +2.8342123684380175e-03 +9.9748249941930944e-01 +9.9999319805413966e-01 +9.9999312223654879e-01 +9.9999355853610550e-01 +9.9999324681054313e-01 +5.2212398419263927e-04 +5.0537862054833517e-04 +5.3134903861839914e-04 +4.8544239886661475e-04 +5.0008087275091361e-04
 10.50000000 +5.0000000000000000e+00 +1.9999972578645324e+00 +2.9384028839234801e-03 +9.9719756384185188e-01 +9.9999165603185414e-01 +9.9999255228632800e-01 +9.9999251377841192e-01 +9.9999157996504884e-01 +5.7554678114926790e-04 +5.8927653051576588e-04 +5.7301806879449799e-04 +5.5542490042927682e-04 +5.4086782269362427e-04
 11.00000000 +5.0000000000000000e+00 +1.9999953823076282e+00 +2.9482110517968650e-03 +9.9714916798094178e-01 +9.9998895647623198e-01 +9.9999046888665089e-01 +9.9998989610369227e-01 +9.9999026811833269e-01 +6.0288052541243120e-04 +5.9801237481528881e-04 +5.7247432043171481e-04 +5.5826898865077290e-04 +5.5960623782304027e-04
 11.50000000 +5.0000000000000000e+00 +1.9999947996227809e+00 +2.8603855949178103e-03 +9.9735085451021444e-01 +9.9998787322261273e-01 +9.9998816507052335e-01 +9.9998885268602977e-01 +9.9998817679369945e-01 +5.8452980066593587e-04 +5.4800593980455564e-04 +5.4214679926879727e-04 +5.1748403847918666e-04 +5.0391112003691000e-04
 12.00000000 +5.0000000000000000e+00 +1.9999924194319283e+00 +2.7012196979632227e-03 +9.9773931419191986e-01 +9.9998696751885707e-01 +9.9998779690881434e-01 +9.9998660373991211e-01 +9.9998634762377303e-01 +5.0595560133034337e-04 +4.6152142909773846e-04 +4.2942574774659385e-04 +4.4110274939476577e-04 +4.7496450856492653e-04
 12.50000000 +5.0000000000000000e+00 +1.9999926750016297e+00 +2.4720563557551253e-03 +9.9831420235164903e-01 +9.9998463079901467e-01 +9.9998435507332795e-01 +9.9998526791190590e-01 +9.9998637265074364e-01 +4.0389720338643347e-04 +3.6306815399813453e-04 +3.5050631974945607e-04 +3.2669197204219624e-04 +3.0100755250623873e-04
 13.00000000 +5.0000000000000000e+00 +1.9999933401907670e+00 +2.2685384151595205e-03 +9.9883693014668062e-01 +9.9998225384396311e-01 +9.9998426570388077e-01 +9.9998502549500035e-01 +9.9998394353703302e-01 +2.5913590762039038e-04 +2.8694557784865335e-04 +2.5680001160694415e-04 +1.7837663369702251e-04 +2.4632313009168900e-04
 13.50000000 +5.0000000000000000e+00 +1.9999968967837829e+00 +2.1232234014204260e-03 +9.9922406855060042e-01 +9.9998095695277156e-01 +9.9998348805789106e-01 +9.9998228074541395e-01 +9.9998217887108198e-01 +1.6571954438071096e-04 +1.9043246131092035e-04 +1.5350963041484703e-04 +1.6072277759200131e-04 +1.7664242651529259e-04
 14.00000000 +5.0000000000000000e+00 +1.9999987018118039e+00 +1.9423349144531644e-03 +9.9970549194708402e-01 +9.9998149285925286e-01 +9.9998089213193653e-01 +9.9998136448075547e-01 +9.9998556185218368e-01 +1.8584591081188034e-05 +6.9627654939952128e-05 +6.8424118852778402e-05 +1.0864568362650066e-04 +9.9914684510310039e-05
 14.50000000 +5.0000000000000000e+00 +1.9999999319420261e+00 +1.9152969985399752e-03 +9.9980498486695291e-01 +9.9998387191342453e-01 +9.9998274453972047e-01 +9.9998213148945314e-01 +9.9998196860872746e-01 +8.4629907128788504e-06 +1.1690066195177803e-04 +7.7992032451815548e-05 +1.8504944854251501e-05 +4.2437953514605510e-05
 15.00000000 +5.0000000000000000e+00 +1.9999952180878871e+00 +1.9536130851801753e-03 +9.9973536652088135e-01 +9.9998061845939390e-01 +9.9998168963842848e-01 +9.9998073057878833e-01 +9.9998101309785525e-01 -2.5863381104586738e-05 +8.3224449439804249e-05 +6.4069458268969402e-05 +1.1922445346058380e-04 +9.9926742857290511e-05
 15.50000000 +5.0000000000000000e+00 +1.9999930766771581e+00 +2.1376996497728257e-03 +9.9928749227099223e-01 +9.9997930462265794e-01 +9.9998239786836141e-01 +9.9998626539251845e-01 +9.9998231774537893e-01 +1.1113646210569305e-04 +1.6841051075771978e-04 +1.5207300436694915e-04 +1.8400387785515952e-04 +1.6659824975595578e-04
 16.00000000 +5.0000000000000000e+00 +1.9999965514761355e+00 +2.3151174214886632e-03 +9.9885083249627504e-01 +9.9997865827310894e-01 +9.9998252357691919e-01 +9.9997914319652148e-01 +9.9998288887528863e-01 +2.1744366598047660e-04 +2.2422114542272546e-04 +2.5092580980879011e-04 +2.5323072162296897e-04 +2.8013225722426835e-04
 16.50000000 +5.0000000000000000e+00 +1.9999825459495117e+00 +2.5537909107430107e-03 +9.9823858483155559e-01 +9.9998250899800267e-01 +9.9997799798926357e-01 +9.9998352634572030e-01 +9.9997652823222749e-01 +2.9936215357049384e-04 +3.4157266364385428e-04 +4.2952799876779093e-04 +4.0180527649661372e-04 +3.6858549233958500e-04
 17.00000000 +5.0000000000000000e+00 +1.9999880427422132e+00 +2.7641880827584970e-03 +9.9768744761988726e-01 +9.9997860298317076e-01 +9.9998088660616702e-01 +9.9997840625959478e-01 +9.9998006619571655e-01 +4.3390883692334236e-04 +4.8879969216105584e-04 +5.0142345136602472e-04 +5.0098312018849683e-04 +4.6947522612804024e-04
 17.50000000 +5.0000000000000000e+00 +1.9999874148793142e+00 +2.7960521180001702e-03 +9.9757999934441155e-01 +9.9997568117658608e-01 +9.9997056030343734e-01 +9.9998133528705668e-01 +9.9997590019396265e-01 +4.6137238267784562e-04 +5.0355614070558689e-04 +5.3698096534046517e-04 +5.2478328950902842e-04 +4.8983092832050382e-04
 18.00000000 +5.0000000000000000e+00 +1.9999916865143681e+00 +2.9138191957764274e-03 +9.9725343468564642e-01 +9.9997477381194477e-01 +9.9997691187640481e-01 +9.9997547468049319e-01 +9.9997803186482837e-01 +5.9803227325079436e-04 +5.8281965650338230e-04 +5.6041917409930858e-04 +5.5790064671749733e-04 +5.4220132993654496e-04
 18.50000000 +5.0000000000000000e+00 +1.9999944339256845e+00 +2.7677244984393077e-03 +9.9758912653587706e-01 +9.9997388176737878e-01 +9.9997474894487559e-01 +9.9997054580202860e-01 +9.9996891284691114e-01 +4.9370032866667170e-04 +5.8397020500116476e-04 +5.5847971458609382e-04 +5.2212628335532925e-04 +3.6450758508020274e-04
 19.00000000 +5.0000000000000000e+00 +1.9999844420462798e+00 +2.7467812011700019e-03 +9.9761035163939138e-01 +9.9996954835385943e-01 +9.9996495074109071e-01 +9.9997556259284359e-01 +9.9996681436166646e-01 +5.4125970374627500e-04 +4.6408268973615642e-04 +4.9716543473753215e-04 +5.7590937397026805e-04 +4.3435511347677202e-04
 19.50000000 +5.0000000000000000e+00 +1.9999869508132149e+00 +2.5054967192236197e-03 +9.9821224620703486e-01 +9.9996840985309909e-01 +9.9996482776644913e-01 +9.9996478606629147e-01 +9.9996660994152420e-01 +4.3260989968839912e-04 +4.3125361344480639e-04 +3.1429538655317876e-04 +4.7631800938164616e-04 +2.6864325263943476e-04
 20.00000000 +5.0000000000000000e+00 +1.9999864341086746e+00 +2.2999983588275394e-03 +9.9872887777571939e-01 +9.9996931104141695e-01 +9.9996308544178925e-01 +9.9996578124347568e-01 +9.9996223800763961e-01 +2.8944425033890122e-04 +2.9510878760429513e-04 +1.8699806524848163e-04 +3.0336219340854130e-04 +3.3579317636046603e-04
 20.50000000 +5.0000000000000000e+00 +1.9999947037152017e+00 +2.0635369146606744e-03 +9.9934533525962066e-01 +9.9996804674617668e-01 +9.9995321597014031e-01 +9.9997079781763754e-01 +9.9996249659032788e-01 +1.5342613322157509e-04 +2.4352536107115523e-04 +1.7390905125877894e-04 +7.3870933402026660e-05 +1.5537613995019017e-04
 21.00000000 +5.0000000000000000e+00 +1.9999889613672430e+00 +1.9918768385041160e-03 +9.9955984097880046e-01 +9.9996715718639095e-01 +9.9995993539290995e-01 +9.9996450766098921e-01 +9.9995569935507245e-01 +2.1019663886738936e-04 +1.0506650953279566e-04 +1.0913710151146030e-04 +1.7392503834307561e-04 -5.4658537496188637e-06
 21.50000000 +5.0000000000000000e+00 +1.9999889724183522e+00 +2.0218538776982701e-03 +9.9951417838082890e-01 +9.9996661585303614e-01 +9.9995907793116368e-01 +9.9996205542391858e-01 +9.9995592387799748e-01 +1.6364720404213505e-04 +1.6161778559765471e-04 +8.4630799519689326e-05 -2.6802269639338322e-05 +2.5905500270914579e-04
 22.00000000 +5.0000000000000000e+00 +1.9999787710066732e+00 +2.0334707048699097e-03 +9.9952145561850270e-01 +9.9996220175504169e-01 +9.9995791265637157e-01 +9.9995869409104776e-01 +9.9996886383243277e-01 +9.0544123031526596e-05 +6.1794865782916075e-05 +1.0884561670573388e-04 +1.8075602791501450e-04 +1.8893141222471713e-04
 22.50000000 +5.0000000000000000e+00 +1.9999806664719375e+00 +2.2617942043787545e-03 +9.9896917613690606e-01 +9.9995204551135097e-01 +9.9997135952552640e-01 +9.9996637091161800e-01 +9.9996610590205826e-01 +2.8785026305986391e-04 +1.7747683686683983e-04 +3.2681324898266290e-04 +2.2576726856913461e-04 +1.5703438841275708e-04
 23.00000000 +5.0000000000000000e+00 +1.9999717491409701e+00 +2.3127989414837243e-03 +9.9886745216849426e-01 +9.9994741221622974e-01 +9.9994927406669687e-01 +9.9996996662851090e-01 +9.9994495154895235e-01 +2.6323277694690088e-04 +2.3130914610084769e-04 +2.3148519966763881e-04 +2.3351969124397491e-04 +3.6139654718631589e-04
 23.50000000 +5.0000000000000000e+00 +1.9999607827067047e+00 +2.4221546624896479e-03 +9.9857863892522469e-01 +9.9995712275203874e-01 +9.9995725699585025e-01 +9.9995695205853830e-01 +9.9995020453690464e-01 +1.8919373903864741e-04 +4.0792600422365422e-04 +3.6081359013663197e-04 +2.2844981839631413e-04 +4.1344157281867532e-04
 24.00000000 +5.0000000000000000e+00 +1.9999766581010003e+00 +2.6324912128891809e-03 +9.9805040649513277e-01 +9.9995491035927542e-01 +9.9996127490724040e-01 +9.9996565897890011e-01 +9.9996524185436519e-01 +4.3317415792847562e-04 +4.0183006273041352e-04 +3.6867240513472434e-04 +5.0763529134929396e-04 +3.9119548557076084e-04
 24.50000000 +5.0000000000000000e+00 +1.9999869197576732e+00 +2.7581927206013941e-03 +9.9770112713183601e-01 +9.9995120404244053e-01 +9.9993096834376061e-01 +9.9996944505239516e-01 +9.9995161828556667e-01 +5.4791949371116658e-04 +3.6891131715189782e-04 +4.6021279602042865e-04 +6.1277208543038697e-04 +5.0582144826464344e-04
 25.00000000 +5.0000000000000000e+00 +1.9999707731781935e+00 +2.6326169159406449e-03 +9.9797642234934669e-01 +9.9993738571072943e-01 +9.9995171482243750e-01 +9.9994296634236013e-01 +9.9996540308589876e-01 +3.1885711113304268e-04 +4.2785979810728344e-04 +5.6450373452393478e-04 +5.3872255758139810e-04 +3.7616448587653921e-04
 25.50000000 +5.0000000000000000e+00 +1.9999914098653118e+00 +2.8311881699337208e-03 +9.9744652449192894e-01 +9.9995359897029512e-01 +9.9995718033126435e-01 +9.9993979818226653e-01 +9.9996010397324075e-01 +6.6199871779522648e-04 +5.7428881019959399e-04 +5.7814563850670656e-04 +5.3723076976052244e-04 +3.9113011452079303e-04
 26.00000000 +5.0000000000000000e+00 +1.9999989182580027e+00 +2.7490907296309109e-03 +9.9762143199024811e-01 +9.9995168266637169e-01 +9.9996158606594543e-01 +9.9994862646002081e-01 +9.9994131086161353e-01 +5.6763025589658730e-04 +5.2785391974207200e-04 +5.0649755591702244e-04 +5.7286876637555224e-04 +4.0051146470673391e-04
 26.50000000 +5.0000000000000000e+00 +1.9999696547724064e+00 +2.5128061509084613e-03 +9.9817354792545232e-01 +9.9995280736348924e-01 +9.9992246187277189e-01 +9.9992934981245529e-01 +9.9994876189142368e-01 +4.0886496479308586e-04 +6.6046151405938012e-04 +3.0536004604103380e-04 +3.9758294904499120e-04 +3.0080166004637732e-04
 27.00000000 +5.0000000000000000e+00 +1.9999771179212680e+00 +2.1974465216877629e-03 +9.9896447691388346e-01 +9.9993057834422561e-01 +9.9992873377843139e-01 +9.9993452636961333e-01 +9.9996986099721630e-01 +4.3855672494633364e-04 +2.0115984801618697e-04 +3.2037353278964610e-04 -2.1075844259549295e-05 +3.3280934305471597e-04
 27.50000000 +5.0000000000000000e+00 +1.9999964898154516e+00 +2.2841838855533736e-03 +9.9877217799176476e-01 +9.9994785722676049e-01 +9.9992472188543935e-01 +9.9995819122273233e-01 +9.9996222504373633e-01 +2.6942705399645881e-04 +4.1821343635395656e-04 +2.8509784193141797e-04 +3.0635130216822133e-04 +1.5573700371320927e-04
 28.00000000 +5.0000000000000000e+00 +2.0000091064266976e+00 +2.1914968123617770e-03 +9.9904584001989460e-01 +9.9994761168648993e-01 +9.9993919003725251e-01 +9.9995801584309774e-01 +9.9995296283477231e-01 +2.0007475823102233e-04 +3.0280369962487337e-04 +3.3409875988103408e-04 +4.4074746919593495e-05 +2.7532760995552485e-04
 28.50000000 +5.0000000000000000e+00 +1.9999654679784846e+00 +2.0689497217364081e-03 +9.9935277650608911e-01 +9.9993556185755639e-01 +9.9993263683691846e-01 +9.9991273125927460e-01 +9.9994508022723649e-01 +1.1762048477330730e-04 +1.2311940847083367e-04 +4.2203511113498768e-04 +1.3173101191727197e-04 +1.2670729516945191e-04
 29.00000000 +5.0000000000000000e+00 +2.0000104577131030e+00 +2.1546321599176569e-03 +9.9919773973719506e-01 +9.9993440965049230e-01 +9.9992740954110937e-01 +9.9995358727961248e-01 +9.9992482190788123e-01 +2.5469129441271375e-04 +1.2611473210230169e-04 +4.4306121337452439e-04 +1.2423342850727986e-04 +1.1393121620001030e-04
 29.50000000 +5.0000000000000000e+00 +1.9999907905571241e+00 +2.1262028059916178e-03 +9.9928589741695473e-01 +9.9988674782886955e-01 +9.9991924084643180e-01 +9.9993221285068601e-01 +9.9996195624827833e-01 +2.9291025538237585e-04 +2.6322132983103467e-04 +1.2651843363994112e-04 +1.3240694765586069e-05 +3.1805409070531643e-04
 30.00000000 +5.0000000000000000e+00 +2.0000093888507968e+00 +2.1114490854448088e-03 +9.9935743717158898e-01 +9.9992189296399892e-01 +9.9991288917307086e-01 +9.9993937428547397e-01 +9.9991647617255375e-01 +1.3278067845679976e-04 +1.0820393349348684e-04 +3.0919422637503769e-04 +1.3986373894619801e-04 +2.6188765520390603e-04
 30.50000000 +5.0000000000000000e+00 +2.0000400131826321e+00 +2.3117602404770206e-03 +9.9887898313882384e-01 +9.9996368669473634e-01 +9.9990774010723471e-01 +9.9994348314580683e-01 +9.9991559499419669e-01 +1.9181507137033433e-04 +2.5000646122670325e-04 +2.8489110893168394e-04 +2.6842967612236636e-04 +3.9536959754768599e-04
 31.00000000 +5.0000000000000000e+00 +1.9999865704784396e+00 +2.6831680910338190e-03 +9.9789639108307315e-01 +9.9994682887998798e-01 +9.9989891497004346e-01 +9.9991906664330898e-01 +9.9992245528143719e-01 +5.5809718085173812e-04 +2.3695160468523887e-04 +2.3284740910102080e-04 +3.3315456105116039e-04 +1.0552923821871040e-03
 31.50000000 +5.0000000000000000e+00 +1.9999863621964167e+00 +2.5054759042940048e-03 +9.9835469162011137e-01 +9.9989682381376754e-01 +9.9987835916041035e-01 +9.9995204378552460e-01 +9.9989730506953534e-01 +2.6017366508559022e-04 +2.3928413807315074e-04 +5.0065088656496657e-04 +6.5963763614240571e-04 +3.6103022641293661e-04
 32.00000000 +5.0000000000000000e+00 +1.9999802851717388e+00 +2.5603303710724883e-03 +9.9816858410090015e-01 +9.9987994658939761e-01 +9.9987485236943863e-01 +9.9992599760510992e-01 +9.9993130014488951e-01 +7.5816322629663156e-04 +5.4935244405337363e-04 +4.1466164981448860e-04 +1.2043757509497557e-04 +3.7670429282264358e-04
 32.50000000 +5.0000000000000000e+00 +2.0000104204637794e+00 +2.6453265799789220e-03 +9.9793490094013804e-01 +9.9991166517355834e-01 +1.0000060098254857e+00 +9.9993057143877162e-01 +9.9987505554545208e-01 +4.1434162385331258e-04 +5.4110152488556047e-04 +5.1053642709955485e-04 +3.0254517107082231e-04 +5.7327232802986228e-04
 33.00000000 +5.0000000000000000e+00 +1.9999771670945612e+00 +2.7473975416287223e-03 +9.9763103724931657e-01 +9.9992224207114422e-01 +9.9986131654450405e-01 +9.9990614631138364e-01 +9.9992168761021516e-01 +4.2697814881198699e-04 +6.0201785653634830e-04 +7.0308947318769709e-04 +4.5236439887793618e-04 +5.7312034249352864e-04
 33.50000000 +5.0000000000000000e+00 +2.0000013622397415e+00 +2.7429009111265422e-03 +9.9760846233026512e-01 +9.9988341108606127e-01 +9.9990862708864392e-01 +9.9990435448431381e-01 +9.9992270300135089e-01 +8.4025243866953298e-04 +1.9580813357177011e-04 +6.7423804511525470e-04 +7.0195272388308568e-04 +3.6019066746052460e-04
 34.00000000 +5.0000000000000000e+00 +2.0000476734667960e+00 +2.4461990978368038e-03 +9.9839455023562096e-01 +9.9985182508309900e-01 +9.9994878762154971e-01 +9.9988518540867022e-01 +9.9988661209498264e-01 +3.8614171154886421e-04 +4.2816958361725598e-04 +8.4451651088167357e-05 +7.6542739631784980e-04 +3.6884921041214358e-04
 34.50000000 +5.0000000000000000e+00 +1.9999972243012136e+00 +2.5540311577721365e-03 +9.9809906663629333e-01 +9.9991080592192250e-01 +9.9992261790547443e-01 +9.9988681546618230e-01 +9.9990752255116633e-01 +6.0198947249444769e-04 +7.3912811755881070e-04 +1.5221109959724443e-04 +5.5095080785958362e-04 +2.2889201891387837e-04
 35.00000000 +5.0000000000000000e+00 +1.9999827630472991e+00 +2.1093886566222165e-03 +9.9922801235720238e-01 +9.9993465997087816e-01 +9.9988119194059388e-01 +9.9994148424030893e-01 +9.9995371489621221e-01 -2.0104147118630230e-04 +7.0111339991339781e-04 +9.2395693767024391e-05 +3.9873644034400102e-04 +6.9732529667064646e-05
 35.50000000 +5.0000000000000000e+00 +2.0000578979397106e+00 +2.2370238589300025e-03 +9.9896536226528965e-01 +9.9993642743568290e-01 +9.9988622848678033e-01 +9.9982107715864244e-01 +9.9998315712445685e-01 +4.3144993048675631e-04 +5.8863981889954481e-04 -1.9945776882155958e-04 +5.4182153079795122e-04 +4.5294015662085978e-05
 36.00000000 +5.0000000000000000e+00 +1.9999288728481943e+00 +2.4994867209770823e-03 +9.9826749680373283e-01 +9.9989215330474046e-01 +9.9990148428087344e-01 +9.9987655506387407e-01 +9.9990286469796530e-01 +6.9814817838976997e-04 +3.7945938217623956e-04 +6.5238142963629914e-04 +2.8945465485137649e-04 +1.4000220223038998e-04
 36.50000000 +5.0000000000000000e+00 +1.9999274866069530e+00 +2.3589387877557635e-03 +9.9868621302696559e-01 +9.9992211064533498e-01 +9.9990681826896621e-01 +9.9987288345568148e-01 +9.9981834919957824e-01 +2.3208387617726497e-04 +3.8820519385863924e-04 +5.0832535882877074e-04 +3.4061706291586597e-04 +3.2439391121117105e-04
 37.00000000 +5.0000000000000000e+00 +1.9999870425143647e+00 +2.0609132843778240e-03 +9.9950063639534759e-01 +9.9992099436195470e-01 +9.9982145106074582e-01 +9.9984345682716347e-01 +9.9980960019482046e-01 +4.8460690848203884e-04 +6.8117255269481577e-05 -1.3196762445067675e-04 +1.9532306929033645e-04 +4.8778155061222721e-04
 37.50000000 +5.0000000000000000e+00 +1.9999698652764961e+00 +2.1852273055879309e-03 +9.9919882834018370e-01 +9.9993473531922517e-01 +9.9994386156604176e-01 +9.9983266648537927e-01 +9.9989138933627364e-01 +4.9640941211778213e-04 +4.1850154059147978e-04 -1.9442705317444235e-05 +4.2472713681224498e-04 -1.2167643389333479e-04
 38.00000000 +5.0000000000000000e+00 +1.9999870350587041e+00 +2.3539685813452980e-03 +9.9875304175631008e-01 +9.9992547850986013e-01 +9.9994067543515164e-01 +9.9990497448997762e-01 +9.9988588124524613e-01 +2.6755073417503568e-04 +1.5694014126898154e-05 +6.4411783783599203e-04 +1.5378286887352232e-04 +5.0880310770590122e-04
 38.50000000 +5.0000000000000000e+00 +1.9999542173841940e+00 +2.3961122190627798e-03 +9.9863938574535682e-01 +9.9992427650212534e-01 +9.9982495479327160e-01 +9.9984100317324565e-01 +9.9990240863622548e-01 +1.7251259996537654e-05 +3.3108426207278046e-04 +4.9877104961966429e-05 +9.8387565523782401e-04 +4.8588286723471095e-04
 39.00000000 +5.0000000000000000e+00 +1.9999378171519648e+00 +2.8085038198065152e-03 +9.9754455210225879e-01 +9.9991944896646623e-01 +9.9992232338038034e-01 +9.9987009221738532e-01 +9.9991275112263145e-01 +8.3178451353527151e-04 +7.1204269955590059e-04 +5.4529125591242932e-04 +1.4566754349113340e-04 +5.9604619776597062e-04
 39.50000000 +5.0000000000000000e+00 +1.9999764184960787e+00 +2.8762186688502003e-03 +9.9741474320500045e-01 +9.9991346433754291e-01 +9.9978897963575697e-01 +9.9983334904608867e-01 +9.9993980882757805e-01 +6.6848892742028842e-04 +1.9828871401372875e-04 +2.8484718047796755e-04 +9.5033855604320237e-04 +1.0076915720378728e-03
 40.00000000 +5.0000000000000000e+00 +1.9999651546878281e+00 +2.9964741065080843e-03 +9.9710479411741759e-01 +9.9977277177949919e-01 +9.9991947049484042e-01 +9.9983780932290278e-01 +9.9986504789072772e-01 +1.1428202998478270e-03 +6.1956873669802228e-04 +1.2482641276117226e-03 +8.7866125280556921e-04 -3.8920802199851720e-04
 40.50000000 +5.0000000000000000e+00 +1.9999710611884078e+00 +2.4213357178349965e-03 +9.9847284707421480e-01 +9.9986562791732669e-01 +9.9998799763543655e-01 +9.9991812593021634e-01 +9.9982900537644603e-01 +1.9652641126793467e-04 +9.1875329369626687e-04 +4.8067045417118248e-04 -4.8796792013708795e-04 +8.1841382830403619e-04
 41.00000000 +5.0000000000000000e+00 +2.0000096376464525e+00 +2.6570714285897956e-03 +9.9785625864219241e-01 +9.9973110580762947e-01 +9.9980534036409752e-01 +9.9993244796136282e-01 +9.9987175613335844e-01 +1.9921215851476760e-04 +1.3850813898677692e-03 +7.2386166557564507e-04 +6.2939787011412557e-04 -1.3446199235446068e-04
 41.50000000 +5.0000000000000000e+00 +1.9999925717028646e+00 +2.3373899830456011e-03 +9.9866840938754531e-01 +9.9981161219879977e-01 +9.9973425967453056e-01 +9.9993846356526928e-01 +9.9988942200102626e-01 +4.6721539714523482e-04 +1.5282658725336170e-03 +1.6178152788303392e-04 -6.7944303336639228e-04 +4.8001340908009689e-04
 42.00000000 +5.0000000000000000e+00 +2.0000031851599394e+00 +2.2678772955198488e-03 +9.9874990285124432e-01 +9.9978027424881966e-01 +9.9976753246080086e-01 +9.9992045250422723e-01 +9.9986246050457661e-01 -3.8520893986319330e-04 +6.3687591894850113e-04 +1.0004314359873603e-03 +1.2077117455467170e-03 -5.4043272936910903e-04
 42.50000000 +5.0000000000000000e+00 +2.0000577294581934e+00 +2.2976367265478840e-03 +9.9885647625593166e-01 +9.9998568319784353e-01 +1.0000336898327182e+00 +9.9975455237663513e-01 +9.9967170307623721e-01 +5.4812512254407645e-04 -2.9652106041564206e-04 +4.7536315132385695e-04 +6.8865282860527781e-04 +2.8227521853035545e-04
 43.00000000 +5.0000000000000000e+00 +2.0001241491926045e+00 +1.6273459670070019e-03 +1.0005981384860618e+00 +9.9977661220964820e-01 +9.9977842081186385e-01 +9.9971497197306303e-01 +9.9991501513253156e-01 -3.7212619938283752e-04 +3.2930223377338770e-04 +4.9999617940744425e-04 +2.0505769701925603e-04 -4.4538852290058168e-04
 43.50000000 +5.0000000000000000e+00 +1.9999559695553715e+00 +2.8114145028923106e-03 +9.9755046670172154e-01 +9.9973014582634734e-01 +9.9993802336890936e-01 +9.9979622262103873e-01 +9.9975291698482727e-01 +6.0611194059623935e-04 +3.9296967974820072e-04 +9.8062180414795102e-04 +8.4809279818988327e-04 +4.0442827471193812e-04
 44.00000000 +5.0000000000000000e+00 +1.9999498652099315e+00 +3.0104022880528061e-03 +9.9704591088866923e-01 +9.9995460239183420e-01 +9.9999557554364360e-01 +9.9995466047154069e-01 +9.9983456873041299e-01 -9.7030209353041394e-06 +7.5027739286831854e-04 +1.5367763332001491e-04 +1.4719849296639270e-03 +8.4844503869131943e-04
 44.50000000 +5.0000000000000000e+00 +2.0000868507522620e+00 +2.2519612789010501e-03 +9.9901661493407312e-01 +9.9999873778394777e-01 +9.9974068155451601e-01 +1.0000873238217278e+00 +9.9984245997264110e-01 +1.3864162009272985e-04 +5.4330150103802449e-04 -7.6727609638349892e-05 -5.1801647812703783e-05 +7.6076806856606731e-04
 45.00000000 +5.0000000000000000e+00 +1.9999128298720694e+00 +3.1703886603883778e-03 +9.9666963320748381e-01 +9.9997735244743069e-01 +9.9973933352315858e-01 +9.9982114711783199e-01 +1.0000006479453649e+00 +4.7704026585179221e-04 +6.7595833985384791e-04 +7.3937383706257158e-04 +1.2107777467092265e-03 +6.8873556840370984e-04
 45.50000000 +5.0000000000000000e+00 +1.9999894482961862e+00 +3.5926239206495987e-03 +9.9561623318955383e-01 +9.9988869498403721e-01 +9.9960215569151056e-01 +9.9980590639552924e-01 +1.0000133506583639e+00 +4.9693131024675639e-04 +1.7627103917312384e-03 +3.4236683086996125e-06 +1.2685149465125932e-03 +1.5420787641471829e-03
 46.00000000 +5.0000000000000000e+00 +2.0000591995602557e+00 +3.2440070817322522e-03 +9.9644818492657250e-01 +9.9960267044868312e-01 +9.9986577696332735e-01 +9.9971625248436358e-01 +9.9951730610193690e-01 +3.3876199670548711e-04 +4.6106418153858805e-04 +1.7151386567560527e-03 +1.2027095043938920e-03 +1.1321347346341143e-03
 46.50000000 +5.0000000000000000e+00 +2.0000801952287053e+00 +1.8333108116800757e-03 +9.9999474030145363e-01 +9.9989824480774714e-01 +9.9995369238088783e-01 +9.9989115381524585e-01 +1.0000669207916417e+00 -3.2145570072136034e-04 +1.3951910531204278e-04 -2.8835789065712216e-04 +4.0734313342704974e-04 +2.5819925472099600e-04
 47.00000000 +5.0000000000000000e+00 +1.9999707273259431e+00 +2.6735043346215793e-03 +9.9784005808214582e-01 +9.9962110208484178e-01 +9.9967487982654779e-01 +1.0000311930651626e+00 +9.9981816828725467e-01 +1.4183971627260504e-03 +5.7482186491022362e-04 +4.9855016681247340e-04 +5.3889438501158603e-04 -1.6064925482572123e-05
 47.50000000 +5.0000000000000000e+00 +1.9999221749900420e+00 +2.3214058016718885e-03 +9.9874252052762102e-01 +9.9970167492141815e-01 +9.9980165163950707e-01 +9.9982985398182200e-01 +1.0000309572881649e+00 +1.0032519398739032e-03 -1.2190173784456874e-04 -6.6396526829335235e-04 +7.3975963488215281e-04 +9.3619707214144901e-04
 48.00000000 +5.0000000000000000e+00 +2.0001817108415727e+00 +2.4566879761224983e-03 +9.9847421039162954e-01 +9.9969189805011149e-01 +9.9988267220867555e-01 +9.9968600062335111e-01 +9.9976480976396553e-01 -2.3128568118298184e-04 +8.3441934737536619e-04 +8.5151907251532688e-04 +8.4449429911846350e-04 +2.0126192347827418e-04
 48.50000000 +5.0000000000000000e+00 +1.9998990558918466e+00 +3.4657924336881090e-03 +9.9584962983683312e-01 +9.9980408044232660e-01 +1.0000657759687148e+00 +9.9961993980519670e-01 +9.9962190319230571e-01 +3.6654334207154301e-04 +1.1049080253549130e-03 +8.7991892730044166e-04 +1.7309633951793893e-03 +9.5633706549515013e-04
 49.00000000 +5.0000000000000000e+00 +2.0000032151639702e+00 +2.5004059152746927e-03 +9.9832021262282500e-01 +9.9983011310069803e-01 +9.9993059760593095e-01 +1.0002691705086886e+00 +9.9945130553469397e-01 +5.2028707355680130e-04 -7.1831385700305461e-04 +1.2646509745987430e-03 +1.3518265628904033e-04 +9.9679377963930596e-04
 49.50000000 +5.0000000000000000e+00 +2.0000204682088687e+00 +2.6156349433325054e-03 +9.9789307218247270e-01 +1.0000076803501929e+00 +9.9999824025423178e-01 +9.9944205496910377e-01 +9.9977067738822933e-01 -7.4172045369534981e-04 +6.6063959176539079e-04 +4.0568031320704364e-04 +9.1697459939323511e-04 +1.6467008060154582e-03
 50.00000000 +5.0000000000000000e+00 +1.9998897609851489e+00 +1.6996654607998203e-03 +1.0001590506223155e+00 +9.9982928198707210e-01 +9.9973488738509564e-01 +9.9973551605127686e-01 +9.9996514096573419e-01 -5.4256489254252702e-04 +9.6390606926776345e-04 +2.0230611197082814e-04 +4.4280248992983705e-04 -4.9032679036765340e-04
 50.50000000 +5.0000000000000000e+00 +1.9999388554861899e+00 +1.0755688732097654e-03 +1.0017881591026692e+00 +9.9952416925006593e-01 +1.0003196096854667e+00 +1.0000854361702562e+00 +9.9981951674213787e-01 -3.9390952426131428e-04 -4.7909994791226401e-04 +6.2972290927583701e-04 -2.3087205931051822e-04 -1.0627323290462105e-03
 51.00000000 +5.0000000000000000e+00 +2.0000247788031409e+00 +3.2823791276339631e-03 +9.9632488052747337e-01 +9.9978253141439810e-01 +9.9991640415044636e-01 +9.9975658681262203e-01 +9.9957108946603346e-01 +8.1256227198963998e-04 +1.0547454274504452e-03 +1.4961411325905311e-03 +1.6840620269592823e-03 -3.9900323016466048e-04
 51.50000000 +5.0000000000000000e+00 +1.9995851667721698e+00 +3.1149137270946687e-03 +9.9675600201405268e-01 +9.9975547894627259e-01 +1.0000761756218752e+00 +9.9955666679477118e-01 +1.0001290996626093e+00 +2.6854754889682228e-03 +1.6681336440228746e-03 -8.5152052153522536e-05 -1.7068160192942723e-04 -3.7119851865445493e-04
 52.00000000 +5.0000000000000000e+00 +2.0003152267595130e+00 +1.8829348870904245e-03 +1.0000028120243714e+00 +9.9981474822205540e-01 +9.9987253694078881e-01 +9.9961826362882744e-01 +9.9972456601051352e-01 +3.6695662866839164e-04 -4.7213083645136620e-04 -1.2470170390868061e-03 +1.6679856590104084e-03 +6.5127876170670393e-04
 52.50000000 +5.0000000000000000e+00 +2.0001400422401909e+00 +1.3670474565351072e-03 +1.0013363466050589e+00 +9.9971524762208641e-01 +9.9985092556353028e-01 +1.0001769821789614e+00 +1.0003464520781473e+00 +1.6573055311740212e-03 +5.7397296071612272e-04 +4.0505535633243294e-04 -9.3265152715528237e-04 -3.1296363687079299e-03
 53.00000000 +5.0000000000000000e+00 +1.9997564674289741e+00 +1.2522582907853481e-03 +1.0013662058506332e+00 +9.9941541334424633e-01 +9.9955978351518626e-01 +9.9967344830726668e-01 +9.9978155201234653e-01 -5.4977997168735292e-05 -8.8964140442549184e-04 +1.4972128311860845e-03 -8.2784763933576862e-04 +4.7885118040492719e-04
 53.50000000 +5.0000000000000000e+00 +1.9995276262766233e+00 +1.4664190754064205e-03 +1.0007357235185348e+00 +1.0000457870824015e+00 +9.9941833020454718e-01 +9.9952920070225826e-01 +9.9934866184400140e-01 -9.7157791445693059e-04 +4.4498657710892746e-04 -5.7616761884662362e-04 +1.2792059676376671e-03 +7.4584963667890137e-04
 54.00000000 +5.0000000000000000e+00 +1.9995928984629832e+00 +2.1694022452491430e-03 +9.9911303597726597e-01 +9.9956518983080311e-01 +9.9951394257042303e-01 +9.9955807921783857e-01 +9.9972085300544800e-01 +5.1678505235506220e-04 -4.5102818762590092e-05 -1.1071785728985716e-05 +8.7664335072063242e-04 +1.1916455998921261e-03
 54.50000000 +5.0000000000000000e+00 +1.9998255690053892e+00 +3.6150092663825798e-03 +9.9539223210689187e-01 +1.0000938144252400e+00 +9.9910455721629021e-01 +1.0000999914727744e+00 +9.9898692264326072e-01 +3.4570521450043240e-03 +2.0203921634658179e-03 +1.0114754215343710e-03 -5.1724575063656273e-04 +3.5080815600711595e-04
 55.00000000 +5.0000000000000000e+00 +1.9997501855638635e+00 +3.4500324825697307e-03 +9.9568244444733967e-01 +1.0003548797827513e+00 +1.0000360373959916e+00 +1.0002187255765755e+00 +9.9960234537772541e-01 -8.7102145972980442e-05 +1.7104084217966744e-04 +3.4943944693165634e-04 +3.6925674247604637e-03 -2.0378147888334812e-05
 55.50000000 +5.0000000000000000e+00 +1.9999946089601910e+00 +2.7708400945414781e-03 +9.9773135189852691e-01 +9.9977977589042777e-01 +1.0000138518575623e+00 +9.9923665686968877e-01 +1.0003020914566831e+00 +7.2060746837122544e-04 -1.4752419461972297e-03 -1.8692423061528071e-04 +1.0584045085474632e-03 +2.8194262271950240e-03
 56.00000000 +5.0000000000000000e+00 +1.9996404900493254e+00 +1.7009015506066322e-03 +1.0002864577398161e+00 +1.0001411154715998e+00 +9.9939696096927466e-01 +9.9949764630832039e-01 +1.0001990111803092e+00 -8.9540258839830103e-05 +1.1900726732707572e-03 -2.2403647636546715e-03 +1.6113312222644800e-03 +7.3094572328695928e-06
 56.50000000 +5.0000000000000000e+00 +1.9999571166641523e+00 +5.0848454818550421e-03 +9.9188958584930920e-01 +9.9966554904155835e-01 +9.9986035685210961e-01 +9.9950032587219828e-01 +9.9883228197885787e-01 +2.6206179425782589e-03 +4.8397822419647806e-03 -9.2939971311196769e-05 +9.3656772056561251e-04 +1.9478724720546755e-03
 57.00000000 +5.0000000000000000e+00 +1.9995879121238398e+00 +5.2616588925652966e-03 +9.9154181784610518e-01 +9.9933158130725452e-01 +1.0006317063236994e+00 +9.9972162979923551e-01 +9.9868986101126689e-01 +1.6902689246918810e-03 +8.7098361816245379e-05 +1.3886161573195182e-03 +3.9152173959888271e-03 +3.0022028724857055e-03
 57.50000000 +5.0000000000000000e+00 +1.9996651512806816e+00 +9.5383298637598073e-04 +1.0018283888030139e+00 +9.9955523483565667e-01 +1.0000696143958485e+00 +9.9955905815186830e-01 +9.9963283002982672e-01 -3.2096801452545558e-04 +1.0036971805600483e-03 -2.0358141627249953e-03 +1.6818384041019326e-04 +5.3977494000976569e-04
 58.00000000 +5.0000000000000000e+00 +1.9997270062783574e+00 +3.3273027302717999e-03 +9.9630999954854116e-01 +1.0008206390229313e+00 +9.9923836942485733e-01 +9.9965388728466298e-01 +9.9906177682334729e-01 +2.7920797751649963e-03 +7.4717064362795900e-04 +1.2614428587798298e-03 -7.8664181028463630e-04 +9.0127642837691793e-04
 58.50000000 +5.0000000000000000e+00 +1.9999532946056406e+00 +1.6946382762040289e-03 +1.0004231352830197e+00 +9.9892925263347154e-01 +1.0003498823009642e+00 +1.0009261148693236e+00 +9.9957818348372030e-01 +2.7747303191708768e-03 -1.6192561288436329e-03 -8.8713944980701152e-04 -2.5831379565291912e-04 -2.1658951572480980e-04
 59.00000000 +5.0000000000000000e+00 +2.0002137693696165e+00 +1.3094146475055813e-03 +1.0013511136738091e+00 +9.9966060784945043e-01 +9.9959695063645249e-01 +9.9969875258085639e-01 +9.9957016188418291e-01 +2.7931919554782529e-03 -1.7879639288798429e-03 +1.3904017997356092e-03 -1.2138228252035598e-03 -1.0593936259438094e-03
 59.50000000 +5.0000000000000000e+00 +1.9998628115946280e+00 +2.1383951503120596e-03 +9.9926537530918957e-01 +9.9922389307785509e-01 +1.0001352281253948e+00 +9.9927018909825038e-01 +9.9928155536653374e-01 +3.3586074345177941e-03 -2.6714683000781080e-03 +3.0447400325093359e-04 +1.6419478567691837e-03 +1.9019802835298737e-04
 60.00000000 +5.0000000000000000e+00 +1.9999734245411351e+00 +4.3136884299543338e-03 +9.9368226926004655e-01 +1.0013198968786152e+00 +9.9877145009378310e-01 +9.9965425552457587e-01 +1.0007805889117036e+00 +4.5063322059623314e-03 -1.1352946721036952e-03 +1.4351304123370729e-03 +4.4748619955299363e-04 +5.3788518562726800e-04
 60.50000000 +5.0000000000000000e+00 +1.9996674868024782e+00 -1.1259830416322032e-04 +1.0047074349273493e+00 +9.9981678672254359e-01 +9.9928712544318399e-01 +9.9989943496639022e-01 +1.0003419752612421e+00 -7.9428664050169357e-05 +1.8378816680983368e-03 -1.4043917047146114e-03 -2.0776683409953504e-03 -2.3291502787962095e-03
 61.00000000 +5.0000000000000000e+00 +1.9996858980660543e+00 +2.1345990202423421e-03 +9.9925512053873700e-01 +9.9864661010405309e-01 +1.0000850811144555e+00 +1.0006921234097930e+00 +1.0005065219053608e+00 +1.5683048643276108e-03 -2.7752535121678273e-03 +1.9632709358692931e-03 -1.9987739463207455e-04 +2.5809803421982034e-04
 61.50000000 +5.0000000000000000e+00 +2.0000008997482799e+00 +6.8885226762371377e-03 +9.8727326184593556e-01 +9.9946733035474422e-01 +9.9983907081747325e-01 +9.9989755474564801e-01 +9.9772592707807528e-01 +2.2869213674959980e-03 +2.9024651610016052e-03 +4.4969821898674534e-03 +2.9951612256375439e-03 +3.1153252141052409e-03
 62.00000000 +5.0000000000000000e+00 +2.0000532241061930e+00 +2.4924404955950952e-03 +9.9825888608259972e-01 +1.0000423905448432e+00 +1.0001671101459895e+00 +1.0005324425807489e+00 +9.9879836098969599e-01 -1.6597498776032084e-05 +1.9445040230904626e-03 +6.4678112642363006e-04 -1.8269843296466310e-03 +1.4531063350385694e-03
 62.50000000 +5.0000000000000000e+00 +2.0001615804891060e+00 +1.1222645937858339e-03 +1.0021825342342743e+00 +1.0012981119956730e+00 +9.9897221722780993e-01 +9.9922514035816035e-01 +9.9958317135498365e-01 -3.0563182984446741e-03 -3.0023558715525232e-03 +3.1788837462230672e-03 -3.2899128260937449e-03 +4.9085280789402533e-03
 63.00000000 +5.0000000000000000e+00 +2.0004558082442783e+00 +3.0854061767973765e-04 +1.0039872802238288e+00 +9.9869726590817876e-01 +9.9964713716513920e-01 +9.9999241014398621e-01 +9.9872317595408866e-01 -1.7638437344860249e-03 -3.2173381252588690e-04 +1.5416803833756851e-03 -1.0410104853677681e-03 +5.3763825398192426e-04
 63.50000000 +5.0000000000000000e+00 +2.0001126804089577e+00 +1.6329925663088817e-04 +1.0043173440013129e+00 +1.0016447864643523e+00 +1.0004422235104395e+00 +9.9979713170308271e-01 +1.0006116082215657e+00 -4.5909073747870746e-03 +7.2649885495006876e-04 +3.6301992431149433e-03 -2.2495767537763973e-03 -4.3293078704757324e-03
 64.00000000 +5.0000000000000000e+00 +1.9997351141602500e+00 +4.8034053663492714e-03 +9.9213476981656612e-01 +9.9885376375408741e-01 +1.0001399979307313e+00 +9.9993939536142773e-01 +9.9910763026137717e-01 -1.3494546779517160e-03 +1.8405351572959065e-03 -5.2843469950596741e-04 +5.5521263337683360e-03 +4.3096707622252341e-03
 64.50000000 +5.0000000000000000e+00 +1.9992765672939361e+00 -5.4343321998260555e-04 +1.0056951289900407e+00 +9.9829173784332681e-01 +1.0011440546594461e+00 +1.0014659657446472e+00 +1.0002279264604332e+00 -3.8893433837206589e-03 -3.9411350674978902e-03 +1.2796101683315514e-05 -2.1138590578885560e-03 +3.1067277091514148e-03
 65.00000000 +5.0000000000000000e+00 +1.9999089823323961e+00 +1.3782876061048217e-03 +1.0010718890747154e+00 +9.9982007423998198e-01 +9.9880460445211061e-01 +9.9843305929603265e-01 +9.9957772188867722e-01 +7.1812091577217612e-04 +3.1076419864268182e-03 +4.2189378576673285e-03 +1.0781030000390976e-03 -6.8301527115984017e-03
 65.50000000 +5.0000000000000000e+00 +1.9999518892640475e+00 +2.4057863105360578e-03 +9.9903244500835509e-01 +1.0003534483891074e+00 +1.0000527021872381e+00 +9.9943477662091540e-01 +9.9997816351153623e-01 -1.3344549712807007e-03 +1.2443200642075748e-04 -1.9818509437958781e-03 +2.5151155284505321e-03 +1.8252226631346904e-03
 66.00000000 +5.0000000000000000e+00 +2.0008485134386289e+00 +1.5620148826349131e-03 +1.0007298127496662e+00 +1.0004640041945585e+00 +1.0003655818227151e+00 +1.0004717840390931e+00 +9.9934950914179543e-01 +2.3790646683471356e-03 -2.0485592385718191e-04 +1.1008104566263039e-04 +7.6153896708622856e-04 -4.4265207051714175e-03
 66.50000000 +5.0000000000000000e+00 +1.9999935975916070e+00 -1.7402316793963769e-03 +1.0093138081952482e+00 +9.9905288047945939e-01 +1.0003678226563135e+00 +9.9893658177438927e-01 +1.0009803888855415e+00 -2.6843623779966865e-03 -3.1458072550706101e-03 -3.0578313477957371e-03 +2.9880548962440967e-03 -2.7515359062436490e-03
 67.00000000 +5.0000000000000000e+00 +2.0002866288477086e+00 +3.9441009607901999e-03 +9.9427993810202109e-01 +1.0006040193598198e+00 +9.9735783842507475e-01 +1.0001785191421921e+00 +9.9926049523265337e-01 +3.8621371037710897e-03 +5.5299626568708051e-05 -2.0967926459960528e-03 +2.1945873714390653e-03 +4.3039582823279866e-03
 67.50000000 +5.0000000000000000e+00 +1.9993959738688460e+00 +3.0709628610313135e-03 +9.9650401478337380e-01 +1.0007658837186788e+00 +1.0006805014161571e+00 +9.9988629829339859e-01 +9.9814227628780539e-01 -3.8143564600602803e-04 +1.4996876865921395e-03 -2.8798414407719833e-03 -6.9636133923713127e-04 +6.4789762398427871e-03
 68.00000000 +5.0000000000000000e+00 +2.0002412613082785e+00 +8.0210387318902757e-04 +1.0030988985483305e+00 +9.9970615633176740e-01 +1.0005772834323419e+00 +9.9915050263382177e-01 +9.9826127572689416e-01 +3.1846186528176486e-03 +2.3240498363690043e-03 -4.0149221672090781e-04 -2.0066172739560020e-03 -3.8946756717783701e-03
 68.50000000 +5.0000000000000000e+00 +1.9981394637646761e+00 +6.4812210146579508e-03 +9.8775154707749946e-01 +1.0006494781619812e+00 +1.0003811917356351e+00 +9.9898389108962038e-01 +9.9682671137385337e-01 +2.0397103831223235e-03 +5.0073583041942713e-03 +4.3797293893878360e-03 +1.3257218357940628e-03 +2.6546606489410095e-03
 69.00000000 +5.0000000000000000e+00 +1.9999388266586089e+00 +2.6551531752422907e-03 +9.9757636720462772e-01 +9.9947166361001516e-01 +9.9972988988150413e-01 +1.0013263219837394e+00 +9.9943212039593476e-01 +7.7202864436196478e-03 -2.6179351965211466e-03 -1.7846187860972289e-03 -2.4453843834481556e-04 -6.0955709840542643e-04
 69.50000000 +5.0000000000000000e+00 +1.9995309918426170e+00 -1.5108331998828404e-03 +1.0082414844520031e+00 +1.0011256561862560e+00 +9.9780029385098812e-01 +9.9879542212809058e-01 +1.0005278877758774e+00 -2.9843368350724203e-03 +3.0300515783405883e-03 -6.0118512253765433e-03 -2.7536280084573704e-03 +2.2290200973392529e-03
 70.00000000 +5.0000000000000000e+00 +1.9994443546607625e+00 +3.6055640494525158e-03 +9.9550081062885765e-01 +1.0014867701740113e+00 +9.9756424850773628e-01 +9.9895988076644349e-01 +1.0001411574202812e+00 +2.9522487652493853e-03 +1.5823234724988734e-03 +9.4419553240641029e-04 -4.5134750593736356e-03 +5.3818397920554640e-03
 70.50000000 +5.0000000000000000e+00 +1.9994084740144444e+00 +1.0342580945767638e-02 +9.7866117484791970e-01 +1.0002012262412421e+00 +9.9956914028219923e-01 +9.9988090415861142e-01 +9.9974472834438954e-01 +3.5330157633260209e-03 +1.0825357627061295e-03 +1.0821699698053276e-02 +2.6685034532713389e-03 +3.8370714482032714e-03
 71.00000000 +5.0000000000000000e+00 +2.0006256599097716e+00 -4.3742018398797215e-04 +1.0065033985961571e+00 +1.0010598276249481e+00 +9.9648237149286523e-01 +9.9831295077020910e-01 +9.9480108347532459e-01 +2.0677745210627638e-03 -2.1697445328195705e-03 +4.9124593774307864e-03 -2.5413826627957541e-03 +5.7126133754841250e-04
 71.50000000 +5.0000000000000000e+00 +1.9980446505285656e+00 +1.0656239777678943e-02 +9.7710996597371969e-01 +9.9856118762647073e-01 +1.0005834611419180e+00 +1.0006545317536559e+00 +9.9981677897541910e-01 +6.1964603953652231e-05 +3.9661133546822049e-03 +8.5907918514852126e-03 +7.0961636589266519e-03 +3.5590410596204216e-03
 72.00000000 +5.0000000000000000e+00 +1.9985125764271305e+00 -4.0781757332182820e-03 +1.0156360244579470e+00 +1.0000810381917429e+00 +9.9684561754932621e-01 +9.9983561249990593e-01 +9.9765980998903292e-01 +1.4200703778974253e-02 -5.7371721150010005e-03 -4.5115333148496722e-03 -1.2254098861592141e-02 -1.7560021755682500e-03
 72.50000000 +5.0000000000000000e+00 +2.0008970770015773e+00 +5.1255656269812079e-04 +1.0032743988207009e+00 +1.0046889461618458e+00 +1.0008813050103542e+00 +1.0017181057607969e+00 +9.9722147337252853e-01 +4.4699993541546445e-03 -8.8095899951902749e-04 -6.3192236033962840e-03 -6.8042653124431689e-03 +1.7502194350149122e-03
 73.00000000 +5.0000000000000000e+00 +2.0013499960590946e+00 +1.4392292049372952e-03 +1.0016311434707810e+00 +9.9987442660596526e-01 +1.0049128125186029e+00 +1.0027876374965867e+00 +9.9495751071798355e-01 -2.8440315692620337e-03 -5.3019681307604543e-03 +1.9155830491615370e-03 -2.8691373457959061e-03 +4.9360231867899181e-03
 73.50000000 +5.0000000000000000e+00 +1.9985842397168490e+00 -2.3035594450796100e-03 +1.0100563381695598e+00 +9.9971944728966122e-01 +9.9971188720139414e-01 +1.0014683872585062e+00 +9.9821838941066310e-01 -2.8725754287162774e-03 +5.7446739292147178e-03 -7.1105951078676913e-03 -3.4994450172452876e-03 -1.4365077050967588e-03
 74.00000000 +5.0000000000000000e+00 +1.9987983008684278e+00 -6.1991130371944880e-04 +1.0062934923195082e+00 +1.0028203927153099e+00 +9.9852861148529048e-01 +1.0015736510255402e+00 +9.9875818174098996e-01 -3.8157269465228108e-03 +5.9910217073948680e-04 +3.5363621799022156e-05 +1.5402570217901948e-03 -6.3333251543634230e-03
 74.50000000 +5.0000000000000000e+00 +1.9997198336204904e+00 +3.3439405631471644e-03 +9.9569231897544663e-01 +1.0038839707073997e+00 +9.9424069400565018e-01 +1.0000185672699642e+00 +9.9710313886184776e-01 +1.9859585355738773e-04 -1.9629195014661599e-03 +6.9962189180722643e-03 +6.4591849492740315e-03 -2.6297700396960225e-03
 75.00000000 +5.0000000000000000e+00 +1.9981459736729219e+00 +2.7144156568146955e-03 +9.9734985945262666e-01 +1.0004730534326767e+00 +9.9880223369147836e-01 +1.0045323459387194e+00 +9.9666217791900269e-01 -2.5488788664313759e-03 +2.2711704032569837e-03 +7.6957938737743162e-03 -2.8414939983380512e-03 -2.3962618467465273e-03
