#PATCH_CHECK: SepMBpoisson v0.60 fullmb-kondo adaptive-t500 active
#discretizing the bath:
#     0 0.0000000000000000e+00 -9.1873305439137479e-02
#     1 2.0682789409984760e-03 -1.6941437522976949e-01
#     2 2.0682789409984760e-03 -1.6840967448389726e-01
#     3 2.0682789409984760e-03 -1.6740328076888655e-01
#     4 2.0682789409984760e-03 -1.6639519692789675e-01
#     5 2.0682789409984760e-03 -1.6538542578981105e-01
#     6 2.0682789409984760e-03 -1.6437397016935515e-01
#     7 2.0682789409984760e-03 -1.6336083286721512e-01
#     8 2.0682789409984760e-03 -1.6234601667015375e-01
#     9 2.0682789409984760e-03 -1.6132952435112544e-01
#adaptive measurement: gap=1.0097711380857022e-03 period_steps=12445 nmeas=300 nwf=300 tmax=1.5000000000000000e+02 forced_stride=1
  0.00000000 +5.0000000000000000e+00 +1.9999999999999998e+00 +1.8374661879283106e-03 +1.0000000000000000e+00 +1.0000000000000000e+00 +1.0000000000000000e+00 +1.0000000000000000e+00 +1.0000000000000000e+00 +0.0000000000000000e+00 +0.0000000000000000e+00 +0.0000000000000000e+00 +0.0000000000000000e+00 +0.0000000000000000e+00
  0.50000000 +5.0000000000000000e+00 +1.9999999999929596e+00 +1.8395974884590934e-03 +9.9999458915007844e-01 +1.0000000000055995e+00 +1.0000000000055995e+00 +1.0000000000055995e+00 +1.0000000000055995e+00 +1.0834511306935424e-06 +1.0974269318971841e-06 +1.0719570138157809e-06 +1.0797939116869813e-06 +1.0782265321127414e-06
  1.00000000 +5.0000000000000000e+00 +1.9999999995584272e+00 +1.8459217962499992e-03 +9.9997853006482351e-01 +9.9999999998561162e-01 +9.9999999998423983e-01 +9.9999999998492584e-01 +9.9999999998684630e-01 +4.2844649691901577e-06 +4.3557154189488170e-06 +4.2747097867279889e-06 +4.2414757011907576e-06 +4.3135859267835373e-06
  1.50000000 +5.0000000000000000e+00 +1.9999999999186011e+00 +1.8563286309192350e-03 +9.9995209371615901e-01 +9.9999999995240574e-01 +9.9999999994536504e-01 +9.9999999994746291e-01 +9.9999999995406719e-01 +9.5351876896524292e-06 +9.5723900630126082e-06 +9.5530349662249396e-06 +9.5279316662793271e-06 +9.7179615850963287e-06
  2.00000000 +5.0000000000000000e+00 +1.9999999977168317e+00 +1.8705171057848270e-03 +9.9991602889476550e-01 +9.9999999978931220e-01 +9.9999999978388410e-01 +9.9999999977729248e-01 +9.9999999981117937e-01 +1.6685980878482072e-05 +1.6771824647253179e-05 +1.6762219848052845e-05 +1.6808748670347097e-05 +1.6943207828809972e-05
  2.50000000 +5.0000000000000000e+00 +1.9999999970672366e+00 +1.8882508351043602e-03 +9.9987091468152223e-01 +9.9999999939689943e-01 +9.9999999938777617e-01 +9.9999999938234885e-01 +9.9999999943029172e-01 +2.5639019484660965e-05 +2.5847243567388513e-05 +2.5714629093254894e-05 +2.5801769536912019e-05 +2.6085091315007430e-05
  3.00000000 +5.0000000000000000e+00 +1.9999999994222737e+00 +1.9090588414588463e-03 +9.9981792266809832e-01 +9.9999999867525580e-01 +9.9999999868191669e-01 +9.9999999862230715e-01 +9.9999999876055634e-01 +3.6068979464423976e-05 +3.6525666815927352e-05 +3.6341970489561432e-05 +3.6413348807499660e-05 +3.6732626337086051e-05
  3.50000000 +5.0000000000000000e+00 +1.9999999943233822e+00 +1.9323196324732104e-03 +9.9975860366973301e-01 +9.9999999743530621e-01 +9.9999999746282464e-01 +9.9999999736838441e-01 +9.9999999760547231e-01 +4.7963969667757108e-05 +4.8523051663909915e-05 +4.8108074871627338e-05 +4.8243436368528624e-05 +4.8567958459475833e-05
  4.00000000 +5.0000000000000000e+00 +1.9999999793971199e+00 +1.9576472035581992e-03 +9.9969391447223366e-01 +9.9999999557040986e-01 +9.9999999557804276e-01 +9.9999999545926999e-01 +9.9999999578523169e-01 +6.0983916787861476e-05 +6.1452424716530209e-05 +6.1114632871934788e-05 +6.1145658232465859e-05 +6.1406528260929183e-05
  4.50000000 +5.0000000000000000e+00 +1.9999999607838970e+00 +1.9841496713307056e-03 +9.9962608247905471e-01 +9.9999999285174490e-01 +9.9999999298637099e-01 +9.9999999263182937e-01 +9.9999999307797716e-01 +7.4603736853348022e-05 +7.5070684909029378e-05 +7.4556639539507069e-05 +7.4690609092293615e-05 +7.5024334729610002e-05
  5.00000000 +5.0000000000000000e+00 +1.9999999695795880e+00 +2.0112792443198382e-03 +9.9955647611369980e-01 +9.9999998909311005e-01 +9.9999998943645130e-01 +9.9999998895212105e-01 +9.9999998954701264e-01 +8.8706164993488572e-05 +8.9047883721434561e-05 +8.8662516841000484e-05 +8.8630273398583297e-05 +8.8520021515921436e-05
  5.50000000 +5.0000000000000000e+00 +1.9999998534053778e+00 +2.0382913202222595e-03 +9.9948696500114176e-01 +9.9999998431619841e-01 +9.9999998451012029e-01 +9.9999998422379999e-01 +9.9999998478197150e-01 +1.0257010117738714e-04 +1.0293195141684848e-04 +1.0254277757722816e-04 +1.0256719878597064e-04 +1.0248514972411771e-04
  6.00000000 +5.0000000000000000e+00 +1.9999999015477425e+00 +2.0646861565076680e-03 +9.9941880160335117e-01 +9.9999997777944216e-01 +9.9999997846363053e-01 +9.9999997811730446e-01 +9.9999997853837819e-01 +1.1621737283377541e-04 +1.1671623184397346e-04 +1.1590955317969586e-04 +1.1636928173939097e-04 +1.1607304355205783e-04
  6.50000000 +5.0000000000000000e+00 +1.9999998207010108e+00 +2.0893539535191113e-03 +9.9935478500351049e-01 +9.9999996988823181e-01 +9.9999997052762102e-01 +9.9999997033085697e-01 +9.9999997075805769e-01 +1.2933800934387187e-04 +1.2959176070618576e-04 +1.2881133318868007e-04 +1.2890412260910762e-04 +1.2868827997628072e-04
  7.00000000 +5.0000000000000000e+00 +1.9999997441974027e+00 +2.1120527929302320e-03 +9.9929553211058220e-01 +9.9999996113022271e-01 +9.9999996140326508e-01 +9.9999996225087884e-01 +9.9999996191477181e-01 +1.4167574669430140e-04 +1.4138031425685291e-04 +1.4091900092412261e-04 +1.4075666671097689e-04 +1.3988941094459110e-04
  7.50000000 +5.0000000000000000e+00 +1.9999997050194269e+00 +2.1323635499323240e-03 +9.9924215617036305e-01 +9.9999994965502714e-01 +9.9999995030271294e-01 +9.9999995124911978e-01 +9.9999995150499377e-01 +1.5206190392472413e-04 +1.5209974910724452e-04 +1.5162001259702012e-04 +1.5155312376001373e-04 +1.5070633399702263e-04
  8.00000000 +5.0000000000000000e+00 +1.9999997324776120e+00 +2.1494039571145476e-03 +9.9919686039379718e-01 +9.9999993797095965e-01 +9.9999993838948908e-01 +9.9999993904426243e-01 +9.9999993900615625e-01 +1.6162250624416591e-04 +1.6141419598286486e-04 +1.6041048801841010e-04 +1.6020072351026832e-04 +1.5973721754564569e-04
  8.50000000 +5.0000000000000000e+00 +1.9999994992505115e+00 +2.1623080068845896e-03 +9.9916187786313360e-01 +9.9999992212790545e-01 +9.9999992506589575e-01 +9.9999992410557692e-01 +9.9999992575855889e-01 +1.6914132129595435e-04 +1.6820190946342914e-04 +1.6764371576854470e-04 +1.6718251994957595e-04 +1.6625553835584076e-04
  9.00000000 +5.0000000000000000e+00 +1.9999992867299359e+00 +2.1714289673107501e-03 +9.9913635803212419e-01 +9.9999990772593261e-01 +9.9999990954127782e-01 +9.9999990962157803e-01 +9.9999990991940868e-01 +1.7506066796749809e-04 +1.7315552732124803e-04 +1.7272503380161123e-04 +1.7199747580979124e-04 +1.7106643443189114e-04
  9.50000000 +5.0000000000000000e+00 +1.9999990873437914e+00 +2.1770784464361205e-03 +9.9911954405232517e-01 +9.9999988887678581e-01 +9.9999989147788904e-01 +9.9999989113294441e-01 +9.9999989243237863e-01 +1.7780076016574864e-04 +1.7817990687636970e-04 +1.7546086964817772e-04 +1.7488038776615055e-04 +1.7457010627638391e-04
 10.00000000 +5.0000000000000000e+00 +1.9999987809330066e+00 +2.1789363134332865e-03 +9.9911236296843664e-01 +9.9999987189768957e-01 +9.9999987234727095e-01 +9.9999987324977069e-01 +9.9999987330626083e-01 +1.8051435141811390e-04 +1.7811401014844458e-04 +1.7730867353690091e-04 +1.7700735543016137e-04 +1.7520188223434416e-04
 10.50000000 +5.0000000000000000e+00 +1.9999987063499371e+00 +2.1753081654679925e-03 +9.9911908314222897e-01 +9.9999985174907136e-01 +9.9999985480135789e-01 +9.9999985354404786e-01 +9.9999985391849122e-01 +1.7985530262003459e-04 +1.7745463739206094e-04 +1.7545200514982641e-04 +1.7485313221677425e-04 +1.7388781729324248e-04
 11.00000000 +5.0000000000000000e+00 +1.9999982513379393e+00 +2.1701306120228826e-03 +9.9912990349696940e-01 +9.9999983036559648e-01 +9.9999983348210397e-01 +9.9999983153106398e-01 +9.9999983291369376e-01 +1.7809788763804157e-04 +1.7516470268768761e-04 +1.7387386598580879e-04 +1.7246586147232992e-04 +1.7116588629738144e-04
 11.50000000 +5.0000000000000000e+00 +1.9999981887725078e+00 +2.1590757025986597e-03 +9.9915577406016609e-01 +9.9999980917653175e-01 +9.9999981569985308e-01 +9.9999980921424325e-01 +9.9999981693475537e-01 +1.7212817434119235e-04 +1.7075701697272447e-04 +1.6829515362653654e-04 +1.6815209560904043e-04 +1.6564254595448106e-04
 12.00000000 +5.0000000000000000e+00 +1.9999977431234832e+00 +2.1426685387530412e-03 +9.9919539530276102e-01 +9.9999978562601588e-01 +9.9999978861344740e-01 +9.9999978916367627e-01 +9.9999979181898813e-01 +1.6460653275525829e-04 +1.6300744423121334e-04 +1.6042655494800023e-04 +1.5819087887808506e-04 +1.5921809905680172e-04
 12.50000000 +5.0000000000000000e+00 +1.9999976772123986e+00 +2.1284326057343060e-03 +9.9922988887882891e-01 +9.9999976244297828e-01 +9.9999976964744441e-01 +9.9999976851535355e-01 +9.9999976891593578e-01 +1.5776163802805812e-04 +1.5657251732302592e-04 +1.5287840936484157e-04 +1.5087778998815524e-04 +1.5295127857755685e-04
 13.00000000 +5.0000000000000000e+00 +1.9999976183028425e+00 +2.1088853606484430e-03 +9.9927820377481225e-01 +9.9999974300558636e-01 +9.9999974295248495e-01 +9.9999974983862006e-01 +9.9999975358816273e-01 +1.4734209895697758e-04 +1.4728573506347334e-04 +1.4328405965782193e-04 +1.4349551843360271e-04 +1.4139936615151816e-04
 13.50000000 +5.0000000000000000e+00 +1.9999973705564322e+00 +2.0852162334278235e-03 +9.9933735907757715e-01 +9.9999972694481964e-01 +9.9999972923832237e-01 +9.9999972665116110e-01 +9.9999972738965037e-01 +1.3549356737432215e-04 +1.3650174477124308e-04 +1.3286674084724318e-04 +1.2967078430255026e-04 +1.2919781173862448e-04
 14.00000000 +5.0000000000000000e+00 +1.9999970874167128e+00 +2.0621396588711410e-03 +9.9939546749978714e-01 +9.9999969926947296e-01 +9.9999970862482035e-01 +9.9999971057156878e-01 +9.9999970775320235e-01 +1.2478269849626163e-04 +1.2216106869574224e-04 +1.2013266349966582e-04 +1.1989957681518570e-04 +1.1873025345001103e-04
 14.50000000 +5.0000000000000000e+00 +1.9999967832368011e+00 +2.0398490668681246e-03 +9.9945211696706560e-01 +9.9999969091705210e-01 +9.9999968644815529e-01 +9.9999969264180144e-01 +9.9999969274893585e-01 +1.1468121326386556e-04 +1.1091287401681592e-04 +1.0946596280578796e-04 +1.0968659317754531e-04 +1.0437363918591536e-04
 15.00000000 +5.0000000000000000e+00 +1.9999966218456102e+00 +2.0133920357911293e-03 +9.9951991259195694e-01 +9.9999965036191929e-01 +9.9999966869479195e-01 +9.9999966282551633e-01 +9.9999967938053147e-01 +9.9974763540453738e-05 +9.6940421271308843e-05 +9.5953262734141485e-05 +9.5905799929553055e-05 +9.2651913053969350e-05
 15.50000000 +5.0000000000000000e+00 +1.9999962894055634e+00 +1.9923311976497542e-03 +9.9957448389470138e-01 +9.9999964256117357e-01 +9.9999964360591742e-01 +9.9999964789995521e-01 +9.9999964700404920e-01 +8.9742268830557515e-05 +8.6396235498791628e-05 +8.6969349537313210e-05 +8.1580625543651751e-05 +8.2246501984606685e-05
 16.00000000 +5.0000000000000000e+00 +1.9999965319844186e+00 +1.9683114123255473e-03 +9.9963730995619149e-01 +9.9999963182685714e-01 +9.9999962092458494e-01 +9.9999963852582396e-01 +9.9999965000467161e-01 +7.7017727943497525e-05 +7.3700143847766681e-05 +7.2665785111932467e-05 +7.0613581033413450e-05 +7.0151528745199981e-05
 16.50000000 +5.0000000000000000e+00 +1.9999963338277917e+00 +1.9496008340232148e-03 +9.9968691009056621e-01 +9.9999961100882195e-01 +9.9999962164673961e-01 +9.9999960877895067e-01 +9.9999962618759386e-01 +6.5633631412287296e-05 +6.2936529843402505e-05 +6.4059834600742918e-05 +6.1777118791701548e-05 +6.0215188065680113e-05
 17.00000000 +5.0000000000000000e+00 +1.9999965133537614e+00 +1.9309771468534439e-03 +9.9973693186199819e-01 +9.9999959786727965e-01 +9.9999961227177381e-01 +9.9999961464149867e-01 +9.9999961119847502e-01 +5.8809423686940884e-05 +5.1592968025171906e-05 +5.4306475603561510e-05 +4.9063763170338754e-05 +5.0859547776312715e-05
 17.50000000 +5.0000000000000000e+00 +1.9999964155176873e+00 +1.9143193810053482e-03 +9.9978237494379507e-01 +9.9999958409049505e-01 +9.9999958614677276e-01 +9.9999960248591835e-01 +9.9999960156312484e-01 +4.5590012282594208e-05 +4.4413900405319988e-05 +4.3928244333453294e-05 +4.1864932972083979e-05 +4.3453715524580835e-05
 18.00000000 +5.0000000000000000e+00 +1.9999968147900660e+00 +1.9003114151460408e-03 +9.9982131480516401e-01 +9.9999961025477224e-01 +9.9999958290150603e-01 +9.9999957826579799e-01 +9.9999959327977284e-01 +3.9336642714195583e-05 +3.5462045339300653e-05 +3.5714596044977708e-05 +3.5033516461499836e-05 +3.4773749922474929e-05
 18.50000000 +5.0000000000000000e+00 +1.9999966211420164e+00 +1.8920310375004218e-03 +9.9984614620727730e-01 +9.9999958749994766e-01 +9.9999960089965101e-01 +9.9999959739104016e-01 +9.9999958283564372e-01 +3.6346919179662222e-05 +3.1975432350244396e-05 +3.4631581841624164e-05 +2.7431008380247629e-05 +2.5100238096897569e-05
 19.00000000 +5.0000000000000000e+00 +1.9999968931302019e+00 +1.8861025583009592e-03 +9.9986538255615753e-01 +9.9999955882906544e-01 +9.9999958080644691e-01 +9.9999958170424663e-01 +9.9999958280786427e-01 +2.9392410309305584e-05 +2.7125141384673837e-05 +2.3655022763809436e-05 +2.7355339799793153e-05 +2.8785377911848824e-05
 19.50000000 +5.0000000000000000e+00 +1.9999977632795389e+00 +1.8828255370001979e-03 +9.9987784859540163e-01 +9.9999954100752209e-01 +9.9999953767048377e-01 +9.9999955714127009e-01 +9.9999956560013403e-01 +2.5896512840556264e-05 +2.8402706793637140e-05 +2.1881191753544174e-05 +2.3321440240776674e-05 +2.4448163643958183e-05
 20.00000000 +5.0000000000000000e+00 +1.9999975951942426e+00 +1.8860629564264840e-03 +9.9987397127563526e-01 +9.9999955852661104e-01 +9.9999957463365940e-01 +9.9999954845851891e-01 +9.9999959121338133e-01 +2.7281315960671348e-05 +2.2534548245855095e-05 +3.0386601454891734e-05 +2.3829230418626289e-05 +2.3724161482040720e-05
 20.50000000 +5.0000000000000000e+00 +1.9999977452697781e+00 +1.8895763938926464e-03 +9.9986844088575133e-01 +9.9999953684840448e-01 +9.9999958446090020e-01 +9.9999954928123480e-01 +9.9999954362236465e-01 +2.7820375692310721e-05 +2.9168167262042655e-05 +2.7062333954619966e-05 +2.4853153213743617e-05 +2.4440805415738934e-05
 21.00000000 +5.0000000000000000e+00 +1.9999976444224323e+00 +1.8945004791551139e-03 +9.9985995098556224e-01 +9.9999952238665279e-01 +9.9999953442739919e-01 +9.9999953344731829e-01 +9.9999951804930931e-01 +3.0181539566311841e-05 +2.5492679507462372e-05 +2.8884939343081221e-05 +2.8387917476806003e-05 +2.8993581635151041e-05
 21.50000000 +5.0000000000000000e+00 +1.9999973146019414e+00 +1.9111353935352487e-03 +9.9982099454242834e-01 +9.9999952718201091e-01 +9.9999957862895572e-01 +9.9999956231909615e-01 +9.9999957272081452e-01 +3.5100761519831588e-05 +3.3517820461238369e-05 +3.5794667333876787e-05 +4.1199196548325145e-05 +3.5152122871285817e-05
 22.00000000 +5.0000000000000000e+00 +1.9999983181073964e+00 +1.9256419655721774e-03 +9.9978777125473883e-01 +9.9999951697401468e-01 +9.9999950542753047e-01 +9.9999950740580135e-01 +9.9999953925016505e-01 +4.3016883908532254e-05 +3.9932592822021693e-05 +4.1114919927233517e-05 +4.2022797314314145e-05 +4.8072507430582311e-05
 22.50000000 +5.0000000000000000e+00 +1.9999977934355098e+00 +1.9345526977045115e-03 +9.9976747419443235e-01 +9.9999950772980339e-01 +9.9999952832693428e-01 +9.9999951623669270e-01 +9.9999949703183311e-01 +4.2061880997536787e-05 +4.6137177586367976e-05 +4.6324611513802546e-05 +4.8369362449866721e-05 +5.1583381134033849e-05
 23.00000000 +5.0000000000000000e+00 +1.9999981788884731e+00 +1.9562271498565925e-03 +9.9971456357681698e-01 +9.9999949456024295e-01 +9.9999945181418359e-01 +9.9999949606598859e-01 +9.9999952351375032e-01 +5.4334765329853987e-05 +6.6886217455865228e-05 +5.1279391323028162e-05 +5.9947400807056199e-05 +5.5022743658608017e-05
 23.50000000 +5.0000000000000000e+00 +1.9999987021154606e+00 +1.9734308777607595e-03 +9.9967249504144728e-01 +9.9999945441494154e-01 +9.9999946581560473e-01 +9.9999950827425388e-01 +9.9999950296532980e-01 +6.3466230326314667e-05 +6.5197541916069046e-05 +6.7259658162720492e-05 +6.7196170552248023e-05 +6.6453950163382512e-05
 24.00000000 +5.0000000000000000e+00 +1.9999987388855716e+00 +1.9952198948181236e-03 +9.9961799722966704e-01 +9.9999948417983298e-01 +9.9999945167646020e-01 +9.9999947482122886e-01 +9.9999943854372197e-01 +7.8302468616362020e-05 +7.8275464042523366e-05 +7.7725190493596217e-05 +7.3358982683079032e-05 +7.6491439143505072e-05
 24.50000000 +5.0000000000000000e+00 +1.9999984684739256e+00 +2.0145835138249200e-03 +9.9956879817965916e-01 +9.9999944127169360e-01 +9.9999941251928015e-01 +9.9999945524407075e-01 +9.9999942296296296e-01 +8.1892671913996821e-05 +8.8797326449597833e-05 +8.6832012541223795e-05 +8.5022930902666719e-05 +9.0924942343640863e-05
 25.00000000 +5.0000000000000000e+00 +1.9999982329472132e+00 +2.0379729381384596e-03 +9.9950834731274074e-01 +9.9999935911723159e-01 +9.9999945883434593e-01 +9.9999942610614412e-01 +9.9999948609626854e-01 +9.7262666510395247e-05 +9.5629219861622156e-05 +1.0097425545730476e-04 +1.0055046550396540e-04 +9.9505961598169069e-05
 25.50000000 +5.0000000000000000e+00 +1.9999984706708782e+00 +2.0583351482576055e-03 +9.9945574136993343e-01 +9.9999942697481936e-01 +9.9999937814392925e-01 +9.9999942996636970e-01 +9.9999941933548220e-01 +1.0382750431140490e-04 +1.0985360872531514e-04 +1.0791658368509849e-04 +1.1759727576822674e-04 +1.0740920583149918e-04
 26.00000000 +5.0000000000000000e+00 +1.9999985043336947e+00 +2.0686302626428911e-03 +9.9942757775305546e-01 +9.9999933032686528e-01 +9.9999937723035315e-01 +9.9999933909487848e-01 +9.9999934624617060e-01 +1.1044995202614229e-04 +1.0760579891725291e-04 +1.1370544767925635e-04 +1.2113006294446953e-04 +1.2213808838908120e-04
 26.50000000 +5.0000000000000000e+00 +1.9999982971350492e+00 +2.0927342572418062e-03 +9.9936396957927931e-01 +9.9999933205353930e-01 +9.9999935535369266e-01 +9.9999927645253239e-01 +9.9999932754458853e-01 +1.2803213281811760e-04 +1.3015893307613384e-04 +1.2825750735070705e-04 +1.2368523703496024e-04 +1.2860520270740924e-04
 27.00000000 +5.0000000000000000e+00 +1.9999974070598361e+00 +2.1066366156750138e-03 +9.9932511340598040e-01 +9.9999930187840735e-01 +9.9999929938788890e-01 +9.9999933084885162e-01 +9.9999931139440257e-01 +1.3106034154007463e-04 +1.3711933313849110e-04 +1.3410652104419311e-04 +1.3497921688417750e-04 +1.4037764067529465e-04
 27.50000000 +5.0000000000000000e+00 +1.9999963683423767e+00 +2.1188474033500553e-03 +9.9929048502446549e-01 +9.9999921103278155e-01 +9.9999925404265577e-01 +9.9999920789542973e-01 +9.9999923445074534e-01 +1.3746011687176422e-04 +1.4439146172614447e-04 +1.4777835212418197e-04 +1.4284938809747615e-04 +1.4012818726213415e-04
 28.00000000 +5.0000000000000000e+00 +1.9999947391074526e+00 +2.1254707910527276e-03 +9.9926872998956551e-01 +9.9999922129380581e-01 +9.9999923518565303e-01 +9.9999921044323303e-01 +9.9999920423208688e-01 +1.4211593963905453e-04 +1.5120763162693236e-04 +1.4511664485525400e-04 +1.4759505817044246e-04 +1.4836356393596687e-04
 28.50000000 +5.0000000000000000e+00 +1.9999948294244232e+00 +2.1339168959037280e-03 +9.9924356502919920e-01 +9.9999918140267041e-01 +9.9999915154785579e-01 +9.9999920605888493e-01 +9.9999916584689852e-01 +1.5186864117407281e-04 +1.5092285245350430e-04 +1.5354642811844102e-04 +1.5669308208224878e-04 +1.4669913723272995e-04
 29.00000000 +5.0000000000000000e+00 +1.9999941009908211e+00 +2.1317683521421440e-03 +9.9924425408608797e-01 +9.9999907515797126e-01 +9.9999912734279661e-01 +9.9999908426974027e-01 +9.9999907917240460e-01 +1.5337738946910088e-04 +1.5495036970632802e-04 +1.5845228155473881e-04 +1.4538078872629147e-04 +1.4721917316632365e-04
 29.50000000 +5.0000000000000000e+00 +1.9999932905497275e+00 +2.1413199658523855e-03 +9.9921559249774539e-01 +9.9999901729406881e-01 +9.9999899712734042e-01 +9.9999907355280704e-01 +9.9999909366200834e-01 +1.6597493664209583e-04 +1.5314242962030105e-04 +1.5459560738312393e-04 +1.6168239081011147e-04 +1.5283051855275405e-04
 30.00000000 +5.0000000000000000e+00 +1.9999911866477800e+00 +2.1381858113256086e-03 +9.9921806704242344e-01 +9.9999908019199812e-01 +9.9999912432540894e-01 +9.9999897581664898e-01 +9.9999913991297895e-01 +1.6194539667720975e-04 +1.5489114514362844e-04 +1.5469268379220914e-04 +1.5935646241460109e-04 +1.5472698026450097e-04
 30.50000000 +5.0000000000000000e+00 +1.9999908655502983e+00 +2.1422320138474653e-03 +9.9920388740042676e-01 +9.9999902323222700e-01 +9.9999892465103868e-01 +9.9999907019638523e-01 +9.9999899978493578e-01 +1.5517232213085939e-04 +1.6018625059553468e-04 +1.5756044838760371e-04 +1.6357087513413872e-04 +1.6360477926766076e-04
 31.00000000 +5.0000000000000000e+00 +1.9999898832643637e+00 +2.1307466608304522e-03 +9.9922912432382816e-01 +9.9999897937393822e-01 +9.9999889504285522e-01 +9.9999882245519889e-01 +9.9999889881672688e-01 +1.5305778087843977e-04 +1.5344243570216339e-04 +1.5953871718713564e-04 +1.5088707745083583e-04 +1.5835400570625622e-04
 31.50000000 +5.0000000000000000e+00 +1.9999896715095939e+00 +2.1196269247716823e-03 +9.9925404465351853e-01 +9.9999882244906957e-01 +9.9999885097857555e-01 +9.9999883892867836e-01 +9.9999899310811169e-01 +1.5387353811828353e-04 +1.5245528953610645e-04 +1.4415484442044588e-04 +1.4869434584071118e-04 +1.5127188975628869e-04
 32.00000000 +5.0000000000000000e+00 +1.9999881690363277e+00 +2.1130662714692271e-03 +9.9926541818389913e-01 +9.9999892468121643e-01 +9.9999880258807827e-01 +9.9999877722095221e-01 +9.9999884672744799e-01 +1.5174961115822452e-04 +1.4421089794597905e-04 +1.4888709445689009e-04 +1.4614531091215274e-04 +1.4823765933669506e-04
 32.50000000 +5.0000000000000000e+00 +1.9999860164999452e+00 +2.1062066297667780e-03 +9.9927997558973980e-01 +9.9999867643295481e-01 +9.9999877207897681e-01 +9.9999869780250783e-01 +9.9999881705456284e-01 +1.5164292092600707e-04 +1.5424581757296035e-04 +1.4624274677830151e-04 +1.3908829806685198e-04 +1.3384131559183226e-04
 33.00000000 +5.0000000000000000e+00 +1.9999868262593408e+00 +2.0957592031903651e-03 +9.9930581235503713e-01 +9.9999860053123713e-01 +9.9999887662220899e-01 +9.9999863059847716e-01 +9.9999875318018028e-01 +1.3689040461909620e-04 +1.3732686865198132e-04 +1.4466905746588092e-04 +1.5170815406408293e-04 +1.2873219917911070e-04
 33.50000000 +5.0000000000000000e+00 +1.9999844019519488e+00 +2.0806939639521943e-03 +9.9934127166019959e-01 +9.9999876864816628e-01 +9.9999869999744750e-01 +9.9999862652579108e-01 +9.9999880520313533e-01 +1.2794099219521669e-04 +1.3479062209257781e-04 +1.3453329733626105e-04 +1.3190542975785740e-04 +1.3465759918814782e-04
 34.00000000 +5.0000000000000000e+00 +1.9999852274486198e+00 +2.0738212590124057e-03 +9.9935787064194581e-01 +9.9999853950360340e-01 +9.9999854314979464e-01 +9.9999855382978631e-01 +9.9999862593482036e-01 +1.3107011334862294e-04 +1.3488798095336797e-04 +1.3558231455478075e-04 +1.3093430336498339e-04 +1.1539218578153329e-04
 34.50000000 +5.0000000000000000e+00 +1.9999852571141679e+00 +2.0450151367183548e-03 +9.9943228485575419e-01 +9.9999852769294240e-01 +9.9999848412019132e-01 +9.9999870906435384e-01 +9.9999848055053087e-01 +1.1666512609217919e-04 +1.2367072709748952e-04 +1.1802658105333771e-04 +1.0953806067350571e-04 +1.0561324919663303e-04
 35.00000000 +5.0000000000000000e+00 +1.9999856429220850e+00 +2.0343578754445060e-03 +9.9945963468203602e-01 +9.9999848547623638e-01 +9.9999842643742298e-01 +9.9999841045749616e-01 +9.9999849900877924e-01 +1.0964738736286573e-04 +1.0853758918849630e-04 +1.1005874600831285e-04 +9.9978700939105095e-05 +1.1832150081234274e-04
 35.50000000 +5.0000000000000000e+00 +1.9999847052454236e+00 +2.0295907899734976e-03 +9.9947240883018940e-01 +9.9999846857686647e-01 +9.9999847054853608e-01 +9.9999838344350067e-01 +9.9999846189023534e-01 +1.2101177790247082e-04 +1.1158685720627021e-04 +1.0900632291535287e-04 +9.6195894567833231e-05 +9.6005803448780014e-05
 36.00000000 +5.0000000000000000e+00 +1.9999839434156386e+00 +2.0185554665502615e-03 +9.9950179705452669e-01 +9.9999856860904557e-01 +9.9999847651011986e-01 +9.9999854006234967e-01 +9.9999834656321840e-01 +9.7512435432992652e-05 +1.0394374454016332e-04 +1.1284843990179563e-04 +1.0200574930624457e-04 +8.7960785864659444e-05
 36.50000000 +5.0000000000000000e+00 +1.9999839965649315e+00 +1.9912247991359790e-03 +9.9957358314097422e-01 +9.9999818803901963e-01 +9.9999846273290705e-01 +9.9999842030691355e-01 +9.9999820143942730e-01 +9.7141159489411299e-05 +8.5660994084569723e-05 +8.7299703788571006e-05 +8.6708120634737196e-05 +7.6334309922310788e-05
 37.00000000 +5.0000000000000000e+00 +1.9999852502718516e+00 +1.9932060064978838e-03 +9.9957101378310498e-01 +9.9999842788254056e-01 +9.9999843937398702e-01 +9.9999830378264198e-01 +9.9999838522575901e-01 +9.6583777470610834e-05 +8.1466323052306391e-05 +8.3813180088125963e-05 +8.4400041569501088e-05 +8.9166588498443085e-05
 37.50000000 +5.0000000000000000e+00 +1.9999860571819090e+00 +1.9811462931873954e-03 +9.9960554202670127e-01 +9.9999833818268491e-01 +9.9999823154478740e-01 +9.9999829644968163e-01 +9.9999845838192802e-01 +6.9802574854891492e-05 +8.8120434800410360e-05 +8.8721846442628546e-05 +7.2628253674053995e-05 +8.1860278194219565e-05
 38.00000000 +5.0000000000000000e+00 +1.9999873347381658e+00 +1.9751154913890466e-03 +9.9962571805983980e-01 +9.9999800279987139e-01 +9.9999824086548306e-01 +9.9999826438442085e-01 +9.9999833742136945e-01 +8.4269361500170824e-05 +9.0719468341005717e-05 +7.2218439459333255e-05 +6.4786977544281714e-05 +6.9442222058466481e-05
 38.50000000 +5.0000000000000000e+00 +1.9999865692213943e+00 +1.9680453990171664e-03 +9.9964588786181485e-01 +9.9999807696371745e-01 +9.9999819778361965e-01 +9.9999824747073529e-01 +9.9999817057809814e-01 +7.5467540291666578e-05 +7.4821075703937782e-05 +6.6750720474446185e-05 +6.7261954631882230e-05 +7.7118046400530515e-05
 39.00000000 +5.0000000000000000e+00 +1.9999853104389631e+00 +1.9971830892020494e-03 +9.9957675340187724e-01 +9.9999820227255642e-01 +9.9999817737850916e-01 +9.9999812514378827e-01 +9.9999826463395614e-01 +9.6620744511622024e-05 +7.8589536539320449e-05 +8.8236055764333621e-05 +8.1728068384587951e-05 +8.5302717264838104e-05
 39.50000000 +5.0000000000000000e+00 +1.9999836783135678e+00 +1.9820645546561313e-03 +9.9961747494351583e-01 +9.9999801198674743e-01 +9.9999826643346923e-01 +9.9999817601394192e-01 +9.9999819680625701e-01 +8.2630913501288394e-05 +7.8780200616220564e-05 +7.5273513758285598e-05 +8.2018485656492669e-05 +7.1170697909458874e-05
 40.00000000 +5.0000000000000000e+00 +1.9999911239827117e+00 +1.9748892584424624e-03 +9.9964368514811397e-01 +9.9999825261472686e-01 +9.9999797754906095e-01 +9.9999814809722709e-01 +9.9999822658033299e-01 +6.5702485864543994e-05 +9.1946730977618323e-05 +6.6958938258577892e-05 +7.5596735051270704e-05 +6.3505155147831332e-05
 40.50000000 +5.0000000000000000e+00 +1.9999878429059470e+00 +1.9845972817379154e-03 +9.9961965354069471e-01 +9.9999812448326286e-01 +9.9999824549765248e-01 +9.9999781575109281e-01 +9.9999787947173380e-01 +8.3545251544189016e-05 +7.7053294520401390e-05 +6.5550827680304686e-05 +7.5250557810186035e-05 +8.6881344461925167e-05
 41.00000000 +5.0000000000000000e+00 +1.9999894720935156e+00 +1.9947475997468176e-03 +9.9959863881197242e-01 +9.9999805228357497e-01 +9.9999814484440008e-01 +9.9999794741561943e-01 +9.9999825452949764e-01 +7.7888414096675580e-05 +9.1642808624775376e-05 +8.5279540708178760e-05 +7.7655448245511497e-05 +7.6495943681758528e-05
 41.50000000 +5.0000000000000000e+00 +1.9999876310800324e+00 +2.0008796250665043e-03 +9.9958466114610967e-01 +9.9999775362248977e-01 +9.9999785810924924e-01 +9.9999776916875227e-01 +9.9999804816673543e-01 +7.3477468872868430e-05 +9.5546998244855629e-05 +9.4819071029938090e-05 +7.5248588391902768e-05 +8.4817630860015267e-05
 42.00000000 +5.0000000000000000e+00 +1.9999891248132169e+00 +1.9974202161252598e-03 +9.9959837668280960e-01 +9.9999791969981022e-01 +9.9999791124959359e-01 +9.9999790488679552e-01 +9.9999802948455807e-01 +8.6220738756844040e-05 +7.7075912187032875e-05 +8.5639728156991285e-05 +7.5809881636184284e-05 +8.5111740427911954e-05
 42.50000000 +5.0000000000000000e+00 +1.9999873491132112e+00 +2.0112057084147000e-03 +9.9956401096029679e-01 +9.9999798453339384e-01 +9.9999789825276819e-01 +9.9999765735096946e-01 +9.9999785626688997e-01 +8.3758047489135745e-05 +8.3445669728036211e-05 +9.4181958976125192e-05 +8.6441023252401423e-05 +9.6765955805726151e-05
 43.00000000 +5.0000000000000000e+00 +1.9999886399243763e+00 +2.0191361368485069e-03 +9.9954453443535307e-01 +9.9999775061049712e-01 +9.9999788857226413e-01 +9.9999766622521058e-01 +9.9999787547441654e-01 +9.3329164278208496e-05 +1.0193768702019075e-04 +8.2643329102868521e-05 +9.7843567960807689e-05 +8.8530966452916306e-05
 43.50000000 +5.0000000000000000e+00 +1.9999905619054295e+00 +2.0241290009247619e-03 +9.9953419869440496e-01 +9.9999835237733603e-01 +9.9999766378617860e-01 +9.9999738195527876e-01 +9.9999821387129151e-01 +8.9911150380210265e-05 +9.0776552765883264e-05 +1.0458580758536322e-04 +9.9633301104957482e-05 +8.9282499956501712e-05
 44.00000000 +5.0000000000000000e+00 +1.9999917840029642e+00 +2.0371209304312836e-03 +9.9950098030821877e-01 +9.9999783990529856e-01 +9.9999780954066464e-01 +9.9999773620455046e-01 +9.9999780505440050e-01 +1.1663953028803509e-04 +1.1352702410671918e-04 +9.1416580220738121e-05 +8.2513211042031426e-05 +1.0373266008155466e-04
 44.50000000 +5.0000000000000000e+00 +1.9999900854900317e+00 +2.0426609681090673e-03 +9.9948987484467222e-01 +9.9999770805253774e-01 +9.9999781321360770e-01 +9.9999765319719380e-01 +9.9999765742653857e-01 +8.8695062779014128e-05 +1.1342245138814112e-04 +9.4245222381056945e-05 +1.0907297377240120e-04 +1.1385755024586710e-04
 45.00000000 +5.0000000000000000e+00 +1.9999875919362986e+00 +2.0571298820296026e-03 +9.9945057063360709e-01 +9.9999721757349413e-01 +9.9999707270060056e-01 +9.9999761241415575e-01 +9.9999795041060968e-01 +1.1249574388769205e-04 +1.1022485667739671e-04 +9.9840382539730178e-05 +1.1168942340545731e-04 +1.2532587614306326e-04
 45.50000000 +5.0000000000000000e+00 +1.9999875551619704e+00 +2.0687611385395263e-03 +9.9942134703401941e-01 +9.9999776615257374e-01 +9.9999760756684208e-01 +9.9999739521577669e-01 +9.9999760475723831e-01 +1.2062633905012797e-04 +1.1553086929434727e-04 +1.1930125792963200e-04 +1.2575997126657465e-04 +1.0706082887213046e-04
 46.00000000 +5.0000000000000000e+00 +1.9999869387837654e+00 +2.0676254970626320e-03 +9.9942168473457249e-01 +9.9999712740644120e-01 +9.9999774894425697e-01 +9.9999732424832521e-01 +9.9999750288166467e-01 +1.1623515250435242e-04 +1.1178687293464617e-04 +1.2731273468778997e-04 +1.2691671405518965e-04 +1.0636035471733431e-04
 46.50000000 +5.0000000000000000e+00 +1.9999832709525496e+00 +2.0758396501951129e-03 +9.9939948711132132e-01 +9.9999740394408798e-01 +9.9999753252586376e-01 +9.9999723274716557e-01 +9.9999736840875020e-01 +1.2989863269298428e-04 +1.1344492752948650e-04 +1.1207432480032259e-04 +1.3598055774989112e-04 +1.1957679660140113e-04
 47.00000000 +5.0000000000000000e+00 +1.9999851755498048e+00 +2.0858759853092535e-03 +9.9937237152875724e-01 +9.9999745020056729e-01 +9.9999710542961850e-01 +9.9999710215005166e-01 +9.9999755065634566e-01 +1.3143878445902687e-04 +1.2451465512638946e-04 +1.3252510406050499e-04 +1.3016087875169268e-04 +1.1978060996573150e-04
 47.50000000 +5.0000000000000000e+00 +1.9999826321191856e+00 +2.1042319638507243e-03 +9.9932418133253065e-01 +9.9999744536838819e-01 +9.9999702023842629e-01 +9.9999706305613478e-01 +9.9999767238138471e-01 +1.3858436962623384e-04 +1.3699229990261200e-04 +1.4147935380694527e-04 +1.3688596460514535e-04 +1.3267563612848600e-04
 48.00000000 +5.0000000000000000e+00 +1.9999833004102103e+00 +2.0798309952878070e-03 +9.9938226756276560e-01 +9.9999738936728999e-01 +9.9999742945227188e-01 +9.9999723414345831e-01 +9.9999723242628202e-01 +1.3486521454358655e-04 +1.2224812298083869e-04 +1.2755254962312974e-04 +1.1735760360273825e-04 +1.2642355891169226e-04
 48.50000000 +5.0000000000000000e+00 +1.9999831460850666e+00 +2.0871591063556976e-03 +9.9936126825140914e-01 +9.9999715278523316e-01 +9.9999704034269099e-01 +9.9999713290044723e-01 +9.9999670716380340e-01 +1.4310404583347814e-04 +1.2981719464999844e-04 +1.4388742481664899e-04 +1.1553446784344483e-04 +1.1835540218198318e-04
 49.00000000 +5.0000000000000000e+00 +1.9999774041367202e+00 +2.1201370119614620e-03 +9.9927155057090555e-01 +9.9999751279543991e-01 +9.9999686988824521e-01 +9.9999683980847887e-01 +9.9999691770777266e-01 +1.3775628269094972e-04 +1.4890202946435521e-04 +1.5291395174037354e-04 +1.4855941510574208e-04 +1.5217752470507028e-04
 49.50000000 +5.0000000000000000e+00 +1.9999803811345869e+00 +2.1051467450404616e-03 +9.9930996296330377e-01 +9.9999713725390627e-01 +9.9999691244282973e-01 +9.9999697865221115e-01 +9.9999704454872573e-01 +1.4844627802231832e-04 +1.4199218836510608e-04 +1.5101300670085910e-04 +1.3517747964973594e-04 +1.2533516507111863e-04
 50.00000000 +5.0000000000000000e+00 +1.9999788947247346e+00 +2.0912898523575119e-03 +9.9934302056552959e-01 +9.9999670243431127e-01 +9.9999680442477223e-01 +9.9999685143640749e-01 +9.9999697816957422e-01 +1.0835749963123582e-04 +1.3547785562986154e-04 +1.4285448270941013e-04 +1.4490790073447957e-04 +1.3804525059805733e-04
 50.50000000 +5.0000000000000000e+00 +1.9999778518916389e+00 +2.0926596926780904e-03 +9.9933377026095516e-01 +9.9999702877991570e-01 +9.9999697849886837e-01 +9.9999640247368127e-01 +9.9999666425045075e-01 +1.5265278200199617e-04 +1.3330479259356906e-04 +1.3403386874511042e-04 +1.4235550188078778e-04 +1.1680875236041683e-04
 51.00000000 +5.0000000000000000e+00 +1.9999740321649115e+00 +2.1096552055418554e-03 +9.9928924770583794e-01 +9.9999656010229898e-01 +9.9999671454305505e-01 +9.9999643075496270e-01 +9.9999678441309192e-01 +1.4729486284026074e-04 +1.5268220821635351e-04 +1.2655038768210990e-04 +1.6100975165675115e-04 +1.3672530921410189e-04
 51.50000000 +5.0000000000000000e+00 +1.9999737640638870e+00 +2.1109129038322607e-03 +9.9928339419976198e-01 +9.9999712541257213e-01 +9.9999684663451061e-01 +9.9999691978498950e-01 +9.9999684662495325e-01 +1.5148924330325977e-04 +1.4377250519668000e-04 +1.5314344094211074e-04 +1.2847200150846181e-04 +1.5199019198849537e-04
 52.00000000 +5.0000000000000000e+00 +1.9999719407236030e+00 +2.0674714556234179e-03 +9.9939110932675412e-01 +9.9999663555386109e-01 +9.9999661161885822e-01 +9.9999661267654649e-01 +9.9999659865959434e-01 +1.4117732227372120e-04 +1.1066792838914016e-04 +1.2471972620070634e-04 +1.1658046940575192e-04 +1.2928673832310155e-04
 52.50000000 +5.0000000000000000e+00 +1.9999717443221054e+00 +2.0793592291326580e-03 +9.9936197147444128e-01 +9.9999641253431126e-01 +9.9999662427115177e-01 +9.9999668609084746e-01 +9.9999590411535810e-01 +1.2235520228984695e-04 +1.2753765162448356e-04 +1.4036824765169381e-04 +1.3992286083735342e-04 +1.2221758381858518e-04
 53.00000000 +5.0000000000000000e+00 +1.9999697364966913e+00 +2.0844889528738282e-03 +9.9934473024022841e-01 +9.9999688847970392e-01 +9.9999585304233107e-01 +9.9999549632074625e-01 +9.9999637354454485e-01 +1.1749186404644414e-04 +1.4015030663059273e-04 +1.4349438804763014e-04 +1.2035771993688269e-04 +1.4916405797423728e-04
 53.50000000 +5.0000000000000000e+00 +1.9999640966978383e+00 +2.0834381755835399e-03 +9.9934488635673935e-01 +9.9999631391790778e-01 +9.9999679287148402e-01 +9.9999670524820516e-01 +9.9999679055504442e-01 +1.3859817652688475e-04 +1.3111290839720534e-04 +1.2345875863136610e-04 +1.2094849588380027e-04 +1.5439271244252451e-04
 54.00000000 +5.0000000000000000e+00 +1.9999688568939391e+00 +2.0792880153313095e-03 +9.9935756220255068e-01 +9.9999669054963758e-01 +9.9999616760819421e-01 +9.9999571585036506e-01 +9.9999611370150199e-01 +1.4398753735335519e-04 +1.2545136879413491e-04 +1.2563781185043497e-04 +1.4549918521325275e-04 +1.1717420357048302e-04
 54.50000000 +5.0000000000000000e+00 +1.9999693069378555e+00 +2.0601433947259346e-03 +9.9940817770415857e-01 +9.9999614707312179e-01 +9.9999602814705679e-01 +9.9999632600951538e-01 +9.9999613136520649e-01 +1.4909302463501553e-04 +1.1681516336531464e-04 +9.6296072957109661e-05 +1.1254715072931269e-04 +1.3243828902833904e-04
 55.00000000 +5.0000000000000000e+00 +1.9999698957229588e+00 +2.0626060404752757e-03 +9.9940106077716273e-01 +9.9999608588827693e-01 +9.9999617197022861e-01 +9.9999618325515427e-01 +9.9999659365089943e-01 +1.1153913213415291e-04 +1.3956315733865899e-04 +1.2135076766714134e-04 +1.1435188326577472e-04 +1.2709949804508321e-04
 55.50000000 +5.0000000000000000e+00 +1.9999663358876101e+00 +2.0689968134366878e-03 +9.9938469848740041e-01 +9.9999638840541027e-01 +9.9999601761455159e-01 +9.9999571262265585e-01 +9.9999584421598986e-01 +1.3591323773942419e-04 +1.1447853923752212e-04 +1.2148942204029602e-04 +1.2481434059995034e-04 +1.3464311453876155e-04
 56.00000000 +5.0000000000000000e+00 +1.9999630889882738e+00 +2.0681931820466974e-03 +9.9938686667593590e-01 +9.9999559778973501e-01 +9.9999608256104233e-01 +9.9999581084536637e-01 +9.9999633431997448e-01 +1.2933527878351906e-04 +1.1524864915450987e-04 +1.3860269971830290e-04 +1.1966113837180894e-04 +1.2646005976620610e-04
 56.50000000 +5.0000000000000000e+00 +1.9999673200486525e+00 +2.0488760956651475e-03 +9.9943972926835056e-01 +9.9999527703768543e-01 +9.9999641764810687e-01 +9.9999605391546942e-01 +9.9999649242443889e-01 +1.0454142110237822e-04 +1.4487904724552788e-04 +9.1765638174401074e-05 +1.2840878984286656e-04 +1.0643482937966792e-04
 57.00000000 +5.0000000000000000e+00 +1.9999685869138148e+00 +2.0552169946125459e-03 +9.9942530615157454e-01 +9.9999525523924637e-01 +9.9999560099524931e-01 +9.9999561217388622e-01 +9.9999525324524918e-01 +1.1003506706404721e-04 +1.1492140478041674e-04 +1.3783548906372482e-04 +1.3863870317827601e-04 +9.1541531427931144e-05
 57.50000000 +5.0000000000000000e+00 +1.9999653100172321e+00 +2.0508041196112561e-03 +9.9943467672127140e-01 +9.9999595103838501e-01 +9.9999473020433727e-01 +9.9999586523975803e-01 +9.9999549875788318e-01 +1.4077461528580029e-04 +8.9016928419662875e-05 +1.2246777032327537e-04 +1.4097302977361204e-04 +9.0045710558648944e-05
 58.00000000 +5.0000000000000000e+00 +1.9999646499266783e+00 +2.0524095945242682e-03 +9.9943127683655753e-01 +9.9999591711049740e-01 +9.9999549019060774e-01 +9.9999489703090261e-01 +9.9999498554903743e-01 +1.0842761580357080e-04 +1.3418368134996149e-04 +1.2409296092777275e-04 +1.2718293020259940e-04 +9.3546061223538217e-05
 58.50000000 +5.0000000000000000e+00 +1.9999692700386449e+00 +2.0636251340199743e-03 +9.9940914432358752e-01 +9.9999583892965460e-01 +9.9999557723534382e-01 +9.9999569973074698e-01 +9.9999628513448502e-01 +1.1516774047953987e-04 +1.2321197582797704e-04 +1.2625917782596149e-04 +1.3936028354855166e-04 +1.0345547256373043e-04
 59.00000000 +5.0000000000000000e+00 +1.9999590695881713e+00 +2.0525347174375334e-03 +9.9943328589910185e-01 +9.9999505457465210e-01 +9.9999521351631537e-01 +9.9999559656873327e-01 +9.9999561263547576e-01 +1.0237543493599712e-04 +1.4030528103999444e-04 +1.1560115693673884e-04 +1.2690334372718974e-04 +1.0005156364899313e-04
 59.50000000 +5.0000000000000000e+00 +1.9999642800895960e+00 +2.0722314024074016e-03 +9.9938868300562600e-01 +9.9999498795494657e-01 +9.9999461445454652e-01 +9.9999522610044178e-01 +9.9999638698628124e-01 +1.4049629539475539e-04 +1.4050699507639464e-04 +1.2720718062525271e-04 +1.3038677750669653e-04 +9.1504281657863790e-05
 60.00000000 +5.0000000000000000e+00 +1.9999685836872256e+00 +2.0426508219951438e-03 +9.9946465275921903e-01 +9.9999489929574703e-01 +9.9999494161647406e-01 +9.9999555380832483e-01 +9.9999518143800803e-01 +1.2129747801299273e-04 +8.8534663922871192e-05 +1.2611481795913598e-04 +1.2160677190536972e-04 +9.7217364111972752e-05
 60.50000000 +5.0000000000000000e+00 +1.9999690145107845e+00 +2.0637735637612661e-03 +9.9941404607030437e-01 +9.9999462370460535e-01 +9.9999522638792382e-01 +9.9999524422262098e-01 +9.9999507031165558e-01 +1.3808596457656814e-04 +9.9292233543265399e-05 +1.4632394559439271e-04 +1.1348717830427136e-04 +1.0859995906695154e-04
 61.00000000 +5.0000000000000000e+00 +1.9999579509759637e+00 +2.0817754655394613e-03 +9.9936693007094868e-01 +9.9999478455130675e-01 +9.9999466147298721e-01 +9.9999568392854410e-01 +9.9999445840311607e-01 +1.3888883926886712e-04 +1.1420129757105752e-04 +1.3328113750013854e-04 +1.1345274022420380e-04 +1.5365758934217448e-04
 61.50000000 +5.0000000000000000e+00 +1.9999670605038697e+00 +2.0685858283320127e-03 +9.9940193814799083e-01 +9.9999386781122390e-01 +9.9999449735207580e-01 +9.9999506012607242e-01 +9.9999486308691488e-01 +1.2178224196576576e-04 +1.1750298931537612e-04 +1.3094526117128191e-04 +1.6763193761565236e-04 +8.1911055474184242e-05
 62.00000000 +5.0000000000000000e+00 +1.9999655737144768e+00 +2.0435024605837001e-03 +9.9946451796911606e-01 +9.9999507285776690e-01 +9.9999470469332563e-01 +9.9999465912072660e-01 +9.9999529115197827e-01 +1.2779652538635891e-04 +9.7163366505143107e-05 +1.1036257311832335e-04 +1.2627198640809760e-04 +9.4159755587184892e-05
 62.50000000 +5.0000000000000000e+00 +1.9999590638184463e+00 +2.1066965398253653e-03 +9.9930515594351854e-01 +9.9999335507779707e-01 +9.9999484197168509e-01 +9.9999504464485156e-01 +9.9999405279018294e-01 +1.3665888077608995e-04 +1.3845214728788730e-04 +1.2713674343617091e-04 +1.6242396603520165e-04 +1.5287781172089790e-04
 63.00000000 +5.0000000000000000e+00 +1.9999557981261582e+00 +2.1040592269091730e-03 +9.9931158648197327e-01 +9.9999445234105255e-01 +9.9999445186344216e-01 +9.9999529318960478e-01 +9.9999410659396748e-01 +1.3770789502435689e-04 +1.4633672163017386e-04 +1.5884726547575975e-04 +1.1582676174914004e-04 +1.5139090259493859e-04
 63.50000000 +5.0000000000000000e+00 +1.9999660017212286e+00 +2.0935202057405962e-03 +9.9934598772939920e-01 +9.9999523505127497e-01 +9.9999567610346607e-01 +9.9999477417255833e-01 +9.9999389478605760e-01 +1.5219529475931766e-04 +1.4814865549192836e-04 +9.5361185949986499e-05 +1.3482785524543379e-04 +1.4389918736953987e-04
 64.00000000 +5.0000000000000000e+00 +1.9999592902942658e+00 +2.0911963422756384e-03 +9.9934786456767577e-01 +9.9999395098961141e-01 +9.9999493611393708e-01 +9.9999547097042119e-01 +9.9999475398129778e-01 +1.4896918460828424e-04 +1.3429690495744134e-04 +9.8756562611228684e-05 +1.6470643818062512e-04 +1.2629430655056138e-04
 64.50000000 +5.0000000000000000e+00 +1.9999601498572936e+00 +2.0728630972476148e-03 +9.9939657634436585e-01 +9.9999450860069639e-01 +9.9999505505801101e-01 +9.9999406893853837e-01 +9.9999461013095181e-01 +1.0796907621907518e-04 +1.2082680075768992e-04 +1.5159703251666835e-04 +1.3437939885531131e-04 +1.1040861624102168e-04
 65.00000000 +5.0000000000000000e+00 +1.9999613059896566e+00 +2.0758964546553084e-03 +9.9938826836628070e-01 +9.9999447083182447e-01 +9.9999474366549690e-01 +9.9999382388599389e-01 +9.9999348347039363e-01 +1.1545766642774668e-04 +1.3946666031159822e-04 +1.4263158542830807e-04 +1.3074527984644483e-04 +1.0690860762066140e-04
 65.50000000 +5.0000000000000000e+00 +1.9999518687066857e+00 +2.0840920025513268e-03 +9.9936508448457217e-01 +9.9999553086813253e-01 +9.9999460100843152e-01 +9.9999473093668878e-01 +9.9999201712467600e-01 +1.3333818913022278e-04 +1.2916793019525352e-04 +1.4343990497410426e-04 +1.2994237407031400e-04 +1.2214719753031550e-04
 66.00000000 +5.0000000000000000e+00 +1.9999516854855099e+00 +2.1056967344539384e-03 +9.9930829710075686e-01 +9.9999340970060313e-01 +9.9999460308180343e-01 +9.9999263087731027e-01 +9.9999430875096151e-01 +1.1071796849532891e-04 +1.2280199990404248e-04 +1.4960936349228077e-04 +1.5716939821031929e-04 +1.7645177550651157e-04
 66.50000000 +5.0000000000000000e+00 +1.9999605482248981e+00 +2.0625076985941342e-03 +9.9941647632085939e-01 +9.9999372410316945e-01 +9.9999381822598643e-01 +9.9999299046213652e-01 +9.9999329090982225e-01 +1.2379171630351395e-04 +1.4865321753982180e-04 +1.3057218297952316e-04 +9.2385839331694659e-05 +1.1429699964274849e-04
 67.00000000 +5.0000000000000000e+00 +1.9999507382090982e+00 +2.0739404988719835e-03 +9.9938636605195896e-01 +9.9999412327809922e-01 +9.9999490562638438e-01 +9.9999380370592461e-01 +9.9999434112615537e-01 +1.2011565642994577e-04 +1.1485688585733570e-04 +1.4244221030840877e-04 +1.0353452526671329e-04 +1.5551091185574934e-04
 67.50000000 +5.0000000000000000e+00 +1.9999546230121839e+00 +2.0928254321805539e-03 +9.9934056268920701e-01 +9.9999407261975060e-01 +9.9999357571146719e-01 +9.9999353623335030e-01 +9.9999262391983279e-01 +1.5565494980763925e-04 +1.5840715628038639e-04 +1.0751870522264991e-04 +1.5492427779673564e-04 +1.0912370560220566e-04
 68.00000000 +5.0000000000000000e+00 +1.9999504214856405e+00 +2.1115044967240934e-03 +9.9929064567439174e-01 +9.9999561320078434e-01 +9.9999405291608012e-01 +9.9999333839317595e-01 +9.9999219783773685e-01 +1.7522001939265458e-04 +1.7165081539749532e-04 +1.3171495843327944e-04 +1.4010984614037949e-04 +1.1545634514584191e-04
 68.50000000 +5.0000000000000000e+00 +1.9999549935287932e+00 +2.0736020216375593e-03 +9.9939068575595358e-01 +9.9999404462282571e-01 +9.9999366725152239e-01 +9.9999432430784807e-01 +9.9999413334925302e-01 +1.4132966558229730e-04 +1.1472957811604747e-04 +1.3514292653426369e-04 +1.2668365887912402e-04 +1.1525886833412512e-04
 69.00000000 +5.0000000000000000e+00 +1.9999440936947217e+00 +2.1263954466072738e-03 +9.9925364018474583e-01 +9.9999354416727548e-01 +9.9999309630964650e-01 +9.9999293114536769e-01 +9.9999220659769295e-01 +1.3874973005562313e-04 +1.7889630966851880e-04 +1.9593319530340818e-04 +1.3703698314022095e-04 +1.2396535556047364e-04
 69.50000000 +5.0000000000000000e+00 +1.9999527051071833e+00 +2.0651944674698235e-03 +9.9940665865810696e-01 +9.9999359276679978e-01 +9.9999428719057237e-01 +9.9999389245417769e-01 +9.9999413367012646e-01 +1.7057689049197164e-04 +1.1649390885288465e-04 +8.1130276973930462e-05 +1.0543239533002215e-04 +1.4380178388692560e-04
 70.00000000 +5.0000000000000000e+00 +1.9999502407995791e+00 +2.0985490354678885e-03 +9.9932219153332902e-01 +9.9999322940239765e-01 +9.9999251129299505e-01 +9.9999413359140332e-01 +9.9999224304703627e-01 +1.5620494543426843e-04 +1.2605707280209953e-04 +1.1696830474979679e-04 +1.6720645867229197e-04 +1.3925437759401007e-04
 70.50000000 +5.0000000000000000e+00 +1.9999435471794074e+00 +2.1174100776693320e-03 +9.9927732674461944e-01 +9.9999155011672847e-01 +9.9999374603902869e-01 +9.9999206876074931e-01 +9.9999319168421030e-01 +1.5987960355951148e-04 +1.6514576931589875e-04 +1.5005867981627538e-04 +1.6181266141658527e-04 +1.1521993141003870e-04
 71.00000000 +5.0000000000000000e+00 +1.9999425107242723e+00 +2.1338835383954897e-03 +9.9922665034367752e-01 +9.9999315001174793e-01 +9.9999382458530439e-01 +9.9999256645911938e-01 +9.9999232686185258e-01 +1.5546478902143273e-04 +1.8490125819074779e-04 +1.3239364002128355e-04 +1.7345463967104692e-04 +1.5526744196044993e-04
 71.50000000 +5.0000000000000000e+00 +1.9999454849915279e+00 +2.1108444391678576e-03 +9.9929049315625917e-01 +9.9999209881175555e-01 +9.9999376378997074e-01 +9.9999257903759442e-01 +9.9999122094197945e-01 +1.7239424726572019e-04 +1.4649041841002753e-04 +1.2013503202202488e-04 +1.6789585251666684e-04 +1.3292869227439686e-04
 72.00000000 +5.0000000000000000e+00 +1.9999371292946642e+00 +2.1411876738173415e-03 +9.9920779559557149e-01 +9.9999070599993090e-01 +9.9999269888305309e-01 +9.9999375530945089e-01 +9.9999413465158227e-01 +1.6219364066188182e-04 +1.6135204313216065e-04 +1.8439740176533629e-04 +1.5863749827813256e-04 +1.5432894660284395e-04
 72.50000000 +5.0000000000000000e+00 +1.9999332645327721e+00 +2.1036625170046592e-03 +9.9930428372328162e-01 +9.9999218526262434e-01 +9.9999240462121020e-01 +9.9998964006774393e-01 +9.9999082677040652e-01 +1.3581783868464974e-04 +1.3918901687745696e-04 +1.7416477488483266e-04 +1.3598820844601417e-04 +1.4549971476884732e-04
 73.00000000 +5.0000000000000000e+00 +1.9999410194543206e+00 +2.0821166987168632e-03 +9.9936119955313696e-01 +9.9999117488244615e-01 +9.9999227596489371e-01 +9.9999464306541908e-01 +9.9999334052635414e-01 +1.6945250540390875e-04 +9.5917379009674824e-05 +1.8046131699475556e-04 +1.0626514749626726e-04 +1.1526965377504919e-04
 73.50000000 +5.0000000000000000e+00 +1.9999320966500875e+00 +2.0723561954827845e-03 +9.9938315160621904e-01 +9.9999282192756223e-01 +9.9999274450355957e-01 +9.9999223905416001e-01 +9.9999299235013783e-01 +9.9809719295932230e-05 +1.0469556070546124e-04 +1.4861206743857567e-04 +1.2975433001241653e-04 +1.6317887543525729e-04
 74.00000000 +5.0000000000000000e+00 +1.9999406166981883e+00 +2.0922371022338957e-03 +9.9933749845934527e-01 +9.9999225904625433e-01 +9.9999324122712707e-01 +9.9999157534340788e-01 +9.9999300782285994e-01 +1.1886580172191658e-04 +1.5010943356259606e-04 +1.0967046934333708e-04 +1.5689667879446688e-04 +1.5687573147994173e-04
 74.50000000 +5.0000000000000000e+00 +1.9999277918571121e+00 +2.1254120301052691e-03 +9.9924617150920081e-01 +9.9999257930883834e-01 +9.9999336487990764e-01 +9.9999232978960750e-01 +9.9999410813847645e-01 +1.7008387328260339e-04 +1.4294603225058967e-04 +1.3740927538584915e-04 +1.6024910323091736e-04 +1.7075809332751073e-04
 75.00000000 +5.0000000000000000e+00 +1.9999391298525226e+00 +2.0927406031347262e-03 +9.9933642741688733e-01 +9.9999209828313906e-01 +9.9999282355858732e-01 +9.9999098243060858e-01 +9.9999348840101032e-01 +1.6431949974805049e-04 +1.7623692627612148e-04 +1.2413257402564264e-04 +1.2267895269057382e-04 +1.0681196491620213e-04
 75.50000000 +5.0000000000000000e+00 +1.9999344148486728e+00 +2.0977843789459836e-03 +9.9932014567646910e-01 +9.9999168218553369e-01 +9.9999376495375680e-01 +9.9999089217827719e-01 +9.9999257095023231e-01 +1.8367397691170252e-04 +9.6014187187047674e-05 +1.4356390680574606e-04 +1.2093315105229825e-04 +1.6675884992875837e-04
 76.00000000 +5.0000000000000000e+00 +1.9999302257079479e+00 +2.1806431096720938e-03 +9.9911327888981372e-01 +9.9999098182231128e-01 +9.9999233483853533e-01 +9.9999302125076872e-01 +9.9998973622754928e-01 +1.9602826391428035e-04 +1.7883510057318188e-04 +1.5615374501905838e-04 +2.2890388972665680e-04 +1.6072596468752094e-04
 76.50000000 +5.0000000000000000e+00 +1.9999182094168746e+00 +2.1256627618694585e-03 +9.9924148320232031e-01 +9.9999109313084777e-01 +9.9999174015627579e-01 +9.9999237443058142e-01 +9.9999156884904583e-01 +1.7191658404480892e-04 +1.4085366946831848e-04 +1.6338687217437882e-04 +1.4741413822043776e-04 +1.6816895569269220e-04
 77.00000000 +5.0000000000000000e+00 +1.9999255214582119e+00 +2.0934406808214212e-03 +9.9932971714580243e-01 +9.9999206043196265e-01 +9.9999220496723540e-01 +9.9999317852110159e-01 +9.9999115556280749e-01 +1.7626465341297041e-04 +1.3161429345155191e-04 +1.2662895123601305e-04 +1.3981758596370896e-04 +1.2735789467806921e-04
 77.50000000 +5.0000000000000000e+00 +1.9999292328210498e+00 +2.1238214986454003e-03 +9.9925812843277406e-01 +9.9999033401491566e-01 +9.9999198748142770e-01 +9.9998794068091179e-01 +9.9999147976099556e-01 +1.0279963443551747e-04 +1.9756316216102698e-04 +1.5831128173974201e-04 +1.9151649967103491e-04 +1.2993903340943766e-04
 78.00000000 +5.0000000000000000e+00 +1.9999319802759956e+00 +2.1062394943956939e-03 +9.9929591254051486e-01 +9.9999143842067650e-01 +9.9998935236690889e-01 +9.9999164419880648e-01 +9.9998938413947180e-01 +1.7422920624648094e-04 +1.5396375655095203e-04 +1.6385701170646371e-04 +1.4476711814549379e-04 +1.0545123864907761e-04
 78.50000000 +5.0000000000000000e+00 +1.9999214831501315e+00 +2.1038838573976342e-03 +9.9930308275641233e-01 +9.9998954544619312e-01 +9.9999412117570841e-01 +9.9999101338039054e-01 +9.9999118831652989e-01 +1.5951151909238004e-04 +1.4058527432276764e-04 +1.4178989819861867e-04 +1.2089268194501318e-04 +1.6826953723264319e-04
 79.00000000 +5.0000000000000000e+00 +1.9999330993372184e+00 +2.1143952649034532e-03 +9.9928442468829581e-01 +9.9998939275431575e-01 +9.9999078993099499e-01 +9.9999009531769734e-01 +9.9998907053692587e-01 +1.5785536075517507e-04 +1.3296992158870274e-04 +1.9996518284538464e-04 +1.0617441823159017e-04 +1.5926187296399320e-04
 79.50000000 +5.0000000000000000e+00 +1.9999230303816604e+00 +2.1051667108545730e-03 +9.9930066465472245e-01 +9.9998864827427203e-01 +9.9998972181271673e-01 +9.9999035435555550e-01 +9.9999166242708415e-01 +1.6254896997054818e-04 +1.3475053723564467e-04 +1.3731856699057950e-04 +1.6437103561829934e-04 +1.3995937451678029e-04
 80.00000000 +5.0000000000000000e+00 +1.9999178323039135e+00 +2.0999133893473722e-03 +9.9931420962353157e-01 +9.9999118079870020e-01 +9.9999119310618634e-01 +9.9999042205319688e-01 +9.9999121728924556e-01 +1.0905708252180135e-04 +2.3001787854562579e-04 +1.1549649687401557e-04 +1.5421456616431816e-04 +1.1299109152330511e-04
 80.50000000 +5.0000000000000000e+00 +1.9999121260013399e+00 +2.1244347362933290e-03 +9.9925706322468244e-01 +9.9999060509896143e-01 +9.9999286045069069e-01 +9.9999162041068257e-01 +9.9998861368856962e-01 +1.5434297664905774e-04 +1.3823837359410460e-04 +1.8449168209440275e-04 +1.3179077698251333e-04 +1.7037329782888417e-04
 81.00000000 +5.0000000000000000e+00 +1.9999296873383898e+00 +2.1436479138011171e-03 +9.9921799335376982e-01 +9.9999220050211768e-01 +9.9999024614865217e-01 +9.9999092152998392e-01 +9.9998976694036323e-01 +1.5428882608513152e-04 +1.1728895349880527e-04 +1.8179942607607038e-04 +1.9134773867258403e-04 +1.7414655857626450e-04
 81.50000000 +5.0000000000000000e+00 +1.9999139143315312e+00 +2.1347097200620150e-03 +9.9922442453257798e-01 +9.9998901666663098e-01 +9.9999092039941040e-01 +9.9999170855190767e-01 +9.9999087162805511e-01 +1.9749237538451965e-04 +1.1919620171535418e-04 +1.5138688872518922e-04 +1.7350989565809326e-04 +1.7147286792933418e-04
 82.00000000 +5.0000000000000000e+00 +1.9999245266566401e+00 +2.0907170311650577e-03 +9.9934488927653553e-01 +9.9999251180562709e-01 +9.9998983932097185e-01 +9.9999143688442382e-01 +9.9998792292253302e-01 +1.5992583561680172e-04 +1.7359917400632186e-04 +9.0791336375651608e-05 +1.3607038355431986e-04 +1.3301307932924724e-04
 82.50000000 +5.0000000000000000e+00 +1.9999193598049034e+00 +2.1041234982281981e-03 +9.9930341331721773e-01 +9.9998971271270765e-01 +9.9999130270288239e-01 +9.9998931473164110e-01 +9.9999273990402582e-01 +1.3052632577136304e-04 +1.5142357333893173e-04 +1.4828984822017865e-04 +1.4767742320105607e-04 +1.5559944896435075e-04
 83.00000000 +5.0000000000000000e+00 +1.9999161782618455e+00 +2.0903907010465690e-03 +9.9933489565291367e-01 +9.9999072662675437e-01 +9.9998990871095172e-01 +9.9998943195529399e-01 +9.9999123194538764e-01 +1.6600284174135376e-04 +2.0042865595577564e-04 +1.0205633810459964e-04 +9.3276267230716362e-05 +1.4204101929176855e-04
 83.50000000 +5.0000000000000000e+00 +1.9999237925840918e+00 +2.0563734901710082e-03 +9.9943089883426994e-01 +9.9998740938068853e-01 +9.9998962891853538e-01 +9.9998810927521331e-01 +9.9999208546619012e-01 +9.6781269045228703e-05 +1.4681672455149980e-04 +1.1176317446092312e-04 +1.1984923479467690e-04 +1.3665773516666983e-04
 84.00000000 +5.0000000000000000e+00 +1.9999047687319418e+00 +2.1100939300643948e-03 +9.9928928784373205e-01 +9.9998840239467190e-01 +9.9998994534581276e-01 +9.9998568843562208e-01 +9.9999170696089734e-01 +1.5747454531232836e-04 +1.1669573576618021e-04 +1.5137214886163890e-04 +1.5385072212599374e-04 +1.7557586987662546e-04
 84.50000000 +5.0000000000000000e+00 +1.9999175273822265e+00 +2.1087072992615049e-03 +9.9929512372825813e-01 +9.9998770618608224e-01 +9.9999430692099622e-01 +9.9999006131270052e-01 +9.9998751414443421e-01 +1.1340054636590787e-04 +2.2551803900765466e-04 +1.0799044309238089e-04 +1.3478807718678075e-04 +1.6359060999012961e-04
 85.00000000 +5.0000000000000000e+00 +1.9999128627740179e+00 +2.1421460755626986e-03 +9.9920148365384442e-01 +9.9998781880903398e-01 +9.9998994595216906e-01 +9.9998758047429526e-01 +9.9999131522898266e-01 +1.8833108350695981e-04 +1.1846878907455401e-04 +1.8287062830515068e-04 +1.1407804802857300e-04 +2.3810733842456421e-04
 85.50000000 +5.0000000000000000e+00 +1.9999069127733233e+00 +2.0893548980678955e-03 +9.9933726945127477e-01 +9.9998551476771769e-01 +9.9998699642113009e-01 +9.9999374206486724e-01 +9.9998846156582000e-01 +1.2893679150806795e-04 +1.3613580757802413e-04 +1.2737743084537332e-04 +1.7121901146527335e-04 +1.4434668093989280e-04
 86.00000000 +5.0000000000000000e+00 +1.9999070879448024e+00 +2.0921938679482471e-03 +9.9933629154352266e-01 +9.9998730718532436e-01 +9.9998834722598595e-01 +9.9999033729769193e-01 +9.9998713461635802e-01 +1.4540971340913690e-04 +1.2925320459170281e-04 +1.4095535514913792e-04 +1.3714273556036154e-04 +1.5782110664104584e-04
 86.50000000 +5.0000000000000000e+00 +1.9999150929877907e+00 +2.1309436546796037e-03 +9.9924127629619142e-01 +9.9998631637938729e-01 +9.9998605989202238e-01 +9.9999093675912853e-01 +9.9998778351154483e-01 +1.3868233331956192e-04 +1.2618347563283900e-04 +1.7368342800733500e-04 +1.7782593092501489e-04 +1.9125201563499722e-04
 87.00000000 +5.0000000000000000e+00 +1.9999074231818714e+00 +2.0936455917453418e-03 +9.9932635271264925e-01 +9.9999018164600140e-01 +9.9998791144479993e-01 +9.9998992776654239e-01 +9.9998755713616627e-01 +9.5185161138238038e-05 +1.3173632741530515e-04 +1.7589774699187325e-04 +1.9269225010853843e-04 +1.2255780360651922e-04
 87.50000000 +5.0000000000000000e+00 +1.9998890300967256e+00 +2.1602886677527136e-03 +9.9915253418333672e-01 +9.9998991307325180e-01 +9.9998729808162556e-01 +9.9998673183701303e-01 +9.9998575626332586e-01 +1.0417362470920859e-04 +2.7999310599966399e-04 +1.7475801255035774e-04 +2.1448305644926709e-04 +1.2435876238304312e-04
 88.00000000 +5.0000000000000000e+00 +1.9999250486008933e+00 +2.0512003064280956e-03 +9.9943898812481291e-01 +9.9998751755504045e-01 +9.9999007585668620e-01 +9.9998777139271910e-01 +9.9999109316615753e-01 +1.7146993418896083e-04 +1.0654637476896623e-04 +9.7584070902508277e-05 +1.4300484498769688e-04 +8.5948668123571277e-05
 88.50000000 +5.0000000000000000e+00 +1.9999117967189024e+00 +2.0842030857490465e-03 +9.9936086092986298e-01 +9.9998576428461228e-01 +9.9998903199795741e-01 +9.9998554857537125e-01 +9.9998911419018388e-01 +1.6121919378626599e-04 +1.0425102190900201e-04 +1.4665980266681780e-04 +1.3693936398314865e-04 +1.4061062217900547e-04
 89.00000000 +5.0000000000000000e+00 +1.9998950017612471e+00 +2.1375885252426377e-03 +9.9921426792994406e-01 +9.9998647161203913e-01 +9.9998966747968066e-01 +9.9998725371265262e-01 +9.9999236267661784e-01 +1.9549006704674569e-04 +1.6484572051167601e-04 +1.5159334776494149e-04 +1.4054421083334589e-04 +1.7750325354006771e-04
 89.50000000 +5.0000000000000000e+00 +1.9998778778313511e+00 +2.2148502291349922e-03 +9.9901991784781952e-01 +9.9999327713607056e-01 +9.9998218962280194e-01 +9.9998316245386609e-01 +9.9998890964124565e-01 +2.4888114862434428e-04 +2.1471108292226991e-04 +1.9554096224561092e-04 +1.6550544482727032e-04 +2.0790464202594163e-04
 90.00000000 +5.0000000000000000e+00 +1.9998886157625930e+00 +2.1759932758320479e-03 +9.9911373298217154e-01 +9.9999078445457024e-01 +9.9998492648445203e-01 +9.9998640449524512e-01 +9.9998553127027301e-01 +1.9667426394015503e-04 +2.1888763876894946e-04 +2.2676701493965436e-04 +1.5380521051612438e-04 +1.4248619652233347e-04
 90.50000000 +5.0000000000000000e+00 +1.9998868457499333e+00 +2.1145435172619420e-03 +9.9927352797995872e-01 +9.9999021452221670e-01 +9.9998810919678993e-01 +9.9998668465481688e-01 +9.9998819602874778e-01 +1.6919204630890558e-04 +1.8125030483369487e-04 +1.6036593214105365e-04 +1.4044122448358303e-04 +1.2201810966817653e-04
 91.00000000 +5.0000000000000000e+00 +1.9998983628135483e+00 +2.0702604784513102e-03 +9.9938577145308194e-01 +9.9998832565064721e-01 +9.9998902797628630e-01 +9.9998335991217968e-01 +9.9998547866699927e-01 +7.8977662717459048e-05 +1.6313441053355748e-04 +2.1802337713492282e-04 +9.2013446537104508e-05 +1.1588744273423198e-04
 91.50000000 +5.0000000000000000e+00 +1.9998960369839187e+00 +2.1261598472691731e-03 +9.9924683290790328e-01 +9.9998917516983366e-01 +9.9998938292089568e-01 +9.9998596502102199e-01 +9.9998594169431709e-01 +2.0096102290172616e-04 +1.5791949577487153e-04 +1.7054695249950471e-04 +1.6275845343421462e-04 +1.1051635001710578e-04
 92.00000000 +5.0000000000000000e+00 +1.9998958160167231e+00 +2.1231558967891931e-03 +9.9925274965005817e-01 +9.9998690002930379e-01 +9.9998732496620257e-01 +9.9999154545418079e-01 +9.9998550802495711e-01 +9.9208707068466632e-05 +1.5532337412862935e-04 +1.9062477840191380e-04 +1.8432480932414902e-04 +1.6649019520564382e-04
 92.50000000 +5.0000000000000000e+00 +1.9998888107120012e+00 +2.1516830585787375e-03 +9.9917388934115392e-01 +9.9998969119015990e-01 +9.9999050859824312e-01 +9.9997894018667732e-01 +9.9998953696894421e-01 +2.1380589675586663e-04 +1.7284982472824697e-04 +1.8495854993015270e-04 +1.9673717718856335e-04 +1.0908226051898182e-04
 93.00000000 +5.0000000000000000e+00 +1.9998940092039454e+00 +2.2015644463644459e-03 +9.9906409373271421e-01 +9.9998759598686759e-01 +9.9998463456496178e-01 +9.9998771329567904e-01 +9.9998326042303753e-01 +2.0360880005167460e-04 +1.7914785344816720e-04 +2.4508805923012734e-04 +2.3922870420911606e-04 +1.2562856738590554e-04
 93.50000000 +5.0000000000000000e+00 +1.9998854927640508e+00 +2.1518651110046939e-03 +9.9917702468059155e-01 +9.9998521632924120e-01 +9.9998731149306774e-01 +9.9998284095804435e-01 +9.9998577972153335e-01 +2.1968378660752313e-04 +1.8571466045812573e-04 +1.6524655847281955e-04 +1.7459003269745029e-04 +1.3659179989709095e-04
 94.00000000 +5.0000000000000000e+00 +1.9998820977465901e+00 +2.2151874111840985e-03 +9.9902090215905281e-01 +9.9998908414190490e-01 +9.9998813525766783e-01 +9.9998382710379830e-01 +9.9998698528297447e-01 +1.6524310157954767e-04 +2.5837520016781096e-04 +1.8212471363406724e-04 +2.2591469537269602e-04 +1.9940832822669220e-04
 94.50000000 +5.0000000000000000e+00 +1.9998935590458258e+00 +2.1481101378706159e-03 +9.9919653470086989e-01 +9.9998590883685334e-01 +9.9998879992435030e-01 +9.9998796841926574e-01 +9.9998394361016441e-01 +1.8233316099245579e-04 +2.1296201262492595e-04 +1.9323968795804987e-04 +1.0159739835981056e-04 +1.6671224850020705e-04
 95.00000000 +5.0000000000000000e+00 +1.9998781137478907e+00 +2.1186385265833103e-03 +9.9925954198306510e-01 +9.9997809223009759e-01 +9.9998873325932236e-01 +9.9998625542406139e-01 +9.9998660904431957e-01 +1.4245653344977931e-04 +1.6514823055831457e-04 +1.0469202759675636e-04 +1.9118996451418128e-04 +1.9728131807133023e-04
 95.50000000 +5.0000000000000000e+00 +1.9998863439361598e+00 +2.1551031074921378e-03 +9.9917754354195887e-01 +9.9998467039674899e-01 +9.9998599892141393e-01 +9.9999175749490155e-01 +9.9998069243738030e-01 +1.7974172658589347e-04 +1.3590536769465168e-04 +2.0762464283012250e-04 +1.4456838866991204e-04 +2.1149706676268143e-04
 96.00000000 +5.0000000000000000e+00 +1.9998990295343722e+00 +2.1378230859910282e-03 +9.9922573384403546e-01 +9.9998505089591183e-01 +9.9998803276207227e-01 +9.9998495631023798e-01 +9.9998474783599978e-01 +1.8874144441949082e-04 +1.4911647406544239e-04 +1.8767618078613033e-04 +1.4885928011949820e-04 +1.5708495780040023e-04
 96.50000000 +5.0000000000000000e+00 +1.9998840790285544e+00 +2.1546950170832197e-03 +9.9918756085165350e-01 +9.9999030032175240e-01 +9.9998147515303637e-01 +9.9998751039177414e-01 +9.9998267137665853e-01 +1.3717057069508710e-04 +1.5458797921737798e-04 +1.3443971583321503e-04 +1.9436885866203210e-04 +2.4991477543404933e-04
 97.00000000 +5.0000000000000000e+00 +1.9998560883043599e+00 +2.2089430031706448e-03 +9.9902800277015691e-01 +9.9998363765682041e-01 +9.9999147655567522e-01 +9.9998505920411707e-01 +9.9997994654198197e-01 +1.9338555519679307e-04 +2.6399309935187359e-04 +1.3413955500015965e-04 +1.8914836225230141e-04 +2.5121069055532378e-04
 97.50000000 +5.0000000000000000e+00 +1.9998700986887672e+00 +2.1262126824629262e-03 +9.9924535861336738e-01 +9.9998851812630329e-01 +9.9998607150696328e-01 +9.9998390005022708e-01 +9.9998962446304140e-01 +1.7559446830125105e-04 +1.0697024612445345e-04 +2.2571591058287438e-04 +1.7866386920375988e-04 +1.1958273593229073e-04
 98.00000000 +5.0000000000000000e+00 +1.9998751822555660e+00 +2.1594972364589226e-03 +9.9916035015656257e-01 +9.9998311057163269e-01 +9.9998368883475963e-01 +9.9999087777035367e-01 +9.9998624233066058e-01 +2.5743638591822516e-04 +9.6155483647875062e-05 +1.8953609436743015e-04 +2.0175921564444531e-04 +1.5084314797692323e-04
 98.50000000 +5.0000000000000000e+00 +1.9998721532352586e+00 +2.1528763014967930e-03 +9.9918668026495761e-01 +9.9998827273467072e-01 +9.9998401156070915e-01 +9.9999184905403260e-01 +9.9998357748769207e-01 +2.0428346956902012e-04 +1.5626780090561562e-04 +1.7999609077542461e-04 +1.1164874137629625e-04 +2.1341278573726714e-04
 99.00000000 +5.0000000000000000e+00 +1.9998905559585527e+00 +2.1084966557120793e-03 +9.9928718176231812e-01 +9.9998116273180437e-01 +9.9998171671971714e-01 +9.9999114692033109e-01 +9.9998751203737890e-01 +1.5380909458777222e-04 +1.2085967454460017e-04 +1.1346179039154967e-04 +1.9712230468198601e-04 +1.8602694940539656e-04
 99.50000000 +5.0000000000000000e+00 +1.9998795820973936e+00 +2.1590627820514663e-03 +9.9916747591261101e-01 +9.9998619695458313e-01 +9.9998057131296869e-01 +9.9998417639389015e-01 +9.9997931188909106e-01 +8.9975716456416443e-05 +1.9812619527943549e-04 +1.7785224088235735e-04 +2.0100871374739132e-04 +2.3530466679726533e-04
100.00000000 +5.0000000000000000e+00 +1.9998793950760696e+00 +2.1630586144054048e-03 +9.9916040539514039e-01 +9.9997450541229627e-01 +9.9998573927452883e-01 +9.9998268745077357e-01 +9.9998955603819129e-01 +1.9787776704835634e-04 +1.9578847038451331e-04 +1.9960926235678092e-04 +2.3476927670610870e-04 +7.9061652655249364e-05
100.50000000 +5.0000000000000000e+00 +1.9998590842452932e+00 +2.1143553892671954e-03 +9.9927511254746881e-01 +9.9998103000004335e-01 +9.9998151912280187e-01 +9.9997656466863316e-01 +9.9997791421668003e-01 +1.6745251764571263e-04 +1.7917971399903902e-04 +1.2849134364190736e-04 +1.9405723144302637e-04 +1.3867864342205177e-04
101.00000000 +5.0000000000000000e+00 +1.9998733401638136e+00 +2.1099526621257184e-03 +9.9929474433904442e-01 +9.9998374438777526e-01 +9.9998678835978039e-01 +9.9998840212029760e-01 +9.9998364885102220e-01 +1.0370798973041397e-04 +1.9867380951309486e-04 +1.6763514254933834e-04 +9.2371246653061853e-05 +2.0028373997913913e-04
101.50000000 +5.0000000000000000e+00 +1.9998377105192660e+00 +2.1579298035975247e-03 +9.9915467176263539e-01 +9.9997894706449753e-01 +9.9998405488624342e-01 +9.9998397517671689e-01 +9.9998328998280939e-01 +1.9746886693576283e-04 +1.6695690777932733e-04 +2.0455081728179634e-04 +1.3111552252356078e-04 +2.1496902320931934e-04
102.00000000 +5.0000000000000000e+00 +1.9998539210553130e+00 +2.2252944411194357e-03 +9.9899379436930813e-01 +9.9998363610197649e-01 +9.9998650889989060e-01 +9.9998285422063438e-01 +9.9997819828775181e-01 +1.7451828034372336e-04 +2.4726159878451826e-04 +1.6831726413664723e-04 +2.5737829281403815e-04 +2.2753267825402295e-04
102.50000000 +5.0000000000000000e+00 +1.9998514682154733e+00 +2.1754944623814396e-03 +9.9912249245753515e-01 +9.9997374119927973e-01 +9.9998654335216242e-01 +9.9998690736505924e-01 +9.9998336497225671e-01 +1.6474241725173292e-04 +1.4482983759307280e-04 +1.8769299913143283e-04 +2.1551990261059185e-04 +2.3416550304716346e-04
103.00000000 +5.0000000000000000e+00 +1.9998785129709764e+00 +2.0376923322453413e-03 +9.9946716562585436e-01 +9.9998026918161764e-01 +9.9998119491849480e-01 +9.9998452775339408e-01 +9.9998167183212727e-01 +1.3691495267635387e-04 +8.0525508894976800e-06 +1.1800280377804639e-04 +1.3856344110081619e-04 +2.0363692989994466e-04
103.50000000 +5.0000000000000000e+00 +1.9998486322179636e+00 +2.1906894073636953e-03 +9.9908197406053656e-01 +9.9998179517922858e-01 +9.9998167484431177e-01 +9.9997234721693073e-01 +9.9998202695839045e-01 +2.0835767202732064e-04 +1.9162058869690875e-04 +1.6809378621471989e-04 +2.3613361462133329e-04 +1.9597607289277978e-04
104.00000000 +5.0000000000000000e+00 +1.9998511377611150e+00 +2.2368353868238138e-03 +9.9897483923676755e-01 +9.9998157539895161e-01 +9.9997796356563262e-01 +9.9997866539995406e-01 +9.9998832656052961e-01 +2.4047311056291738e-04 +1.7308231687050132e-04 +1.9765642148827220e-04 +2.1499378978415270e-04 +2.7242419473565475e-04
104.50000000 +5.0000000000000000e+00 +1.9998385462899262e+00 +2.1889519047728944e-03 +9.9908133964078916e-01 +9.9998028899791724e-01 +9.9997866466054885e-01 +9.9998429064173788e-01 +9.9997514922095909e-01 +2.0022632039870002e-04 +1.6159467737961628e-04 +2.2817027313951484e-04 +2.8115152750146145e-04 +1.2912402966883387e-04
105.00000000 +5.0000000000000000e+00 +1.9998731575667321e+00 +2.1793748842314996e-03 +9.9911299355165428e-01 +9.9998980947649097e-01 +9.9998655625951394e-01 +9.9997933597336053e-01 +9.9997722568879222e-01 +1.5381511215928372e-04 +1.3565988226143383e-04 +2.3622440847503062e-04 +2.0714584368735904e-04 +2.2123379550228385e-04
105.50000000 +5.0000000000000000e+00 +1.9998589896386403e+00 +2.1019281352289559e-03 +9.9930518908642163e-01 +9.9998238967161723e-01 +9.9998369123194764e-01 +9.9997739760266091e-01 +9.9998384257738426e-01 +2.0128132248428573e-04 +9.9714239424148247e-05 +1.0086974523469194e-04 +1.9451723033894712e-04 +1.7110729125415099e-04
106.00000000 +5.0000000000000000e+00 +1.9998360611310140e+00 +2.1039512402421935e-03 +9.9929830048687307e-01 +9.9998408702073582e-01 +9.9998763363356513e-01 +9.9997892937816768e-01 +9.9997861575498936e-01 +1.2368498947206116e-04 +1.0278646267799088e-04 +2.2519692163218392e-04 +1.6772386466479175e-04 +1.5304148212351543e-04
106.50000000 +5.0000000000000000e+00 +1.9998265587603885e+00 +2.1181432975922367e-03 +9.9925338908148020e-01 +9.9997825767413584e-01 +9.9997828219191864e-01 +9.9997778366737322e-01 +9.9997949474615899e-01 +1.9849342508195485e-04 +2.3443842924655172e-04 +1.2005170803746250e-04 +8.3332668434947280e-05 +1.9647642427350341e-04
107.00000000 +5.0000000000000000e+00 +1.9998330162581670e+00 +2.1470899521996156e-03 +9.9918441139697278e-01 +9.9998193681688008e-01 +9.9998281238067099e-01 +9.9997969901596273e-01 +9.9997864817195248e-01 +1.9050765058060609e-04 +8.6502003519550001e-05 +2.1051271387738743e-04 +1.9012324493365056e-04 +2.1484659345916797e-04
107.50000000 +5.0000000000000000e+00 +1.9998448357516510e+00 +2.2461926931715550e-03 +9.9895968302311033e-01 +9.9998282483714473e-01 +9.9998447719498751e-01 +9.9997848440814141e-01 +9.9998706214689204e-01 +2.5034429048325052e-04 +1.1428063664460772e-04 +2.9221658495795256e-04 +2.2326370482031850e-04 +2.2736317934274976e-04
108.00000000 +5.0000000000000000e+00 +1.9998490537606526e+00 +2.1288499819239978e-03 +9.9924066025437042e-01 +9.9998068714009070e-01 +9.9998342750961566e-01 +9.9998029378193409e-01 +9.9998317398844505e-01 +1.7220153573149638e-04 +2.0247805068459484e-04 +6.2142376626334560e-05 +1.7058642333018194e-04 +2.2434894510743616e-04
108.50000000 +5.0000000000000000e+00 +1.9998441763020116e+00 +2.1257202855248587e-03 +9.9926067158409371e-01 +9.9997910597145057e-01 +9.9997338243198908e-01 +9.9998275830972105e-01 +9.9997487317094391e-01 +7.0607310332163663e-05 +1.6045603954765761e-04 +1.9414129744691470e-04 +2.5428171398266729e-04 +1.4972216110803357e-04
109.00000000 +5.0000000000000000e+00 +1.9997954993871367e+00 +2.2366034046935645e-03 +9.9895634017837853e-01 +9.9997737310930179e-01 +9.9997812057432467e-01 +9.9997851350938749e-01 +9.9997386328587767e-01 +1.9416145004665379e-04 +3.2129078552319213e-04 +2.6363679591680841e-04 +2.1047933017910331e-04 +1.4622098694322958e-04
109.50000000 +5.0000000000000000e+00 +1.9998129232594588e+00 +2.1983275523273127e-03 +9.9906187455859685e-01 +9.9998422989300306e-01 +9.9997737420180277e-01 +9.9997984954255614e-01 +9.9997432853774226e-01 +2.7943149499874605e-04 +2.5767482716254717e-04 +1.4139885883022706e-04 +1.4970190780706763e-04 +1.9413618671672392e-04
110.00000000 +5.0000000000000000e+00 +1.9998420757453348e+00 +2.0452078776305072e-03 +9.9944694472261753e-01 +9.9997618974448144e-01 +9.9998349878072212e-01 +9.9997332984297560e-01 +9.9997946973210594e-01 +2.3859087527101263e-04 +1.5565509435910900e-04 +1.3040832788920189e-04 +2.5279731302941052e-05 +9.0633161735559378e-05
110.50000000 +5.0000000000000000e+00 +1.9997993618546184e+00 +2.2689610494490303e-03 +9.9887114534975718e-01 +9.9998155128178334e-01 +9.9997439010022715e-01 +9.9997077952854463e-01 +9.9997702341397932e-01 +6.7370959358795490e-05 +3.2601439468266932e-04 +3.9708190366762915e-04 +1.3512571445349885e-04 +2.9951735977250715e-04
111.00000000 +5.0000000000000000e+00 +1.9998061848322786e+00 +2.2662837089294733e-03 +9.9889977129637175e-01 +9.9998278585252764e-01 +9.9998257188789086e-01 +9.9997730384598382e-01 +9.9997813533206492e-01 +1.8896160823337989e-04 +2.5155775817925410e-04 +1.9205840193016382e-04 +2.5599725872166556e-04 +2.9085675300612570e-04
111.50000000 +5.0000000000000000e+00 +1.9997903166026114e+00 +2.2779137395469808e-03 +9.9885551327989630e-01 +9.9998049622845508e-01 +9.9998512572074660e-01 +9.9997880751601875e-01 +9.9998378919202657e-01 +2.4142129968526545e-04 +1.7386235713032580e-04 +2.8005894125719048e-04 +2.6403987006557805e-04 +2.5688559219566847e-04
112.00000000 +5.0000000000000000e+00 +1.9998275713930984e+00 +2.2704635202178583e-03 +9.9889450726878459e-01 +9.9997495405378534e-01 +9.9998750363586852e-01 +9.9997376556921758e-01 +9.9998629350039003e-01 +1.9003809023023164e-04 +1.2609244208649733e-04 +3.2904980876164591e-04 +4.1112509147201858e-04 +1.2667054038507366e-04
112.50000000 +5.0000000000000000e+00 +1.9998041788274934e+00 +2.2792175910738739e-03 +9.9885087257232763e-01 +9.9997840820915840e-01 +9.9997081795312426e-01 +9.9997383459090927e-01 +9.9997512579900638e-01 +2.7349732346815253e-04 +1.8884528828929230e-04 +2.0160159050852620e-04 +2.7360092760491409e-04 +3.1339575305048634e-04
113.00000000 +5.0000000000000000e+00 +1.9997854705315996e+00 +2.2375695676636882e-03 +9.9895101120944974e-01 +9.9997487452613798e-01 +9.9997946659523218e-01 +9.9997291370830188e-01 +9.9996972084387192e-01 +2.5125528877930877e-04 +1.6513663325916819e-04 +4.1300907037570997e-04 +1.7524215081221169e-04 +1.4736997891188588e-04
113.50000000 +5.0000000000000000e+00 +1.9998110991680351e+00 +2.2168871239340061e-03 +9.9902267329751315e-01 +9.9996886033743060e-01 +9.9997465275145914e-01 +9.9998618586759658e-01 +9.9997245877308427e-01 +2.7407108856622659e-04 +2.0569069080772506e-04 +2.1933751178119604e-04 +2.6413475554099984e-04 +1.1193493245494799e-04
114.00000000 +5.0000000000000000e+00 +1.9998270276286498e+00 +2.1544233169723931e-03 +9.9917951954259920e-01 +9.9997485769623318e-01 +9.9996967933484249e-01 +9.9997288219922398e-01 +9.9997946913605484e-01 +2.0648073041794814e-05 +2.2095593545417880e-04 +2.0049240966036827e-04 +1.8398930049575522e-04 +2.9750636553976594e-04
114.50000000 +5.0000000000000000e+00 +1.9997716801377654e+00 +2.1261007250044932e-03 +9.9922987360326065e-01 +9.9997855741377939e-01 +9.9996717977490190e-01 +9.9997680527335486e-01 +9.9997507508584560e-01 +1.6272835715882750e-04 +2.3932249873651813e-04 +7.3365760103476268e-05 +2.5965180105594235e-04 +1.3744043032613886e-04
115.00000000 +5.0000000000000000e+00 +1.9998077130890100e+00 +2.1107412863248269e-03 +9.9929195308411756e-01 +9.9997353897340280e-01 +9.9996715607117281e-01 +9.9998055355574289e-01 +9.9996730433337822e-01 +2.0830382771601654e-04 +1.5903391868873893e-04 +2.7939880659704749e-04 +4.1914367379841777e-05 +1.3084306066128481e-04
115.50000000 +5.0000000000000000e+00 +1.9997888805044732e+00 +2.2927101344615394e-03 +9.9882596951583891e-01 +9.9998530453571755e-01 +9.9998735128096317e-01 +9.9998127313805552e-01 +9.9998911514110778e-01 +3.6448254850264100e-04 +2.4026488265554857e-04 +9.9313065199661509e-05 +1.4316213552178345e-04 +3.8376375799394400e-04
116.00000000 +5.0000000000000000e+00 +1.9997836687369241e+00 +2.1325283788901986e-03 +9.9922054339307742e-01 +9.9997700037445614e-01 +9.9997853547743509e-01 +9.9998524664264610e-01 +9.9997451368571999e-01 +1.1956011325012804e-04 +2.2619301109105990e-04 +1.9713008576654949e-04 +1.5861266313624563e-04 +1.6266454098418060e-04
116.50000000 +5.0000000000000000e+00 +1.9997833893634700e+00 +2.1536076952751171e-03 +9.9917055043877279e-01 +9.9998463089679479e-01 +9.9997490472464445e-01 +9.9997108322200734e-01 +9.9997961997361295e-01 +2.9349662180218675e-04 +1.2074916611151746e-04 +1.2343094136404772e-04 +2.0266306673550309e-04 +1.7887095586992808e-04
117.00000000 +5.0000000000000000e+00 +1.9997812215875714e+00 +2.2112099601311959e-03 +9.9903531917559119e-01 +9.9998168918208397e-01 +9.9998529067751052e-01 +9.9997552138267176e-01 +9.9996064554725739e-01 +2.1746904222394954e-04 +2.2264813949341970e-04 +2.4494015982714265e-04 +2.8020831472723201e-04 +9.6268379933712631e-05
117.50000000 +5.0000000000000000e+00 +1.9997980455971378e+00 +2.1883606788462382e-03 +9.9908194763019786e-01 +9.9998445976348871e-01 +9.9997485846145728e-01 +9.9998100018548286e-01 +9.9998280142372198e-01 +1.4993155586022662e-04 +2.4778506796344459e-04 +1.5574254139229823e-04 +2.5450800125985444e-04 +1.8696536217073186e-04
118.00000000 +5.0000000000000000e+00 +1.9998030171264243e+00 +2.1354047658800205e-03 +9.9921837773330824e-01 +9.9997185060921123e-01 +9.9996884424502486e-01 +9.9996978084028088e-01 +9.9996430084054766e-01 +2.0222091908827125e-04 +5.3346492960452746e-05 +2.1284407098887779e-04 +2.0426370772247876e-04 +2.3417054857026529e-04
118.50000000 +5.0000000000000000e+00 +1.9997667322454071e+00 +2.1581448385576663e-03 +9.9914789493302414e-01 +9.9997950265284274e-01 +9.9996714771001904e-01 +9.9997519745084107e-01 +9.9998357880644373e-01 +1.4149878608718953e-04 +2.0672114601263014e-04 +3.0334879850971413e-04 +1.9013993996303577e-04 +1.0496978851133427e-04
119.00000000 +5.0000000000000000e+00 +1.9997785014740173e+00 +2.1495727211273694e-03 +9.9917975633336120e-01 +9.9997517927671020e-01 +9.9997858740295553e-01 +9.9997002997255158e-01 +9.9996616368197500e-01 +1.5234178080038890e-04 +1.4099496227867880e-04 +1.4491780404013270e-04 +1.7131767128310472e-04 +3.2071110211612870e-04
119.50000000 +5.0000000000000000e+00 +1.9997464071575619e+00 +2.2094502286611356e-03 +9.9902706122954588e-01 +9.9997613170698862e-01 +9.9997836385518846e-01 +9.9996733632426060e-01 +9.9996290603321514e-01 +2.3534524850359035e-04 +3.6438361740671974e-04 +2.6325305509971697e-04 +3.3415600999313919e-05 +1.9180333992467415e-04
120.00000000 +5.0000000000000000e+00 +1.9998052933561159e+00 +2.2100872889145706e-03 +9.9904890770862820e-01 +9.9996963712896059e-01 +9.9995853617912334e-01 +9.9997165334235816e-01 +9.9997316675804193e-01 +1.7268590451544958e-04 +2.1208251803977101e-04 +1.8771236681038248e-04 +2.0467753564286367e-04 +3.0094055914530826e-04
120.50000000 +5.0000000000000000e+00 +1.9997640846863718e+00 +2.2002251087011953e-03 +9.9904218743101270e-01 +9.9996640518767343e-01 +9.9997310252320937e-01 +9.9997157955845528e-01 +9.9996651947749504e-01 +9.2900343549530060e-05 +3.0163105771872911e-04 +1.1968946238414039e-04 +2.3453808131592476e-04 +3.3144688121923191e-04
121.00000000 +5.0000000000000000e+00 +1.9997689052307774e+00 +2.1941268177974671e-03 +9.9906192205688582e-01 +9.9997475726377494e-01 +9.9997866001905122e-01 +9.9997431004714776e-01 +9.9998334466283401e-01 +3.1393935443984055e-04 +2.5598129257085249e-04 +2.6156857204189654e-04 +5.7759644790945612e-05 +1.3775707568143545e-04
121.50000000 +5.0000000000000000e+00 +1.9997821278581704e+00 +2.1405750964859135e-03 +9.9920598658739412e-01 +9.9997363659162630e-01 +9.9997668851720223e-01 +9.9997831009029114e-01 +9.9998253635150580e-01 +2.3659124445276987e-04 -4.6002414977596663e-05 +1.4864720556813878e-04 +3.2857355158871478e-04 +2.1503228120576238e-04
122.00000000 +5.0000000000000000e+00 +1.9997715957515272e+00 +2.2096242956227033e-03 +9.9903045173202099e-01 +9.9997900027570708e-01 +9.9995584316657060e-01 +9.9997822877923981e-01 +9.9996083497610289e-01 +1.3394481452984805e-04 +2.5423587975523552e-04 +3.2384597301808956e-04 +1.5543552451764963e-04 +2.2817887357341523e-04
122.50000000 +5.0000000000000000e+00 +1.9997648631586606e+00 +2.1683412804276718e-03 +9.9913546899432149e-01 +9.9995875250018462e-01 +9.9998215755786191e-01 +9.9997778184516417e-01 +9.9996729104571958e-01 +1.6458486147443718e-04 +2.7092453173020205e-04 +1.8558076823429031e-04 +1.7824573738726583e-04 +1.7921214748893566e-04
123.00000000 +5.0000000000000000e+00 +1.9997522362828852e+00 +2.2510823326685977e-03 +9.9894417644155176e-01 +9.9996636965937535e-01 +9.9998179969929557e-01 +9.9998214717957001e-01 +9.9995993802923777e-01 +2.5022100327790650e-04 +2.2099366657617113e-04 +2.9404888326224854e-04 +3.0587535240298342e-04 +9.4430080771726563e-05
123.50000000 +5.0000000000000000e+00 +1.9997370495003901e+00 +2.2645145653934482e-03 +9.9889123592058315e-01 +9.9996497323901967e-01 +9.9997210350093080e-01 +9.9997435377980093e-01 +9.9996105444126904e-01 +2.8920184955112807e-04 +2.0828096620312725e-04 +1.5245548056819932e-04 +2.7288061362338266e-04 +3.1346019877987385e-04
124.00000000 +5.0000000000000000e+00 +1.9997512125407082e+00 +2.1023259222183737e-03 +9.9932297334039988e-01 +9.9997032726470969e-01 +9.9996497381524196e-01 +9.9996832422901483e-01 +9.9996345451548219e-01 +1.2725040293884091e-04 +2.8453393839180399e-04 +5.7835479582183446e-05 +1.0942973274952032e-04 +2.3089728153854878e-04
124.50000000 +5.0000000000000000e+00 +1.9996744846352681e+00 +2.3982327728218791e-03 +9.9853346730391923e-01 +9.9998203559264909e-01 +9.9996375418003758e-01 +9.9996888929267791e-01 +9.9996945632275558e-01 +3.7563318554805056e-04 +2.8521771021088158e-04 +3.4751942828880125e-04 +2.8292012687384708e-04 +2.9110684738172589e-04
125.00000000 +5.0000000000000000e+00 +1.9997079446152328e+00 +2.2770889477994245e-03 +9.9886803601680874e-01 +9.9997339535442709e-01 +9.9996805479629047e-01 +9.9998388258059312e-01 +9.9996936050644702e-01 +2.6978818582047958e-04 +2.2977058736112747e-04 +3.0181363955490551e-04 +3.0078287852662084e-04 +1.3511544925750270e-04
125.50000000 +5.0000000000000000e+00 +1.9997202264841283e+00 +2.2356810067126662e-03 +9.9895132044112822e-01 +9.9997092149655031e-01 +9.9998603838725442e-01 +9.9995716028093773e-01 +9.9997207284748857e-01 +2.0565037332062315e-04 +2.1239752239883753e-04 +2.6430327379005385e-04 +2.3682068468490006e-04 +2.4331468762259296e-04
126.00000000 +5.0000000000000000e+00 +1.9997203971798991e+00 +2.3048579784900442e-03 +9.9877509829528954e-01 +9.9995602573537301e-01 +9.9997242852336288e-01 +9.9996506612204517e-01 +9.9996436864426597e-01 +3.7244905376615126e-04 +2.0690815717977452e-04 +2.2421659223016135e-04 +3.7049665794470273e-04 +1.9294222125198202e-04
126.50000000 +5.0000000000000000e+00 +1.9997257433295172e+00 +2.3543247185463614e-03 +9.9867673736458851e-01 +9.9996840886309102e-01 +9.9997150378565802e-01 +9.9996072807782832e-01 +9.9996725428133026e-01 +2.3741651294969957e-04 +3.6811158433770535e-04 +4.5207932282241076e-04 +1.5292693207169460e-04 +2.4483327503045313e-04
127.00000000 +5.0000000000000000e+00 +1.9996508030490439e+00 +2.3619330703990586e-03 +9.9862639409440268e-01 +9.9995527499166437e-01 +9.9996421496667953e-01 +9.9997575800193095e-01 +9.9997680660977339e-01 +1.8747134682759064e-04 +3.1299432443861007e-04 +2.3845256095975925e-04 +3.5511154969258694e-04 +4.0752155960687315e-04
127.50000000 +5.0000000000000000e+00 +1.9997134390143760e+00 +2.2911293379324249e-03 +9.9880998882244665e-01 +9.9997145940322130e-01 +9.9996491321634573e-01 +9.9995927241346882e-01 +9.9997135673644610e-01 +4.5592195378779362e-04 +1.3806388516519229e-04 +2.4689270854691615e-04 +2.8384928912538349e-04 +1.9828157232944926e-04
128.00000000 +5.0000000000000000e+00 +1.9997350422226909e+00 +2.2205583141554717e-03 +9.9903280040887699e-01 +9.9996849306372426e-01 +9.9997858626568703e-01 +9.9997001630670335e-01 +9.9998443297274919e-01 +3.3955613213232979e-04 +9.2277506410005168e-05 +1.9804560737112555e-04 +2.4754284570546753e-04 +1.8824889251910530e-04
128.50000000 +5.0000000000000000e+00 +1.9997352976851450e+00 +2.2635076130642761e-03 +9.9889258225908839e-01 +9.9997447707039355e-01 +9.9996431486754023e-01 +9.9997458036426490e-01 +9.9996924494646156e-01 +2.1741489266805138e-04 +2.6775528678864199e-04 +1.3182093280209953e-04 +4.1717890757382315e-04 +1.9063047725630344e-04
129.00000000 +5.0000000000000000e+00 +1.9997728814443958e+00 +2.1613035847746946e-03 +9.9917195947036130e-01 +9.9996695417530024e-01 +9.9997270820662842e-01 +9.9995962740480571e-01 +9.9999039918491350e-01 +3.0987483707915520e-04 +3.3930182981184919e-04 +2.6445149347031482e-04 +2.3453750075489049e-05 +1.2696394877513075e-06
129.50000000 +5.0000000000000000e+00 +1.9997324482580594e+00 +2.2086381993473413e-03 +9.9902812922484086e-01 +9.9996918561390780e-01 +9.9997701190929811e-01 +9.9996557277525355e-01 +9.9995464639041709e-01 +4.5442184766890928e-06 +3.7674944986217513e-04 +3.6203283536161482e-04 +4.7759151730664289e-05 +3.1436842567562543e-04
130.00000000 +5.0000000000000000e+00 +1.9996575434046466e+00 +2.3688698934827106e-03 +9.9860121249275491e-01 +9.9997250857010833e-01 +9.9996268966168689e-01 +9.9994562611257620e-01 +9.9996396592290770e-01 +4.3180888931170907e-04 +1.3108871764958954e-04 +3.3070936573091099e-04 +3.6123979793065201e-04 +2.9915046655791858e-04
130.50000000 +5.0000000000000000e+00 +1.9996799159404108e+00 +2.2077328302148062e-03 +9.9901078418448697e-01 +9.9997825884945335e-01 +9.9996486678094809e-01 +9.9996530933443606e-01 +9.9995059584690615e-01 +1.6801116501059764e-04 +3.4459328284241309e-04 +1.1201123544430493e-04 +2.6126021901459989e-04 +2.4430910488838759e-04
131.00000000 +5.0000000000000000e+00 +1.9997662210814497e+00 +2.1438181961430814e-03 +9.9921435982428231e-01 +9.9996110854354125e-01 +9.9997666074126090e-01 +9.9997364341247730e-01 +9.9998561880475056e-01 +2.4370695263085121e-04 +1.1737950954392957e-04 +1.3206530892587366e-04 +1.6549568292940873e-04 +2.2996121799964090e-04
131.50000000 +5.0000000000000000e+00 +1.9996641302282230e+00 +2.4014697583669411e-03 +9.9854258439200416e-01 +9.9997319094480497e-01 +9.9996380967359511e-01 +9.9996157116089213e-01 +9.9995175597649444e-01 +4.4654611042875504e-04 +3.0898120531214695e-04 +1.9165447364345649e-04 +3.0335781381257845e-04 +3.5654825392052826e-04
132.00000000 +5.0000000000000000e+00 +1.9996738777241982e+00 +2.2746963998689839e-03 +9.9886102992510895e-01 +9.9996513371588125e-01 +9.9997016074709744e-01 +9.9996968179284229e-01 +9.9995872696372579e-01 +3.0805309058064013e-04 +2.1675787972082742e-04 +1.9563081442503227e-04 +2.6125684771188026e-04 +2.9356822946440626e-04
132.50000000 +5.0000000000000000e+00 +1.9997087452489319e+00 +2.1771333549354833e-03 +9.9909300920734967e-01 +9.9997722941381650e-01 +9.9997406418903712e-01 +9.9996436908303021e-01 +9.9996873266462827e-01 +2.7356188979889181e-04 +1.2926789606320104e-04 +1.9044698847377282e-04 +3.1376217692383039e-04 +1.1555648420457179e-04
133.00000000 +5.0000000000000000e+00 +1.9996586908488347e+00 +2.2247036538009263e-03 +9.9896881204729027e-01 +9.9996833167588273e-01 +9.9996749784479333e-01 +9.9995672288549597e-01 +9.9996863043996087e-01 +2.2312015311082409e-04 +1.3300869406189533e-04 +3.6973835822464975e-04 +1.4489653817320234e-04 +2.9924135835993391e-04
133.50000000 +5.0000000000000000e+00 +1.9997407375962446e+00 +2.2630794852703212e-03 +9.9890669186728931e-01 +9.9996807756697825e-01 +9.9994939432256402e-01 +9.9995540012308948e-01 +9.9995004515015606e-01 +3.1623501051831880e-04 +2.2162345727107195e-04 +2.4417298329211832e-04 +2.4268625307921187e-04 +2.4567326535481832e-04
134.00000000 +5.0000000000000000e+00 +1.9997517048871341e+00 +2.1355599378637337e-03 +9.9920880534079570e-01 +9.9999521414791737e-01 +9.9996485967728821e-01 +9.9998053642302620e-01 +9.9997673465792347e-01 +2.9154342764507518e-04 +1.4915785593417518e-04 +7.2344673730304860e-05 +1.8755546152491993e-04 +1.7324833148270734e-04
134.50000000 +5.0000000000000000e+00 +1.9996417936598139e+00 +2.4045641615113140e-03 +9.9854224826763960e-01 +9.9996337209832031e-01 +9.9996338714970079e-01 +9.9996516736029106e-01 +9.9995977069512887e-01 +2.9286229556872684e-04 +2.7455497401577514e-04 +2.6850263810988481e-04 +4.0575718458182977e-04 +3.6437733640551497e-04
135.00000000 +5.0000000000000000e+00 +1.9996690352250925e+00 +2.2586913851936844e-03 +9.9888626169217731e-01 +9.9997323407925975e-01 +9.9998496462975428e-01 +9.9996520544970058e-01 +9.9995226267399595e-01 +2.1694219150386065e-04 +3.5330441474214729e-04 +2.8843991100169176e-04 +2.7251061510105327e-04 +1.0687433787756266e-04
135.50000000 +5.0000000000000000e+00 +1.9996685891022008e+00 +2.2713317947076119e-03 +9.9886721758500663e-01 +9.9996029105122175e-01 +9.9997734212118838e-01 +9.9994935541670305e-01 +9.9998008818786865e-01 +3.1230123511554397e-04 +1.9983174432480945e-04 +2.4974797142339423e-04 +3.2877621401601967e-04 +1.7504846724545136e-04
136.00000000 +5.0000000000000000e+00 +1.9996739049752996e+00 +2.2099082852884166e-03 +9.9900283398229672e-01 +9.9996627670023241e-01 +9.9995475204492956e-01 +9.9996755171474505e-01 +9.9997973370451798e-01 +8.6953169262098863e-05 +2.4236605223205035e-04 +2.0926334606721504e-04 +3.8023999950676949e-04 +2.1002928644490949e-04
136.50000000 +5.0000000000000000e+00 +1.9996651928836602e+00 +2.2598539843855215e-03 +9.9889374257404706e-01 +9.9997999827762751e-01 +9.9996131951791378e-01 +9.9994349394988091e-01 +9.9995600352343039e-01 +2.2172421669971735e-04 +3.0759805548651476e-04 +1.3848273178456474e-04 +3.0958423850318222e-04 +2.8805291100407286e-04
137.00000000 +5.0000000000000000e+00 +1.9995778254572993e+00 +2.4756477674107414e-03 +9.9835166392550034e-01 +9.9997788037095159e-01 +9.9996044655180905e-01 +9.9995242056126699e-01 +9.9995158764931913e-01 +4.7195519824358927e-04 +3.7767341209332379e-04 +4.0085642030298968e-04 +2.6280860480750709e-04 +2.9270730346778629e-04
137.50000000 +5.0000000000000000e+00 +1.9996272649094973e+00 +2.4279967482134564e-03 +9.9850225799068015e-01 +9.9995906913156296e-01 +9.9997866978868766e-01 +9.9995238457543700e-01 +9.9997004648343712e-01 +3.5323686528273564e-04 +1.8418431609241119e-04 +2.4089623338085649e-04 +4.0471230440899090e-04 +4.5454230860472012e-04
138.00000000 +5.0000000000000000e+00 +1.9997139845132850e+00 +2.1726374970924322e-03 +9.9911349991921716e-01 +9.9997987475371863e-01 +9.9995513071681918e-01 +9.9997802269151626e-01 +9.9996623268808027e-01 +6.0239684155221086e-05 +1.3583537232451920e-04 +3.1371968205985798e-04 +3.9173244886929205e-04 +1.0571204373687814e-04
138.50000000 +5.0000000000000000e+00 +1.9996325870108245e+00 +2.2343332534809561e-03 +9.9895411266846879e-01 +9.9994554744833797e-01 +9.9996776805302079e-01 +9.9995400165140624e-01 +9.9993117691717925e-01 +7.6150837446116381e-05 +1.8485111125252754e-04 +3.8773122211611298e-04 +1.5982786984459392e-04 +4.3883222460160647e-04
139.00000000 +5.0000000000000000e+00 +1.9996797682533303e+00 +2.2894757815101513e-03 +9.9885437443867753e-01 +9.9996625186333254e-01 +9.9996135667162467e-01 +9.9996467372407927e-01 +9.9994442631028302e-01 +4.2521899954458398e-04 +1.6457307136437009e-04 +2.4086235983035152e-04 +2.0253953769835113e-04 +2.7572302105237123e-04
139.50000000 +5.0000000000000000e+00 +1.9996299690505794e+00 +2.3737190483011966e-03 +9.9859830969414531e-01 +9.9994135988839827e-01 +9.9992892831708236e-01 +9.9997448682224976e-01 +9.9994005887750981e-01 +4.5127096557858875e-04 +3.1373474873464365e-04 +2.0887097000406741e-04 +2.8184973371513295e-04 +3.6112998198888199e-04
140.00000000 +5.0000000000000000e+00 +1.9996166301413445e+00 +2.2145744053814411e-03 +9.9902376577431473e-01 +9.9997352429021114e-01 +9.9998998920187199e-01 +9.9994879485694765e-01 +9.9996715474008868e-01 +3.9062988650304242e-05 +2.7265273715381370e-04 +2.5315517159957106e-04 +2.0012522874056875e-04 +3.3177500743714077e-04
140.50000000 +5.0000000000000000e+00 +1.9996285538508616e+00 +2.3891388079081009e-03 +9.9855111371383476e-01 +9.9995112297010147e-01 +9.9997831790261704e-01 +9.9996341178750148e-01 +9.9997677135767493e-01 +3.2220232168507740e-04 +4.1882721351658639e-04 +2.0600136439475055e-04 +2.4774279147331746e-04 +3.8448857549573825e-04
141.00000000 +5.0000000000000000e+00 +1.9997178467283665e+00 +2.0984202442434325e-03 +9.9929490705856150e-01 +9.9995529724730103e-01 +9.9996340203215017e-01 +9.9996023702300396e-01 +9.9995752444205210e-01 +2.2466077276270995e-04 +1.8107573089712556e-04 +2.6815362538586460e-04 +8.5198080486454422e-05 +1.0954398715794057e-04
141.50000000 +5.0000000000000000e+00 +1.9996651328152553e+00 +2.2350999046948424e-03 +9.9896964816671041e-01 +9.9995351675620470e-01 +9.9995212878021034e-01 +9.9994429782167860e-01 +9.9993694854705950e-01 +2.7794532397429117e-04 +1.7643322334383893e-04 +4.1631838879565777e-04 +1.5212339592896013e-04 +2.2063959473314244e-04
142.00000000 +5.0000000000000000e+00 +1.9996100815917293e+00 +2.3344820582604231e-03 +9.9869309239038329e-01 +9.9995486195742733e-01 +9.9997353275596568e-01 +9.9993315815780137e-01 +9.9995921908143781e-01 +1.8657658901005688e-04 +2.2949907304850025e-04 +5.3567295963043225e-04 +2.8334660258469332e-04 +2.5104043358441241e-04
142.50000000 +5.0000000000000000e+00 +1.9996711523360664e+00 +2.3137917428492313e-03 +9.9876718039517376e-01 +9.9995715904801918e-01 +9.9996210606895264e-01 +9.9995733616936300e-01 +9.9995564409897830e-01 +2.7764187941841983e-04 +3.4706934639233255e-04 +1.4436687450305688e-04 +3.4474979937541112e-04 +2.8674631788580665e-04
143.00000000 +5.0000000000000000e+00 +1.9996732970963143e+00 +2.1905389748428060e-03 +9.9908231140513837e-01 +9.9996415453715926e-01 +9.9996878309341664e-01 +9.9995262411487063e-01 +9.9993151692047810e-01 +1.0242622121293873e-04 +2.3238459420594685e-04 +3.3900611622860691e-04 +5.2398874523173078e-05 +3.7439412628204478e-04
143.50000000 +5.0000000000000000e+00 +1.9996671217105777e+00 +2.1507748197714016e-03 +9.9916443614422701e-01 +9.9993764002524510e-01 +9.9996017213580446e-01 +9.9996409512075879e-01 +9.9993036070455787e-01 +1.8454674524012550e-04 +2.1028862798586675e-04 +1.9508794013311761e-04 +2.5631335240009065e-04 +1.9705920434964815e-04
144.00000000 +5.0000000000000000e+00 +1.9996516254189936e+00 +2.2570253473647305e-03 +9.9891839898526802e-01 +9.9992320421225300e-01 +9.9997736736844156e-01 +9.9995093120754996e-01 +9.9995464914984045e-01 +4.4458263419884855e-04 +2.8761526840234252e-04 +1.3450986915751977e-04 +1.5529450537004060e-04 +2.5344680146622254e-04
144.50000000 +5.0000000000000000e+00 +1.9996806800287998e+00 +2.1901266116802986e-03 +9.9907996691355405e-01 +9.9997899623552888e-01 +9.9996731194743838e-01 +9.9992249607713246e-01 +9.9994630847376731e-01 +2.1558445247567528e-04 +3.4347839502708589e-04 +1.7417801404905750e-04 +1.6543619615467815e-04 +2.0624329740824481e-04
145.00000000 +5.0000000000000000e+00 +1.9996151000497360e+00 +2.2818022086211033e-03 +9.9883777323896006e-01 +9.9997670430892138e-01 +9.9998000087267103e-01 +9.9995547836182108e-01 +9.9995795126435327e-01 +3.3506749302691485e-04 +3.3463732981942767e-04 +2.9146377322511837e-04 +8.1892347933398355e-05 +2.4903101371864035e-04
145.50000000 +5.0000000000000000e+00 +1.9998027889611694e+00 +2.0636259100431154e-03 +9.9943372276215059e-01 +9.9995169537732209e-01 +9.9995793445043835e-01 +9.9994746749233243e-01 +9.9995683631261167e-01 +4.6133049668613431e-04 +1.0434396443289558e-04 +3.3069295980958280e-05 +2.0120646065246208e-04 -4.7606611349902618e-05
146.00000000 +5.0000000000000000e+00 +1.9996659466037068e+00 +2.2179731037327991e-03 +9.9902370249873929e-01 +9.9994449391254647e-01 +9.9996920542978440e-01 +9.9992055821414938e-01 +9.9994597899882431e-01 +1.4101152508328289e-04 +1.3123548783148617e-04 -2.8591929295670500e-05 +4.5058902580306421e-04 +5.0181683652330297e-04
146.50000000 +5.0000000000000000e+00 +1.9996543782122567e+00 +2.1681501402468139e-03 +9.9913368246950407e-01 +9.9994524358947123e-01 +9.9996161313487708e-01 +9.9993179623674044e-01 +9.9997828541110667e-01 +2.4278353645631880e-05 +2.4837543068940754e-04 +3.0923657539521461e-04 +1.3085450753620530e-04 +3.3663428725043859e-04
147.00000000 +5.0000000000000000e+00 +1.9995093756728588e+00 +2.3976239378002131e-03 +9.9854860863099038e-01 +9.9994727999143107e-01 +9.9992690336295997e-01 +9.9994815475477195e-01 +9.9997582683610797e-01 +3.6005442514886550e-04 +2.8103778172323095e-04 +2.3153476211749225e-04 +5.0140562756156902e-04 +2.7919382700102697e-04
147.50000000 +5.0000000000000000e+00 +1.9995750279936173e+00 +2.2933598546882477e-03 +9.9882756094432656e-01 +1.0000109135504347e+00 +9.9993396592138428e-01 +9.9993756393820910e-01 +9.9993650721048699e-01 -9.8977618235541291e-05 +4.5332578219093802e-04 +1.8588638747557619e-04 +4.8107678768735538e-04 +3.3217709823158992e-04
148.00000000 +5.0000000000000000e+00 +1.9995461483514834e+00 +2.3050997307555426e-03 +9.9878963061028814e-01 +9.9995032901463021e-01 +9.9997479680525836e-01 +9.9995680377782170e-01 +9.9997110683755064e-01 +2.7245022783090489e-04 +2.7310923315715195e-04 +9.3538355006820068e-05 +3.7608688069317966e-04 +3.4214825591305498e-04
148.50000000 +5.0000000000000000e+00 +1.9996507963830734e+00 +2.0566245117417592e-03 +9.9939286175197573e-01 +9.9997018134434279e-01 +9.9997782637313160e-01 +9.9994765970465804e-01 +9.9992750883985215e-01 +2.2050682795141293e-05 +2.1971702021143585e-04 +1.8309430829143821e-04 +1.7639971647994196e-04 +1.8270025826291151e-04
149.00000000 +5.0000000000000000e+00 +1.9996397851745646e+00 +2.1417733140727561e-03 +9.9921426852722994e-01 +9.9993024984732282e-01 +9.9996052867095819e-01 +9.9994616591762231e-01 +9.9995980908516668e-01 +3.8955569870931624e-04 +2.0444514735612758e-04 +2.0419732166063949e-04 +1.1561684691193744e-04 +7.5162936659497234e-05
149.50000000 +5.0000000000000000e+00 +1.9996438113198187e+00 +2.1164929565634506e-03 +9.9925647995036027e-01 +9.9992247894307407e-01 +9.9994438293506016e-01 +9.9995263298627646e-01 +9.9995667056437165e-01 +2.1647149174673232e-04 +1.5147289532927268e-04 +5.5644643552795524e-05 +3.1428705227542673e-04 +2.2947853625575749e-04
150.00000000 +5.0000000000000000e+00 +1.9994565802537394e+00 +2.4541105466165669e-03 +9.9837347135900212e-01 +9.9993597561145353e-01 +9.9994922528097230e-01 +9.9994590507037229e-01 +9.9993057898275128e-01 +4.3832452291858091e-04 +8.8182282044470085e-05 +4.5132975770998806e-04 +3.8364844721375761e-04 +5.0335868764684092e-04
