#PATCH_CHECK: SepMBpoisson v0.60 fullmb-kondo adaptive-t500 active
#discretizing the bath:
#     0 0.0000000000000000e+00 -6.3190000000000002e-01
#     1 3.5746017649212029e-03 -2.4622045857688843e-01
#     2 3.5746017649212029e-03 -2.2855371519969711e-01
#     3 3.5746017649212029e-03 -2.1010374775363921e-01
#     4 3.5746017649212029e-03 -1.9090249533573209e-01
#     5 3.5746017649212029e-03 -1.7097828006084123e-01
#     6 3.5746017649212029e-03 -1.5035644247430058e-01
#     7 3.5746017649212029e-03 -1.2905983081752490e-01
#     8 3.5746017649212029e-03 -1.0710918473208636e-01
#     9 3.5746017649212029e-03 -8.4523441004006550e-02
#adaptive measurement: gap=1.9924215274890855e-02 period_steps=631 nmeas=97 nwf=150 tmax=7.5000000000000000e+01
  0.00000000 +5.0000000000000000e+00 +1.9999999999999998e+00 +1.8374661879283106e-03 +1.0000000000000000e+00 +1.0000000000000000e+00 +1.0000000000000000e+00 +1.0000000000000000e+00 +1.0000000000000000e+00 +0.0000000000000000e+00 +0.0000000000000000e+00 +0.0000000000000000e+00 +0.0000000000000000e+00 +0.0000000000000000e+00
  0.50000000 +5.0000000000000000e+00 +1.9999999999498308e+00 +1.8439027752253678e-03 +9.9998365906718878e-01 +1.0000000000024811e+00 +1.0000000000024811e+00 +1.0000000000024811e+00 +1.0000000000024811e+00 +3.2793783913054849e-06 +3.2686874858195060e-06 +3.2873397039014268e-06 +3.2554944535176596e-06 +3.2500352677375856e-06
  1.00000000 +5.0000000000000000e+00 +1.9999999977909240e+00 +1.8620517518217119e-03 +9.9993755705342380e-01 +9.9999999995036781e-01 +9.9999999995370892e-01 +9.9999999995830302e-01 +9.9999999995078537e-01 +1.2569257212237665e-05 +1.2559764571067242e-05 +1.2525438909386721e-05 +1.2414853142085084e-05 +1.2373859597980957e-05
  1.50000000 +5.0000000000000000e+00 +1.9999999975082914e+00 +1.8881760873820626e-03 +9.9987111370922577e-01 +9.9999999950091678e-01 +9.9999999951142216e-01 +9.9999999953131635e-01 +9.9999999951183938e-01 +2.6207605916972607e-05 +2.5954679441162752e-05 +2.5755211820438979e-05 +2.5585398330793734e-05 +2.5385288165829948e-05
  2.00000000 +5.0000000000000000e+00 +2.0000000070354265e+00 +1.9174628331293097e-03 +9.9979646339721118e-01 +9.9999999816730456e-01 +9.9999999822552998e-01 +9.9999999823035390e-01 +9.9999999827555541e-01 +4.1809134065919633e-05 +4.1480008518624014e-05 +4.0580319248815732e-05 +4.0177039625269779e-05 +3.9497189206445269e-05
  2.50000000 +5.0000000000000000e+00 +1.9999999713964507e+00 +1.9442574576503742e-03 +9.9972790493767383e-01 +9.9999999530323780e-01 +9.9999999536639439e-01 +9.9999999556700037e-01 +9.9999999556719510e-01 +5.6833075864729852e-05 +5.5692321698661404e-05 +5.4318126213588481e-05 +5.3162683002008402e-05 +5.2107055652262029e-05
  3.00000000 +5.0000000000000000e+00 +1.9999999236303312e+00 +1.9629763920934983e-03 +9.9967960567687841e-01 +9.9999999055177313e-01 +9.9999999060160605e-01 +9.9999999091517566e-01 +9.9999999110839644e-01 +6.8397689678988658e-05 +6.6598099972479136e-05 +6.3572297789824775e-05 +6.2005833458368158e-05 +5.9857222523158509e-05
  3.50000000 +5.0000000000000000e+00 +1.9999998821231788e+00 +1.9703180068019119e-03 +9.9966002577323354e-01 +9.9999998363129572e-01 +9.9999998406912205e-01 +9.9999998462331940e-01 +9.9999998432513193e-01 +7.4212881592111094e-05 +7.2106930155332156e-05 +6.7609922155956287e-05 +6.4889690437698572e-05 +6.1218163453539694e-05
  4.00000000 +5.0000000000000000e+00 +1.9999998459041997e+00 +1.9645177416840443e-03 +9.9967379799450684e-01 +9.9999997499445359e-01 +9.9999997400897778e-01 +9.9999997591326839e-01 +9.9999997657400208e-01 +7.3998108350366052e-05 +7.0465176539900886e-05 +6.4890862674583431e-05 +6.0519782583594269e-05 +5.6426586290156755e-05
  4.50000000 +5.0000000000000000e+00 +1.9999998099223604e+00 +1.9473075975769518e-03 +9.9971674004803446e-01 +9.9999996411485170e-01 +9.9999996450856421e-01 +9.9999996718760309e-01 +9.9999996734720120e-01 +6.6648849393294581e-05 +6.2313686125442362e-05 +5.6906050065011782e-05 +5.1499177753952422e-05 +4.6029005209515378e-05
  5.00000000 +5.0000000000000000e+00 +1.9999997711791995e+00 +1.9207063793648216e-03 +9.9978393495673135e-01 +9.9999995412793352e-01 +9.9999995291168475e-01 +9.9999995763168226e-01 +9.9999995784843643e-01 +5.5255493345142589e-05 +4.8070441084723764e-05 +4.2843606444216482e-05 +3.8638899279646854e-05 +3.1434071846838528e-05
  5.50000000 +5.0000000000000000e+00 +1.9999997366298627e+00 +1.8936189917541659e-03 +9.9985295524628104e-01 +9.9999994497588962e-01 +9.9999994472062492e-01 +9.9999994781714097e-01 +9.9999994946328652e-01 +4.0406238766803867e-05 +3.5060033300137170e-05 +2.8731467701927856e-05 +2.4323905353681361e-05 +1.8736080968989619e-05
  6.00000000 +5.0000000000000000e+00 +1.9999997729803785e+00 +1.8662394857482366e-03 +9.9992338538868519e-01 +9.9999993530254250e-01 +9.9999993416500044e-01 +9.9999994028260863e-01 +9.9999994661923475e-01 +2.5580278767893591e-05 +2.0141026454160930e-05 +1.4812459285281131e-05 +1.0185989532817306e-05 +6.1384757229985938e-06
  6.50000000 +5.0000000000000000e+00 +1.9999999052442718e+00 +1.8487977835695666e-03 +9.9996913208370675e-01 +9.9999993258674902e-01 +9.9999992694311846e-01 +9.9999993848552293e-01 +9.9999993910713925e-01 +1.0969990179220819e-05 +9.5672870579438893e-06 +5.5621889426083312e-06 +3.5080631471177420e-06 +1.5232390355826953e-06
  7.00000000 +5.0000000000000000e+00 +1.9999999633949226e+00 +1.8413985273999141e-03 +9.9998974711116562e-01 +9.9999993451535107e-01 +9.9999993135353360e-01 +9.9999993335165693e-01 +9.9999993639595441e-01 +4.5320162636242186e-06 +2.3148392623502580e-06 -1.4441764336528785e-07 -7.9088880829376646e-07 +4.6057271980760580e-06
  7.50000000 +5.0000000000000000e+00 +2.0000001011551860e+00 +1.8482758757025649e-03 +9.9997416072479905e-01 +9.9999992674722904e-01 +9.9999992505912627e-01 +9.9999992618733125e-01 +9.9999993745749993e-01 +2.2124212686626426e-06 +2.4725925406996512e-06 +4.1886672523717818e-06 +6.0479120010912559e-06 +1.1202242297041897e-05
  8.00000000 +5.0000000000000000e+00 +2.0000000697812350e+00 +1.8657340076113065e-03 +9.9993130355008364e-01 +9.9999993079489158e-01 +9.9999993134812926e-01 +9.9999993681720956e-01 +9.9999994660711278e-01 +7.3569228447096350e-06 +1.0426042127451631e-05 +1.4059301685253878e-05 +1.7493075546911900e-05 +1.9615528415855229e-05
  8.50000000 +5.0000000000000000e+00 +2.0000001855525715e+00 +1.8907384858137027e-03 +9.9986858481713581e-01 +9.9999991887808493e-01 +9.9999993175522695e-01 +9.9999992170908303e-01 +9.9999993353201777e-01 +1.6938061574014431e-05 +2.3346147173930296e-05 +2.4697593700739390e-05 +3.1330159075998671e-05 +3.5397365082490884e-05
  9.00000000 +5.0000000000000000e+00 +2.0000001819698454e+00 +1.9192126776133296e-03 +9.9979606442057634e-01 +9.9999992822023176e-01 +9.9999991911274388e-01 +9.9999992847460040e-01 +9.9999992323280096e-01 +3.1397835402770192e-05 +3.4420116367496625e-05 +4.1838442831242997e-05 +4.7033818551861555e-05 +4.9546377539329934e-05
  9.50000000 +5.0000000000000000e+00 +2.0000001625561858e+00 +1.9408176163433378e-03 +9.9974006986127306e-01 +9.9999990724289500e-01 +9.9999992017020167e-01 +9.9999992467215348e-01 +9.9999992988760833e-01 +4.5228777665043589e-05 +4.9979681003129793e-05 +5.3988714018566520e-05 +5.5676152771147322e-05 +5.5374830773535843e-05
 10.00000000 +5.0000000000000000e+00 +2.0000001936178653e+00 +1.9633865784424560e-03 +9.9968067262497162e-01 +9.9999990488177171e-01 +9.9999991094914253e-01 +9.9999990477447875e-01 +9.9999990835795571e-01 +5.8364629449137600e-05 +6.2486145562463556e-05 +6.6302573394810409e-05 +6.8850021941178088e-05 +6.3695004721787800e-05
 10.50000000 +5.0000000000000000e+00 +1.9999996484504807e+00 +1.9719723105294791e-03 +9.9965628618793545e-01 +9.9999990413696127e-01 +9.9999988139919349e-01 +9.9999988890498437e-01 +9.9999990220982304e-01 +7.3852733163230766e-05 +7.0426588138292089e-05 +6.8403588042373667e-05 +6.6193040452327030e-05 +6.5261202395468492e-05
 11.00000000 +5.0000000000000000e+00 +1.9999994337425588e+00 +1.9681071289506251e-03 +9.9966328854569386e-01 +9.9999987874587881e-01 +9.9999986499475635e-01 +9.9999986852147527e-01 +9.9999989308994119e-01 +7.7030932181021609e-05 +7.7461452324427163e-05 +6.4791306246275311e-05 +6.1549929689854130e-05 +5.6372447489602300e-05
 11.50000000 +5.0000000000000000e+00 +1.9999990159306502e+00 +1.9503329546055111e-03 +9.9970632028036910e-01 +9.9999983608036347e-01 +9.9999982344483418e-01 +9.9999984503848793e-01 +9.9999985118799695e-01 +7.4854641758400597e-05 +7.3418274680245340e-05 +5.8567424669192928e-05 +5.1153175253002658e-05 +3.6330382468897413e-05
 12.00000000 +5.0000000000000000e+00 +1.9999987190552844e+00 +1.9230277454367040e-03 +9.9977439851652683e-01 +9.9999983341377896e-01 +9.9999979832811281e-01 +9.9999979822239748e-01 +9.9999981662352411e-01 +6.3507174715930471e-05 +5.8057371989893570e-05 +4.2262438112631768e-05 +3.1495513873445995e-05 +3.1032348542513004e-05
 12.50000000 +5.0000000000000000e+00 +1.9999985674613014e+00 +1.8973155682744619e-03 +9.9983964226573629e-01 +9.9999977454567324e-01 +9.9999975782250905e-01 +9.9999979813169915e-01 +9.9999980765367491e-01 +5.1466099111856964e-05 +3.9042478436235186e-05 +3.3198271380983938e-05 +2.4786813097078145e-05 +1.2725938519147339e-05
 13.00000000 +5.0000000000000000e+00 +1.9999985574797738e+00 +1.8787923463998788e-03 +9.9988811270975275e-01 +9.9999977730650669e-01 +9.9999972424292349e-01 +9.9999976519573763e-01 +9.9999975411849573e-01 +4.3318796739847235e-05 +3.1491252291184655e-05 +1.9771406717170218e-05 +1.2632403018264960e-05 +5.6525353229410999e-06
 13.50000000 +5.0000000000000000e+00 +1.9999984749262945e+00 +1.8556383217801340e-03 +9.9994961394777948e-01 +9.9999970978014452e-01 +9.9999974796080360e-01 +9.9999973112188423e-01 +9.9999974866467789e-01 +2.4921438387877510e-05 +1.8362634543734907e-05 +2.7725891015063835e-06 +2.8177549810380191e-06 +2.5741737743458184e-06
 14.00000000 +5.0000000000000000e+00 +1.9999988463031799e+00 +1.8547274609702119e-03 +9.9995491225752875e-01 +9.9999977051473155e-01 +9.9999972547078275e-01 +9.9999972690998906e-01 +9.9999981072398936e-01 +1.2742038853808567e-05 +6.5737745916843547e-06 +1.1799623949354137e-05 +6.1376744670286301e-06 +8.8009621043879765e-06
 14.50000000 +5.0000000000000000e+00 +1.9999991155978984e+00 +1.8610008823021808e-03 +9.9994249633172150e-01 +9.9999975221413917e-01 +9.9999968903976588e-01 +9.9999971042483005e-01 +9.9999974743144882e-01 +9.8175765263730295e-06 +8.8004411143476235e-06 +1.1515644023725600e-05 +1.2519403493044623e-05 +1.5951528687069154e-05
 15.00000000 +5.0000000000000000e+00 +2.0000000084592160e+00 +1.8706418256792296e-03 +9.9992074293612010e-01 +9.9999976125444701e-01 +9.9999976753490194e-01 +9.9999977148891184e-01 +9.9999976041981509e-01 +6.4249744347330364e-06 +6.9642718813552680e-06 +1.2601571777385437e-05 +2.0500902739314511e-05 +3.3704644996819885e-05
 15.50000000 +5.0000000000000000e+00 +2.0000001510145702e+00 +1.8889623981558324e-03 +9.9987597424777119e-01 +9.9999967952976399e-01 +9.9999964579940170e-01 +9.9999974771331679e-01 +9.9999972754122368e-01 +1.2154790742323178e-05 +1.1205228884098703e-05 +2.6435247113165688e-05 +3.3119546538288956e-05 +4.2310309192656111e-05
 16.00000000 +5.0000000000000000e+00 +1.9999996518152430e+00 +1.9149267352635536e-03 +9.9980974279975432e-01 +9.9999968081640334e-01 +9.9999972465719666e-01 +9.9999971786227404e-01 +9.9999967516335952e-01 +1.9249227340482846e-05 +3.6957991558124046e-05 +2.8002247796716760e-05 +5.4412310161465915e-05 +5.2836937819433798e-05
 16.50000000 +5.0000000000000000e+00 +1.9999996186300759e+00 +1.9373859353277038e-03 +9.9975154126272381e-01 +9.9999982027473755e-01 +9.9999965856753670e-01 +9.9999969228199492e-01 +9.9999973336116321e-01 +3.1549942688260086e-05 +4.2573375978516760e-05 +4.9344826563695758e-05 +6.0760064072982205e-05 +6.5326104106391548e-05
 17.00000000 +5.0000000000000000e+00 +1.9999988215135853e+00 +1.9580811526832978e-03 +9.9969568707912926e-01 +9.9999974131214964e-01 +9.9999968788339499e-01 +9.9999970702877283e-01 +9.9999980424615775e-01 +5.5649816680165513e-05 +6.1608966210560694e-05 +6.4347587603382441e-05 +6.3359591939472591e-05 +6.0406523077061588e-05
 17.50000000 +5.0000000000000000e+00 +1.9999989651175047e+00 +1.9674117057371923e-03 +9.9966849185155537e-01 +9.9999969328966409e-01 +9.9999978941649237e-01 +9.9999967116514199e-01 +9.9999965289210357e-01 +7.6713799170785452e-05 +6.9724546705308830e-05 +6.9382046512071261e-05 +6.1426040817907286e-05 +5.5454918146408519e-05
 18.00000000 +5.0000000000000000e+00 +1.9999993087381391e+00 +1.9550173551853996e-03 +9.9969693576869956e-01 +9.9999962336764225e-01 +9.9999964708106248e-01 +9.9999962268763398e-01 +9.9999968701916486e-01 +6.9113931892723565e-05 +6.9898630301140302e-05 +6.2057045721541847e-05 +5.9913848920280650e-05 +4.3500648680395586e-05
 18.50000000 +5.0000000000000000e+00 +1.9999979449926295e+00 +1.9462478072216124e-03 +9.9971494175175279e-01 +9.9999957517261395e-01 +9.9999965269339641e-01 +9.9999972988411345e-01 +9.9999951187655622e-01 +8.3048970251749951e-05 +6.3115914626678290e-05 +6.3299095630710509e-05 +4.0621181162126238e-05 +3.6503503275797114e-05
 19.00000000 +5.0000000000000000e+00 +1.9999969445024897e+00 +1.9338424736080242e-03 +9.9974472012202786e-01 +9.9999970104191749e-01 +9.9999954383394329e-01 +9.9999950244062141e-01 +9.9999975464838065e-01 +8.2033287774187759e-05 +7.2049332181775062e-05 +5.4616828384831143e-05 +2.5880333928123312e-05 +2.2198101372001423e-05
 19.50000000 +5.0000000000000000e+00 +1.9999978399110083e+00 +1.9046209113594218e-03 +9.9981880531343448e-01 +9.9999980037065395e-01 +9.9999960664635523e-01 +9.9999960532869248e-01 +9.9999958643214260e-01 +6.3133259233552559e-05 +4.4684771094923666e-05 +3.6981352398140220e-05 +3.0337754387375594e-05 +7.4587680781732412e-06
 20.00000000 +5.0000000000000000e+00 +1.9999973884269995e+00 +1.8853121106418103e-03 +9.9986997785402110e-01 +9.9999967523403832e-01 +9.9999951755344629e-01 +9.9999961510261903e-01 +9.9999944205504387e-01 +4.2153342939625564e-05 +3.5855079104211972e-05 +3.3069417939661887e-05 +1.5773825331437826e-05 +4.9204892501828383e-06
 20.50000000 +5.0000000000000000e+00 +1.9999982877573832e+00 +1.8810363219557162e-03 +9.9988378433642122e-01 +9.9999954802761959e-01 +9.9999957860765287e-01 +9.9999944692423648e-01 +9.9999933208105984e-01 +4.9951405442033520e-05 +3.4237619075862179e-05 +1.8742277230327065e-05 +7.6164256332601718e-06 +7.7623229924446133e-06
 21.00000000 +5.0000000000000000e+00 +1.9999982513684831e+00 +1.8701182181751338e-03 +9.9991542898039887e-01 +9.9999943207245412e-01 +9.9999973158811661e-01 +9.9999956291482150e-01 +9.9999947686651181e-01 +2.8082848040268234e-05 +1.6970239296613403e-05 +6.6606532276978699e-06 +1.4012577557140709e-05 +2.0641260519494304e-05
 21.50000000 +5.0000000000000000e+00 +1.9999998346981132e+00 +1.8840509533373259e-03 +9.9988388113658444e-01 +9.9999974180381579e-01 +9.9999943007449743e-01 +9.9999934849360228e-01 +9.9999953937079145e-01 +1.1317321239315149e-05 +1.2156996129586271e-05 +2.7940359805140906e-05 +2.0744253247812786e-05 +4.5900179266302484e-05
 22.00000000 +5.0000000000000000e+00 +1.9999994907937353e+00 +1.8807651730362459e-03 +9.9989525210612540e-01 +9.9999963576359796e-01 +9.9999932641146272e-01 +9.9999961591819830e-01 +9.9999933873173197e-01 +1.2353712923033945e-05 +1.6689295984364363e-05 +1.3582155815976280e-05 +2.3556231245313520e-05 +4.0649717306893330e-05
 22.50000000 +5.0000000000000000e+00 +1.9999997776695073e+00 +1.9003103247178220e-03 +9.9984792532150335e-01 +9.9999937752262003e-01 +9.9999950054413556e-01 +9.9999924064508328e-01 +9.9999944789391193e-01 +1.7284806985181975e-05 +2.6944876206173380e-05 +1.8309675815699020e-05 +4.4977849244272507e-05 +4.6990854648181417e-05
 23.00000000 +5.0000000000000000e+00 +1.9999997627257449e+00 +1.9318101917388546e-03 +9.9976763533375013e-01 +9.9999977995507627e-01 +9.9999950868811749e-01 +9.9999976016546799e-01 +9.9999938795899546e-01 +3.5424820423376288e-05 +4.7324308940716762e-05 +4.4110187384278249e-05 +5.1014911859178250e-05 +5.6053625680109536e-05
 23.50000000 +5.0000000000000000e+00 +1.9999997137659560e+00 +1.9294488049499509e-03 +9.9977237088128357e-01 +9.9999949564894386e-01 +9.9999939371177926e-01 +9.9999935686294195e-01 +9.9999936148697244e-01 +3.0090239953467881e-05 +3.6117927212682156e-05 +5.9348192926096941e-05 +5.5589205914634755e-05 +4.8875813368064133e-05
 24.00000000 +5.0000000000000000e+00 +2.0000003657613008e+00 +1.9492730950497611e-03 +9.9971933268438840e-01 +9.9999947480287954e-01 +9.9999949427972201e-01 +9.9999956274912005e-01 +9.9999929777463381e-01 +4.8114257209674363e-05 +5.1103347997789949e-05 +6.0658082518642880e-05 +7.7681108159069094e-05 +4.5280893705680878e-05
 24.50000000 +5.0000000000000000e+00 +1.9999997575334119e+00 +1.9643717610321764e-03 +9.9967742541098026e-01 +9.9999992390276171e-01 +9.9999926330194111e-01 +9.9999954391330037e-01 +9.9999942988599000e-01 +6.0097819070613543e-05 +7.7974290631272340e-05 +6.0496678144385080e-05 +6.9143829827942796e-05 +5.6700958048178499e-05
 25.00000000 +5.0000000000000000e+00 +1.9999968440018581e+00 +1.9658085607286205e-03 +9.9966906305822290e-01 +9.9999969290225799e-01 +9.9999934612081964e-01 +9.9999973734209435e-01 +9.9999963862596741e-01 +9.4312484168618854e-05 +6.4545284571700107e-05 +6.1554907699971583e-05 +6.1939538186912927e-05 +5.0169764464373179e-05
 25.50000000 +5.0000000000000000e+00 +1.9999972572394125e+00 +1.9580367940628595e-03 +9.9968596927210029e-01 +9.9999960661436593e-01 +9.9999926979859544e-01 +9.9999971782391472e-01 +9.9999932189440621e-01 +8.4096170833002816e-05 +8.7287315196176782e-05 +8.6384698902700313e-05 +3.9513290166087751e-05 +1.8833097211693306e-05
 26.00000000 +5.0000000000000000e+00 +1.9999945054123420e+00 +1.9331288358957245e-03 +9.9974686647731426e-01 +9.9999930601297016e-01 +9.9999962984476121e-01 +9.9999934296642679e-01 +9.9999930054055264e-01 +6.8805384227809010e-05 +5.5637356784373790e-05 +7.0882591189476690e-05 +2.9199112523216174e-05 +3.1029717170445376e-05
 26.50000000 +5.0000000000000000e+00 +1.9999962810638272e+00 +1.9221352322977500e-03 +9.9977595200236347e-01 +9.9999946675900697e-01 +9.9999955988825961e-01 +9.9999955296135679e-01 +9.9999937404678196e-01 +7.5595294124874315e-05 +7.7563993828221259e-05 +2.4208521954000430e-05 +4.8107645968099119e-05 +6.1891085900848951e-07
 27.00000000 +5.0000000000000000e+00 +1.9999949042151206e+00 +1.9211526650279888e-03 +9.9977834195490478e-01 +9.9999950916192948e-01 +9.9999946873712087e-01 +9.9999919737960818e-01 +9.9999903151168179e-01 +7.9682921367342136e-05 +6.3365581642772954e-05 +1.9058783015742973e-05 +5.0571160125548164e-05 +1.1772849044216180e-05
 27.50000000 +5.0000000000000000e+00 +1.9999955678907642e+00 +1.8955322073705722e-03 +9.9984679064644311e-01 +9.9999961196423404e-01 +9.9999888566762385e-01 +9.9999962295916189e-01 +9.9999977514326377e-01 +6.5926367818216103e-05 +1.7006708752826291e-05 +1.5729027432107812e-05 +2.9196177624232064e-05 +2.7455374579654363e-05
 28.00000000 +5.0000000000000000e+00 +1.9999963575850890e+00 +1.8992690268849668e-03 +9.9984057655660674e-01 +9.9999963834500671e-01 +9.9999925813868684e-01 +9.9999909789086761e-01 +9.9999876922681774e-01 +5.5470371722364724e-05 +3.0686129684482402e-05 +1.8137241470480167e-05 +1.6486877420176511e-05 +4.1879197162695760e-05
 28.50000000 +5.0000000000000000e+00 +1.9999966363258632e+00 +1.8866696621756016e-03 +9.9987684323803283e-01 +9.9999923654791645e-01 +9.9999922008961351e-01 +9.9999975536808938e-01 +9.9999862390069039e-01 +5.0712642921834760e-05 +4.3984437245083984e-06 +8.6974654461454791e-06 +3.3126969135329422e-05 +2.9385330522551258e-05
 29.00000000 +5.0000000000000000e+00 +1.9999969882875801e+00 +1.9071549383070244e-03 +9.9982619974147002e-01 +9.9999907107802022e-01 +9.9999892567552218e-01 +9.9999901331882080e-01 +9.9999923840777050e-01 +3.2990804148712674e-05 +1.4219850082453520e-05 +2.2637322003236277e-05 +5.7905491501524066e-05 +4.9798310202462648e-05
 29.50000000 +5.0000000000000000e+00 +1.9999972524371989e+00 +1.9154403514465533e-03 +9.9980788640430140e-01 +9.9999989001665102e-01 +9.9999906902683677e-01 +9.9999891123131057e-01 +9.9999912447870232e-01 +4.6325510952821036e-05 +5.1204610792557800e-05 -9.6937118513442570e-06 +5.6431142846429932e-05 +5.0851290532137930e-05
 30.00000000 +5.0000000000000000e+00 +1.9999950256935426e+00 +1.8973409628367404e-03 +9.9985304893297644e-01 +9.9999870299388083e-01 +9.9999897302617202e-01 +9.9999978062997774e-01 +9.9999907634492557e-01 +1.8739880968902440e-05 +1.9187546958902447e-05 +4.1501846415816499e-05 +3.5421751193732081e-05 +3.5567049578274571e-05
 30.50000000 +5.0000000000000000e+00 +1.9999997696300538e+00 +1.9228595965650784e-03 +9.9978825392466331e-01 +9.9999964270391706e-01 +1.0000005498267044e+00 +9.9999925975156656e-01 +9.9999902773304183e-01 +3.4327063584852246e-05 +6.4498885833311697e-05 +4.0978890955835794e-05 +3.8607390717084729e-05 +3.4853827794460000e-05
 31.00000000 +5.0000000000000000e+00 +1.9999954754000118e+00 +1.9648929746057240e-03 +9.9967859054249442e-01 +9.9999900883695270e-01 +9.9999890929057678e-01 +9.9999968003115469e-01 +9.9999863613737905e-01 +5.8189924157251479e-05 +6.6894954140887136e-05 +8.5752575466138190e-05 +6.6387280157900920e-05 +4.7950407892246150e-05
 31.50000000 +5.0000000000000000e+00 +1.9999988751551818e+00 +1.9494456160305332e-03 +9.9971578620500223e-01 +9.9999976383348732e-01 +9.9999865162061341e-01 +9.9999920480376692e-01 +9.9999898154919720e-01 +8.1345234043799953e-05 +6.2842219058758077e-05 +4.9465791357071413e-05 +4.4869504493132735e-05 +4.9089238669981440e-05
 32.00000000 +5.0000000000000000e+00 +1.9999962530218069e+00 +1.9371637541626282e-03 +9.9974306366234833e-01 +9.9999936129196021e-01 +9.9999926268929284e-01 +1.0000001218943744e+00 +9.9999952825877814e-01 +6.9415381108146545e-05 +4.8031659069974670e-05 +7.0256987137612943e-05 +3.9782353857149297e-05 +3.1175836505487524e-05
 32.50000000 +5.0000000000000000e+00 +1.9999917868158950e+00 +1.9162664632718888e-03 +9.9979133790908237e-01 +1.0000006276252769e+00 +9.9999963114794721e-01 +9.9999970394304094e-01 +9.9999875836417884e-01 +4.1156804505720448e-05 +4.9861137160732834e-05 +6.4509244986898052e-05 +2.6904696846657264e-05 +2.7509115717254271e-05
 33.00000000 +5.0000000000000000e+00 +1.9999957566151385e+00 +1.9799820528519059e-03 +9.9963050801999098e-01 +1.0000001355470260e+00 +9.9999949418579592e-01 +9.9999837451715567e-01 +9.9999888082325006e-01 +8.2842542425422399e-05 +1.2031947473960757e-04 +5.4221930504302382e-05 +7.5662629417245762e-05 +3.9560318638728623e-05
 33.50000000 +5.0000000000000000e+00 +1.9999943199589643e+00 +1.9522091939877398e-03 +9.9970067816088404e-01 +9.9999948612511858e-01 +9.9999915322448840e-01 +9.9999840597967604e-01 +9.9999944530669527e-01 +1.0302322984785313e-04 +1.0927141756502966e-04 +4.5823522095369506e-05 +2.4012841486500584e-05 +2.0700175284708194e-05
 34.00000000 +5.0000000000000000e+00 +1.9999935194786842e+00 +1.9335188801500110e-03 +9.9974812881537489e-01 +9.9999859931414337e-01 +9.9999916049127957e-01 +9.9999933929518281e-01 +9.9999887982826408e-01 +3.8442695441450150e-05 +9.8667304016455560e-05 +6.8909885626417864e-05 +3.8167315047541349e-07 +4.9490668041435486e-05
 34.50000000 +5.0000000000000000e+00 +1.9999906691662508e+00 +1.9159425092304789e-03 +9.9979384731941978e-01 +9.9999990097509228e-01 +9.9999889572911060e-01 +9.9999905577254533e-01 +9.9999831411539652e-01 +5.3683218815015431e-05 +8.2089297684147724e-05 +8.5730019019244181e-05 -7.1862479939409137e-06 -4.3302194192249744e-06
 35.00000000 +5.0000000000000000e+00 +1.9999926682948885e+00 +1.8992451172077105e-03 +9.9983888234018359e-01 +1.0000000484732408e+00 +9.9999821370285380e-01 +9.9999951588390268e-01 +9.9999886395185655e-01 +5.4381715923282510e-05 +6.9673312711019238e-05 +2.1063259941517467e-05 +2.2239316398843420e-05 -2.8819659396369335e-06
 35.50000000 +5.0000000000000000e+00 +1.9999908592584896e+00 +1.9075220208020216e-03 +9.9981682634017233e-01 +1.0000001463290913e+00 +9.9999861051835048e-01 +9.9999884469943279e-01 +9.9999743046620593e-01 +1.9454810078051951e-05 +5.4819661616547618e-05 +2.2270945264505865e-05 +1.7728844936292242e-05 +7.3867396053930119e-05
 36.00000000 +5.0000000000000000e+00 +1.9999914318511474e+00 +1.9204392348804600e-03 +9.9978864125484945e-01 +9.9999935864155665e-01 +9.9999942055368618e-01 +9.9999888807961268e-01 +9.9999814929324937e-01 +3.7424436002120420e-05 +3.1888290058113193e-05 +5.6148949995103550e-05 +5.0993309071014141e-05 +3.9087197402313598e-05
 36.50000000 +5.0000000000000000e+00 +2.0000000410008481e+00 +1.9182616337371969e-03 +9.9980000574321082e-01 +9.9999881781182098e-01 +9.9999951793978126e-01 +9.9999824585211150e-01 +9.9999841063842609e-01 +2.6981449770043557e-05 +4.3455135795386102e-05 +3.4174115592915233e-05 +5.4324590122699503e-05 +4.6066718215009346e-05
 37.00000000 +5.0000000000000000e+00 +1.9999887884006127e+00 +1.9246414859184343e-03 +9.9977941811160687e-01 +9.9999932380936896e-01 +1.0000001579659599e+00 +9.9999862789147642e-01 +9.9999891033983646e-01 +6.0433856234684961e-06 +3.8444421765769926e-05 +2.6858240421614237e-05 +4.6860744580967976e-05 +1.0535511404922521e-04
 37.50000000 +5.0000000000000000e+00 +1.9999912930566424e+00 +1.9168149305970185e-03 +9.9979867701465142e-01 +9.9999969189679294e-01 +9.9999939503761059e-01 +9.9999853238279846e-01 +9.9999965965873361e-01 +9.5001066537632057e-06 +4.2996103569904978e-05 +4.0350826522465973e-05 +5.5335677675275153e-05 +5.5861272047487991e-05
 38.00000000 +5.0000000000000000e+00 +1.9999953675309865e+00 +1.9230024866883210e-03 +9.9978354374766365e-01 +9.9999913514091066e-01 +9.9999878433958178e-01 +9.9999885058916205e-01 +9.9999901135381564e-01 +5.6097111903859519e-05 +4.7274087882404243e-05 +6.4346483545629153e-05 +2.2737565785318982e-05 +3.0219578293394779e-05
 38.50000000 +5.0000000000000000e+00 +1.9999899277187092e+00 +1.9654098800124999e-03 +9.9967123484107612e-01 +9.9999803084305661e-01 +9.9999877017427186e-01 +9.9999944947472197e-01 +1.0000005472701208e+00 +5.2336188499470890e-05 +8.8736072311136244e-05 +1.2621699828635068e-04 +2.8289603702190912e-05 +3.6388517251939663e-05
 39.00000000 +5.0000000000000000e+00 +1.9999879471680748e+00 +1.9522309084171528e-03 +9.9970398206170463e-01 +1.0000001262196427e+00 +9.9999728705744173e-01 +1.0000004028169833e+00 +9.9999902229941728e-01 +5.8274295335636512e-05 +8.2349527590363467e-05 +6.2556406226267972e-05 +6.9467181356950715e-05 +2.6532167139262536e-05
 39.50000000 +5.0000000000000000e+00 +1.9999997907219389e+00 +1.8922916138278479e-03 +9.9985732573248198e-01 +1.0000014834032032e+00 +1.0000010461117110e+00 +9.9999774667073815e-01 +9.9999763187847956e-01 +2.0338795065575165e-05 +8.3222649252911616e-05 +1.5736992952377249e-05 +3.4900566480699217e-05 -9.4328178558716399e-06
 40.00000000 +5.0000000000000000e+00 +1.9999985694942921e+00 +1.8933195368757594e-03 +9.9985564014506456e-01 +1.0000005947835542e+00 +1.0000008570883070e+00 +9.9999777035883242e-01 +9.9999766247078270e-01 +3.0635822796597904e-05 +7.2734242117862324e-05 +1.3240135031018575e-05 +3.8976094130592705e-05 -8.1111587081087625e-06
 40.50000000 +5.0000000000000000e+00 +1.9999973269098592e+00 +1.8943654362055082e-03 +9.9985392508015425e-01 +9.9999969062375638e-01 +1.0000006647592685e+00 +9.9999779446118331e-01 +9.9999769359808299e-01 +4.1112924583697861e-05 +6.2062414090499875e-05 +1.0699612146809219e-05 +4.3122894463608146e-05 -6.7663864320037914e-06
 41.00000000 +5.0000000000000000e+00 +1.9999960624034685e+00 +1.8954297875295849e-03 +9.9985217975767793e-01 +9.9999877051256536e-01 +1.0000004690371171e+00 +9.9999781898875328e-01 +9.9999772527453812e-01 +5.1774865788177245e-05 +5.1202311241050655e-05 +8.1142687789108920e-06 +4.7342853593122748e-05 -5.3978893769404539e-06
 41.50000000 +5.0000000000000000e+00 +1.9999947753898293e+00 +1.8965130834951189e-03 +9.9985040336979314e-01 +9.9999783402409714e-01 +1.0000002698312609e+00 +9.9999784395289526e-01 +9.9999775751480990e-01 +6.2626581410928604e-05 +4.0148906847248318e-05 +5.4829082717068173e-06 +5.1637924775271687e-05 -4.0050341184739269e-06
 42.00000000 +5.0000000000000000e+00 +1.9999946625899707e+00 +1.8949906869945373e-03 +9.9985416659751658e-01 +9.9999814810905074e-01 +9.9999997573971333e-01 +9.9999791760325007e-01 +9.9999782918132873e-01 +5.1379299830096369e-05 +3.7824390821944891e-05 +5.4946170634979500e-06 +4.4625268464917771e-05 +1.2639185008403385e-05
 42.50000000 +5.0000000000000000e+00 +1.9999945477450831e+00 +1.8934406898762752e-03 +9.9985799805149356e-01 +9.9999846788827551e-01 +9.9999967631636921e-01 +9.9999799258886479e-01 +9.9999790214714124e-01 +3.9928108217457471e-05 +3.5457731978997180e-05 +5.5065381323703816e-06 +3.7485474680409174e-05 +2.9585159117332753e-05
 43.00000000 +5.0000000000000000e+00 +1.9999944307990432e+00 +1.8918623346870452e-03 +9.9986189960408056e-01 +9.9999879351804133e-01 +9.9999937141490602e-01 +9.9999806894638332e-01 +9.9999797644790422e-01 +2.8267410599556694e-05 +3.3047773778499964e-05 +5.5186773039173999e-06 +3.0215054344115784e-05 +4.6841169374545098e-05
 43.50000000 +5.0000000000000000e+00 +1.9999943116936563e+00 +1.8902548360016100e-03 +9.9986587319677867e-01 +9.9999912516038936e-01 +9.9999906088359847e-01 +9.9999814671380349e-01 +9.9999805212059178e-01 +1.6391404349541330e-05 +3.0593316970749110e-05 +5.5310406188653067e-06 +2.2810389530450617e-05 +6.4415802761005929e-05
 44.00000000 +5.0000000000000000e+00 +1.9999896651294176e+00 +1.9005340109939412e-03 +9.9983605348238080e-01 +9.9999870316262551e-01 +9.9999898445432289e-01 +9.9999839824772274e-01 +9.9999823325192161e-01 +4.2213832605178816e-05 +3.4274915994578660e-05 +5.9699735903448167e-06 +3.0509479814813992e-05 +5.6659221207676675e-05
 44.50000000 +5.0000000000000000e+00 +1.9999849347603766e+00 +1.9109985797913477e-03 +9.9980569594366098e-01 +9.9999827355376725e-01 +9.9999890664657920e-01 +9.9999865431827384e-01 +9.9999841765011144e-01 +6.8501990672223468e-05 +3.8022915838736584e-05 +6.4168230973260920e-06 +3.8347429846628131e-05 +4.8762743002172291e-05
 45.00000000 +5.0000000000000000e+00 +1.9999801182986636e+00 +1.9216536036420831e-03 +9.9977478589802316e-01 +9.9999783612603188e-01 +9.9999882742273527e-01 +9.9999891504930638e-01 +9.9999860540434671e-01 +9.5268592967932104e-05 +4.1839129244677634e-05 +6.8718052611162344e-06 +4.6328030495032234e-05 +4.0722548967869292e-05
 45.50000000 +5.0000000000000000e+00 +1.9999752133723656e+00 +1.9325043297156235e-03 +9.9974330812351619e-01 +9.9999739066400350e-01 +9.9999874674377642e-01 +9.9999918056921977e-01 +9.9999879660708846e-01 +1.2252682096430554e-04 +4.5725435543577414e-05 +7.3351441420792235e-06 +5.4455211883948415e-05 +3.2534679633506656e-05
 46.00000000 +5.0000000000000000e+00 +1.9999754027513086e+00 +1.9362179864363155e-03 +9.9973558418420672e-01 +9.9999834872611604e-01 +9.9999874196729177e-01 +9.9999896522210729e-01 +9.9999775012037939e-01 +1.0657482282899849e-04 +4.7911902193265681e-05 +1.8927012000688475e-05 +5.9484546354987350e-05 +3.7711493385956140e-05
 46.50000000 +5.0000000000000000e+00 +1.9999755955309051e+00 +1.9399983288085100e-03 +9.9972772154712197e-01 +9.9999932399202573e-01 +9.9999873710503673e-01 +9.9999874600803462e-01 +9.9999668484204440e-01 +9.0336376734597007e-05 +5.0137630940662270e-05 +3.0727033525191276e-05 +6.4604191932046543e-05 +4.2981266510731473e-05
 47.00000000 +5.0000000000000000e+00 +1.9999757918035819e+00 +1.9438471693037417e-03 +9.9971971644254887e-01 +1.0000003169293201e+00 +9.9999873215467938e-01 +9.9999852282190049e-01 +9.9999560026133938e-01 +7.3803697216605737e-05 +5.2403688903398878e-05 +4.2740866193408396e-05 +6.9816603210758900e-05 +4.8346525581577623e-05
 47.50000000 +5.0000000000000000e+00 +1.9999759916651467e+00 +1.9477663866764110e-03 +9.9971156496291469e-01 +1.0000013280226865e+00 +9.9999872711380400e-01 +9.9999829555475972e-01 +9.9999449584884270e-01 +5.6968714092739063e-05 +5.4711182224058730e-05 +5.4974374379561598e-05 +7.5124324552377020e-05 +5.3809889570129804e-05
 48.00000000 +5.0000000000000000e+00 +1.9999775289778603e+00 +1.9516579566412789e-03 +9.9970235098993643e-01 +1.0000010500373779e+00 +9.9999919853907093e-01 +9.9999891970044152e-01 +9.9999529334797121e-01 +5.6251283630126500e-05 +6.7225340358661320e-05 +4.6699565644622654e-05 +8.4152771388639708e-05 +4.8858413677397410e-05
 48.50000000 +5.0000000000000000e+00 +1.9999790934357156e+00 +1.9556182421098618e-03 +9.9969297432097692e-01 +1.0000007671435360e+00 +9.9999967828854253e-01 +9.9999955486699277e-01 +9.9999610492896285e-01 +5.5521185119383275e-05 +7.9960467584800103e-05 +3.8278644246799987e-05 +9.3340638273293469e-05 +4.3819506962870069e-05
 49.00000000 +5.0000000000000000e+00 +1.9999806857640909e+00 +1.9596490793126514e-03 +9.9968343060843934e-01 +1.0000004792099944e+00 +1.0000001665846603e+00 +1.0000002013489158e+00 +9.9999693096811582e-01 +5.4778080042198648e-05 +9.2922468686134258e-05 +2.9707705732044380e-05 +1.0269218526320935e-04 +3.8690833081295806e-05
 49.50000000 +5.0000000000000000e+00 +1.9999823067144413e+00 +1.9637523704923300e-03 +9.9967371534843052e-01 +1.0000001861008700e+00 +1.0000006636578613e+00 +1.0000008594512999e+00 +9.9999777185525640e-01 +5.4021617710582619e-05 +1.0611746072235260e-04 +2.0982705281807013e-05 +1.1221182556362259e-04 +3.3469971696183878e-05
 50.00000000 +5.0000000000000000e+00 +1.9999833996852310e+00 +1.9740665298432596e-03 +9.9965003276862352e-01 +1.0000003543515370e+00 +1.0000004861723268e+00 +1.0000007653706509e+00 +9.9999751222784816e-01 +6.0422072219345316e-05 +9.4859682474882835e-05 +3.3075085928894077e-05 +9.3779086424381294e-05 +6.8713181078979804e-05
 50.50000000 +5.0000000000000000e+00 +1.9999845127627378e+00 +1.9845704324905076e-03 +9.9962591451484639e-01 +1.0000005256974094e+00 +1.0000003054216995e+00 +1.0000006695592583e+00 +9.9999724782423338e-01 +6.6940271984421157e-05 +8.3394801750010967e-05 +4.5389922724490242e-05 +7.5007251430067354e-05 +1.0460473828088650e-04
 51.00000000 +5.0000000000000000e+00 +1.9999856465069485e+00 +1.9952693629293654e-03 +9.9960134845324655e-01 +1.0000007002246900e+00 +1.0000001213150436e+00 +1.0000005719689182e+00 +9.9999697851139024e-01 +7.3579496300861053e-05 +7.1717050586033373e-05 +5.7933411241731121e-05 +5.5886876502896508e-05 +1.4116270028238098e-04
 51.50000000 +5.0000000000000000e+00 +1.9999868014988400e+00 +2.0061688037302633e-03 +9.9957632199516744e-01 +1.0000008780228145e+00 +9.9999993375801544e-01 +1.0000004725496221e+00 +9.9999670415131214e-01 +8.0343147379299302e-05 +5.9820444824665797e-05 +7.0711979278201249e-05 +3.6408163579148044e-05 +1.7840580088144349e-04
 52.00000000 +5.0000000000000000e+00 +1.9999842224765636e+00 +1.9938625252324798e-03 +9.9960422413106531e-01 +1.0000004815818324e+00 +9.9999960136914889e-01 +9.9999979098423830e-01 +9.9999610370874359e-01 +7.2473221479071257e-05 +4.5359508626772052e-05 +7.1082474470043300e-05 +5.3285125576907619e-05 +1.5759790046409417e-04
 52.50000000 +5.0000000000000000e+00 +1.9999815979195370e+00 +1.9813389693105828e-03 +9.9963261890202060e-01 +1.0000000781413603e+00 +9.9999926311168474e-01 +9.9999909738525938e-01 +9.9999549266486953e-01 +6.4464345592633068e-05 +3.0643252758686151e-05 +7.1459511057884496e-05 +7.0460064158765621e-05 +1.3642261952592335e-04
 53.00000000 +5.0000000000000000e+00 +1.9999789266110894e+00 +1.9685923303972837e-03 +9.9966151947104842e-01 +9.9999966751437430e-01 +9.9999891882881620e-01 +9.9999839143115277e-01 +9.9999487073642757e-01 +5.6312807031020156e-05 +1.5664855179270681e-05 +7.1843263825252358e-05 +8.7940941141816567e-05 +1.1487014180395275e-04
 53.50000000 +5.0000000000000000e+00 +1.9999762072908158e+00 +1.9556165942366346e-03 +9.9969093947432519e-01 +9.9999924950712826e-01 +9.9999856835810041e-01 +9.9999767278882734e-01 +9.9999423762997286e-01 +4.8014759647839984e-05 +4.1724862025717866e-07 +7.2233913838495392e-05 +1.0573600454101347e-04 +9.2930298176879244e-05
 54.00000000 +5.0000000000000000e+00 +1.9999724886789125e+00 +1.9608375117104297e-03 +9.9967431282501962e-01 +9.9999947676151668e-01 +9.9999878696378486e-01 +9.9999740489355338e-01 +9.9999476994727110e-01 +6.7021501468983560e-05 +1.0255401094918686e-05 +8.2962617172193325e-05 +8.9412017242948298e-05 +8.5597060334207208e-05
 54.50000000 +5.0000000000000000e+00 +1.9999687029007465e+00 +1.9661527303707839e-03 +9.9965738586206898e-01 +9.9999970812061645e-01 +9.9999900951796616e-01 +9.9999713215950481e-01 +9.9999531187938384e-01 +8.6371546610921907e-05 +2.0271252117117649e-05 +9.3885104349379018e-05 +7.2793183037360909e-05 +7.8131368179941045e-05
 55.00000000 +5.0000000000000000e+00 +1.9999648481199785e+00 +1.9715648284302418e-03 +9.9964015037484000e-01 +9.9999994369665068e-01 +9.9999923612859654e-01 +9.9999685445438857e-01 +9.9999586368918159e-01 +1.0607428105235721e-04 +3.0469659999260531e-05 +1.0500667345753841e-04 +5.5871440753191215e-05 +7.0529600387771483e-05
 55.50000000 +5.0000000000000000e+00 +1.9999609224327146e+00 +1.9770764789508529e-03 +9.9962259785064067e-01 +1.0000001836059722e+00 +9.9999946690760066e-01 +9.9999657164104505e-01 +9.9999642564920643e-01 +1.2613943607145596e-04 +4.0855661785532801e-05 +1.1633281749476079e-04 +3.8638432658078925e-05 +6.2788002406919739e-05
 56.00000000 +5.0000000000000000e+00 +1.9999688442632724e+00 +1.9915741801981093e-03 +9.9959290711173665e-01 +1.0000010394602648e+00 +1.0000005217403563e+00 +9.9999553694711363e-01 +9.9999692895575898e-01 +9.7760617935717365e-05 +6.1601367350184921e-05 +1.0790445906534646e-04 +8.4887802243159113e-05 +6.0911540698686535e-05
 56.50000000 +5.0000000000000000e+00 +1.9999769085001193e+00 +2.0063324984613655e-03 +9.9956268263912917e-01 +1.0000019106997682e+00 +1.0000015955352464e+00 +9.9999448365307142e-01 +9.9999744130997015e-01 +6.8871649757982172e-05 +8.2720006788067254e-05 +9.9324588779935817e-05 +1.3196857071607503e-04 +5.9001346894399070e-05
 57.00000000 +5.0000000000000000e+00 +1.9999851190180193e+00 +2.0213585249258762e-03 +9.9953190991034147e-01 +1.0000027977431016e+00 +1.0000026888082161e+00 +9.9999341125282415e-01 +9.9999796295801946e-01 +3.9458650754443192e-05 +1.0422172733831046e-04 +9.0589084119379197e-05 +1.7990335979057659e-04 +5.7056503170095512e-05
 57.50000000 +5.0000000000000000e+00 +1.9999934798335961e+00 +2.0366596103923509e-03 +9.9950057387121460e-01 +1.0000037010242118e+00 +1.0000038020940998e+00 +9.9999231922174936e-01 +9.9999849415509989e-01 +9.5072319517796563e-06 +1.2611704774071776e-04 +8.1693671634937545e-05 +2.2871561938420023e-04 +5.5076058099351853e-05
 58.00000000 +5.0000000000000000e+00 +1.9999907936106114e+00 +2.0340685864814328e-03 +9.9950617050583213e-01 +1.0000021308271387e+00 +1.0000018287878054e+00 +9.9999234145398719e-01 +9.9999909984677904e-01 +4.0373417430370205e-05 +1.2651902649051897e-04 +1.1228564203989331e-04 +1.8664652999622451e-04 +3.2603961009579314e-05
 58.50000000 +5.0000000000000000e+00 +1.9999880602108546e+00 +2.0314320577312570e-03 +9.9951186543130621e-01 +1.0000005330534907e+00 +9.9999982082533312e-01 +9.9999236407667880e-01 +9.9999971617591421e-01 +7.1781690074882161e-05 +1.2692806498929346e-04 +1.4341488371046358e-04 +1.4383860252101450e-04 +9.7371978723240067e-06
 59.00000000 +5.0000000000000000e+00 +1.9999852783805023e+00 +2.0287488147542627e-03 +9.9951766125992414e-01 +9.9999890697036153e-01 +9.9999777728562145e-01 +9.9999238710020089e-01 +1.0000003434252180e+00 +1.0374645700082061e-04 +1.2734435086483476e-04 +1.7509567576939441e-04 +1.0027220077027511e-04 -1.3534720399205789e-05
 59.50000000 +5.0000000000000000e+00 +1.9999824468209051e+00 +2.0260176049237823e-03 +9.9952356069737092e-01 +9.9999725181864219e-01 +9.9999569721467851e-01 +9.9999241053530186e-01 +1.0000009818875115e+00 +1.3628264041979230e-04 +1.2776807845317356e-04 +2.0734280785942181e-04 +5.5926986505114319e-05 -3.7222657907030487e-05
 60.00000000 +5.0000000000000000e+00 +1.9999841669184379e+00 +1.9896117156015282e-03 +9.9961679632378508e-01 +9.9999773169921025e-01 +9.9999732803923347e-01 +9.9999555236094950e-01 +1.0000019784005638e+00 +1.4489335831250174e-04 +8.8630225699830648e-05 +1.5919054000329094e-04 +3.0294277169140187e-05 -3.2395217500373768e-05
 60.50000000 +5.0000000000000000e+00 +1.9999859185585598e+00 +1.9525382269339738e-03 +9.9971174167476051e-01 +9.9999822037967201e-01 +9.9999898876931792e-01 +9.9999875180037301e-01 +1.0000029931873480e+00 +1.5366197674643553e-04 +4.8774675745265283e-05 +1.1015527153671128e-04 +4.1915235549038639e-06 -2.7479253063265993e-05
 61.00000000 +5.0000000000000000e+00 +1.9999877026169250e+00 +1.9147786056635430e-03 +9.9980844421404336e-01 +9.9999871810432162e-01 +1.0000006802351409e+00 +1.0000020104529910e+00 +1.0000040267551618e+00 +1.6259287920612295e-04 +8.1815045629109075e-06 +6.0212489437211827e-05 -2.2394323259440252e-05 -2.2472307075834610e-05
 61.50000000 +5.0000000000000000e+00 +1.9999895200019042e+00 +1.8763136261217685e-03 +9.9990695317864620e-01 +9.9999922512658035e-01 +1.0000024032979287e+00 +1.0000053299779776e+00 +1.0000050796302564e+00 +1.7169061294505946e-04 -3.3169956244450241e-05 +9.3367648647063269e-06 -4.9476799709364544e-05 -1.7371830204152207e-05
 62.00000000 +5.0000000000000000e+00 +1.9999879649587826e+00 +1.8928123220769853e-03 +9.9986377259611636e-01 +9.9999851642131676e-01 +9.9999946460724720e-01 +1.0000015696988429e+00 +1.0000036438543760e+00 +1.7392533991354315e-04 -2.5660653638701390e-05 +1.1884683097586739e-05 -4.5172875144765561e-05 +1.8056329578368128e-05
 62.50000000 +5.0000000000000000e+00 +1.9999863816654859e+00 +1.9096107467259339e-03 +9.9981980756009792e-01 +9.9999779484113838e-01 +9.9999647252992696e-01 +9.9999774110742701e-01 +1.0000021819950262e+00 +1.7620066474484763e-04 -1.8014930950603702e-05 +1.4478888879843780e-05 -4.0790761995373579e-05 +5.4128106049247638e-05
 63.00000000 +5.0000000000000000e+00 +1.9999847693451345e+00 +1.9267171426108334e-03 +9.9977503649811195e-01 +9.9999706003198519e-01 +9.9999342559783477e-01 +9.9999384232514177e-01 +1.0000006933349115e+00 +1.7851770388062593e-04 -1.0229036626462639e-05 +1.7120655119570488e-05 -3.6328310074287252e-05 +9.0861198674162594e-05
 63.50000000 +5.0000000000000000e+00 +1.9999831271920991e+00 +1.9441400572966097e-03 +9.9972943703937023e-01 +9.9999631162669433e-01 +9.9999032228850815e-01 +9.9998987140387974e-01 +9.9999917713019171e-01 +1.8087761507746113e-04 -2.2990802829570206e-06 +1.9811301829971468e-05 -3.1783289625000419e-05 +1.2827396190347328e-04
 64.00000000 +5.0000000000000000e+00 +1.9999877414869203e+00 +1.9163711988960186e-03 +9.9980096647932981e-01 +9.9999837459067198e-01 +9.9999250711479504e-01 +9.9999386593580775e-01 +1.0000010183262054e+00 +1.6145736350010089e-04 -2.5157796763154795e-05 +1.6914230502914259e-05 -3.4089078256198693e-05 +9.4142830811780084e-05
 64.50000000 +5.0000000000000000e+00 +1.9999924388831292e+00 +1.8881022357626570e-03 +9.9987378413254380e-01 +1.0000004747077094e+00 +9.9999473128882688e-01 +9.9999793240747092e-01 +1.0000028926813367e+00 +1.4168736186872936e-04 -4.8428188513970491e-05 +1.3964984215657565e-05 -3.6436393110426970e-05 +5.9397013298789296e-05
 65.00000000 +5.0000000000000000e+00 +1.9999972216460531e+00 +1.8593195351424307e-03 +9.9994792511544561e-01 +1.0000026129905908e+00 +9.9999699588321567e-01 +1.0000020727799319e+00 +1.0000048010994960e+00 +1.2155807606745426e-04 -7.2121477720204455e-05 +1.0962140689315327e-05 -3.8826366184144995e-05 +2.4019753136700989e-05
 65.50000000 +5.0000000000000000e+00 +2.0000020921241113e+00 +1.8300089642360358e-03 +1.0000234258325289e+00 +1.0000047904892504e+00 +9.9999930200991605e-01 +1.0000062890861849e+00 +1.0000067445177501e+00 +1.0105962227195601e-04 -9.6249298192930803e-05 +7.9042254762510726e-06 -4.1260170995093161e-05 -1.2006320515547105e-05
 66.00000000 +5.0000000000000000e+00 +1.9999941297747084e+00 +1.8661484200203637e-03 +9.9992544752846169e-01 +1.0000068338506132e+00 +9.9999832218780005e-01 +1.0000053127891557e+00 +1.0000024505883123e+00 +1.3591156635607481e-04 -6.5714488690468803e-05 -1.3294245912489860e-05 -9.6454906981585571e-06 +1.4375710152052186e-05
 66.50000000 +5.0000000000000000e+00 +1.9999860253016255e+00 +1.9029329457708214e-03 +9.9982572036404471e-01 +1.0000089136848842e+00 +9.9999732487638293e-01 +1.0000043190657462e+00 +9.9999808001452961e-01 +1.7138559901075951e-04 -3.4634649161846993e-05 -3.4871098683129443e-05 +2.2533494741334190e-05 +4.1228645963623356e-05
 67.00000000 +5.0000000000000000e+00 +1.9999777748653480e+00 +1.9403799682476625e-03 +9.9972419709328642e-01 +1.0000110309773897e+00 +9.9999630960318597e-01 +1.0000033074451775e+00 +9.9999363072583181e-01 +2.0749852614691060e-04 -2.9950554560503160e-06 -5.6836554923150843e-05 +5.5292030197499888e-05 +6.8565208564068175e-05
 67.50000000 +5.0000000000000000e+00 +1.9999693744868041e+00 +1.9785075476341091e-03 +9.9962082875291169e-01 +1.0000131867492708e+00 +9.9999527587855719e-01 +1.0000022774395594e+00 +9.9998910057638823e-01 +2.4426776453194150e-04 +2.9219551767227641e-05 -7.9201208269592154e-05 +8.8645914660841169e-05 +9.6398582001051920e-05
 68.00000000 +5.0000000000000000e+00 +1.9999638051220299e+00 +1.9537531692356714e-03 +9.9968416104172952e-01 +1.0000120986289320e+00 +9.9999491210254776e-01 +9.9999939801090210e-01 +9.9999076621483385e-01 +1.7402346379117838e-04 +6.8882999354615658e-05 -9.7074024665107168e-05 +6.1500824321037703e-05 +1.1133074092394770e-04
 68.50000000 +5.0000000000000000e+00 +1.9999581345360327e+00 +1.9285488888150209e-03 +9.9974864437236932e-01 +1.0000109907323935e+00 +9.9999454171503865e-01 +9.9999646624965333e-01 +9.9999246212566617e-01 +1.0250249787048224e-04 +1.0926731599354131e-04 -1.1527167314121614e-04 +3.3862381619868202e-05 +1.2653428652387001e-04
 69.00000000 +5.0000000000000000e+00 +1.9999523599440152e+00 +1.9028823286782320e-03 +9.9981431041226654e-01 +1.0000098625155722e+00 +9.9999416453413448e-01 +9.9999348071603966e-01 +9.9999418914173777e-01 +2.9669743187243259e-05 +1.5039233421651227e-04 -1.3380309047053289e-04 +5.7170134586905131e-06 +1.4201668518473812e-04
 69.50000000 +5.0000000000000000e+00 +1.9999464784580832e+00 +1.8767406528824994e-03 +9.9988119200125392e-01 +1.0000087134142435e+00 +9.9999378037120579e-01 +9.9999043991698511e-01 +9.9999594812673631e-01 -4.4511224191799702e-05 +1.9227862079909046e-04 -1.5267754428423486e-04 -2.2949355766472875e-05 +1.5778567971207956e-04
 70.00000000 +5.0000000000000000e+00 +1.9999470657150737e+00 +1.9473269478023265e-03 +9.9970228673032235e-01 +1.0000043290291472e+00 +9.9999427411883202e-01 +9.9999000553127093e-01 +9.9999838393316243e-01 +3.9079352392041223e-05 +2.5246321191629904e-04 -1.0729012245617705e-04 -2.5251041482201161e-05 +1.5171926038101661e-04
 70.50000000 +5.0000000000000000e+00 +1.9999476631741115e+00 +2.0191394941096634e-03 +9.9952027345043604e-01 +9.9999986847688138e-01 +9.9999477644402590e-01 +9.9998956359924673e-01 +1.0000008620553245e+00 +1.2412209558464223e-04 +3.1369335215105244e-04 -6.1114213442960231e-05 -2.7592712938868663e-05 +1.4554745295541804e-04
 71.00000000 +5.0000000000000000e+00 +1.9999482711033760e+00 +2.0922105261412275e-03 +9.9933507046170156e-01 +9.9999532975524741e-01 +9.9999528757226464e-01 +9.9998911392254308e-01 +1.0000033836055711e+00 +2.1065517833154619e-04 +3.7599652573917140e-04 -1.4129090367792955e-05 -2.9975421237294070e-05 +1.3926748710991666e-04
 71.50000000 +5.0000000000000000e+00 +1.9999488897805311e+00 +2.1665734180081127e-03 +9.9914659317539833e-01 +9.9999071079125190e-01 +9.9999580773699903e-01 +9.9998865629577705e-01 +1.0000059497355840e+00 +2.9871812333602548e-04 +4.3940118873196600e-04 +3.3686706528050158e-05 -3.2400254644185046e-05 +1.3287649456317094e-04
 72.00000000 +5.0000000000000000e+00 +1.9999529851219802e+00 +2.1153813055028526e-03 +9.9928033873513200e-01 +9.9999026360751009e-01 +9.9999507719804603e-01 +9.9999220818458412e-01 +9.9999834049369662e-01 +2.6643608670083580e-04 +3.8935544211578704e-04 +2.6328838034698303e-05 -3.0294230005681874e-05 +9.1945641875398700e-05
 72.50000000 +5.0000000000000000e+00 +1.9999571569739651e+00 +2.0632328048610098e-03 +9.9941658297406455e-01 +9.9998980806933235e-01 +9.9999433301092056e-01 +9.9999582643096374e-01 +9.9999058909341210e-01 +2.3355094627969703e-04 +3.3837472415328471e-04 +1.8833507385689925e-05 -2.8148859911774612e-05 +5.0250105332729560e-05
 73.00000000 +5.0000000000000000e+00 +1.9999614075007972e+00 +2.0101008620223961e-03 +9.9955539657418624e-01 +9.9998934394039041e-01 +9.9999357478954642e-01 +9.9999951291202194e-01 +9.9998269151339025e-01 +2.0004564162873727e-04 +2.8643258661689448e-04 +1.1196826087127751e-05 -2.5963031368399589e-05 +7.7682537561025725e-06
 73.50000000 +5.0000000000000000e+00 +1.9999657389491943e+00 +1.9559573928159819e-03 +9.9969685290877686e-01 +9.9998887097535816e-01 +9.9999280213314756e-01 +1.0000032695763370e+00 +9.9997464357917476e-01 +1.6590246271034129e-04 +2.3350157423590110e-04 +3.4147575867564741e-06 -2.3735589003112734e-05 -3.5522367662675393e-05
 74.00000000 +5.0000000000000000e+00 +1.9999693935936074e+00 +1.9445969664037401e-03 +9.9972364975292471e-01 +9.9998872262860983e-01 +9.9999378060559807e-01 +9.9999679770715411e-01 +9.9997714769813217e-01 +1.4739950413412875e-04 +1.5104875757725042e-04 +2.4160998502792993e-05 +1.6052367580227861e-05 -1.8760015626673509e-05
 74.50000000 +5.0000000000000000e+00 +1.9999731078506504e+00 +1.9330512347151124e-03 +9.9975088369304355e-01 +9.9998857186210810e-01 +9.9999477503837442e-01 +9.9999022027225903e-01 +9.9997969266295572e-01 +1.2859473506872233e-04 +6.7251014115209744e-05 +4.5245641144910977e-05 +5.6489324300005179e-05 -1.7242449561765691e-06
 75.00000000 +5.0000000000000000e+00 +1.9999768831908715e+00 +1.9213156265660103e-03 +9.9977856551159006e-01 +9.9998841861616095e-01 +9.9999578582519233e-01 +9.9998353466751477e-01 +9.9998227948124763e-01 +1.0948071033321429e-04 -1.7924833338282257e-05 +6.6677033341169275e-05 +9.7591290949112060e-05 +1.5591689148185336e-05
