#PATCH_CHECK: SepMBpoisson v0.61 exact-bernoulli stratified-backward active
#discretizing the bath:
#     0 0.0000000000000000e+00 -6.3189999999999946e-01
#     1 4.3461349368017661e-03 -2.0212127196610244e-01
#     2 4.3461349368017661e-03 -1.9343270591889275e-01
#     3 4.3461349368017661e-03 -1.8459708975840838e-01
#     4 4.3461349368017661e-03 -1.7561683129621780e-01
#     5 4.3461349368017661e-03 -1.6649422379326520e-01
#     6 4.3461349368017661e-03 -1.5723145476521522e-01
#     7 4.3461349368017661e-03 -1.4783061386829827e-01
#     8 4.3461349368017661e-03 -1.3829369998555327e-01
#     9 4.3461349368017661e-03 -1.2862262761479240e-01
#sampling: jump_strength=1.0865337342004417e-02 jump_probability=1.0748550712574651e-02 log_scale=1.0806733681108087e-02 back_replicas=4 stratify_forward=0
#adaptive measurement: gap=9.1226075029526010e-03 period_steps=1378 nmeas=150 nwf=150 tmax=7.5000000000000000e+01 forced_stride=0
  0.00000000 +5.0000000000000000e+00 +1.9999999999999998e+00 +1.8374661879283106e-03 +1.0000000000000000e+00 +1.0000000000000000e+00 +1.0000000000000000e+00 +1.0000000000000000e+00 +1.0000000000000000e+00 +0.0000000000000000e+00 +0.0000000000000000e+00 +0.0000000000000000e+00 +0.0000000000000000e+00 +0.0000000000000000e+00
  0.50000000 +5.0000000000000000e+00 +1.9999999999093188e+00 +1.8467867398392099e-03 +9.9997633737198044e-01 +9.9999999999466205e-01 +9.9999999999466205e-01 +9.9999999999466205e-01 +9.9999999999466205e-01 +4.8261030391831141e-06 +4.8282997178536565e-06 +4.8107262884893123e-06 +4.5778783494117494e-06 +4.6196152441520674e-06
  1.00000000 +5.0000000000000000e+00 +2.0000000010338073e+00 +1.8729798241635608e-03 +9.9990980250261507e-01 +9.9999999989366095e-01 +9.9999999992020117e-01 +9.9999999989366095e-01 +9.9999999990331190e-01 +1.8477713734554524e-05 +1.8269192001754655e-05 +1.8051826581618677e-05 +1.7653059282464675e-05 +1.7746202649849093e-05
  1.50000000 +5.0000000000000000e+00 +2.0000000133477216e+00 +1.9108252180552359e-03 +9.9981355198633837e-01 +9.9999999898812320e-01 +9.9999999903733183e-01 +9.9999999900070413e-01 +9.9999999899020076e-01 +3.7971882176507611e-05 +3.7829526182050527e-05 +3.7312319952259725e-05 +3.6662436558987808e-05 +3.6675805744255575e-05
  2.00000000 +5.0000000000000000e+00 +2.0000000051493312e+00 +1.9532740897740802e-03 +9.9970536018268574e-01 +9.9999999660988581e-01 +9.9999999660265548e-01 +9.9999999626187064e-01 +9.9999999618217150e-01 +6.0078061339040783e-05 +5.9542225121281202e-05 +5.8982162621694430e-05 +5.8218610453811203e-05 +5.7833179695428059e-05
  2.50000000 +5.0000000000000000e+00 +2.0000000573797929e+00 +1.9922186359988500e-03 +9.9960573203673131e-01 +9.9999999075524237e-01 +9.9999999097431358e-01 +9.9999999024250863e-01 +9.9999999035835552e-01 +8.0309910751896662e-05 +7.9997967168188839e-05 +7.8792095635662706e-05 +7.8095488059668963e-05 +7.7110328552192694e-05
  3.00000000 +5.0000000000000000e+00 +2.0000000206508428e+00 +2.0196850189766985e-03 +9.9953488528333045e-01 +9.9999998113101252e-01 +9.9999998138736590e-01 +9.9999998028712078e-01 +9.9999998115127797e-01 +9.5483346244430514e-05 +9.4916410510079431e-05 +9.2710308332474107e-05 +9.1877834976773068e-05 +9.0202882668081178e-05
  3.50000000 +5.0000000000000000e+00 +2.0000000078966109e+00 +2.0315594461223305e-03 +9.9950338573567543e-01 +9.9999996758841969e-01 +9.9999996717061856e-01 +9.9999996700139704e-01 +9.9999996833444460e-01 +1.0266097857332184e-04 +1.0142802350963780e-04 +9.9473019848423484e-05 +9.8599775318424461e-05 +9.4582449779602950e-05
  4.00000000 +5.0000000000000000e+00 +1.9999999871444492e+00 +2.0249625720803787e-03 +9.9951874577594380e-01 +9.9999995029476751e-01 +9.9999995096009697e-01 +9.9999995062918978e-01 +9.9999994961437200e-01 +1.0133564982288444e-04 +9.9567718397045726e-05 +9.5650579080461853e-05 +9.3814883703135591e-05 +9.1083874378784636e-05
  4.50000000 +5.0000000000000000e+00 +1.9999999232323107e+00 +2.0021677073000983e-03 +9.9957548661622853e-01 +9.9999993094031492e-01 +9.9999993068760240e-01 +9.9999993166206291e-01 +9.9999993502213758e-01 +8.9293894317989700e-05 +8.9082045300957306e-05 +8.4383788107315866e-05 +8.3453480739448780e-05 +7.8571719209048670e-05
  5.00000000 +5.0000000000000000e+00 +2.0000000541657683e+00 +1.9653782414659894e-03 +9.9966830994261158e-01 +9.9999990967598040e-01 +9.9999991103964547e-01 +9.9999991208962213e-01 +9.9999991307340264e-01 +7.1323819929591177e-05 +7.1100543701469433e-05 +6.6315900382581594e-05 +6.4206442941935288e-05 +5.9097524084924086e-05
  5.50000000 +5.0000000000000000e+00 +2.0000001248826984e+00 +1.9242644223587315e-03 +9.9977292219791625e-01 +9.9999989465100292e-01 +9.9999989016507729e-01 +9.9999989341095308e-01 +9.9999989659448818e-01 +5.1349727235832066e-05 +4.9368021037506873e-05 +4.6499664260915990e-05 +4.1998722638002490e-05 +3.8286704224721519e-05
  6.00000000 +5.0000000000000000e+00 +1.9999999041468193e+00 +1.8862318163796884e-03 +9.9987065936211195e-01 +9.9999988186797562e-01 +9.9999987623186792e-01 +9.9999987942907764e-01 +9.9999988802326123e-01 +3.3370966030547501e-05 +3.0455685567345676e-05 +2.5191469675313080e-05 +2.3799869606841262e-05 +1.6996954226100057e-05
  6.50000000 +5.0000000000000000e+00 +1.9999998309106684e+00 +1.8532500279276780e-03 +9.9995634625986984e-01 +9.9999987416854452e-01 +9.9999986853876199e-01 +9.9999987598417939e-01 +9.9999988207667312e-01 +1.3798859940364062e-05 +1.2236883601249759e-05 +7.6760539790631176e-06 +5.2402705516407407e-06 +5.2008128530871023e-06
  7.00000000 +5.0000000000000000e+00 +1.9999998210418006e+00 +1.8422574846033450e-03 +9.9998689201150859e-01 +9.9999986824937026e-01 +9.9999986018152465e-01 +9.9999985321844898e-01 +9.9999986977148747e-01 +5.3451258883353206e-06 +6.6718735312661768e-07 +3.8074990126537957e-06 +2.5037121489616961e-06 +1.3330441552077170e-06
  7.50000000 +5.0000000000000000e+00 +1.9999999456660986e+00 +1.8460959684248100e-03 +9.9997992068426822e-01 +9.9999985615521680e-01 +9.9999986015285114e-01 +9.9999985830545279e-01 +9.9999988276663843e-01 +2.2345156276779461e-06 +3.7697839505827141e-06 +4.0362302404547220e-06 +4.8233905764211549e-06 +5.7579919046627135e-06
  8.00000000 +5.0000000000000000e+00 +2.0000003155128527e+00 +1.8690951750394906e-03 +9.9992376224194335e-01 +9.9999986065448943e-01 +9.9999986173053446e-01 +9.9999986607750402e-01 +9.9999986546392361e-01 +1.2223744168540153e-05 +1.1639117208489154e-05 +1.5764415737624031e-05 +1.8933439605129418e-05 +1.8223159838048482e-05
  8.50000000 +5.0000000000000000e+00 +1.9999998090724547e+00 +1.9005581165234266e-03 +9.9984523302206330e-01 +9.9999985532554614e-01 +9.9999982520246333e-01 +9.9999984387792984e-01 +9.9999987418112146e-01 +2.7258043831998651e-05 +2.9862654100062139e-05 +3.0864670501271280e-05 +3.2110879791561492e-05 +3.5272113219156073e-05
  9.00000000 +5.0000000000000000e+00 +1.9999998995480828e+00 +1.9419102396336001e-03 +9.9974055601628520e-01 +9.9999985313672812e-01 +9.9999984059988622e-01 +9.9999984892613070e-01 +9.9999985553331339e-01 +4.5562758931871336e-05 +4.8515435638197423e-05 +5.4245294841138971e-05 +5.7791152558606477e-05 +5.3931096515424073e-05
  9.50000000 +5.0000000000000000e+00 +1.9999999686885876e+00 +1.9824541524850582e-03 +9.9963614771058817e-01 +9.9999984560069477e-01 +9.9999982703207113e-01 +9.9999981049204067e-01 +9.9999983009320026e-01 +6.9293654922774015e-05 +7.1026501678105044e-05 +6.9729024282229001e-05 +7.6142594904708778e-05 +7.8347209348194772e-05
 10.00000000 +5.0000000000000000e+00 +2.0000002027026307e+00 +2.0094145327342341e-03 +9.9956511581195773e-01 +9.9999980893074036e-01 +9.9999980393617371e-01 +9.9999979279353013e-01 +9.9999982331205817e-01 +8.5627207140576852e-05 +8.8471683405894104e-05 +8.6190529485285708e-05 +8.8139941818059364e-05 +8.7225836258669550e-05
 10.50000000 +5.0000000000000000e+00 +1.9999999919924329e+00 +2.0195393832478270e-03 +9.9953587742661032e-01 +9.9999977930232942e-01 +9.9999975942440678e-01 +9.9999978938056766e-01 +9.9999978290671021e-01 +9.7976575571354153e-05 +9.6422290625950869e-05 +9.1703963921930731e-05 +9.2139949153731583e-05 +8.6768865313373465e-05
 11.00000000 +5.0000000000000000e+00 +1.9999998117162403e+00 +2.0242524194301662e-03 +9.9951980649939653e-01 +9.9999968294136188e-01 +9.9999965840878502e-01 +9.9999977886429126e-01 +9.9999976977593685e-01 +1.0126481638810746e-04 +1.0116761389903401e-04 +9.4316672516568377e-05 +9.3506214783237429e-05 +9.1048172311718184e-05
 11.50000000 +5.0000000000000000e+00 +2.0000000525836557e+00 +2.0035480189593705e-03 +9.9956913985699225e-01 +9.9999963271627279e-01 +9.9999965196504959e-01 +9.9999969645707443e-01 +9.9999968259630956e-01 +9.5843427966333525e-05 +9.4391127857839521e-05 +8.4375719750038274e-05 +8.4398070465546823e-05 +7.3188018683282560e-05
 12.00000000 +5.0000000000000000e+00 +1.9999993297437419e+00 +1.9716551695758773e-03 +9.9964762461928269e-01 +9.9999961051359909e-01 +9.9999958124771338e-01 +9.9999967212129504e-01 +9.9999965371070609e-01 +8.1088876700524331e-05 +7.4899194358920995e-05 +7.1498480269468304e-05 +6.9618192553943340e-05 +5.6753025057935548e-05
 12.50000000 +5.0000000000000000e+00 +1.9999992878477935e+00 +1.9375385505984021e-03 +9.9973362027973967e-01 +9.9999959330317201e-01 +9.9999957344689849e-01 +9.9999959071371680e-01 +9.9999959289997953e-01 +6.8287066644035063e-05 +5.8898585587511218e-05 +5.1686573707300606e-05 +4.8467334577758743e-05 +4.0689857411067841e-05
 13.00000000 +5.0000000000000000e+00 +1.9999991911434429e+00 +1.9038278154715766e-03 +9.9982073650389258e-01 +9.9999954446086547e-01 +9.9999944952615150e-01 +9.9999956337487261e-01 +9.9999950280018957e-01 +5.4797097040996696e-05 +3.3659261343502243e-05 +3.7951267189308604e-05 +3.1973384210455606e-05 +2.2822399937976738e-05
 13.50000000 +5.0000000000000000e+00 +1.9999996432327540e+00 +1.8689661788284957e-03 +9.9991210135189812e-01 +9.9999947055948724e-01 +9.9999941610437160e-01 +9.9999954218581844e-01 +9.9999959968622143e-01 +2.5573810427397538e-05 +1.8721932776489243e-05 +1.6890340612493217e-05 +1.6154041065148455e-05 +1.2530011528757628e-05
 14.00000000 +5.0000000000000000e+00 +1.9999999842239318e+00 +1.8553986318591001e-03 +9.9995101539516706e-01 +9.9999944450315714e-01 +9.9999944171744637e-01 +9.9999949636610375e-01 +9.9999950879043142e-01 +1.4936136907349943e-05 +1.5798827517960531e-05 +1.8188854839393001e-06 +7.2306625585027454e-06 +1.1308717361027623e-05
 14.50000000 +5.0000000000000000e+00 +1.9999993063356887e+00 +1.8590433324340851e-03 +9.9994653698624458e-01 +9.9999946829203812e-01 +9.9999934742439611e-01 +9.9999950307418228e-01 +9.9999954777083921e-01 +6.8679774483279098e-06 +1.1083446554208028e-05 +1.0233266803213354e-05 +1.6363622518785228e-05 +1.1048036461989290e-05
 15.00000000 +5.0000000000000000e+00 +2.0000001097897928e+00 +1.8725683194303934e-03 +9.9991660613024358e-01 +9.9999946705049647e-01 +9.9999940649530761e-01 +9.9999948940430217e-01 +9.9999945497589759e-01 +2.4069616120081487e-05 +7.5195719984552068e-06 +9.5590416779656791e-06 +2.4077183300746831e-05 +2.0350589915061319e-05
 15.50000000 +5.0000000000000000e+00 +2.0000008322006395e+00 +1.8925795938842735e-03 +9.9986891373111253e-01 +9.9999956082195796e-01 +9.9999945553723257e-01 +9.9999949689645995e-01 +9.9999942114156193e-01 +2.1452645460295940e-05 +2.0793825129220923e-05 +2.9198913956170027e-05 +3.0561285571246508e-05 +3.1145202096844387e-05
 16.00000000 +5.0000000000000000e+00 +2.0000014288106649e+00 +1.9278551942377719e-03 +9.9978065203416633e-01 +9.9999949767115637e-01 +9.9999941683039029e-01 +9.9999959632996183e-01 +9.9999955352006809e-01 +3.5843612474364041e-05 +3.8460296458159644e-05 +4.1345063140820919e-05 +4.8361483933884122e-05 +5.7273144373889029e-05
 16.50000000 +5.0000000000000000e+00 +2.0000013089743813e+00 +1.9593053269928054e-03 +9.9969953629635455e-01 +9.9999932514649603e-01 +9.9999948777256020e-01 +9.9999950613852884e-01 +9.9999939984426123e-01 +5.5915603478488802e-05 +6.2127813567212971e-05 +6.0684035141578433e-05 +6.0053297472687890e-05 +6.3963996058199676e-05
 17.00000000 +5.0000000000000000e+00 +2.0000016284527837e+00 +1.9868092281504937e-03 +9.9962651127369617e-01 +9.9999938408300659e-01 +9.9999938913301856e-01 +9.9999955340542646e-01 +9.9999926153354779e-01 +6.2483668512740219e-05 +6.9682633367614691e-05 +8.0187319767997640e-05 +8.3470635670211183e-05 +8.0076380405340553e-05
 17.50000000 +5.0000000000000000e+00 +2.0000032738689684e+00 +2.0012991421040922e-03 +9.9958538774289607e-01 +9.9999948226102986e-01 +9.9999926412433593e-01 +9.9999937599348032e-01 +9.9999936913052601e-01 +8.0227763457216096e-05 +8.3403567268167255e-05 +9.0371292038584537e-05 +8.5453515407559469e-05 +7.7664679424685018e-05
 18.00000000 +5.0000000000000000e+00 +2.0000027393568405e+00 +2.0068259305289762e-03 +9.9956572070220673e-01 +9.9999944859783452e-01 +9.9999919214172772e-01 +9.9999923627209364e-01 +9.9999934802789014e-01 +8.5441493441779133e-05 +9.6553704958753707e-05 +7.6906757542587401e-05 +8.6644301770023215e-05 +9.1507949432354720e-05
 18.50000000 +5.0000000000000000e+00 +2.0000032471792344e+00 +2.0052597327809211e-03 +9.9956439737632363e-01 +9.9999944235341787e-01 +9.9999916773716147e-01 +9.9999937729714672e-01 +9.9999936947082713e-01 +9.3669077487373736e-05 +1.0274252440425385e-04 +8.7159113073643978e-05 +7.0727730305810918e-05 +8.3947262850704569e-05
 19.00000000 +5.0000000000000000e+00 +2.0000034513148841e+00 +1.9922122287336667e-03 +9.9959353792787364e-01 +9.9999903981282212e-01 +9.9999912944555669e-01 +9.9999934083828323e-01 +9.9999925699739911e-01 +8.9688675071507076e-05 +9.1045185336118733e-05 +7.9775382648062068e-05 +7.6621198749831924e-05 +7.2564604813696215e-05
 19.50000000 +5.0000000000000000e+00 +2.0000033546429798e+00 +1.9346084947079257e-03 +9.9973778803649327e-01 +9.9999892601495799e-01 +9.9999897268127846e-01 +9.9999922877784508e-01 +9.9999917943358640e-01 +7.7637245720806430e-05 +5.7814561721969448e-05 +5.1663667277523726e-05 +4.9880116162068412e-05 +2.8909367983285283e-05
 20.00000000 +5.0000000000000000e+00 +2.0000032958887739e+00 +1.9217701534756486e-03 +9.9977145743553564e-01 +9.9999914150531777e-01 +9.9999887289987721e-01 +9.9999923446661609e-01 +9.9999907947123701e-01 +5.8710154959555460e-05 +5.4098759676680519e-05 +3.6556437749002113e-05 +5.6463371180272660e-05 +2.6385444757817715e-05
 20.50000000 +5.0000000000000000e+00 +2.0000005404499133e+00 +1.8830710944483253e-03 +9.9987210610761768e-01 +9.9999894710529713e-01 +9.9999876164432777e-01 +9.9999899275641801e-01 +9.9999895689374496e-01 +1.5031030869539347e-05 +3.1224395219909084e-05 +2.6972947287259565e-05 +3.0959670207953235e-05 +2.8047432596488390e-05
 21.00000000 +5.0000000000000000e+00 +2.0000005439508386e+00 +1.8694275429262509e-03 +9.9991308822716385e-01 +9.9999877180850949e-01 +9.9999896627561824e-01 +9.9999917249280978e-01 +9.9999891964444021e-01 +2.4671840782280256e-05 +2.9386286666885094e-05 +2.5240384900428450e-05 +7.9439534952751960e-06 +3.8391002560686794e-06
 21.50000000 +5.0000000000000000e+00 +2.0000018216222379e+00 +1.8620292362781909e-03 +9.9993633581683106e-01 +9.9999890783362966e-01 +9.9999876760839512e-01 +9.9999920613465920e-01 +9.9999890108139600e-01 +1.8007147248686794e-05 +1.7810911996737648e-05 -6.4676036322818504e-06 +1.7677713439711412e-05 +2.0853385341419318e-05
 22.00000000 +5.0000000000000000e+00 +2.0000029109752231e+00 +1.8744095782151952e-03 +9.9991232254785389e-01 +9.9999885250501475e-01 +9.9999883921551203e-01 +9.9999917541647421e-01 +9.9999890288164528e-01 +1.7725755519624294e-05 +1.2654866656928715e-05 +2.2695391700126411e-05 +1.8779905453308764e-05 +2.0051540212018495e-05
 22.50000000 +5.0000000000000000e+00 +1.9999989040643753e+00 +1.8932025488486198e-03 +9.9986754623049523e-01 +9.9999890945380743e-01 +9.9999900272875419e-01 +9.9999905139637557e-01 +9.9999856470875370e-01 +3.1639232503888443e-05 +1.8233678803018931e-05 +2.1039583666975028e-05 +2.6872541321356598e-05 +3.9140433536887387e-05
 23.00000000 +5.0000000000000000e+00 +1.9999970906806193e+00 +1.9214865178857799e-03 +9.9979754622374206e-01 +9.9999892245144384e-01 +9.9999906219049683e-01 +9.9999888209902121e-01 +9.9999891440293975e-01 +3.4020972444017668e-05 +4.3193220256952940e-05 +3.7119387051077557e-05 +5.9937147151485772e-05 +3.2401880048361642e-05
 23.50000000 +5.0000000000000000e+00 +1.9999979899785703e+00 +1.9394034383944411e-03 +9.9975329894591425e-01 +9.9999862991746813e-01 +9.9999951205325088e-01 +9.9999892405622504e-01 +9.9999853727228449e-01 +4.5177018160064840e-05 +3.0224004249704515e-05 +4.9230637726924160e-05 +6.5112658533844124e-05 +6.1353402444857137e-05
 24.00000000 +5.0000000000000000e+00 +1.9999957648261344e+00 +1.9691436624310857e-03 +9.9967342843286444e-01 +9.9999906199274824e-01 +9.9999887216957917e-01 +9.9999903409792545e-01 +9.9999874220419271e-01 +6.5935757373812291e-05 +6.3011808322997821e-05 +6.0746416896675470e-05 +7.5943814238211958e-05 +6.5223309017770962e-05
 24.50000000 +5.0000000000000000e+00 +1.9999973543177496e+00 +1.9825425603493974e-03 +9.9963618451745817e-01 +9.9999852160260727e-01 +9.9999870249183387e-01 +9.9999905932863331e-01 +9.9999859628593468e-01 +7.0984200119995170e-05 +6.8494172150639432e-05 +6.9216838362852809e-05 +1.0405470208188642e-04 +5.6185845060005321e-05
 25.00000000 +5.0000000000000000e+00 +1.9999974567303682e+00 +1.9897813008416020e-03 +9.9961054070050848e-01 +9.9999883970215930e-01 +9.9999887578494917e-01 +9.9999913069652602e-01 +9.9999861929787714e-01 +6.8374837363463270e-05 +6.9663362982601672e-05 +7.5642006977480000e-05 +1.0282572908684342e-04 +7.7487867519782016e-05
 25.50000000 +5.0000000000000000e+00 +1.9999992749612090e+00 +2.0028896637201009e-03 +9.9957167922293111e-01 +9.9999908538497029e-01 +9.9999816323942048e-01 +9.9999872925321009e-01 +9.9999884328434441e-01 +1.0366511519955185e-04 +9.1344628660379503e-05 +9.9935828393322279e-05 +7.4895066640048535e-05 +6.3658988894878385e-05
 26.00000000 +5.0000000000000000e+00 +1.9999975309498197e+00 +1.9792796643437506e-03 +9.9962717209395258e-01 +9.9999838377259875e-01 +9.9999861563037840e-01 +9.9999858367935945e-01 +9.9999837154313720e-01 +9.7184101690999178e-05 +9.6419263743075868e-05 +6.7914197810993294e-05 +5.9412857618638052e-05 +5.7942941641941086e-05
 26.50000000 +5.0000000000000000e+00 +1.9999951075178524e+00 +1.9594169141948893e-03 +9.9967593682358180e-01 +9.9999816416658549e-01 +9.9999868235180212e-01 +9.9999852019767610e-01 +9.9999870180778516e-01 +8.6044821017422225e-05 +6.3833684848664632e-05 +7.9210505738842036e-05 +6.5566130853473960e-05 +3.5339499223066648e-05
 27.00000000 +5.0000000000000000e+00 +1.9999956103514676e+00 +1.9472820586394603e-03 +9.9970474008123711e-01 +9.9999886169895225e-01 +9.9999833167779173e-01 +9.9999767253938499e-01 +9.9999810505480646e-01 +7.4318484386676361e-05 +6.7794076001865481e-05 +6.1108505467434657e-05 +6.3986468561920079e-05 +3.5081441052545504e-05
 27.50000000 +5.0000000000000000e+00 +1.9999979951325737e+00 +1.8921160885770104e-03 +9.9984716961987152e-01 +9.9999809190056943e-01 +9.9999767732026368e-01 +9.9999795682754589e-01 +9.9999802169250640e-01 +4.8542869701854401e-05 +2.1850487988775002e-05 +4.1048959746799182e-05 +9.7268488922727646e-06 +3.9913485410164960e-05
 28.00000000 +5.0000000000000000e+00 +2.0000006531062149e+00 +1.8979045930522006e-03 +9.9983552185535496e-01 +9.9999824587028063e-01 +9.9999794496356720e-01 +9.9999839909091226e-01 +9.9999873206977752e-01 +3.8325159890539878e-05 +3.3797278680498744e-05 +5.5628734840706585e-05 +1.5141626239956697e-05 +2.8263364158882909e-05
 28.50000000 +5.0000000000000000e+00 +1.9999995749568154e+00 +1.8829861102555624e-03 +9.9988174506992178e-01 +9.9999774728939317e-01 +9.9999835233667722e-01 +9.9999876555224609e-01 +9.9999944431125642e-01 +1.7235652852169745e-05 +3.3416227857982740e-05 +1.3862797287419254e-06 +2.9506758296410484e-05 +4.2400594936333759e-05
 29.00000000 +5.0000000000000000e+00 +2.0000023284607340e+00 +1.8862537251561819e-03 +9.9987963648025857e-01 +9.9999861350674801e-01 +9.9999848308474126e-01 +9.9999886027406293e-01 +9.9999782128135151e-01 +3.7109455963020379e-05 +1.4598632949050392e-05 +2.1723706735818043e-05 +1.9730696982987237e-05 +3.3422904324451138e-05
 29.50000000 +5.0000000000000000e+00 +2.0000000553557746e+00 +1.9203387920004593e-03 +9.9979528920823824e-01 +9.9999789326809707e-01 +9.9999822850181719e-01 +9.9999822879931666e-01 +9.9999815089716104e-01 +5.0658455942268893e-05 +3.9966061969738487e-05 +3.2375401273713077e-05 +4.9183365869549873e-05 +4.0026001195639283e-05
 30.00000000 +5.0000000000000000e+00 +1.9999987274425399e+00 +1.8907144669677862e-03 +9.9987435832504745e-01 +9.9999750784156205e-01 +9.9999809080270652e-01 +9.9999738911285674e-01 +9.9999784008568449e-01 +4.1713476821830919e-05 +1.0133853911563459e-05 +2.5093641664674924e-05 +2.3630931524114798e-05 +3.4241888645191707e-05
 30.50000000 +5.0000000000000000e+00 +2.0000030256698462e+00 +1.9281575940618661e-03 +9.9978251631538140e-01 +9.9999753846822081e-01 +9.9999764049602491e-01 +9.9999843172295988e-01 +9.9999766953037117e-01 +2.8745686219219770e-05 +3.4778605168951123e-05 +3.9058588138547356e-05 +6.3177484325097939e-05 +6.0443056607939335e-05
 31.00000000 +5.0000000000000000e+00 +2.0000025206651357e+00 +1.9768618393649017e-03 +9.9965557616906564e-01 +9.9999819723347771e-01 +9.9999769784600667e-01 +9.9999813530346138e-01 +9.9999751593071151e-01 +7.1376313263425795e-05 +6.4484545901930798e-05 +5.1983832970882909e-05 +8.1685763065566125e-05 +8.3347075996458367e-05
 31.50000000 +5.0000000000000000e+00 +2.0000034924789030e+00 +1.9812443293053257e-03 +9.9964124488507933e-01 +9.9999758097972669e-01 +9.9999778406035500e-01 +9.9999738201573618e-01 +9.9999766260739598e-01 +5.6299418698459974e-05 +6.7060513593702599e-05 +7.1355486800135287e-05 +8.5519690098322229e-05 +8.8110319227358721e-05
 32.00000000 +5.0000000000000000e+00 +2.0000025170867648e+00 +1.9798825659225069e-03 +9.9963972361893250e-01 +9.9999797028186599e-01 +9.9999697072420179e-01 +9.9999832917575648e-01 +9.9999765514120731e-01 +6.7712707585265491e-05 +8.9333990668531401e-05 +7.0121910611639900e-05 +7.7380385734999885e-05 +6.4802067047631939e-05
 32.50000000 +5.0000000000000000e+00 +2.0000035615593061e+00 +1.9582860874841207e-03 +9.9968793519145582e-01 +9.9999893133818318e-01 +9.9999742432741257e-01 +9.9999834484871819e-01 +9.9999750999073667e-01 +4.7686614928092506e-05 +7.5737917152970212e-05 +6.9735086450292856e-05 +5.8437966681251915e-05 +6.8256751273120718e-05
 33.00000000 +5.0000000000000000e+00 +1.9999978476951756e+00 +1.9818086582277634e-03 +9.9962146950148545e-01 +9.9999920651599616e-01 +9.9999784827677562e-01 +9.9999726863372396e-01 +9.9999798324343647e-01 +9.6607478355855583e-05 +8.2585920504274783e-05 +8.2943801339972360e-05 +6.2749717406968350e-05 +6.1336921169421717e-05
 33.50000000 +5.0000000000000000e+00 +2.0000000514325182e+00 +1.9538708651673439e-03 +9.9969138220665033e-01 +9.9999702647860789e-01 +9.9999689265157055e-01 +9.9999829543842855e-01 +9.9999701747513237e-01 +4.9076665777778491e-05 +7.0330292969876074e-05 +9.1980656749120917e-05 +6.9434089609235735e-05 +3.8564033658736421e-05
 34.00000000 +5.0000000000000000e+00 +1.9999929686937019e+00 +1.9282697062696728e-03 +9.9975146235366386e-01 +9.9999578505157605e-01 +9.9999608843756782e-01 +9.9999845575670832e-01 +9.9999775944253511e-01 +9.6747738709376235e-05 +3.3445360608373948e-05 +4.4583905150820930e-05 +4.5888600430674410e-05 +3.9783290314046717e-05
 34.50000000 +5.0000000000000000e+00 +2.0000022461746747e+00 +1.9520133015923091e-03 +9.9969554981244313e-01 +9.9999831779184556e-01 +9.9999586677741925e-01 +9.9999726134735500e-01 +9.9999784937975478e-01 +9.4597302062746658e-05 +7.7254008710826320e-05 +4.7311884806536464e-05 +2.9947999611588768e-05 +6.6043713831809110e-05
 35.00000000 +5.0000000000000000e+00 +2.0000044589645021e+00 +1.8892050019203611e-03 +9.9986074774713762e-01 +9.9999819736734397e-01 +9.9999783662533748e-01 +9.9999631013698032e-01 +9.9999806667442914e-01 +6.6716130721984157e-05 +1.6854436085041794e-05 +4.1180347680154512e-05 +1.1396734951282368e-05 +1.2693837467077374e-05
 35.50000000 +5.0000000000000000e+00 +2.0000081832013197e+00 +1.8960233060533493e-03 +9.9984983609987799e-01 +1.0000001449810045e+00 +9.9999468736306218e-01 +9.9999801024623081e-01 +9.9999832509743070e-01 +4.1936005404735300e-05 +3.7450088180611470e-05 +4.0618833941044343e-05 +3.1489714380932905e-05 +7.5015291115639235e-06
 36.00000000 +5.0000000000000000e+00 +2.0000004854755020e+00 +1.8746729672830334e-03 +9.9990590712339344e-01 +9.9999723159509746e-01 +9.9999656738170306e-01 +9.9999739810778820e-01 +9.9999632588007636e-01 +7.0694098628395901e-06 +2.5076779590770477e-05 +3.9131380321205764e-05 +1.7799918307141968e-05 +1.7492448394012720e-05
 36.50000000 +5.0000000000000000e+00 +1.9999985160370821e+00 +1.9182354227333055e-03 +9.9979937244601735e-01 +9.9999758077797696e-01 +9.9999986688469900e-01 +9.9999840165470266e-01 +9.9999758571509967e-01 +6.4791181984428365e-05 +2.4395162470080781e-05 +2.4977990197403871e-05 +5.9804167297759141e-05 +3.3224008436136283e-05
 37.00000000 +5.0000000000000000e+00 +1.9999942498601242e+00 +1.9321343602325518e-03 +9.9976552689133125e-01 +9.9999765610818669e-01 +9.9999697925349795e-01 +9.9999819735199413e-01 +9.9999590323237175e-01 +7.1820747060279493e-06 +1.2049429633503093e-05 +7.7556399275959450e-05 +6.3624746063444503e-05 +8.5324494705759076e-05
 37.50000000 +5.0000000000000000e+00 +2.0000048426430981e+00 +1.9410787866808890e-03 +9.9974541579884291e-01 +9.9999887631221918e-01 +9.9999627719746387e-01 +9.9999900031979150e-01 +9.9999958344290585e-01 +4.8824894891473816e-05 +4.1073456527809945e-05 +4.4189966388346814e-05 +4.0212944579314824e-05 +8.6545698566182946e-05
 38.00000000 +5.0000000000000000e+00 +2.0000015756798213e+00 +1.9205874701012703e-03 +9.9979737591098927e-01 +9.9999630021764863e-01 +9.9999695142827150e-01 +9.9999734031620446e-01 +9.9999743422991072e-01 +4.0078037129757454e-06 +5.8070518038225257e-05 +4.1804150572911529e-05 +6.9212550507305364e-05 +4.1502872719229129e-05
 38.50000000 +5.0000000000000000e+00 +1.9999963587227376e+00 +1.9564812888363727e-03 +9.9970082672723426e-01 +9.9999786066405449e-01 +9.9999571198924142e-01 +9.9999936775122089e-01 +9.9999488345587806e-01 +6.9799556934062453e-05 +3.6477542670609008e-05 +6.6771467993403025e-05 +4.4356850690205941e-05 +9.3944029035104420e-05
 39.00000000 +5.0000000000000000e+00 +1.9999962858552232e+00 +1.9679734436675797e-03 +9.9966566091559550e-01 +9.9999878523764929e-01 +9.9999761392770836e-01 +9.9999700124954594e-01 +9.9999545586325211e-01 +4.5302999733950051e-05 +7.5137325753636463e-05 +1.1614898592598567e-04 +5.7251054688771406e-05 +5.1642488385870934e-05
 39.50000000 +5.0000000000000000e+00 +1.9999987833379484e+00 +1.9396724486204317e-03 +9.9973714497656052e-01 +9.9999724716596705e-01 +1.0000000253664110e+00 +9.9999462385412041e-01 +9.9999855652639380e-01 -8.1296496668703166e-06 +6.5777848955711439e-05 +7.8439199438655436e-05 +8.4082551517845579e-05 +5.2232177931441408e-05
 40.00000000 +5.0000000000000000e+00 +1.9999961883473489e+00 +1.9573659410815876e-03 +9.9968766170239065e-01 +9.9999962460840153e-01 +9.9999555889370384e-01 +9.9999867468000347e-01 +9.9999947473116002e-01 +7.1878683934211218e-05 +5.9159014558181104e-05 +8.1700556547158586e-05 +6.5559141268703373e-05 +4.0707985642069849e-05
 40.50000000 +5.0000000000000000e+00 +1.9999992585024242e+00 +1.9273002084570765e-03 +9.9976253093489920e-01 +9.9999601086083512e-01 +9.9999567473856266e-01 +9.9999482030538556e-01 +9.9999970656832882e-01 +3.5075772891521548e-05 +5.4652358400154096e-05 +4.4400513560950847e-05 +5.8372508688348357e-05 +5.8755414151089165e-05
 41.00000000 +5.0000000000000000e+00 +1.9999973313967141e+00 +1.9524070204588668e-03 +9.9969767078015970e-01 +9.9999629037985882e-01 +9.9999743419162357e-01 +9.9999801276876010e-01 +9.9999429983606070e-01 +9.4382996065016755e-05 +6.4142885140038247e-05 +7.0335086102270641e-05 +7.0640090332384383e-05 +1.6790996738544372e-05
 41.50000000 +5.0000000000000000e+00 +2.0000035655180537e+00 +1.9412780226416009e-03 +9.9972682534799551e-01 +9.9999577192440114e-01 +9.9999507358300876e-01 +9.9999571825645006e-01 +9.9999581759776635e-01 +9.0473148740021709e-05 +2.6002960985573353e-05 +8.5638792183079370e-05 +2.5649192950774229e-05 +6.3029158281831932e-05
 42.00000000 +5.0000000000000000e+00 +2.0000027166114793e+00 +1.8899303634193254e-03 +9.9985696392979861e-01 +9.9999776969915199e-01 +9.9999786237976018e-01 +9.9999619003998463e-01 +9.9999576274884971e-01 +5.7579618536284358e-05 -4.8957723990316444e-06 +6.2232684818725785e-05 +1.9230003297903458e-05 +2.1304663128799862e-05
 42.50000000 +5.0000000000000000e+00 +2.0000073886488074e+00 +1.9274717277939081e-03 +9.9976862449233661e-01 +9.9999720472120046e-01 +9.9999749623618528e-01 +9.9999573319806867e-01 +9.9999719491378669e-01 +6.6751627683986261e-05 +4.1800393040610854e-05 +1.0615650964942436e-05 +5.9600734970556446e-05 +6.4978025538788220e-05
 43.00000000 +5.0000000000000000e+00 +2.0000032947960689e+00 +1.9051109401684288e-03 +9.9982332898072035e-01 +9.9999951697635769e-01 +9.9999727795190740e-01 +9.9999681711843302e-01 +9.9999547374061892e-01 +4.8231149078680200e-05 -4.0005356085937985e-06 +6.9914603418402751e-05 -7.9867302328588945e-06 +8.1426744257724219e-05
 43.50000000 +5.0000000000000000e+00 +2.0000032967859860e+00 +1.8923163211831795e-03 +9.9986302541389016e-01 +9.9999608079199731e-01 +9.9999893504375725e-01 +9.9999659200327906e-01 +9.9999896494683227e-01 +1.0315099796478083e-05 +1.8971975065319378e-05 +3.3757524012031719e-05 +4.8174558016503451e-05 +3.5182626760067121e-05
 44.00000000 +5.0000000000000000e+00 +2.0000027905254769e+00 +1.9170259829550591e-03 +9.9980194672196909e-01 +9.9999703973723231e-01 +9.9999504829761043e-01 +9.9999845015761279e-01 +9.9999558930826160e-01 +5.9126434172191596e-05 +2.6060921082244843e-05 +2.5826210591742256e-05 +7.6238008280366787e-05 +2.4674226374719417e-05
 44.50000000 +5.0000000000000000e+00 +2.0000104815842694e+00 +1.9414066013284399e-03 +9.9974734169015111e-01 +9.9999652205547152e-01 +9.9999653421814394e-01 +9.9999701295502652e-01 +9.9999559460365739e-01 +5.0066333478311871e-05 +3.8003491235386111e-05 +6.2537730202156540e-05 +4.8400448675355628e-05 +6.7986517079705777e-05
 45.00000000 +5.0000000000000000e+00 +1.9999965513431024e+00 +1.9649765928370414e-03 +9.9968340122830990e-01 +9.9999968369234971e-01 +9.9999564062532686e-01 +9.9999609292479064e-01 +9.9999346254250876e-01 +8.0647489256516989e-05 +5.0869810657854277e-05 +8.3384388889801980e-05 +2.9727313222529594e-05 +8.7089950548391266e-05
 45.50000000 +5.0000000000000000e+00 +2.0000016775739824e+00 +1.9639164919384739e-03 +9.9967778927795636e-01 +9.9999690128825802e-01 +9.9999516613249306e-01 +9.9999953091259985e-01 +9.9999856654849339e-01 +4.2727682047113611e-05 +4.9289552390800739e-05 +1.0291343672646200e-04 +1.1061940299337313e-04 +2.6495730823252372e-05
 46.00000000 +5.0000000000000000e+00 +2.0000049592008748e+00 +2.0240056169351065e-03 +9.9953029522437176e-01 +9.9999684558093949e-01 +9.9999789461584021e-01 +1.0000002668805237e+00 +9.9999775603911534e-01 +6.3290922562578752e-05 +1.1143606616364846e-04 +1.2826492474795684e-04 +8.2917448418117463e-05 +9.1032290698384125e-05
 46.50000000 +5.0000000000000000e+00 +2.0000022061327898e+00 +2.0069103369717025e-03 +9.9956681798485414e-01 +9.9999711042967887e-01 +9.9999553200106606e-01 +9.9999640717708149e-01 +9.9999073457586163e-01 +1.1142990613934480e-04 +1.2444306616866838e-04 +6.9996863342191017e-05 +5.7260314813922459e-05 +9.0267705985853445e-05
 47.00000000 +5.0000000000000000e+00 +1.9999944820972144e+00 +1.9525560562493245e-03 +9.9970481438059633e-01 +9.9999328131595444e-01 +9.9999861079654662e-01 +9.9999867640989326e-01 +9.9999448921802847e-01 -9.1398108532533141e-06 +6.0298345121281343e-05 +4.0479727037776347e-05 +1.4214941334806302e-04 +7.6340181986371466e-05
 47.50000000 +5.0000000000000000e+00 +1.9999943435853711e+00 +1.9812121662067406e-03 +9.9962771137756901e-01 +9.9999441027368374e-01 +9.9999559334394394e-01 +9.9999963541889769e-01 +9.9999347514143422e-01 +5.0644041231401497e-05 +9.1026873270344565e-05 +1.3537610817778147e-04 +7.0682619767749219e-05 +4.1444810566414199e-05
 48.00000000 +5.0000000000000000e+00 +1.9999889700327032e+00 +1.9154385629153137e-03 +9.9978277312561015e-01 +9.9999236388036650e-01 +9.9999734412466512e-01 +1.0000001251366590e+00 +9.9999950919958180e-01 +2.2866838469331632e-05 +2.6242720476831655e-05 +1.0424017824898691e-04 +2.9608459422224509e-05 +4.4926301620242139e-05
 48.50000000 +5.0000000000000000e+00 +1.9999898467059256e+00 +1.8957787735141148e-03 +9.9984164734983838e-01 +9.9999984810296494e-01 +9.9999772992414326e-01 +1.0000003149446048e+00 +9.9999825782879070e-01 +5.4262484670127115e-05 +6.9224919349093584e-05 +4.2122664022956230e-05 -2.3424751318100614e-06 -1.0657664355619142e-06
 49.00000000 +5.0000000000000000e+00 +1.9999693093147153e+00 +1.9249051098872488e-03 +9.9976515666188681e-01 +9.9999555492667502e-01 +9.9999311521689216e-01 +1.0000015920537360e+00 +9.9999001566059331e-01 +1.2204064911858120e-04 +7.3662321035378349e-05 -5.4637573628694999e-06 +2.2967920550339565e-05 +4.1358325167502509e-05
 49.50000000 +5.0000000000000000e+00 +1.9999976942774287e+00 +1.9404057207150769e-03 +9.9973941886409090e-01 +9.9999972341893284e-01 +1.0000006114921982e+00 +9.9999930604828924e-01 +9.9999334787852967e-01 +3.8271950481880688e-05 +9.9214210683789224e-05 +1.6331547847344065e-05 +9.5486572184813405e-05 +1.8288031315193330e-05
 50.00000000 +5.0000000000000000e+00 +1.9999831187688406e+00 +1.9677072463475495e-03 +9.9965824132301029e-01 +1.0000025375411308e+00 +9.9999677475576398e-01 +9.9999877449171781e-01 +9.9999486452800945e-01 +1.1447535065108390e-04 +5.6101436680633016e-05 +4.0003750318167721e-05 +9.5598776496133738e-05 +4.2628053165743779e-05
 50.50000000 +5.0000000000000000e+00 +1.9999893702720450e+00 +1.9180107543283196e-03 +9.9979852192028762e-01 +9.9999943393165314e-01 +9.9999436947085785e-01 +9.9999148835974061e-01 +9.9999561566467776e-01 +5.9117010342673370e-05 +6.6620089191709258e-05 +3.0522221481083091e-05 +4.4784489400493848e-05 +1.9526842570723420e-05
 51.00000000 +5.0000000000000000e+00 +1.9999882732397587e+00 +1.8539997616406063e-03 +9.9995467843235519e-01 +1.0000001733326616e+00 +9.9999870105652300e-01 +9.9999754203340263e-01 +9.9999550138028404e-01 -3.2582597869809440e-05 +3.9002110290018597e-05 +1.2155801589844292e-06 +5.5725018239617681e-05 -9.9563797427317370e-06
 51.50000000 +5.0000000000000000e+00 +1.9999770605087461e+00 +1.9419214253934346e-03 +9.9973869327458864e-01 +9.9999741146791010e-01 +1.0000031231963897e+00 +9.9999703718646871e-01 +9.9999636369002243e-01 +8.8589290784207546e-05 +5.1352646784676292e-05 +5.7849831036634129e-05 +4.3561714149202697e-05 +2.6017697102090748e-05
 52.00000000 +5.0000000000000000e+00 +1.9999746768614615e+00 +1.9080419324426653e-03 +9.9982046857229046e-01 +1.0000010804677324e+00 +9.9998713974242925e-01 +9.9999562486963978e-01 +9.9999733874103802e-01 +7.4851605730096160e-05 +2.5846765918118306e-05 +1.6887789356461969e-05 +1.3741672890310911e-05 +6.7019774258750771e-05
 52.50000000 +5.0000000000000000e+00 +1.9999771535466095e+00 +1.9824953519324505e-03 +9.9963633942747310e-01 +9.9999213203821069e-01 +9.9999359811433552e-01 +9.9999979061718958e-01 +9.9999282356276087e-01 +7.4487125658988796e-05 +6.5836426259278103e-05 +8.8362462135508130e-05 +6.7940403101832272e-05 +8.8689804207059999e-05
 53.00000000 +5.0000000000000000e+00 +1.9999808977880600e+00 +1.9479941584407490e-03 +9.9972067139997478e-01 +9.9999316743245581e-01 +9.9999254722541997e-01 +9.9999655787412745e-01 +9.9999338742737720e-01 +3.7557070528319025e-05 +8.7789272949707266e-05 +2.1571626983589237e-05 +1.1048732153202292e-04 +4.6263359288316879e-05
 53.50000000 +5.0000000000000000e+00 +1.9999802667284452e+00 +1.9374538345052613e-03 +9.9975031232455225e-01 +1.0000009127023983e+00 +9.9999953605638969e-01 +9.9999202874949955e-01 +1.0000005418942519e+00 +6.5665552621866279e-05 +6.8385413527835906e-05 +8.0514011795937296e-05 +1.0215895827770344e-05 +3.1887403416675074e-05
 54.00000000 +5.0000000000000000e+00 +1.9999930847655549e+00 +2.0515268880884866e-03 +9.9946322597841619e-01 +9.9999062722628107e-01 +9.9999785535574515e-01 +1.0000026919618508e+00 +9.9998671371019343e-01 +1.2539068271284862e-04 +3.4573930604509234e-05 +1.3114130260507526e-04 +1.6667378596071458e-04 +1.0110606166313489e-04
 54.50000000 +5.0000000000000000e+00 +1.9999819519420658e+00 +1.9581970840783980e-03 +9.9968841133230679e-01 +9.9999958969534486e-01 +9.9999536916330167e-01 +9.9998613739304321e-01 +9.9999905176155490e-01 +1.0252746452889539e-04 +9.6042381356412730e-05 +1.1941939053635304e-05 +5.5158636760092614e-05 +6.5770214797210579e-05
 55.00000000 +5.0000000000000000e+00 +1.9999882848851105e+00 +1.9376045476161043e-03 +9.9973602560941732e-01 +9.9999253640051278e-01 +1.0000044329312274e+00 +1.0000014545156330e+00 +1.0000023199006014e+00 -1.1179651840254944e-05 +3.2293466865291663e-05 +3.6843442942228434e-05 +7.2551432029095946e-05 +1.3272196907989804e-04
 55.50000000 +5.0000000000000000e+00 +1.9999917706874948e+00 +1.8969572700733679e-03 +9.9984850456109275e-01 +9.9999352976992517e-01 +1.0000043764885114e+00 +9.9999561898465128e-01 +9.9998927483553013e-01 +4.6719774423246346e-05 +3.8793655819894870e-05 -5.5573384317763907e-06 +8.7106611339435349e-05 +1.6326783546034664e-06
 56.00000000 +5.0000000000000000e+00 +1.9999818895715664e+00 +1.9076732872866590e-03 +9.9980150841597104e-01 +9.9998470166568354e-01 +9.9999910235959977e-01 +9.9999074689025902e-01 +9.9999593706612833e-01 -4.5655718121176770e-05 +6.3835514650760947e-05 +6.3029301025477747e-05 +1.6132884279983036e-04 -1.4534321347600492e-05
 56.50000000 +5.0000000000000000e+00 +1.9999953647277271e+00 +1.9900274448729199e-03 +9.9961308039269259e-01 +9.9999850953936309e-01 +1.0000021313134797e+00 +9.9999103379731080e-01 +9.9999334093509595e-01 +1.3750770365946182e-04 +6.0887123290559092e-05 +1.4989303319974841e-04 +1.7940967793110277e-05 +3.5675205150065026e-05
 57.00000000 +5.0000000000000000e+00 +1.9999830358309885e+00 +1.8659683772150435e-03 +9.9992539987860296e-01 +9.9998882913266063e-01 +1.0000004601731520e+00 +9.9999674434532781e-01 +9.9998918738650600e-01 +1.2360677907365724e-04 +9.4284039710118308e-06 -8.9335649939203901e-06 -3.4219663204238406e-05 +9.4971203666657201e-06
 57.50000000 +5.0000000000000000e+00 +1.9999820573019937e+00 +1.9377052605764836e-03 +9.9974132352104683e-01 +9.9999010681983258e-01 +9.9999393827841820e-01 +1.0000010084414499e+00 +1.0000028771758642e+00 +4.1744004562204183e-05 +8.8434999527706195e-05 +6.8042692217662066e-05 +4.7206492629127658e-05 +2.5317579604696027e-05
 58.00000000 +5.0000000000000000e+00 +1.9999764701709177e+00 +1.9693958927381691e-03 +9.9964648702820769e-01 +9.9999561683614346e-01 +9.9999359953207911e-01 +9.9998417287090346e-01 +9.9998898074760834e-01 +1.2498898877180367e-04 -5.0806060115211387e-05 +1.6630601659371630e-04 +1.2256664505109308e-04 +2.8087382946419645e-05
 58.50000000 +5.0000000000000000e+00 +1.9999875156553111e+00 +1.8947314812534585e-03 +9.9986070766053503e-01 +9.9999788837942505e-01 +9.9999810694372615e-01 +9.9999121223404863e-01 +9.9998912563905795e-01 +6.7994723240197671e-05 -1.0288164383060835e-04 +1.0451760981579691e-04 +4.5459398971238479e-05 +4.7869033525476251e-05
 59.00000000 +5.0000000000000000e+00 +2.0000076902879123e+00 +1.8706839981257643e-03 +9.9992349391641799e-01 +9.9999904533798512e-01 +1.0000015789858423e+00 +1.0000079411484675e+00 +9.9999005570556432e-01 -1.4705602110495093e-05 +9.0201222585854166e-05 -2.5776000613154305e-05 -1.6386550168766700e-05 +4.4551832965883620e-05
 59.50000000 +5.0000000000000000e+00 +1.9999875496186761e+00 +1.9324848472120505e-03 +9.9976646464913388e-01 +9.9998588096826102e-01 +9.9998924360408725e-01 +9.9999409292118735e-01 +9.9999555367340065e-01 +5.4145505737007324e-05 +2.9689654106604543e-05 +6.8535753141998236e-05 +8.2201693566366239e-05 +3.4191593055014309e-05
 60.00000000 +5.0000000000000000e+00 +1.9999709296858244e+00 +1.9953892849638548e-03 +9.9959921733040336e-01 +9.9999107439069401e-01 +1.0000039048955536e+00 +9.9999872682915536e-01 +9.9999174504657895e-01 +1.0748488203334032e-04 +7.8946630326259259e-05 +1.1280944698031566e-04 -2.9712630533705057e-06 +1.1906178885833159e-04
 60.50000000 +5.0000000000000000e+00 +1.9999847126246275e+00 +1.9963916375523860e-03 +9.9958928898184363e-01 +9.9998224562119564e-01 +9.9999842374692238e-01 +9.9999336292549823e-01 +9.9998591290675887e-01 +7.4252578139535425e-05 +1.1711428887396158e-04 +7.3037741057211891e-05 +3.7318462038819142e-05 +1.4904275951794653e-04
 61.00000000 +5.0000000000000000e+00 +1.9999735060466572e+00 +1.8269879773612353e-03 +1.0000164041924746e+00 +9.9998926407433542e-01 +1.0000025691101402e+00 +1.0000062793540565e+00 +1.0000056529291159e+00 +4.7802306063330029e-05 -3.7286958782706049e-05 -1.6479197356608631e-05 -8.3661851811389718e-06 -5.8396032749449768e-06
 61.50000000 +5.0000000000000000e+00 +1.9999624904285598e+00 +1.8729661097512595e-03 +9.9988265094393802e-01 +1.0000002875656682e+00 +9.9999775556159942e-01 +9.9999327161879759e-01 +9.9999125264192423e-01 +1.5383019428131682e-05 +4.9539939860954615e-05 +1.4094856798440255e-04 -4.2922447253355086e-05 -2.8167414654926192e-05
 62.00000000 +5.0000000000000000e+00 +1.9999768744628177e+00 +2.0045835919087966e-03 +9.9956935340627384e-01 +1.0000005938477621e+00 +1.0000000109214782e+00 +9.9999820148364271e-01 +9.9999811576550945e-01 +1.0162370792068254e-04 +1.1638858283295284e-04 +1.4950194209216409e-05 +1.5239738344708645e-04 +4.8364700303542288e-05
 62.50000000 +5.0000000000000000e+00 +1.9999911619564470e+00 +1.8881124059952107e-03 +9.9986477198113122e-01 +1.0000004167909149e+00 +1.0000083724785958e+00 +9.9999192129842940e-01 +9.9999660656051981e-01 +1.0210302751205967e-04 +1.1843297392766795e-05 +2.2065457148412132e-05 +7.8183749228905025e-05 -7.6284661912178310e-05
 63.00000000 +5.0000000000000000e+00 +1.9999889771152795e+00 +2.0319547395323346e-03 +9.9949425648925960e-01 +1.0000006179430365e+00 +9.9997924836772834e-01 +1.0000018571260390e+00 +9.9999200629967477e-01 +8.0973403394136791e-05 -7.0609310419830098e-07 +1.4867190716435380e-04 +1.1056069863764073e-04 +1.9251386922058123e-04
 63.50000000 +5.0000000000000000e+00 +2.0000022731380640e+00 +1.9140700797499975e-03 +9.9981398743934358e-01 +9.9998888538594721e-01 +9.9998434961298188e-01 +9.9999519578912877e-01 +1.0000047618595738e+00 +1.2933168564132030e-04 +7.7816609252320660e-05 -3.5260525769802429e-05 +6.6288642214374982e-05 -2.5356508666397634e-05
 64.00000000 +5.0000000000000000e+00 +2.0000019748466982e+00 +1.9195237000646356e-03 +9.9978504005696933e-01 +1.0000018431589364e+00 +9.9998836576909622e-01 +1.0000030061862948e+00 +9.9998389342322247e-01 +1.3025218159916347e-04 +4.0891979192182780e-05 +1.4880471772290079e-05 +3.3967153921660210e-05 +1.7859608475063778e-05
 64.50000000 +5.0000000000000000e+00 +1.9999857989149268e+00 +2.0380135724654899e-03 +9.9948290051349609e-01 +1.0000038607700794e+00 +9.9998679589481543e-01 +9.9998828495152692e-01 +1.0000056210970298e+00 +3.9899537870047233e-05 +1.1624874637371900e-04 +1.1760590724279900e-04 +4.3353571835214871e-05 +2.1542899087673639e-04
 65.00000000 +5.0000000000000000e+00 +2.0000172270109515e+00 +1.9924151194501819e-03 +9.9962427437390922e-01 +9.9999414639995232e-01 +1.0000079130629436e+00 +9.9999791740783039e-01 +9.9998544468971828e-01 +5.1526481142267366e-05 +8.2388737685026899e-05 +1.3763774255203906e-04 +5.2144247312022540e-05 +6.6606845678963684e-05
 65.50000000 +5.0000000000000000e+00 +1.9999763677126070e+00 +1.9067538706622684e-03 +9.9981662326535314e-01 +9.9999025240221506e-01 +9.9999279711244204e-01 +9.9998004827373366e-01 +9.9999985505995448e-01 +2.6367855470671159e-05 +9.6720917996499073e-07 +1.4967103916814489e-05 +1.4011956292066751e-04 +3.8002158066041375e-05
 66.00000000 +5.0000000000000000e+00 +1.9999630745284449e+00 +2.0064425195748278e-03 +9.9955935489959358e-01 +1.0000114466963370e+00 +9.9999471533146611e-01 +9.9998602555563398e-01 +1.0000002263832541e+00 +1.7460371428183391e-04 +1.1977588900394520e-04 -1.3357896120934208e-05 +7.7001834712856997e-05 +9.0207586726006415e-05
 66.50000000 +5.0000000000000000e+00 +1.9999734816695491e+00 +1.8745265680057397e-03 +9.9989084777096571e-01 +9.9999641122160965e-01 +9.9999490551092318e-01 +9.9998380083912719e-01 +9.9998789051833314e-01 -6.8410025884271188e-06 +1.0107473128921323e-04 +8.3345919024881318e-06 +2.8108836007762257e-05 +1.5466967529969195e-05
 67.00000000 +5.0000000000000000e+00 +1.9999688679107686e+00 +1.9322189005860299e-03 +9.9975438656336102e-01 +9.9997036685521912e-01 +9.9999449117698291e-01 +9.9998353684127184e-01 +9.9999967786383481e-01 +7.5103774140995857e-05 +8.8213302538928606e-05 +2.8422198439877879e-05 +8.4707905669590539e-05 +2.1093502239664773e-05
 67.50000000 +5.0000000000000000e+00 +1.9999848911645886e+00 +1.9806014535216515e-03 +9.9963680436411828e-01 +9.9997847519022942e-01 +9.9999751835932071e-01 +9.9999756683266294e-01 +9.9998994304544220e-01 +4.4187999311053797e-05 +1.6089355903606896e-04 +5.7530571129391854e-05 +7.9211096362524674e-05 +5.7868997397849156e-05
 68.00000000 +5.0000000000000000e+00 +1.9999909103819509e+00 +1.7560389221300576e-03 +1.0002031913801366e+00 +1.0000032591460937e+00 +9.9999027121713557e-01 +1.0000032304443300e+00 +9.9998673836878127e-01 -4.7643009290298280e-06 -1.2612583867607300e-04 +5.8738834837377321e-05 -4.2145886777744142e-05 -7.2393362653915751e-05
 68.50000000 +5.0000000000000000e+00 +1.9999841891855117e+00 +1.9223020565723842e-03 +9.9978197047477491e-01 +9.9999614902221867e-01 +9.9999690936266628e-01 +9.9998669363804182e-01 +1.0000091019360184e+00 +9.8097737155811455e-05 +4.9967988266630272e-05 +3.3348980145786209e-05 +5.1360413888592103e-05 -3.5995432036461325e-06
 69.00000000 +5.0000000000000000e+00 +2.0000114283454171e+00 +1.8363421556415753e-03 +1.0000056448053491e+00 +9.9999590299902918e-01 +9.9997980979231038e-01 +9.9996267973192399e-01 +9.9998173153700698e-01 -5.7220614965014158e-05 -2.5632239724989176e-05 -5.9250180179554724e-05 +1.0594885258329281e-04 +1.1038530821713242e-04
 69.50000000 +5.0000000000000000e+00 +1.9999755690364500e+00 +1.8681869122638521e-03 +9.9990632453858319e-01 +1.0000154983265968e+00 +9.9998077417515507e-01 +9.9997972290262960e-01 +9.9997664158573052e-01 -4.0762829813528425e-05 -4.4071613775155807e-05 +2.7684307314753111e-05 +1.8629865889367844e-04 +1.1889944597941040e-05
 70.00000000 +5.0000000000000000e+00 +1.9999957731122524e+00 +1.7556383628338501e-03 +1.0001973693559738e+00 +9.9999557153132101e-01 +9.9998317706659212e-01 +9.9997889599874978e-01 +9.9999448936266244e-01 +4.6151471895432729e-05 -1.2234663156991508e-04 +9.3025249825135105e-05 -1.1294409541349268e-04 -5.3389307699650210e-05
 70.50000000 +5.0000000000000000e+00 +1.9999975273920398e+00 +1.9037950961397665e-03 +9.9982480867938395e-01 +9.9999225747052889e-01 +1.0000062520997084e+00 +9.9999589944671763e-01 +1.0000030231858963e+00 +9.5500060996828049e-05 +9.0020484337774133e-05 -5.3358848791080586e-05 +8.1601173482924458e-05 -3.6003750800844788e-05
 71.00000000 +5.0000000000000000e+00 +2.0000245589841645e+00 +1.8899519285581951e-03 +9.9987329553100257e-01 +9.9998629902657166e-01 +1.0000046896952777e+00 +9.9998505608216282e-01 +9.9999358470425892e-01 +2.2596239588656435e-05 -1.1980153765680183e-04 +2.8226484625700290e-04 -3.1035141037925381e-05 +3.0505575694364492e-06
 71.50000000 +5.0000000000000000e+00 +1.9999903175262452e+00 +1.8289374678907835e-03 +1.0000106504248718e+00 +1.0000004127689444e+00 +1.0000357887337397e+00 +9.9999435425849492e-01 +9.9999891761669901e-01 +6.1772181784877723e-05 -4.8951074776921118e-05 +6.9338480256910404e-05 -5.3766249378231715e-05 -6.8517149784674323e-05
 72.00000000 +5.0000000000000000e+00 +1.9999724016085179e+00 +2.0110920873473129e-03 +9.9955174416325687e-01 +1.0000014898069269e+00 +9.9999991937858224e-01 +9.9999941920277613e-01 +1.0000044720154966e+00 +1.9064140036025137e-04 +1.6493897306689285e-04 -1.5851763603326864e-04 +1.4767042176920417e-04 +9.8222265984190344e-05
 72.50000000 +5.0000000000000000e+00 +2.0000052038966816e+00 +1.8661361095760453e-03 +9.9991326880415399e-01 +9.9998614757688098e-01 +1.0000054263681049e+00 +1.0000033354375448e+00 +9.9997796938543948e-01 -8.6861990702734307e-05 +7.0980441743503825e-05 -8.8781041749194192e-05 +5.5852508585970836e-05 +1.6266250079708731e-04
 73.00000000 +5.0000000000000000e+00 +2.0000034162619831e+00 +2.0025202960171503e-03 +9.9956771245594223e-01 +1.0000098526133481e+00 +9.9998915316628445e-01 +9.9999290680142694e-01 +9.9996587781137347e-01 -4.9208659368328235e-05 +1.2623377819294713e-04 +1.6518942424835240e-04 +2.9304049698860869e-04 -6.0757881681772250e-05
 73.50000000 +5.0000000000000000e+00 +2.0000140694273232e+00 +1.9612346264641948e-03 +9.9967844639780379e-01 +9.9998765939614287e-01 +9.9999389915376402e-01 +1.0000250632577361e+00 +1.0000057690883846e+00 +2.0340131069552952e-04 +1.9747875777210844e-04 -1.2909489220338112e-04 -1.0796005722190321e-05 +4.8173528834365182e-05
 74.00000000 +5.0000000000000000e+00 +2.0000450352271466e+00 +1.9141087208099420e-03 +9.9980744426299661e-01 +9.9997434949435082e-01 +9.9999670091838522e-01 +9.9997878013817532e-01 +9.9999088397041269e-01 +3.9711427108572169e-05 +7.1378421203344494e-05 +3.4944507987404446e-06 -6.3930447484646986e-05 +2.0118735960613518e-04
 74.50000000 +5.0000000000000000e+00 +2.0000417416233813e+00 +1.9262371743042829e-03 +9.9978302088890314e-01 +1.0000012353497210e+00 +9.9998268684796421e-01 +9.9999336920950066e-01 +9.9998674366678608e-01 +1.8566709579889237e-04 -1.4594152031647447e-04 -1.2065246700617436e-04 +2.6589188750128566e-04 +6.7979052244038232e-05
 75.00000000 +5.0000000000000000e+00 +2.0000231041158565e+00 +1.8560142034030401e-03 +9.9995399337723390e-01 +1.0000172224283992e+00 +9.9999414847196322e-01 +9.9998026550773422e-01 +9.9997604833460119e-01 -8.3863775398200922e-05 +1.0708270563554182e-04 -3.0730576249987959e-05 +6.7438239659257230e-05 +1.8395284655509653e-05
