# time_au orbital_0 orbital_1 orbital_2 orbital_3 orbital_4 orbital_5 orbital_6 orbital_7 orbital_8 orbital_9
0.000000000000000000e+00 1.000000000000000000e+00 1.000000000000000000e+00 1.000000000000000000e+00 1.000000000000000000e+00 1.000000000000000000e+00 0.000000000000000000e+00 0.000000000000000000e+00 0.000000000000000000e+00 0.000000000000000000e+00 0.000000000000000000e+00
1.000000000000000000e+00 9.999998439279738083e-01 9.999999999999986677e-01 9.999999999999986677e-01 9.999999999999986677e-01 9.999999999999986677e-01 3.133285938269954883e-08 3.127556075861806696e-08 3.121634374059936626e-08 3.115518937677655445e-08 3.109207824310160226e-08
2.000000000000000000e+00 9.999994900368899264e-01 9.999999999999810152e-01 9.999999999999811262e-01 9.999999999999811262e-01 9.999999999999812372e-01 1.036092402248386840e-07 1.028234274940410530e-07 1.020150706395623579e-07 1.011842783383664126e-07 1.003311688812732491e-07
3.000000000000000000e+00 9.999991968919870189e-01 9.999999999999218403e-01 9.999999999999221734e-01 9.999999999999226175e-01 9.999999999999229505e-01 1.668259683914333843e-07 1.637833010670874561e-07 1.606797793182413419e-07 1.575181239203219346e-07 1.543011506638397993e-07
4.000000000000000000e+00 9.999991768827383165e-01 9.999999999998155920e-01 9.999999999998171463e-01 9.999999999998187006e-01 9.999999999998202549e-01 1.775313734564367596e-07 1.711091037279966843e-07 1.646491664179122927e-07 1.581636353764447737e-07 1.516647110661203571e-07
5.000000000000000000e+00 9.999994411330078714e-01 9.999999999996933564e-01 9.999999999996972422e-01 9.999999999997012390e-01 9.999999999997054578e-01 1.288957165962909922e-07 1.201663480364327505e-07 1.115925411460330607e-07 1.031999836063391010e-07 9.501360550806009220e-08
6.000000000000000000e+00 9.999997938691346233e-01 9.999999999996042055e-01 9.999999999996113109e-01 9.999999999996185274e-01 9.999999999996261879e-01 5.506795138825303100e-08 4.763931169663773156e-08 4.070601990036288619e-08 3.429392375657274795e-08 2.842519842561164437e-08
7.000000000000000000e+00 9.999999785372302163e-01 9.999999999995740074e-01 9.999999999995831113e-01 9.999999999995925481e-01 9.999999999996022071e-01 7.043624488609501601e-09 4.948010244867713878e-09 3.578413632093014371e-09 2.924804367310287304e-09 2.969565250049280370e-09
8.000000000000000000e+00 9.999998658105438976e-01 9.999999999995736744e-01 9.999999999995813349e-01 9.999999999995892175e-01 9.999999999995974331e-01 1.720722216026168868e-08 2.155918907552139344e-08 2.641435098332334753e-08 3.169486041115226285e-08 3.731549183640928265e-08
9.000000000000000000e+00 9.999995446795815202e-01 9.999999999995299316e-01 9.999999999995315969e-01 9.999999999995337063e-01 9.999999999995363709e-01 7.736544478836072283e-08 8.453639997953026285e-08 9.144789450793073026e-08 9.797534123384530418e-08 1.039972065458622906e-07
1.000000000000000000e+01 9.999992521130171008e-01 9.999999999993752775e-01 9.999999999993686162e-01 9.999999999993630651e-01 9.999999999993586242e-01 1.452583560355376218e-07 1.485976251120044979e-07 1.507928933291784716e-07 1.517687621465009103e-07 1.514718807550191588e-07
1.100000000000000000e+01 9.999991970009102227e-01 9.999999999991029398e-01 9.999999999990901722e-01 9.999999999990796251e-01 9.999999999990717425e-01 1.744222966767038729e-07 1.688644658223518516e-07 1.619049868483607988e-07 1.536342642682998988e-07 1.441767315863797450e-07
1.200000000000000000e+01 9.999994100688666121e-01 9.999999999987816413e-01 9.999999999987686516e-01 9.999999999987596588e-01 9.999999999987549959e-01 1.461770153018713729e-07 1.324797592512125336e-07 1.182441692733917298e-07 1.037481338021556756e-07 8.928699082891186934e-08
1.300000000000000000e+01 9.999997282633750206e-01 9.999999999985141885e-01 9.999999999985059729e-01 9.999999999985035304e-01 9.999999999985071941e-01 8.158658658800718327e-08 6.669408973106184828e-08 5.292291184617895101e-08 4.058385312328823035e-08 2.995515273346126889e-08
1.400000000000000000e+01 9.999999200102899222e-01 9.999999999983656407e-01 9.999999999983614218e-01 9.999999999983638643e-01 9.999999999983733012e-01 2.574882005920946253e-08 1.840181928590228992e-08 1.349882485729529482e-08 1.111335235209066985e-08 1.123342936479346760e-08
1.500000000000000000e+01 9.999998547229742574e-01 9.999999999983164578e-01 9.999999999983069099e-01 9.999999999983043564e-01 9.999999999983093524e-01 1.614272219347168065e-08 2.054094153766690465e-08 2.717717744634423914e-08 3.571029379279354741e-08 4.571265380020463714e-08
1.600000000000000000e+01 9.999995917734788575e-01 9.999999999982777110e-01 9.999999999982495114e-01 9.999999999982290833e-01 9.999999999982173149e-01 5.736620980846421794e-08 6.955520730255764050e-08 8.201057901597443300e-08 9.410257026863327741e-08 1.051989811886515603e-07
1.700000000000000000e+01 9.999993283604008409e-01 9.999999999981621368e-01 9.999999999981069587e-01 9.999999999980619947e-01 9.999999999980290211e-01 1.193600036649189998e-07 1.293844110021369824e-07 1.370975411032648079e-07 1.420165736489370408e-07 1.437887096534554202e-07
1.800000000000000000e+01 9.999992510562552006e-01 9.999999999979575227e-01 9.999999999978794740e-01 9.999999999978167464e-01 9.999999999977720044e-01 1.593641808228422302e-07 1.580768583971332049e-07 1.532051459693502994e-07 1.448775391398651812e-07 1.334285947258695754e-07
1.900000000000000000e+01 9.999994032393836330e-01 9.999999999977415843e-01 9.999999999976565412e-01 9.999999999975943688e-01 9.999999999975582865e-01 1.515334942962317769e-07 1.373180010184271384e-07 1.208007939257857969e-07 1.028115756124446988e-07 8.430620083766787130e-08
2.000000000000000000e+01 9.999996628788976327e-01 9.999999999976159071e-01 9.999999999975427434e-01 9.999999999974998888e-01 9.999999999974902298e-01 1.036152647669450257e-07 8.401255131290230714e-08 6.540271734050028244e-08 4.883695552980581874e-08 3.526346463998836791e-08
2.100000000000000000e+01 9.999998399186611486e-01 9.999999999976025844e-01 9.999999999975491827e-01 9.999999999975308640e-01 9.999999999975495157e-01 4.995351065717033459e-08 3.669445837184621775e-08 2.752355001033066626e-08 2.291352006285672858e-08 2.300606763667912666e-08
2.200000000000000000e+01 9.999998157766410989e-01 9.999999999975804910e-01 9.999999999975358600e-01 9.999999999975273113e-01 9.999999999975551779e-01 2.682594863014760489e-08 2.759331262273893501e-08 3.295504682537679077e-08 4.227867542239577284e-08 5.458017652954967880e-08
2.300000000000000000e+01 9.999996223002395324e-01 9.999999999973254727e-01 9.999999999972640774e-01 9.999999999972372100e-01 9.999999999972434273e-01 4.786303972537022918e-08 6.066355557782317237e-08 7.525267869369722196e-08 9.014610742692494384e-08 1.037853088130815554e-07
2.400000000000000000e+01 9.999994080822445230e-01 9.999999999966476816e-01 9.999999999965445419e-01 9.999999999964740427e-01 9.999999999964345188e-01 9.623680466603613515e-08 1.105564932451033721e-07 1.222643762204643355e-07 1.300234302511051907e-07 1.328505504521911711e-07
2.500000000000000000e+01 9.999993245183863566e-01 9.999999999955475616e-01 9.999999999953921304e-01 9.999999999952698948e-01 9.999999999951800778e-01 1.378984821291818781e-07 1.419810273648595988e-07 1.405746079389246701e-07 1.335720606302036888e-07 1.214740459728409220e-07
2.600000000000000000e+01 9.999994189147826118e-01 9.999999999942813522e-01 9.999999999940796247e-01 9.999999999939136464e-01 9.999999999937845274e-01 1.455699728028588591e-07 1.346989137831540727e-07 1.192682617420781008e-07 1.007068099470823201e-07 8.086520004962325387e-08
2.700000000000000000e+01 9.999996099919999937e-01 9.999999999932716044e-01 9.999999999930304639e-01 9.999999999928261829e-01 9.999999999926637573e-01 1.165631704101133725e-07 9.642957662855761450e-08 7.611162680837055862e-08 5.772156177817953288e-08 4.321027231257842628e-08
2.800000000000000000e+01 9.999997561995984663e-01 9.999999999928919081e-01 9.999999999925949234e-01 9.999999999923309124e-01 9.999999999921110883e-01 7.282730745888619666e-08 5.555146696428784578e-08 4.295894193279699734e-08 3.632367323447767865e-08 3.616908304463179501e-08
2.900000000000000000e+01 9.999997603628681953e-01 9.999999999932408512e-01 9.999999999928327332e-01 9.999999999924483740e-01 9.999999999921090899e-01 4.446311201731183984e-08 4.009532959140312038e-08 4.224429339858932801e-08 5.025412152244076008e-08 6.260964428522513175e-08
3.000000000000000000e+01 9.999996334468416181e-01 9.999999999940406559e-01 9.999999999934372497e-01 9.999999999928478323e-01 9.999999999923078198e-01 4.901959010000342278e-08 5.856044590915827687e-08 7.190552583741727663e-08 8.672066489963865459e-08 1.003742980253942778e-07
3.100000000000000000e+01 9.999994763476951487e-01 9.999999999947367657e-01 9.999999999938593565e-01 9.999999999929932715e-01 9.999999999921904692e-01 8.080134488628100024e-08 9.564703205768743667e-08 1.087754071069630165e-07 1.177421703506651329e-07 1.207125706182211634e-07
3.200000000000000000e+01 9.999994005335662850e-01 9.999999999947541962e-01 9.999999999935714756e-01 9.999999999924080729e-01 9.999999999913324888e-01 1.165594539743528060e-07 1.246573892250004959e-07 1.265718373210428721e-07 1.215747415246382995e-07 1.101309455065247968e-07
3.300000000000000000e+01 9.999994494459067962e-01 9.999999999937755346e-01 9.999999999923226968e-01 9.999999999909028325e-01 9.999999999895975433e-01 1.324092771478224995e-07 1.266682821537167040e-07 1.145793550411472199e-07 9.784236329763140661e-08 7.908821692644918398e-08
3.400000000000000000e+01 9.999995756735577945e-01 9.999999999918783855e-01 9.999999999902352554e-01 9.999999999886298729e-01 9.999999999871533873e-01 1.197158399662953547e-07 1.027384664127768895e-07 8.378910745261229468e-08 6.594446891476392688e-08 5.218066255642609486e-08
3.500000000000000000e+01 9.999996838611374672e-01 9.999999999894466640e-01 9.999999999876800771e-01 9.999999999859325861e-01 9.999999999843042220e-01 8.943781348089504780e-08 7.139434191058257691e-08 5.727213401974813769e-08 4.935606903806760704e-08 4.873114057754725088e-08
3.600000000000000000e+01 9.999997020896734812e-01 9.999999999868999234e-01 9.999999999850064381e-01 9.999999999830879727e-01 9.999999999812614337e-01 6.307737295046939710e-08 5.444202967074901081e-08 5.297481343346304207e-08 5.843045970988640683e-08 6.904939494938680548e-08
3.700000000000000000e+01 9.999996287257142402e-01 9.999999999843975917e-01 9.999999999822933860e-01 9.999999999801187922e-01 9.999999999780218030e-01 5.749804385173210761e-08 6.188161816735986850e-08 7.171339121224487434e-08 8.424205133189847235e-08 9.601434960016427902e-08
3.800000000000000000e+01 9.999995250390381063e-01 9.999999999817047458e-01 9.999999999792966721e-01 9.999999999768184322e-01 9.999999999744639823e-01 7.427628968653083037e-08 8.629786295031230838e-08 9.828237364207642074e-08 1.068469938861229138e-07 1.093451577993328472e-07
3.900000000000000000e+01 9.999994652806981632e-01 9.999999999783298898e-01 9.999999999756558067e-01 9.999999999730110334e-01 9.999999999706367104e-01 1.002004685525222526e-07 1.096168040113417300e-07 1.136147053634041506e-07 1.106105787117280777e-07 1.007791119107277844e-07
4.000000000000000000e+01 9.999994841077215479e-01 9.999999999738964362e-01 9.999999999712789744e-01 9.999999999689164198e-01 9.999999999670702300e-01 1.174639788535410043e-07 1.163894869701189314e-07 1.083883638799943319e-07 9.489263085837519085e-08 7.887665595005387675e-08
4.100000000000000000e+01 9.999995580570297804e-01 9.999999999685725838e-01 9.999999999666975281e-01 9.999999999653977900e-01 9.999999999648914173e-01 1.158159922659105953e-07 1.039127739109155593e-07 8.844314059254430523e-08 7.291651937233198580e-08 6.098898463354643161e-08
4.200000000000000000e+01 9.999996293952359006e-01 9.999999999633196746e-01 9.999999999631659087e-01 9.999999999638965464e-01 9.999999999655933003e-01 9.844727950035232877e-08 8.266461917567403806e-08 6.910463194399100273e-08 6.088228447979879544e-08 5.964997359057767130e-08
4.300000000000000000e+01 9.999996502159278489e-01 9.999999999597855016e-01 9.999999999623828684e-01 9.999999999659983096e-01 9.999999999704765052e-01 7.841492259649983109e-08 6.781053304001045910e-08 6.356386642222494980e-08 6.615575690605183587e-08 7.398034993970428104e-08
4.400000000000000000e+01 9.999996136684996539e-01 9.999999999598243594e-01 9.999999999658958361e-01 9.999999999727674505e-01 9.999999999799741301e-01 6.900790070195396409e-08 6.850973969163807166e-08 7.403574663164768272e-08 8.305596755742748448e-08 9.184368401469557521e-08
4.500000000000000000e+01 9.999995526954421621e-01 9.999999999648029325e-01 9.999999999744084711e-01 9.999999999841229226e-01 9.999999999931643568e-01 7.506677863925712368e-08 8.248222612150827546e-08 9.150570485091689497e-08 9.837627528757165464e-08 9.995707419633943477e-08
4.600000000000000000e+01 9.999995118311522102e-01 9.999999999749745738e-01 9.999999999872984935e-01 9.999999999985607069e-01 1.000000000007746692e+00 9.083572808239088110e-08 9.888337406060308272e-08 1.032427034745826488e-07 1.015863424126297746e-07 9.365211941050611902e-08
4.700000000000000000e+01 9.999995153228583566e-01 9.999999999891922009e-01 1.000000000002579270e+00 1.000000000013396173e+00 1.000000000020575985e+00 1.049771450191687369e-07 1.065684266740620053e-07 1.019698082625551443e-07 9.192270935123829051e-08 7.921330861428105334e-08
4.800000000000000000e+01 9.999995538867474387e-01 1.000000000005104805e+00 1.000000000017371216e+00 1.000000000025498270e+00 1.000000000028615776e+00 1.086050671246905591e-07 1.015481408295834552e-07 9.016982167178360918e-08 7.772292434161514021e-08 6.799070857885436468e-08
4.900000000000000000e+01 9.999995962476027067e-01 1.000000000019783952e+00 1.000000000028730351e+00 1.000000000032261971e+00 1.000000000029972025e+00 1.007247918288572281e-07 8.874085959893164189e-08 7.716397717263043448e-08 6.943229529596152470e-08 6.757972524556790961e-08
5.000000000000000000e+01 9.999996137122528772e-01 1.000000000030548897e+00 1.000000000034533709e+00 1.000000000032462921e+00 1.000000000024611868e+00 8.786416439718759051e-08 7.756842404526685648e-08 7.188184514188675529e-08 7.201699275683673621e-08 7.683416338356524551e-08
5.100000000000000000e+01 9.999995990066953278e-01 1.000000000035685899e+00 1.000000000034089842e+00 1.000000000026667113e+00 1.000000000014475532e+00 7.888289488924235095e-08 7.512768818640511392e-08 7.683522723633136641e-08 8.220596661896884724e-08 8.783060905178936644e-08
5.200000000000000000e+01 9.999995675601965894e-01 1.000000000034814596e+00 1.000000000028266278e+00 1.000000000017043922e+00 1.000000000002924105e+00 7.896038773969543788e-08 8.180705086373091337e-08 8.726488732301285917e-08 9.186984675112001716e-08 9.245458175478821891e-08
5.300000000000000000e+01 9.999995433081670937e-01 1.000000000028809177e+00 1.000000000019115820e+00 1.000000000006667777e+00 9.999999999937169148e-01 8.676631645554876393e-08 9.193844762518762602e-08 9.535321965220703860e-08 9.434538604188982851e-08 8.824015346880659788e-08
5.400000000000000000e+01 9.999995412331557088e-01 1.000000000019377833e+00 1.000000000009192203e+00 9.999999999985904608e-01 9.999999999899031877e-01 9.621138532421604244e-08 9.836771553259027896e-08 9.594021717231076483e-08 8.887187165966638592e-08 7.935859078544626471e-08
5.500000000000000000e+01 9.999995589643264626e-01 1.000000000008515411e+00 1.000000000000835332e+00 9.999999999950259788e-01 9.999999999930173633e-01 1.010144615328661889e-07 9.737080925370326950e-08 8.964130175134311420e-08 8.029595005602996927e-08 7.271575683059982226e-08
5.600000000000000000e+01 9.999995814708844133e-01 9.999999999980554444e-01 9.999999999956823427e-01 9.999999999969185760e-01 1.000000000002830847e+00 9.874652478666488052e-08 9.061305928146368272e-08 8.161256173568762083e-08 7.491662822927671348e-08 7.264685444803273228e-08
5.700000000000000000e+01 9.999995933365153356e-01 9.999999999894559899e-01 9.999999999945196061e-01 1.000000000003971046e+00 1.000000000017672752e+00 9.182488569274163073e-08 8.328002484027698234e-08 7.742418543141505757e-08 7.591964000236001769e-08 7.820912937854048045e-08
5.800000000000000000e+01 9.999995890104129703e-01 9.999999999837811959e-01 9.999999999974097387e-01 1.000000000015007551e+00 1.000000000035099701e+00 8.526316190545782790e-08 8.016987499595277640e-08 7.925841982321854178e-08 8.163788683098535510e-08 8.462894517142891567e-08
5.900000000000000000e+01 9.999995745778609280e-01 9.999999999817636986e-01 1.000000000003927747e+00 1.000000000028439695e+00 1.000000000052603255e+00 8.309888241628289559e-08 8.262071787312319149e-08 8.495413069473467897e-08 8.742705701723615525e-08 8.725461680272726716e-08
6.000000000000000000e+01 9.999995614965667690e-01 9.999999999837673181e-01 1.000000000013300472e+00 1.000000000042585269e+00 1.000000000068050454e+00 8.598275142779693454e-08 8.816587515605461721e-08 9.011403361018516711e-08 8.931131527045453895e-08 8.482175409916861680e-08
6.100000000000000000e+01 9.999995580289505748e-01 9.999999999895989866e-01 1.000000000024376279e+00 1.000000000055747185e+00 1.000000000079764195e+00 9.129033134708145313e-08 9.272493732766969410e-08 9.138565828093625013e-08 8.660497876864126547e-08 7.981565698832152464e-08
6.200000000000000000e+01 9.999995644979656761e-01 9.999999999982354115e-01 1.000000000035481840e+00 1.000000000066107786e+00 1.000000000086329388e+00 9.529352796495300722e-08 9.350336977115569819e-08 8.852928261678674933e-08 8.186112548284292372e-08 7.612857411547638170e-08
6.300000000000000000e+01 9.999995747269183610e-01 1.000000000007649659e+00 1.000000000044341864e+00 1.000000000071634032e+00 1.000000000086374463e+00 9.568484941808125613e-08 9.059401126904188124e-08 8.407696265205546564e-08 7.860629676582063030e-08 7.610096174668522377e-08
6.400000000000000000e+01 9.999995814233282321e-01 1.000000000014934720e+00 1.000000000048244964e+00 1.000000000070192741e+00 1.000000000078573370e+00 9.279701400522683341e-08 8.644709677165356351e-08 8.120115469171908331e-08 7.877926507656896136e-08 7.914019555708718875e-08
6.500000000000000000e+01 9.999995811295014914e-01 1.000000000016819879e+00 1.000000000044539483e+00 1.000000000059976024e+00 1.000000000062006622e+00 8.895845735762073651e-08 8.390242210815432964e-08 8.151126671121115448e-08 8.168204240044264427e-08 8.263296786353347555e-08
6.600000000000000000e+01 9.999995755797028707e-01 1.000000000010492718e+00 1.000000000031370018e+00 1.000000000040160764e+00 1.000000000036805670e+00 8.670256279394573124e-08 8.430172777898120698e-08 8.426135171173585047e-08 8.491074951253873758e-08 8.412507624556823682e-08
6.700000000000000000e+01 9.999995693674673669e-01 9.999999999944769735e-01 1.000000000008420598e+00 1.000000000011576073e+00 1.000000000004835243e+00 8.715427191037512103e-08 8.689165704760415952e-08 8.725769646952626630e-08 8.629241992153899822e-08 8.301717833162738019e-08
6.800000000000000000e+01 9.999995662830537535e-01 9.999999999692497088e-01 9.999999999773767634e-01 9.999999999770944337e-01 9.999999999700859288e-01 8.958059713195123639e-08 8.968205700185770565e-08 8.856910438342047228e-08 8.532763982451158085e-08 8.066374112549441660e-08
6.900000000000000000e+01 9.999995670314992813e-01 9.999999999373402337e-01 9.999999999418889285e-01 9.999999999415211116e-01 9.999999999385118521e-01 9.218337688675585408e-08 9.094875400470190337e-08 8.776040482159203088e-08 8.323617570388204110e-08 7.908052714366111232e-08
7.000000000000000000e+01 9.999995695078350844e-01 9.999999999028427178e-01 9.999999999069856260e-01 9.999999999109187021e-01 9.999999999172071163e-01 9.341708809218722480e-08 9.029552280191964478e-08 8.591239012130450873e-08 8.181833159240141795e-08 7.941087815244469148e-08
7.100000000000000000e+01 9.999995708569549002e-01 9.999999998704780513e-01 9.999999998780755295e-01 9.999999998914832489e-01 9.999999999130382289e-01 9.290703670604605782e-08 8.866543878469086657e-08 8.462904819043321462e-08 8.211851250293878158e-08 8.126993403529043457e-08
7.200000000000000000e+01 9.999995695429996223e-01 9.999999998444873972e-01 9.999999998597922657e-01 9.999999998882124208e-01 9.999999999310000831e-01 9.146467803722295753e-08 8.748434264730795255e-08 8.487334124632255564e-08 8.383897197867547392e-08 8.327217425688103387e-08
7.300000000000000000e+01 9.999995660721023860e-01 9.999999998277023794e-01 9.999999998549949920e-01 9.999999999036940368e-01 9.999999999726987276e-01 9.035453746743530937e-08 8.764649489947746345e-08 8.643502001138225586e-08 8.576958277400859459e-08 8.416317242766347998e-08
7.400000000000000000e+01 9.999995622174459031e-01 9.999999998210190588e-01 9.999999998641346810e-01 9.999999999372618520e-01 1.000000000035309977e+00 9.041119709738146021e-08 8.902629690662548138e-08 8.826946462387390852e-08 8.675937451149269999e-08 8.365849529649773166e-08
7.500000000000000000e+01 9.999995596113014917e-01 9.999999998232980136e-01 9.999999998850332972e-01 9.999999999846572729e-01 1.000000000111268550e+00 9.158842419908513048e-08 9.073509671233518952e-08 8.932616183904658162e-08 8.647405695141935731e-08 8.246070181405145662e-08
7.600000000000000000e+01 9.999995587750775128e-01 9.999999998317140593e-01 9.999999999131540251e-01 1.000000000038341996e+00 1.000000000188879801e+00 9.314267950332581305e-08 9.182052044387192404e-08 8.923037002270774011e-08 8.546612120141464897e-08 8.159314139567224086e-08
7.700000000000000000e+01 9.999995590983590255e-01 9.999999998423163561e-01 9.999999999422065633e-01 1.000000000088386187e+00 1.000000000253797872e+00 9.421864208285568080e-08 9.187908761320986909e-08 8.839868760409434153e-08 8.463930791120610522e-08 8.163920877227480613e-08
7.800000000000000000e+01 9.999995595434464368e-01 9.999999998507040910e-01 9.999999999650535099e-01 1.000000000123885124e+00 1.000000000291215274e+00 9.439560647867954113e-08 9.120608903007712897e-08 8.761773079433833684e-08 8.457929915271405016e-08 8.242697015262756611e-08
7.900000000000000000e+01 9.999995594357552475e-01 9.999999998527291378e-01 9.999999999748344637e-01 1.000000000134755540e+00 1.000000000288455926e+00 9.386275513505140573e-08 9.047468739291098684e-08 8.746239029926187988e-08 8.522364182824887071e-08 8.328999493073796545e-08
8.000000000000000000e+01 9.999995588163320681e-01 9.999999998452189232e-01 9.999999999662360084e-01 1.000000000113687726e+00 1.000000000237546649e+00 9.318482136087477023e-08 9.023712423168021594e-08 8.796194759797529375e-08 8.602444065668226169e-08 8.361264466032338186e-08
8.100000000000000000e+01 9.999995582502664293e-01 9.999999998267157242e-01 9.999999999367711334e-01 1.000000000057941651e+00 1.000000000137282186e+00 9.288122304704759601e-08 9.059723357289128846e-08 8.868167176435425710e-08 8.639888300031308856e-08 8.323201142096604482e-08
8.200000000000000000e+01 9.999995583590300940e-01 9.999999997981716682e-01 9.999999998878549290e-01 9.999999999706292719e-01 9.999999999943386397e-01 9.311375624842539064e-08 9.122667032046622780e-08 8.908490916616414146e-08 8.611197832893277452e-08 8.245266126652506282e-08
8.300000000000000000e+01 9.999995594398386478e-01 9.999999997634294591e-01 9.999999998253670253e-01 9.999999998610782370e-01 9.999999998230438836e-01 9.365218645586619399e-08 9.164661165090406156e-08 8.888776281376434372e-08 8.535478536439996631e-08 8.174589640070200135e-08
8.400000000000000000e+01 9.999995613753487333e-01 9.999999997293248510e-01 9.999999997595109269e-01 9.999999997441528787e-01 9.999999996438496686e-01 9.408384656620443560e-08 9.154643707790819954e-08 8.818218673806696434e-08 8.453127607675236817e-08 8.140406661221208786e-08
8.500000000000000000e+01 9.999995637947258764e-01 9.999999997051790546e-01 9.999999997037621879e-01 9.999999996384238976e-01 9.999999994805751635e-01 9.409144466970600536e-08 9.093535451186834988e-08 8.729944770922141460e-08 8.395711709767798946e-08 8.139396978869913897e-08
8.600000000000000000e+01 9.999995663059643158e-01 9.999999997016507658e-01 9.999999996729941332e-01 9.999999995634505368e-01 9.999999993568935430e-01 9.361877835988315137e-08 9.007016314362484632e-08 8.655786041668787429e-08 8.368737101449233273e-08 8.146487384334501654e-08
8.700000000000000000e+01 9.999995686267340034e-01 9.999999997290660581e-01 9.999999996811089753e-01 9.999999995367376826e-01 9.999999992928357839e-01 9.285239268345740783e-08 8.925581734648332682e-08 8.608340911948713149e-08 8.355939195446228441e-08 8.138250644478138425e-08
8.800000000000000000e+01 9.999995706409657847e-01 9.999999997955556497e-01 9.999999997386304074e-01 9.999999995709228928e-01 9.999999993019031974e-01 9.205675566267946854e-08 8.865547291567280511e-08 8.578639609963815833e-08 8.336126090917433289e-08 8.109213645164446529e-08
8.900000000000000000e+01 9.999995722563055356e-01 9.999999999054003386e-01 9.999999998507750343e-01 9.999999996717860995e-01 9.999999993893755601e-01 9.142612095431955592e-08 8.825606082244668990e-08 8.550172026631499069e-08 8.300993401436963500e-08 8.073252142672136361e-08
9.000000000000000000e+01 9.999995733917246277e-01 1.000000000057982286e+00 1.000000000016431079e+00 9.999999998374775600e-01 9.999999995520985063e-01 9.099782421879836649e-08 8.793444861365126525e-08 8.512726076574088784e-08 8.258582107937080707e-08 8.049893128894709155e-08
9.100000000000000000e+01 9.999995739647794535e-01 1.000000000247560639e+00 1.000000000228213004e+00 1.000000000059048544e+00 9.999999997796967799e-01 9.069043291091233950e-08 8.758353243541059796e-08 8.469418691285421359e-08 8.225376846082574251e-08 8.049878095325395701e-08
9.200000000000000000e+01 9.999995739332819822e-01 1.000000000463920458e+00 1.000000000473558304e+00 1.000000000322116778e+00 1.000000000056865401e+00 9.040142483426700217e-08 8.719420178414470253e-08 8.432847587898942414e-08 8.213695065926611813e-08 8.068920403516782953e-08
9.300000000000000000e+01 9.999995733395934394e-01 1.000000000693704427e+00 1.000000000736568362e+00 1.000000000609253092e+00 1.000000000366189523e+00 9.009062086611693753e-08 8.685008776087158929e-08 8.415161813227232299e-08 8.223831821598131849e-08 8.092404619459094229e-08
9.400000000000000000e+01 9.999995723236736467e-01 1.000000000922113053e+00 1.000000001000190819e+00 1.000000000902571573e+00 1.000000000690876467e+00 8.979961145656582170e-08 8.665701245575828996e-08 8.419752984540855912e-08 8.245087797657491581e-08 8.105554272716583503e-08
9.500000000000000000e+01 9.999995710983627939e-01 1.000000001134645267e+00 1.000000001248341874e+00 1.000000001186058807e+00 1.000000001016884799e+00 8.961150492853035070e-08 8.666680648701042281e-08 8.439554835205971374e-08 8.263055815364118072e-08 8.101128863654779675e-08
9.600000000000000000e+01 9.999995699082196987e-01 1.000000001318614995e+00 1.000000001467658661e+00 1.000000001447284070e+00 1.000000001334113264e+00 8.958278987709187456e-08 8.684058384696926025e-08 8.461584725469112976e-08 8.267502925088999774e-08 8.080985889658943839e-08
9.700000000000000000e+01 9.999995689965472945e-01 1.000000001464297128e+00 1.000000001648707615e+00 1.000000001678322148e+00 1.000000001636569769e+00 8.970002478037334382e-08 8.706869218463775533e-08 8.473573555067438657e-08 8.255528762809963586e-08 8.051581609051483944e-08
9.800000000000000000e+01 9.999995685637192988e-01 1.000000001565655383e+00 1.000000001786589321e+00 1.000000001875876121e+00 1.000000001921653281e+00 8.988223449540124711e-08 8.722604097381051502e-08 8.468797549752370001e-08 8.230110464647195361e-08 8.018915125641620542e-08
9.900000000000000000e+01 9.999995687525310428e-01 1.000000001620686696e+00 1.000000001880986922e+00 1.000000002040723590e+00 1.000000002188862869e+00 9.001583176214694412e-08 8.721944581790161270e-08 8.446350812878485781e-08 8.195815298097438026e-08 7.985927013875446621e-08
1.000000000000000000e+02 9.999995696293485503e-01 1.000000001631441204e+00 1.000000001935752447e+00 1.000000002176707037e+00 1.000000002438332869e+00 8.999887001286322995e-08 8.700763215687268141e-08 8.408646633653716067e-08 8.155825191011381232e-08 7.953719762355834495e-08
