#PATCH_CHECK: SepMBpoisson v0.81 continuous adaptive-time-sampler active
#discretizing the bath:
#     0 0.0000000000000000e+00 -6.3190000000000002e-01
#     1 1.8257418583505537e-04 -2.1498353472758169e-01
#     2 1.8257418583505537e-04 -2.0350095413716948e-01
#     3 1.8257418583505537e-04 -1.9174383856145003e-01
#     4 1.8257418583505537e-04 -1.7971845498729938e-01
#     5 1.8257418583505537e-04 -1.6743065979567365e-01
#     6 1.8257418583505537e-04 -1.5488594173819073e-01
#     7 1.8257418583505537e-04 -1.4208945886726065e-01
#     8 1.8257418583505537e-04 -1.2904607047156363e-01
#     9 1.8257418583505537e-04 -1.1576036485331320e-01
#sampling: jump_strength=4.5643546458763848e-04 jump_probability=4.5622722630164390e-04 log_scale=4.5633132960703235e-04 back_replicas=64 stratify_forward=1 exact_orbitals=1 stratify_single_jump_time=1 sample_back_orbitals=1 exact_back_jumps=2
#backward DP: all_order=0 replicas_min=16 replicas_max=64 replica_power=1.00000000e+00 replicas_per_forward=8024
#adaptive measurement: gap=1.2287795191625733e-02 period_steps=1023 nmeas=200 nwf=200 tmax=1.0000000000000000e+02 forced_stride=1
#recurrence measurement: enabled=0 vibrational_period=1.7097417488437418e+03 half_width=8.5487087442187089e+01 stride_steps=3
#conditional-count memory: mode=linear-parity-cache parity_table_bytes=9648 dense_back_table_bytes=0 legacy_dense_bytes=649632
#electronic-phase memory: mode=binary-power-table phase_table_bytes=36288 phase_bits=9 legacy_time_state_table_bytes=810432
  0.00000000 +5.0000000000000000e+00 +1.9999999999999998e+00 +1.8374661879283106e-03 +1.0000000000000000e+00 +1.0000000000000000e+00 +1.0000000000000000e+00 +1.0000000000000000e+00 +1.0000000000000000e+00 +0.0000000000000000e+00 +0.0000000000000000e+00 +0.0000000000000000e+00 +0.0000000000000000e+00 +0.0000000000000000e+00
  0.50000000 +5.0000000000000000e+00 +2.0000000001753411e+00 +1.8374826056392539e-03 +9.9999995840757105e-01 +1.0000000000877156e+00 +1.0000000000877156e+00 +1.0000000000877156e+00 +1.0000000000877156e+00 +8.3360334166758801e-09 +8.3360334166758801e-09 +8.3360334166758801e-09 +8.3360334166758801e-09 +8.3360334166758801e-09
  1.00000000 +5.0000000000000000e+00 +2.0000000001617755e+00 +1.8375286991727214e-03 +9.9999984131724839e-01 +1.0000000000834723e+00 +1.0000000000834723e+00 +1.0000000000834723e+00 +1.0000000000834723e+00 +3.1843890553226092e-08 +3.1800064861385676e-08 +3.1754746727459643e-08 +3.1707919092588370e-08 +3.1659564408626938e-08
  1.50000000 +5.0000000000000000e+00 +2.0000000000411982e+00 +1.8375953864454013e-03 +9.9999967167541171e-01 +1.0000000000469091e+00 +1.0000000000469091e+00 +1.0000000000469091e+00 +1.0000000000469091e+00 +6.6183171934515823e-08 +6.5936673799979733e-08 +6.5682265090005536e-08 +6.5419898909550490e-08 +6.5149528020425359e-08
  2.00000000 +5.0000000000000000e+00 +2.0000000000356843e+00 +1.8376681159037009e-03 +9.9999948623498547e-01 +1.0000000000409670e+00 +1.0000000000409670e+00 +1.0000000000409670e+00 +1.0000000000409670e+00 +1.0436726611547293e-07 +1.0358714412392247e-07 +1.0278407755405409e-07 +1.0195812205152465e-07 +1.0110934097853688e-07
  2.50000000 +5.0000000000000000e+00 +1.9999999996338993e+00 +1.8377378948800642e-03 +9.9999930765210254e-01 +9.9999999990783117e-01 +9.9999999990783117e-01 +9.9999999990783117e-01 +9.9999999990783117e-01 +1.4186282720012986e-07 +1.4019896661737045e-07 +1.3849275832022445e-07 +1.3674492774763215e-07 +1.3495623743974617e-07
  3.00000000 +5.0000000000000000e+00 +1.9999999991500581e+00 +1.8377868381931222e-03 +9.9999918140073363e-01 +9.9999999986423249e-01 +9.9999999986423249e-01 +9.9999999986423249e-01 +9.9999999986423249e-01 +1.6983414058841647e-07 +1.6682434394442624e-07 +1.6375235303432265e-07 +1.6062071044976954e-07 +1.5743205293032644e-07
  3.50000000 +5.0000000000000000e+00 +2.0000000002163305e+00 +1.8378051431984397e-03 +9.9999913260567308e-01 +9.9999999992534838e-01 +9.9999999992534838e-01 +9.9999999992534838e-01 +9.9999999992534838e-01 +1.8296527921795175e-07 +1.7827869074227918e-07 +1.7352488623030042e-07 +1.6871009664884038e-07 +1.6384070921545066e-07
  4.00000000 +5.0000000000000000e+00 +2.0000000002288623e+00 +1.8377885223418925e-03 +9.9999917256309789e-01 +1.0000000000952092e+00 +1.0000000000952092e+00 +1.0000000000952092e+00 +1.0000000000952092e+00 +1.7844666204937180e-07 +1.7200951495780593e-07 +1.6553334758402630e-07 +1.5903022200678770e-07 +1.5251233528565835e-07
  4.50000000 +5.0000000000000000e+00 +2.0000000004827818e+00 +1.8377490949842968e-03 +9.9999927055072757e-01 +9.9999999995122235e-01 +9.9999999995122235e-01 +9.9999999995122235e-01 +9.9999999995122235e-01 +1.6168372718586920e-07 +1.5374264618321695e-07 +1.4583129684331357e-07 +1.3796879084486969e-07 +1.3017415619538575e-07
  5.00000000 +5.0000000000000000e+00 +2.0000000005867902e+00 +1.8376696150146168e-03 +9.9999947167079573e-01 +9.9999999997003819e-01 +9.9999999997003819e-01 +9.9999999997003819e-01 +9.9999999997003819e-01 +1.2259954763575580e-07 +1.1394909351759735e-07 +1.0546623978968066e-07 +9.7177174150337608e-08 +8.9107285488514506e-08
  5.50000000 +5.0000000000000000e+00 +2.0000000003347678e+00 +1.8376122332963366e-03 +9.9999961757082945e-01 +9.9999999995298727e-01 +9.9999999995298727e-01 +9.9999999995298727e-01 +9.9999999995298727e-01 +9.3264847456113791e-08 +8.4539521878084008e-08 +7.6130710070915956e-08 +6.8068019812145712e-08 +6.0379168979652659e-08
  6.00000000 +5.0000000000000000e+00 +1.9999999995872713e+00 +1.8375444331336017e-03 +9.9999979185114640e-01 +9.9999999992028843e-01 +9.9999999992028843e-01 +9.9999999992028843e-01 +9.9999999992028843e-01 +5.5534070027304850e-08 +4.8064480593633664e-08 +4.1091593876913769e-08 +3.4641661726909747e-08 +2.8737272578988049e-08
  6.50000000 +5.0000000000000000e+00 +1.9999999969188313e+00 +1.8374961834101437e-03 +9.9999991791568044e-01 +9.9999999997299083e-01 +9.9999999997299083e-01 +9.9999999997299083e-01 +9.9999999997299083e-01 +2.5540183752326621e-08 +2.0315490182185998e-08 +1.5751600529535871e-08 +1.1839461568139168e-08 +8.6105692153993933e-09
  7.00000000 +5.0000000000000000e+00 +1.9999999923491933e+00 +1.8374739881738052e-03 +9.9999997885886505e-01 +1.0000000000015874e+00 +1.0000000000015874e+00 +1.0000000000015874e+00 +1.0000000000015874e+00 +6.9847483496302091e-09 +4.8752404914116190e-09 +3.5033473107852613e-09 +2.8598826660836372e-09 +2.9195153988818008e-09
  7.50000000 +5.0000000000000000e+00 +1.9999999926529517e+00 +1.8374834273920345e-03 +9.9999995965067467e-01 +1.0000000000613662e+00 +1.0000000000613662e+00 +1.0000000000613662e+00 +1.0000000000613662e+00 +4.1161080337419487e-09 +5.4222692853726223e-09 +7.4276092256471368e-09 +1.0091249112958885e-08 +1.3353420639228695e-08
  8.00000000 +5.0000000000000000e+00 +1.9999999905613630e+00 +1.8375011793726620e-03 +9.9999991658163523e-01 +9.9999999991153432e-01 +9.9999999991175148e-01 +9.9999999991197486e-01 +9.9999999991220467e-01 +9.4878867740951540e-09 +1.2605101921499794e-08 +1.6246034789398671e-08 +2.0341376439606127e-08 +2.4814674714920520e-08
  8.50000000 +5.0000000000000000e+00 +1.9999999933441446e+00 +1.8375824623819434e-03 +9.9999971455168435e-01 +1.0000000001648224e+00 +1.0000000001648224e+00 +1.0000000001648224e+00 +1.0000000001648224e+00 +4.3648261156350849e-08 +5.0246832004300505e-08 +5.7051131823008292e-08 +6.3922312748642184e-08 +7.0744609092485119e-08
  9.00000000 +5.0000000000000000e+00 +1.9999999908500952e+00 +1.8376527042510986e-03 +9.9999953605027736e-01 +9.9999999999865152e-01 +9.9999999999865152e-01 +9.9999999999865152e-01 +9.9999999999865152e-01 +7.8771792021364605e-08 +8.6092650342555678e-08 +9.3159084133424359e-08 +9.9865885557297859e-08 +1.0605885614468013e-07
  9.50000000 +5.0000000000000000e+00 +1.9999999881350212e+00 +1.8377189016552024e-03 +9.9999936530595745e-01 +9.9999999991769806e-01 +9.9999999991769806e-01 +9.9999999991769806e-01 +9.9999999991769806e-01 +1.1599570049653116e-07 +1.2225323030009077e-07 +1.2778844142419338e-07 +1.3243857286085768e-07 +1.3613598196324606e-07
 10.00000000 +5.0000000000000000e+00 +1.9999999891442892e+00 +1.8376593038460691e-03 +9.9999950951107486e-01 +9.9999999991197608e-01 +9.9999999991197608e-01 +9.9999999991197608e-01 +9.9999999991197608e-01 +9.6494743589696462e-08 +9.8664708349788109e-08 +9.9509016677792707e-08 +9.8898930298745703e-08 +9.6833567611479473e-08
 10.50000000 +5.0000000000000000e+00 +1.9999999914191049e+00 +1.8377904259698540e-03 +9.9999917273829364e-01 +1.0000000001129157e+00 +1.0000000001129157e+00 +1.0000000001129157e+00 +1.0000000001129157e+00 +1.6972547845998768e-07 +1.6901334833348987e-07 +1.6688344751178925e-07 +1.6335278699143188e-07 +1.5839959329758586e-07
 11.00000000 +5.0000000000000000e+00 +1.9999999926186620e+00 +1.8377841855135421e-03 +9.9999918164528845e-01 +9.9999999993468935e-01 +9.9999999993468935e-01 +9.9999999993468935e-01 +9.9999999993468935e-01 +1.7756791755225069e-07 +1.7199978480446133e-07 +1.6498969786966864e-07 +1.5665137901007656e-07 +1.4708070870476465e-07
 11.50000000 +5.0000000000000000e+00 +1.9999999929475334e+00 +1.8377495175736190e-03 +9.9999926398676231e-01 +1.0000000000297282e+00 +1.0000000000297282e+00 +1.0000000000297282e+00 +1.0000000000297282e+00 +1.6979688159386463e-07 +1.5954850849206930e-07 +1.4813530233692261e-07 +1.3581350520216525e-07 +1.2274876172587075e-07
 12.00000000 +5.0000000000000000e+00 +1.9999999909779504e+00 +1.8376923122272455e-03 +9.9999940581230029e-01 +1.0000000000957823e+00 +1.0000000000946123e+00 +1.0000000000934306e+00 +1.0000000000922398e+00 +1.4722793962390408e-07 +1.3346885369141339e-07 +1.1914763097414362e-07 +1.0454475293638100e-07 +8.9989921393348672e-08
 12.50000000 +5.0000000000000000e+00 +1.9999999902053633e+00 +1.8376263883434138e-03 +9.9999957215094615e-01 +1.0000000000518849e+00 +1.0000000000505747e+00 +1.0000000000492364e+00 +1.0000000000478728e+00 +1.1649699379058761e-07 +1.0050776009693667e-07 +8.4861652472462554e-08 +6.9975671955275700e-08 +5.6081019057827516e-08
 13.00000000 +5.0000000000000000e+00 +1.9999999944538640e+00 +1.8375668779578871e-03 +9.9999972602635390e-01 +9.9999999993945365e-01 +9.9999999993945365e-01 +9.9999999993945365e-01 +9.9999999993945365e-01 +8.2477780388901084e-08 +6.7360523742559910e-08 +5.3386789642301678e-08 +4.0771821405014014e-08 +2.9916357297053309e-08
 13.50000000 +5.0000000000000000e+00 +1.9999999922053633e+00 +1.8375196529627511e-03 +9.9999985174043460e-01 +9.9999999995247746e-01 +9.9999999995365507e-01 +9.9999999995486533e-01 +9.9999999995610755e-01 +5.0016983131791671e-08 +3.7820161042709676e-08 +2.7541540616677333e-08 +1.9407094042426570e-08 +1.3645470772990341e-08
 14.00000000 +5.0000000000000000e+00 +1.9999999873224330e+00 +1.8374966794700201e-03 +9.9999991777145569e-01 +9.9999999992977884e-01 +9.9999999992987920e-01 +9.9999999992998334e-01 +9.9999999993009125e-01 +2.6253611815623761e-08 +1.8888341980517001e-08 +1.3953141954382059e-08 +1.1561474831434558e-08 +1.1703470015129783e-08
 14.50000000 +5.0000000000000000e+00 +1.9999999894497760e+00 +1.8375033220801884e-03 +9.9999990912132430e-01 +9.9999999991671273e-01 +9.9999999991667865e-01 +9.9999999991664967e-01 +9.9999999991662636e-01 +1.6204481719005339e-08 +1.4680801336389034e-08 +1.5738525856071682e-08 +1.9284821422260975e-08 +2.5106769157491979e-08
 15.00000000 +5.0000000000000000e+00 +1.9999999824294723e+00 +1.8375211506850672e-03 +9.9999987007721525e-01 +9.9999999991011501e-01 +9.9999999991011501e-01 +9.9999999991011501e-01 +9.9999999991011501e-01 +1.4109461240494257e-08 +1.8140844011589965e-08 +2.4240207764955948e-08 +3.2116224135628748e-08 +4.1226122733762494e-08
 15.50000000 +5.0000000000000000e+00 +1.9999999854032255e+00 +1.8375761095727034e-03 +9.9999973634710848e-01 +9.9999999993948729e-01 +9.9999999993948729e-01 +9.9999999993948729e-01 +9.9999999993948729e-01 +3.1653502262413302e-08 +4.0985736819243718e-08 +5.1830186318205994e-08 +6.3524359547313077e-08 +7.5598637016738279e-08
 16.00000000 +5.0000000000000000e+00 +1.9999999836960831e+00 +1.8375921468710490e-03 +9.9999969469218508e-01 +1.0000000000270060e+00 +1.0000000000275961e+00 +1.0000000000281841e+00 +1.0000000000287681e+00 +4.0121357698130157e-08 +5.0391000767026964e-08 +6.1120351581575399e-08 +7.1804164530999434e-08 +8.1749683347860075e-08
 16.50000000 +5.0000000000000000e+00 +1.9999999872316014e+00 +1.8376930817006322e-03 +9.9999943844607320e-01 +1.0000000000706097e+00 +1.0000000000681959e+00 +1.0000000000656526e+00 +1.0000000000630089e+00 +8.9439384556745255e-08 +1.0228873170491482e-07 +1.1398668356371054e-07 +1.2394067503332513e-07 +1.3163468103831703e-07
 17.00000000 +5.0000000000000000e+00 +1.9999999805755482e+00 +1.8377401412675669e-03 +9.9999931289440347e-01 +9.9999999998576539e-01 +9.9999999999006239e-01 +9.9999999999519962e-01 +1.0000000000011888e+00 +1.2217907713837073e-07 +1.3242668377713535e-07 +1.4039874770504441e-07 +1.4538831642159351e-07 +1.4721085056098504e-07
 17.50000000 +5.0000000000000000e+00 +1.9999999856176558e+00 +1.8377599849142921e-03 +9.9999925376131460e-01 +9.9999999972529519e-01 +9.9999999973156506e-01 +9.9999999973904330e-01 +9.9999999974768583e-01 +1.4541316839326070e-07 +1.5066802882679302e-07 +1.5275615620958875e-07 +1.5130060534419852e-07 +1.4633111262350783e-07
 18.00000000 +5.0000000000000000e+00 +1.9999999836227085e+00 +1.8377586212405068e-03 +9.9999924803699847e-01 +9.9999999996281563e-01 +9.9999999995882694e-01 +9.9999999995476707e-01 +9.9999999995064814e-01 +1.5981520094584558e-07 +1.5859355801515327e-07 +1.5387809948312140e-07 +1.4557779788549188e-07 +1.3410204796245278e-07
 18.50000000 +5.0000000000000000e+00 +1.9999999783910929e+00 +1.8377379705045774e-03 +9.9999929185678305e-01 +9.9999999985248422e-01 +9.9999999985551291e-01 +9.9999999985871924e-01 +9.9999999986208343e-01 +1.6410801436777501e-07 +1.5591625501299460e-07 +1.4442604370373495e-07 +1.3006585665205518e-07 +1.1354461144334952e-07
 19.00000000 +5.0000000000000000e+00 +1.9999999808836331e+00 +1.8376973825836580e-03 +9.9999938875211436e-01 +9.9999999992431188e-01 +9.9999999992568678e-01 +9.9999999992723665e-01 +9.9999999992888777e-01 +1.5509949577229071e-07 +1.4051189949598982e-07 +1.2361507261064226e-07 +1.0528274042461077e-07 +8.6350545799168539e-08
 19.50000000 +5.0000000000000000e+00 +1.9999999716128440e+00 +1.8376428192367394e-03 +9.9999952574511008e-01 +1.0000000000720053e+00 +1.0000000000748621e+00 +1.0000000000778919e+00 +1.0000000000810072e+00 +1.3243535024602602e-07 +1.1389146543839633e-07 +9.4702570266083396e-08 +7.5567624208752889e-08 +5.7875376699767602e-08
 20.00000000 +5.0000000000000000e+00 +1.9999999639622410e+00 +1.8376104337416489e-03 +9.9999960719368997e-01 +1.0000000001274891e+00 +1.0000000001315668e+00 +1.0000000001346616e+00 +1.0000000001366711e+00 +1.1888696466912409e-07 +9.7378700321387830e-08 +7.6720012168309753e-08 +5.7734428592306427e-08 +4.1740782344665991e-08
 20.50000000 +5.0000000000000000e+00 +1.9999999623442442e+00 +1.8375505569166871e-03 +9.9999976817803027e-01 +9.9999999999825806e-01 +9.9999999998918043e-01 +9.9999999998123223e-01 +9.9999999997463973e-01 +7.6006370302629855e-08 +5.8105667246042247e-08 +4.2791547856146560e-08 +3.1192409323118393e-08 +2.3947360941387440e-08
 21.00000000 +5.0000000000000000e+00 +1.9999999725655733e+00 +1.8375286937056523e-03 +9.9999983269103654e-01 +1.0000000000618174e+00 +1.0000000000668210e+00 +1.0000000000722420e+00 +1.0000000000780516e+00 +5.1601570123706895e-08 +3.8202557292358367e-08 +2.8901202828110751e-08 +2.4439010100420657e-08 +2.4590944205452391e-08
 21.50000000 +5.0000000000000000e+00 +1.9999999796474233e+00 +1.8375240800185654e-03 +9.9999985374310896e-01 +9.9999999997194788e-01 +9.9999999997075983e-01 +9.9999999996856725e-01 +9.9999999996533218e-01 +3.3503983065900630e-08 +2.6435368917750196e-08 +2.4438755639025709e-08 +2.7137996664806100e-08 +3.4155258642107116e-08
 22.00000000 +5.0000000000000000e+00 +1.9999999977113230e+00 +1.8375436581677749e-03 +9.9999981347943045e-01 +1.0000000001687124e+00 +1.0000000001620430e+00 +1.0000000001544720e+00 +1.0000000001461455e+00 +2.7189549579562405e-08 +2.7805228563575846e-08 +3.3291860382941391e-08 +4.2682212042548311e-08 +5.5109199148856301e-08
 22.50000000 +5.0000000000000000e+00 +1.9999999909608761e+00 +1.8375360742817848e-03 +9.9999983378270429e-01 +1.0000000001516709e+00 +1.0000000001474143e+00 +1.0000000001423643e+00 +1.0000000001365323e+00 +2.0610591441532153e-08 +2.3481827094721000e-08 +3.0079446956277954e-08 +4.0058688829482466e-08 +5.1941109151450947e-08
 23.00000000 +5.0000000000000000e+00 +1.9999999906456092e+00 +1.8376265848344931e-03 +9.9999961272880145e-01 +1.0000000001398599e+00 +1.0000000001497313e+00 +1.0000000001598641e+00 +1.0000000001700740e+00 +4.9110720285445735e-08 +6.2181482940613777e-08 +7.7187229934635767e-08 +9.2614255400066416e-08 +1.0661806668197181e-07
 23.50000000 +5.0000000000000000e+00 +1.9999999833038165e+00 +1.8376763277062201e-03 +9.9999948453971987e-01 +1.0000000000359186e+00 +1.0000000000514857e+00 +1.0000000000671292e+00 +1.0000000000825473e+00 +7.4438827103658678e-08 +9.0095855239134572e-08 +1.0513336738668276e-07 +1.1826858104558457e-07 +1.2783803785482201e-07
 24.00000000 +5.0000000000000000e+00 +1.9999999856782453e+00 +1.8376666259668842e-03 +9.9999950325969134e-01 +9.9999999990067023e-01 +9.9999999988743249e-01 +9.9999999987295718e-01 +9.9999999985748900e-01 +7.7577485480726051e-08 +9.0888494654984788e-08 +1.0236323045888453e-07 +1.1079158758980780e-07 +1.1485786941282339e-07
 24.50000000 +5.0000000000000000e+00 +1.9999999881405683e+00 +1.8377305179899212e-03 +9.9999933254425255e-01 +9.9999999982411469e-01 +9.9999999982396592e-01 +9.9999999982363197e-01 +9.9999999982309107e-01 +1.2166648967127430e-07 +1.3237669565688985e-07 +1.3890368852918094e-07 +1.3966596505962559e-07 +1.3499542425338800e-07
 25.00000000 +5.0000000000000000e+00 +1.9999999905069139e+00 +1.8377927789352336e-03 +9.9999916384603449e-01 +9.9999999992173227e-01 +9.9999999991846844e-01 +9.9999999991670996e-01 +9.9999999991657418e-01 +1.6994999667775878e-07 +1.7490545657573709e-07 +1.7334018635515115e-07 +1.6580290278130365e-07 +1.5245436036860227e-07
 25.50000000 +5.0000000000000000e+00 +1.9999999750153716e+00 +1.8377165082329456e-03 +9.9999934883109054e-01 +9.9999999996217193e-01 +9.9999999997868150e-01 +9.9999999999630274e-01 +1.0000000000146514e+00 +1.4720617878711538e-07 +1.4395557084334221e-07 +1.3500396159744850e-07 +1.2126744813639415e-07 +1.0370185422005344e-07
 26.00000000 +5.0000000000000000e+00 +1.9999999785807474e+00 +1.8376892373393927e-03 +9.9999941050922780e-01 +9.9999999987872923e-01 +9.9999999986397814e-01 +9.9999999984951327e-01 +9.9999999983606447e-01 +1.4789438421666531e-07 +1.3678713103696835e-07 +1.2098479660073575e-07 +1.0215266290908129e-07 +8.1688566435455481e-08
 26.50000000 +5.0000000000000000e+00 +1.9999999867091351e+00 +1.8376493144912267e-03 +9.9999950909557744e-01 +9.9999999989368482e-01 +9.9999999990207578e-01 +9.9999999991133026e-01 +9.9999999992126187e-01 +1.3529830780513523e-07 +1.1862426915973507e-07 +9.8997342160952188e-08 +7.8675036969848893e-08 +5.9847739710031404e-08
 27.00000000 +5.0000000000000000e+00 +1.9999999965487416e+00 +1.8376148609273958e-03 +9.9999959754748091e-01 +1.0000000003223113e+00 +1.0000000003224452e+00 +1.0000000003198846e+00 +1.0000000003144074e+00 +1.1953636717069821e-07 +9.9146781486504524e-08 +7.8419992610539397e-08 +5.9810273068138588e-08 +4.5061468242124870e-08
 27.50000000 +5.0000000000000000e+00 +1.9999999878795856e+00 +1.8375802956022277e-03 +9.9999969023531166e-01 +1.0000000000251632e+00 +1.0000000000333160e+00 +1.0000000000396394e+00 +1.0000000000439486e+00 +9.6569130369692868e-08 +7.5815890184060597e-08 +5.7638948239096067e-08 +4.3713837848901106e-08 +3.6102967427397408e-08
 28.00000000 +5.0000000000000000e+00 +1.9999999884365229e+00 +1.8375573665670236e-03 +9.9999975683085918e-01 +1.0000000000008407e+00 +9.9999999998386313e-01 +9.9999999996451439e-01 +9.9999999994313671e-01 +7.2627053504945456e-08 +5.5269653148339480e-08 +4.2652603746291078e-08 +3.6230979353673451e-08 +3.6340927763346384e-08
 28.50000000 +5.0000000000000000e+00 +1.9999999902105061e+00 +1.8375564774955914e-03 +9.9999976859527107e-01 +1.0000000000815228e+00 +1.0000000000865872e+00 +1.0000000000913651e+00 +1.0000000000958735e+00 +5.6465492814406669e-08 +4.5033191304801565e-08 +3.9655563816072322e-08 +4.1156433606932495e-08 +4.8401532739580169e-08
 29.00000000 +5.0000000000000000e+00 +1.9999999906631978e+00 +1.8375686175646389e-03 +9.9999974734078600e-01 +1.0000000001981937e+00 +1.0000000002124101e+00 +1.0000000002259841e+00 +1.0000000002382330e+00 +4.6489167827434349e-08 +4.2222119131037606e-08 +4.4817808349478399e-08 +5.3122365477299471e-08 +6.5939976145964819e-08
 29.50000000 +5.0000000000000000e+00 +1.9999999827327206e+00 +1.8375879557841093e-03 +9.9999970478297617e-01 +1.0000000001829690e+00 +1.0000000001834328e+00 +1.0000000001823230e+00 +1.0000000001796501e+00 +4.2914685277456064e-08 +4.6109048473840555e-08 +5.4958336029879547e-08 +6.8028673442711350e-08 +8.2881670530394397e-08
 30.00000000 +5.0000000000000000e+00 +1.9999999948318405e+00 +1.8376395387446102e-03 +9.9999958067762651e-01 +1.0000000002048597e+00 +1.0000000001994063e+00 +1.0000000001943632e+00 +1.0000000001898692e+00 +5.5095288588180404e-08 +6.6391363893141737e-08 +8.1943722851764996e-08 +9.9824175433228230e-08 +1.1629468393677729e-07
 30.50000000 +5.0000000000000000e+00 +1.9999999863970508e+00 +1.8376527106838362e-03 +9.9999954372976596e-01 +9.9999999978621068e-01 +9.9999999978148335e-01 +9.9999999977756060e-01 +9.9999999977389542e-01 +6.3475585377806085e-08 +7.7636156777510102e-08 +9.2840395684709333e-08 +1.0662492327549698e-07 +1.1634703671533780e-07
 31.00000000 +5.0000000000000000e+00 +1.9999999993926967e+00 +1.8376701622472773e-03 +9.9999949612644212e-01 +1.0000000000521436e+00 +1.0000000000320162e+00 +1.0000000000154403e+00 +1.0000000000034674e+00 +7.5934319810470323e-08 +9.0881321163900073e-08 +1.0441365218980801e-07 +1.1449175727428009e-07 +1.1869398907342843e-07
 31.50000000 +5.0000000000000000e+00 +1.9999999936564503e+00 +1.8377011130440567e-03 +9.9999940950810573e-01 +1.0000000001594915e+00 +1.0000000001560418e+00 +1.0000000001528910e+00 +1.0000000001493845e+00 +1.0158744741431827e-07 +1.1519001895594578e-07 +1.2389700992481164e-07 +1.2684013826026484e-07 +1.2231086921330012e-07
 32.00000000 +5.0000000000000000e+00 +1.9999999818777081e+00 +1.8377030147878803e-03 +9.9999939616336919e-01 +1.0000000000862488e+00 +1.0000000001092710e+00 +1.0000000001323825e+00 +1.0000000001532836e+00 +1.1694547307768056e-07 +1.2521411067577586e-07 +1.2771027483276003e-07 +1.2293926493158604e-07 +1.1163776344619150e-07
 32.50000000 +5.0000000000000000e+00 +1.9999999902578065e+00 +1.8376983112336734e-03 +9.9999939924963221e-01 +1.0000000000265972e+00 +1.0000000000202098e+00 +1.0000000000138074e+00 +1.0000000000074729e+00 +1.3022978673951523e-07 +1.3184160161246896e-07 +1.2645858544011322e-07 +1.1484527898327695e-07 +9.8209236883533885e-08
 33.00000000 +5.0000000000000000e+00 +1.9999999819927841e+00 +1.8376777207435269e-03 +9.9999944391633799e-01 +1.0000000000875156e+00 +1.0000000000803009e+00 +1.0000000000717821e+00 +1.0000000000625118e+00 +1.3423108363987562e-07 +1.2837080303024647e-07 +1.1570740279395193e-07 +9.8454931647934470e-08 +7.9206133020090491e-08
 33.50000000 +5.0000000000000000e+00 +2.0000000081126794e+00 +1.8376585780205221e-03 +9.9999948878684386e-01 +9.9999999958434316e-01 +9.9999999959656183e-01 +9.9999999961286967e-01 +9.9999999963311770e-01 +1.3382987088748936e-07 +1.2176360085420341e-07 +1.0416357712520091e-07 +8.5451693871412621e-08 +6.6912272119145313e-08
 34.00000000 +5.0000000000000000e+00 +2.0000000130752578e+00 +1.8376284514253862e-03 +9.9999956559905268e-01 +9.9999999985599586e-01 +9.9999999987085286e-01 +9.9999999988559873e-01 +9.9999999989935440e-01 +1.2207284491702921e-07 +1.0495839668097320e-07 +8.6274850776400983e-08 +6.7876834940074606e-08 +5.4143606610656199e-08
 34.50000000 +5.0000000000000000e+00 +2.0000000185725821e+00 +1.8376033336773231e-03 +9.9999963246987955e-01 +9.9999999967381936e-01 +9.9999999963911579e-01 +9.9999999960692632e-01 +9.9999999957862740e-01 +1.0657125722103283e-07 +8.7627530586657744e-08 +6.9747174141485847e-08 +5.5738880851684192e-08 +4.8012553652561416e-08
 35.00000000 +5.0000000000000000e+00 +1.9999999907664285e+00 +1.8375754444408974e-03 +9.9999970933167526e-01 +9.9999999948591223e-01 +9.9999999951188945e-01 +9.9999999953627006e-01 +9.9999999955816887e-01 +8.4195515130083584e-08 +6.6522244743512700e-08 +5.2471091557698834e-08 +4.4460537669326518e-08 +4.3642118885880557e-08
 35.50000000 +5.0000000000000000e+00 +2.0000000136089451e+00 +1.8375809132976852e-03 +9.9999970366417990e-01 +1.0000000001417579e+00 +1.0000000001339202e+00 +1.0000000001270475e+00 +1.0000000001222691e+00 +7.4647232156297551e-08 +6.0739555212951812e-08 +5.2364534684012268e-08 +5.0981453600770017e-08 +5.7568392723733043e-08
 36.00000000 +5.0000000000000000e+00 +2.0000000123129613e+00 +1.8376093435825424e-03 +9.9999964074575154e-01 +1.0000000001751339e+00 +1.0000000001796550e+00 +1.0000000001721268e+00 +1.0000000001541010e+00 +7.4696118943670156e-08 +6.5010236136245945e-08 +6.3571553805356929e-08 +7.1164290671615727e-08 +8.4801030155992641e-08
 36.50000000 +5.0000000000000000e+00 +2.0000000201098334e+00 +1.8376028870760125e-03 +9.9999966212760139e-01 +9.9999999975442389e-01 +9.9999999977662024e-01 +9.9999999980205012e-01 +9.9999999982846155e-01 +5.9247203561174928e-08 +5.7386607134590730e-08 +6.2869652549110338e-08 +7.3260166495595247e-08 +8.6261372905191083e-08
 37.00000000 +5.0000000000000000e+00 +2.0000000181056907e+00 +1.8376197012357749e-03 +9.9999962306976919e-01 +9.9999999981804288e-01 +9.9999999982818077e-01 +9.9999999984246835e-01 +9.9999999986052590e-01 +5.8765483083011203e-08 +6.2858166141919946e-08 +7.3308837442481954e-08 +8.5656877361616419e-08 +9.7389940964601830e-08
 37.50000000 +5.0000000000000000e+00 +2.0000000194689354e+00 +1.8376698583748316e-03 +9.9999949851916681e-01 +1.0000000002021774e+00 +1.0000000002161558e+00 +1.0000000002319536e+00 +1.0000000002479030e+00 +7.5819084136532393e-08 +8.6796709726902774e-08 +1.0073255326472044e-07 +1.1442210168589970e-07 +1.2412271660101036e-07
 38.00000000 +5.0000000000000000e+00 +2.0000000270887850e+00 +1.8376560836937269e-03 +9.9999952830844607e-01 +9.9999999996373146e-01 +9.9999999998254274e-01 +1.0000000000053599e+00 +1.0000000000327423e+00 +7.3993920139849886e-08 +8.5516889422978494e-08 +9.7487599263841651e-08 +1.0608972271059877e-07 +1.0862131855185682e-07
 38.50000000 +5.0000000000000000e+00 +2.0000000288656459e+00 +1.8376780706610874e-03 +9.9999946812189111e-01 +9.9999999999608435e-01 +9.9999999997736833e-01 +9.9999999996129396e-01 +9.9999999994924815e-01 +9.0206535764740787e-08 +1.0251771077015902e-07 +1.1165834202392424e-07 +1.1562292772944920e-07 +1.1177609626220101e-07
 39.00000000 +5.0000000000000000e+00 +2.0000000437776717e+00 +1.8376787109481883e-03 +9.9999945905264787e-01 +1.0000000000485758e+00 +1.0000000000579297e+00 +1.0000000000716691e+00 +1.0000000000898077e+00 +1.0273143021354454e-07 +1.1120584879486092e-07 +1.1515887406087991e-07 +1.1156869683019135e-07 +1.0117813915749116e-07
 39.50000000 +5.0000000000000000e+00 +2.0000000482118114e+00 +1.8376759038191935e-03 +9.9999946015061592e-01 +9.9999999962278430e-01 +9.9999999962309172e-01 +9.9999999963336073e-01 +9.9999999965238007e-01 +1.1183563986367358e-07 +1.1649169073417889e-07 +1.1446486832902972e-07 +1.0594581933142952e-07 +9.2124028574641373e-08
 40.00000000 +5.0000000000000000e+00 +2.0000000350110700e+00 +1.8377203633516835e-03 +9.9999933827120291e-01 +1.0000000002482858e+00 +1.0000000002625724e+00 +1.0000000002736198e+00 +1.0000000002823080e+00 +1.4754343715050164e-07 +1.4892531532233381e-07 +1.4016788037595534e-07 +1.2385714538759922e-07 +1.0113332636002659e-07
 40.50000000 +5.0000000000000000e+00 +2.0000000375864095e+00 +1.8376590523220546e-03 +9.9999949334815919e-01 +9.9999999960291841e-01 +9.9999999962203412e-01 +9.9999999965834829e-01 +9.9999999971182030e-01 +1.2411978171504333e-07 +1.1694801801778935e-07 +1.0452781991451073e-07 +8.8505730683976430e-08 +7.3239862910669131e-08
 41.00000000 +5.0000000000000000e+00 +2.0000000290248900e+00 +1.8376316846169011e-03 +9.9999956098889398e-01 +9.9999999972792508e-01 +9.9999999971148024e-01 +9.9999999970493403e-01 +9.9999999971010045e-01 +1.1621430926469141e-07 +1.0392272659953239e-07 +8.7430144000678409e-08 +7.1885214846368708e-08 +5.9448811760073641e-08
 41.50000000 +5.0000000000000000e+00 +2.0000000276135101e+00 +1.8376199764385728e-03 +9.9999959366955760e-01 +9.9999999980254561e-01 +9.9999999979099963e-01 +9.9999999978532761e-01 +9.9999999978522347e-01 +1.0918203583124269e-07 +9.4458292214629809e-08 +7.8960357410030556e-08 +6.6012379693890893e-08 +5.9301264669133391e-08
 42.00000000 +5.0000000000000000e+00 +2.0000000512648071e+00 +1.8376094588593869e-03 +9.9999962349565097e-01 +9.9999999994508204e-01 +9.9999999998011280e-01 +1.0000000000156797e+00 +1.0000000000489464e+00 +1.0126077036191106e-07 +8.5120808351477714e-08 +7.0503481453676886e-08 +6.1388757610758162e-08 +5.9457080200499925e-08
 42.50000000 +5.0000000000000000e+00 +2.0000000614883464e+00 +1.8376107762122572e-03 +9.9999962641328466e-01 +1.0000000003569933e+00 +1.0000000003552529e+00 +1.0000000003426865e+00 +1.0000000003186449e+00 +9.1930441015763523e-08 +7.7396663272492203e-08 +6.7920919337047327e-08 +6.5162021962903939e-08 +7.0103651000865133e-08
 43.00000000 +5.0000000000000000e+00 +2.0000000608580604e+00 +1.8376004409264362e-03 +9.9999965862978168e-01 +1.0000000004227456e+00 +1.0000000004050706e+00 +1.0000000003708065e+00 +1.0000000003210463e+00 +7.5837119715481664e-08 +6.5601786812508492e-08 +6.1419946903092902e-08 +6.4530791789171630e-08 +7.2941914470247028e-08
 43.50000000 +5.0000000000000000e+00 +2.0000000515554115e+00 +1.8376144277477704e-03 +9.9999962751574833e-01 +1.0000000002988743e+00 +1.0000000003086451e+00 +1.0000000003112246e+00 +1.0000000003069134e+00 +7.3479432354584110e-08 +6.7489120511178310e-08 +6.9091935233651653e-08 +7.5731736455805675e-08 +8.5420808418791988e-08
 44.00000000 +5.0000000000000000e+00 +2.0000000375838174e+00 +1.8376235208985919e-03 +9.9999960819916300e-01 +1.0000000001485918e+00 +1.0000000001498643e+00 +1.0000000001518941e+00 +1.0000000001587572e+00 +6.9672737837972914e-08 +6.9066781876041197e-08 +7.4921896054760582e-08 +8.4542448008085843e-08 +9.3542827072530876e-08
 44.50000000 +5.0000000000000000e+00 +2.0000000525002339e+00 +1.8376343157322508e-03 +9.9999958180223225e-01 +1.0000000000776545e+00 +1.0000000000883691e+00 +1.0000000000888727e+00 +1.0000000000792062e+00 +7.0026718737683394e-08 +7.3880174127539160e-08 +8.2814882411215967e-08 +9.2543475811017053e-08 +9.8650966685516136e-08
 45.00000000 +5.0000000000000000e+00 +2.0000000686567687e+00 +1.8376397849931168e-03 +9.9999956664102241e-01 +9.9999999996379163e-01 +9.9999999994994770e-01 +9.9999999993890176e-01 +9.9999999993509758e-01 +7.2270705962667769e-08 +7.9786591999234402e-08 +8.8880032777649232e-08 +9.5952916187868730e-08 +9.7421200399733066e-08
 45.50000000 +5.0000000000000000e+00 +2.0000000490137202e+00 +1.8376588874015995e-03 +9.9999951492472394e-01 +9.9999999949526930e-01 +9.9999999950976637e-01 +9.9999999952744212e-01 +9.9999999955023711e-01 +8.5099210557459786e-08 +9.4070252857511799e-08 +1.0175634955887035e-07 +1.0460128122924478e-07 +1.0111462430258332e-07
 46.00000000 +5.0000000000000000e+00 +2.0000000685971711e+00 +1.8376585630258393e-03 +9.9999951134617304e-01 +9.9999999968076880e-01 +9.9999999969075093e-01 +9.9999999971734876e-01 +9.9999999976026688e-01 +9.1103583684591565e-08 +9.9394527264606412e-08 +1.0330954637275371e-07 +1.0182204926644273e-07 +9.3411611227380087e-08
 46.50000000 +5.0000000000000000e+00 +2.0000000711138042e+00 +1.8376615569483644e-03 +9.9999949940020094e-01 +1.0000000003225669e+00 +1.0000000002462566e+00 +1.0000000001749412e+00 +1.0000000001175158e+00 +1.0008280990606631e-07 +1.0598247506984418e-07 +1.0545233012025782e-07 +9.9711023391498049e-08 +8.8308822555566160e-08
 47.00000000 +5.0000000000000000e+00 +2.0000000534490705e+00 +1.8376559546794751e-03 +9.9999950957842743e-01 +1.0000000003563896e+00 +1.0000000002891827e+00 +1.0000000002257676e+00 +1.0000000001738811e+00 +1.0620183876919772e-07 +1.0787282919284918e-07 +1.0287352832127386e-07 +9.2878519080433888e-08 +8.0318157547791803e-08
 47.50000000 +5.0000000000000000e+00 +2.0000000452552746e+00 +1.8376486364106422e-03 +9.9999952527267855e-01 +1.0000000004909069e+00 +1.0000000004904739e+00 +1.0000000005066054e+00 +1.0000000005405063e+00 +1.0959861556599906e-07 +1.0681055057688465e-07 +9.8332443733470964e-08 +8.6139723781596982e-08 +7.3159343146971268e-08
 48.00000000 +5.0000000000000000e+00 +2.0000000436184027e+00 +1.8376614053275634e-03 +9.9999949082622719e-01 +1.0000000002376970e+00 +1.0000000002545828e+00 +1.0000000002637359e+00 +1.0000000002603107e+00 +1.2294853241972385e-07 +1.1498256665215410e-07 +1.0236569538647381e-07 +8.8719758732569797e-08 +7.9725041869368026e-08
 48.50000000 +5.0000000000000000e+00 +2.0000000671618561e+00 +1.8376231025063298e-03 +9.9999958913134301e-01 +1.0000000005644987e+00 +1.0000000005463945e+00 +1.0000000005140712e+00 +1.0000000004723317e+00 +1.0372410601777557e-07 +9.2663596786657940e-08 +8.0009538369535280e-08 +6.9343236549150118e-08 +6.3271379273068317e-08
 49.00000000 +5.0000000000000000e+00 +2.0000000545950205e+00 +1.8376228685812773e-03 +9.9999959179057263e-01 +1.0000000000789819e+00 +1.0000000000979701e+00 +1.0000000001096494e+00 +1.0000000001135116e+00 +1.0190550748010077e-07 +8.9856248571428047e-08 +7.7890788517123015e-08 +6.9482628131332486e-08 +6.7827818846578863e-08
 49.50000000 +5.0000000000000000e+00 +2.0000000504462343e+00 +1.8376226676696161e-03 +9.9999959588693565e-01 +1.0000000003264480e+00 +1.0000000003108098e+00 +1.0000000002970921e+00 +1.0000000002878242e+00 +9.7363067388382554e-08 +8.5319998267014568e-08 +7.5071604445005122e-08 +7.1910568031424190e-08 +7.4815137324165497e-08
 50.00000000 +5.0000000000000000e+00 +2.0000000354902756e+00 +1.8376208614151474e-03 +9.9999960007938526e-01 +9.9999999960213493e-01 +9.9999999971974884e-01 +9.9999999984990495e-01 +9.9999999998174316e-01 +9.6431383342853034e-08 +8.3322882546622938e-08 +7.4983006960852866e-08 +7.1618604543871776e-08 +7.4358731863795585e-08
 50.50000000 +5.0000000000000000e+00 +2.0000000354765177e+00 +1.8376245733657793e-03 +9.9999959835583851e-01 +9.9999999970091624e-01 +9.9999999975669296e-01 +9.9999999982040655e-01 +9.9999999988016697e-01 +8.5685649506717596e-08 +7.7498367541799719e-08 +7.5745555286186343e-08 +7.9110691321905095e-08 +8.5784009896640770e-08
 51.00000000 +5.0000000000000000e+00 +2.0000000332658701e+00 +1.8376323845063684e-03 +9.9999958050045623e-01 +1.0000000004824521e+00 +1.0000000005083955e+00 +1.0000000005278689e+00 +1.0000000005387775e+00 +8.2483587943296968e-08 +7.8984285671963244e-08 +8.0808335428067465e-08 +8.5101763769753305e-08 +9.1004161127255835e-08
 51.50000000 +5.0000000000000000e+00 +2.0000000417374184e+00 +1.8376342739421529e-03 +9.9999957700423425e-01 +9.9999999988665211e-01 +9.9999999989482757e-01 +9.9999999988707777e-01 +9.9999999986403798e-01 +7.8911246455212609e-08 +7.8653503097071294e-08 +8.3588420504918135e-08 +8.9615881049998123e-08 +9.2951604660135740e-08
 52.00000000 +5.0000000000000000e+00 +2.0000000350932021e+00 +1.8376401192047537e-03 +9.9999956155365510e-01 +1.0000000005897771e+00 +1.0000000005220937e+00 +1.0000000004207197e+00 +1.0000000002965446e+00 +7.9356737705272202e-08 +8.2716600631942778e-08 +8.8244306747735782e-08 +9.2320661516808998e-08 +9.3587522788949983e-08
 52.50000000 +5.0000000000000000e+00 +2.0000000342746671e+00 +1.8376482572579895e-03 +9.9999954017665726e-01 +1.0000000003761975e+00 +1.0000000003258258e+00 +1.0000000002669172e+00 +1.0000000002068123e+00 +8.3724767303994889e-08 +8.9329136929636642e-08 +9.4876823745148029e-08 +9.6846728336905435e-08 +9.4283861525758033e-08
 53.00000000 +5.0000000000000000e+00 +2.0000000327693828e+00 +1.8376455631639451e-03 +9.9999954430000659e-01 +9.9999999919161675e-01 +9.9999999921696925e-01 +9.9999999925248684e-01 +9.9999999929893024e-01 +8.5931404457092780e-08 +9.1639176292019923e-08 +9.5680849877536248e-08 +9.4773745119593786e-08 +8.9340742074216150e-08
 53.50000000 +5.0000000000000000e+00 +2.0000000167930230e+00 +1.8376457509483685e-03 +9.9999954116058198e-01 +1.0000000002944112e+00 +1.0000000003271690e+00 +1.0000000003487173e+00 +1.0000000003583029e+00 +9.0597921529644414e-08 +9.5385135869177449e-08 +9.5982540982747589e-08 +9.2047446646856768e-08 +8.4140140852902743e-08
 54.00000000 +5.0000000000000000e+00 +2.0000000020899544e+00 +1.8376593974382340e-03 +9.9999950399070903e-01 +9.9999999966199438e-01 +9.9999999970949283e-01 +9.9999999977753862e-01 +9.9999999985603738e-01 +1.0371682461631283e-07 +1.0588047135947298e-07 +1.0378363332638935e-07 +9.6801501773821374e-08 +8.7208116051990796e-08
 54.50000000 +5.0000000000000000e+00 +2.0000000032259191e+00 +1.8376388962242055e-03 +9.9999955412612007e-01 +1.0000000001786340e+00 +1.0000000003634693e+00 +1.0000000005566909e+00 +1.0000000007369783e+00 +9.7542722490554234e-08 +9.6645742522826780e-08 +9.1532780333983105e-08 +8.3583127859631330e-08 +7.5177360756342540e-08
 55.00000000 +5.0000000000000000e+00 +1.9999999979814598e+00 +1.8376293909644396e-03 +9.9999957733967537e-01 +9.9999999934786110e-01 +9.9999999944184637e-01 +9.9999999954016328e-01 +9.9999999962941599e-01 +9.6893507441940425e-08 +9.2970280654956555e-08 +8.5981232674782195e-08 +7.7157831544170458e-08 +7.0815066290306054e-08
 55.50000000 +5.0000000000000000e+00 +2.0000000275759890e+00 +1.8376306903333387e-03 +9.9999957422788022e-01 +1.0000000000657099e+00 +1.0000000000142979e+00 +9.9999999997587896e-01 +9.9999999995690481e-01 +9.8755079305200286e-08 +9.3051659515679573e-08 +8.5217268072159194e-08 +7.7614910128717418e-08 +7.2193657876239164e-08
 56.00000000 +5.0000000000000000e+00 +2.0000000306159267e+00 +1.8376266149991215e-03 +9.9999958510798914e-01 +9.9999999964227326e-01 +9.9999999959945307e-01 +9.9999999958305896e-01 +9.9999999959205610e-01 +9.7762803951739229e-08 +8.9920398449522187e-08 +8.1168803841938683e-08 +7.4899169615117714e-08 +7.2856553024651923e-08
 56.50000000 +5.0000000000000000e+00 +2.0000000055438263e+00 +1.8376293950675780e-03 +9.9999957952914542e-01 +1.0000000003858625e+00 +1.0000000003686573e+00 +1.0000000003542702e+00 +1.0000000003416794e+00 +9.7439905346555302e-08 +8.8375058877910151e-08 +8.0675366804553163e-08 +7.6748607084728783e-08 +7.7215344355477848e-08
 57.00000000 +5.0000000000000000e+00 +2.0000000146114458e+00 +1.8376309360808028e-03 +9.9999957754007895e-01 +1.0000000001981211e+00 +1.0000000001564660e+00 +1.0000000001058260e+00 +1.0000000000504095e+00 +9.4881761960343955e-08 +8.6327608530624582e-08 +8.0803041308082932e-08 +7.9484077022026152e-08 +8.1085905050571363e-08
 57.50000000 +5.0000000000000000e+00 +1.9999999654389020e+00 +1.8376276666172274e-03 +9.9999958753904084e-01 +1.0000000000073708e+00 +9.9999999992959165e-01 +9.9999999986380772e-01 +9.9999999981595555e-01 +8.9356858137244006e-08 +8.2346518714717455e-08 +7.8702755367915495e-08 +7.9765783903021714e-08 +8.2193679103382054e-08
 58.00000000 +5.0000000000000000e+00 +1.9999999860054074e+00 +1.8376307258412970e-03 +9.9999958144608936e-01 +1.0000000000426061e+00 +1.0000000001632336e+00 +1.0000000003177092e+00 +1.0000000004837120e+00 +8.6487407659242268e-08 +8.1575987841752446e-08 +8.0325977209804261e-08 +8.3087718236352876e-08 +8.6879202087539927e-08
 58.50000000 +5.0000000000000000e+00 +1.9999999723627573e+00 +1.8376326503274647e-03 +9.9999957737742251e-01 +1.0000000001944935e+00 +1.0000000001834968e+00 +1.0000000001620786e+00 +1.0000000001341403e+00 +8.5321562457937802e-08 +8.1730208010097326e-08 +8.2499658497177193e-08 +8.5887872919121744e-08 +8.6731423010062708e-08
 59.00000000 +5.0000000000000000e+00 +1.9999999874775012e+00 +1.8376380168061859e-03 +9.9999956414008040e-01 +9.9999999967209285e-01 +9.9999999966548925e-01 +9.9999999966065667e-01 +9.9999999966272302e-01 +8.4777197933744152e-08 +8.5607001142767612e-08 +8.8304638210917735e-08 +8.9420814712940237e-08 +8.9469501442345284e-08
 59.50000000 +5.0000000000000000e+00 +2.0000000103388316e+00 +1.8376369796679610e-03 +9.9999956627050191e-01 +1.0000000006513605e+00 +1.0000000005842351e+00 +1.0000000004962755e+00 +1.0000000003947815e+00 +8.4632749191525906e-08 +8.5760246416153601e-08 +8.6533794812978603e-08 +8.9025286706429591e-08 +8.6697006051374078e-08
 60.00000000 +5.0000000000000000e+00 +2.0000000088658050e+00 +1.8377078478250489e-03 +9.9999938469704763e-01 +9.9999999963941466e-01 +9.9999999952282126e-01 +9.9999999940919504e-01 +9.9999999930943195e-01 +1.1835818667962856e-07 +1.2415911985944074e-07 +1.2861005244951466e-07 +1.2676240190651566e-07 +1.1820079594955231e-07
 60.50000000 +5.0000000000000000e+00 +2.0000000035639394e+00 +1.8376405425548480e-03 +9.9999955444382926e-01 +1.0000000001803824e+00 +1.0000000000946032e+00 +1.0000000000103570e+00 +9.9999999994740074e-01 +8.9499769202591127e-08 +9.0668671744267258e-08 +9.2943867466455441e-08 +8.9127780377115173e-08 +8.2849478173725561e-08
 61.00000000 +5.0000000000000000e+00 +2.0000000061443419e+00 +1.8376466819878478e-03 +9.9999953778850670e-01 +9.9999999927007710e-01 +9.9999999924316507e-01 +9.9999999927370364e-01 +9.9999999935565165e-01 +9.5383552591308438e-08 +9.7278614996138708e-08 +9.5562255626396684e-08 +9.1883533881609749e-08 +8.4447184187019257e-08
 61.50000000 +5.0000000000000000e+00 +2.0000000164785678e+00 +1.8376372561768400e-03 +9.9999956045208982e-01 +9.9999999972084652e-01 +9.9999999965737318e-01 +9.9999999964219821e-01 +9.9999999967233122e-01 +9.3777535643325085e-08 +9.4595320203289354e-08 +8.9909704252851617e-08 +8.5235331368847662e-08 +7.8245618802430457e-08
 62.00000000 +5.0000000000000000e+00 +2.0000000068011072e+00 +1.8376388300542883e-03 +9.9999955633257798e-01 +9.9999999957578478e-01 +9.9999999956495678e-01 +9.9999999959333608e-01 +9.9999999966015318e-01 +9.6881489654415292e-08 +9.6432247352496145e-08 +9.0356495859063847e-08 +8.4277659139799323e-08 +7.8736643241626459e-08
 62.50000000 +5.0000000000000000e+00 +2.0000000287723441e+00 +1.8376088577688385e-03 +9.9999962913466600e-01 +9.9999999975061460e-01 +9.9999999963534592e-01 +9.9999999950603546e-01 +9.9999999945155582e-01 +8.7949729624537178e-08 +8.2563529777017888e-08 +7.5683620040511696e-08 +6.7754205521542751e-08 +5.9920013214399369e-08
 63.00000000 +5.0000000000000000e+00 +2.0000000276189036e+00 +1.8376380511745795e-03 +9.9999955794135431e-01 +1.0000000004033016e+00 +1.0000000003706349e+00 +1.0000000003000904e+00 +1.0000000002106164e+00 +9.8080413918864191e-08 +9.3455787650764807e-08 +8.6606238926642217e-08 +8.2096090533896465e-08 +8.0145594026151353e-08
 63.50000000 +5.0000000000000000e+00 +2.0000000114722400e+00 +1.8376296549879260e-03 +9.9999957965284103e-01 +1.0000000002730669e+00 +1.0000000002843210e+00 +1.0000000002875584e+00 +1.0000000002853313e+00 +9.4600623387641833e-08 +8.8232721769889700e-08 +8.1951236794364253e-08 +7.7107379677703347e-08 +7.7341233932491321e-08
 64.00000000 +5.0000000000000000e+00 +2.0000000074019550e+00 +1.8376345918252304e-03 +9.9999956833098014e-01 +9.9999999955027097e-01 +9.9999999958156005e-01 +9.9999999968082265e-01 +9.9999999983834953e-01 +9.5478734506296532e-08 +8.8557416174076312e-08 +8.3672519064028292e-08 +8.2280320315403374e-08 +8.2502195947658250e-08
 64.50000000 +5.0000000000000000e+00 +2.0000000164459792e+00 +1.8376362078336480e-03 +9.9999956460895800e-01 +1.0000000000940616e+00 +1.0000000000525624e+00 +1.0000000000352478e+00 +1.0000000000401312e+00 +9.4680419245769279e-08 +8.8431843940908557e-08 +8.5053951402315884e-08 +8.3437615126513134e-08 +8.4085046249610865e-08
 65.00000000 +5.0000000000000000e+00 +2.0000000077726083e+00 +1.8376286414135061e-03 +9.9999958431645808e-01 +1.0000000004306127e+00 +1.0000000003573488e+00 +1.0000000002613689e+00 +1.0000000001269367e+00 +8.9311881650300325e-08 +8.3825755949851693e-08 +7.9702521849056567e-08 +8.0601577019664079e-08 +8.0514103976082909e-08
 65.50000000 +5.0000000000000000e+00 +2.0000000144059968e+00 +1.8376388935834047e-03 +9.9999955982220456e-01 +9.9999999992082333e-01 +9.9999999992377364e-01 +9.9999999994125177e-01 +9.9999999996148436e-01 +9.0646946223367770e-08 +8.7483722291377152e-08 +8.6499497207595998e-08 +8.7264710441332675e-08 +8.7982494174658861e-08
 66.00000000 +5.0000000000000000e+00 +2.0000000269883742e+00 +1.8376378696638104e-03 +9.9999956225102637e-01 +9.9999999911005633e-01 +9.9999999888915891e-01 +9.9999999872272549e-01 +9.9999999864430356e-01 +8.9479089172503245e-08 +8.7998705027795288e-08 +8.7565664959880014e-08 +8.8076311671436933e-08 +8.7374422595330497e-08
 66.50000000 +5.0000000000000000e+00 +2.0000000263311040e+00 +1.8376298282650955e-03 +9.9999958227592400e-01 +9.9999999955574281e-01 +9.9999999931687489e-01 +9.9999999911626070e-01 +9.9999999899156844e-01 +8.7198800770180604e-08 +8.4542705355877551e-08 +8.3661774808955480e-08 +8.4270979125480351e-08 +8.0917410827658737e-08
 67.00000000 +5.0000000000000000e+00 +2.0000000424104711e+00 +1.8376419343495154e-03 +9.9999955157497500e-01 +1.0000000000775857e+00 +1.0000000000538527e+00 +1.0000000000280842e+00 +9.9999999999408185e-01 +9.1711163630612617e-08 +9.1119280886285427e-08 +9.0154351619205745e-08 +8.9989037853429807e-08 +8.5202765512434995e-08
 67.50000000 +5.0000000000000000e+00 +2.0000000647667568e+00 +1.8375638786431894e-03 +9.9999974483379672e-01 +1.0000000000692029e+00 +1.0000000001108238e+00 +1.0000000001677289e+00 +1.0000000002178551e+00 +6.3725246018805642e-08 +5.3668971172347703e-08 +4.7798821944821157e-08 +4.4720784645077705e-08 +4.4458192209568328e-08
 68.00000000 +5.0000000000000000e+00 +2.0000000458234299e+00 +1.8376336793203200e-03 +9.9999957094860070e-01 +1.0000000003133132e+00 +1.0000000002950331e+00 +1.0000000001399512e+00 +1.0000000000626061e+00 +9.0093808810545975e-08 +8.8990404234175547e-08 +8.7005569105140112e-08 +8.3350890745810857e-08 +7.8161646859372412e-08
 68.50000000 +5.0000000000000000e+00 +2.0000000555516926e+00 +1.8376361611935990e-03 +9.9999956430183690e-01 +9.9999999936407780e-01 +9.9999999933874928e-01 +9.9999999933104455e-01 +9.9999999935513340e-01 +9.1796686548637187e-08 +9.1367994804018264e-08 +8.9054757766338028e-08 +8.4896557843010060e-08 +8.0950202795936067e-08
 69.00000000 +5.0000000000000000e+00 +2.0000000317240643e+00 +1.8376364576854142e-03 +9.9999956280321878e-01 +9.9999999972775044e-01 +9.9999999963932151e-01 +9.9999999956547414e-01 +9.9999999952337526e-01 +9.4366834254457532e-08 +9.3089737378467100e-08 +8.8521392832114270e-08 +8.3455057991951189e-08 +7.8469843416062994e-08
 69.50000000 +5.0000000000000000e+00 +2.0000000418088142e+00 +1.8376306459703257e-03 +9.9999957792266125e-01 +9.9999999997324041e-01 +9.9999999995902511e-01 +9.9999999994149946e-01 +9.9999999989819843e-01 +9.1783282356127140e-08 +8.9662619259025767e-08 +8.4372986310117237e-08 +8.0271555105048847e-08 +7.6663488363788633e-08
 70.00000000 +5.0000000000000000e+00 +2.0000000102916129e+00 +1.8376359267336824e-03 +9.9999956410293589e-01 +1.0000000000396607e+00 +1.0000000000631861e+00 +1.0000000000920195e+00 +1.0000000001053055e+00 +9.6234916060493704e-08 +9.1547034682861746e-08 +8.7011798229536062e-08 +8.2950563775383716e-08 +7.8981427506114995e-08
 70.50000000 +5.0000000000000000e+00 +1.9999999813571068e+00 +1.8376404072708321e-03 +9.9999955184447664e-01 +1.0000000002950304e+00 +1.0000000002361804e+00 +1.0000000001602840e+00 +1.0000000000753642e+00 +9.9150518369008842e-08 +9.3436795371099629e-08 +8.9409354808310866e-08 +8.3804955139485995e-08 +8.0787065160213388e-08
 71.00000000 +5.0000000000000000e+00 +1.9999999916019264e+00 +1.8376350136898320e-03 +9.9999956779960752e-01 +9.9999999952449337e-01 +9.9999999946081186e-01 +9.9999999922523386e-01 +9.9999999917460980e-01 +9.4039639623895843e-08 +8.9989546476954731e-08 +8.4287715004558009e-08 +8.2375675290165253e-08 +8.3795596749110759e-08
 71.50000000 +5.0000000000000000e+00 +1.9999999998766096e+00 +1.8376419653975266e-03 +9.9999954985201944e-01 +9.9999999959407682e-01 +9.9999999960208574e-01 +9.9999999964055986e-01 +9.9999999971215681e-01 +9.7643205936351313e-08 +9.2438851463498004e-08 +8.8602550108158271e-08 +8.6089820464575344e-08 +8.5249498197929237e-08
 72.00000000 +5.0000000000000000e+00 +1.9999999857351309e+00 +1.8376689863868147e-03 +9.9999948267671390e-01 +9.9999999971707165e-01 +9.9999999974028619e-01 +9.9999999979403986e-01 +9.9999999986416721e-01 +1.1085808510065998e-07 +1.0573126459439515e-07 +1.0036330351152816e-07 +1.0097923661670941e-07 +1.0227541332547130e-07
 72.50000000 +5.0000000000000000e+00 +1.9999999986325749e+00 +1.8376396205961817e-03 +9.9999955647482575e-01 +9.9999999985264987e-01 +9.9999999996822897e-01 +1.0000000001723877e+00 +1.0000000002263121e+00 +9.4226198480190406e-08 +9.0210016918283642e-08 +8.7422776401473033e-08 +8.6815212009011519e-08 +8.5791096739353164e-08
 73.00000000 +5.0000000000000000e+00 +2.0000000029923450e+00 +1.8376384764334467e-03 +9.9999955898957316e-01 +1.0000000002614216e+00 +1.0000000003888341e+00 +1.0000000004636249e+00 +1.0000000004911529e+00 +9.2835490590787099e-08 +8.9400397310385844e-08 +8.8665032383794695e-08 +8.4704906563620997e-08 +8.2648131078442291e-08
 73.50000000 +5.0000000000000000e+00 +2.0000000142145566e+00 +1.8376367174364095e-03 +9.9999956401778067e-01 +9.9999999976913689e-01 +9.9999999978898357e-01 +9.9999999972787923e-01 +9.9999999959885510e-01 +9.0595896131378416e-08 +8.8075151382720142e-08 +8.6526720652279633e-08 +8.6181600533498370e-08 +8.3716136226729303e-08
 74.00000000 +5.0000000000000000e+00 +1.9999999948168794e+00 +1.8376397490595048e-03 +9.9999955694992437e-01 +9.9999999991947597e-01 +9.9999999980542176e-01 +9.9999999971232401e-01 +9.9999999965786945e-01 +9.2529853420713223e-08 +9.0174479805147474e-08 +8.9926796834965437e-08 +8.8347824709839075e-08 +8.4722359139020078e-08
 74.50000000 +5.0000000000000000e+00 +1.9999999806032585e+00 +1.8376354852015545e-03 +9.9999956739493190e-01 +1.0000000001281990e+00 +9.9999999998089539e-01 +9.9999999981398879e-01 +9.9999999966638276e-01 +8.9553139527608944e-08 +8.9735016171217421e-08 +8.8069754771470145e-08 +8.4114943543719913e-08 +8.1869318828916003e-08
 75.00000000 +5.0000000000000000e+00 +1.9999999995338724e+00 +1.8376296864778951e-03 +9.9999959284457951e-01 +9.9999999903021897e-01 +9.9999999925570593e-01 +9.9999999949854790e-01 +9.9999999970792697e-01 +6.9018099519656372e-08 +7.6403225493565286e-08 +8.3797964432181060e-08 +8.7201578199394037e-08 +9.1882681391978589e-08
 75.50000000 +5.0000000000000000e+00 +2.0000000052005440e+00 +1.8376369592797840e-03 +9.9999956282598756e-01 +9.9999999956427665e-01 +9.9999999946890161e-01 +9.9999999940884610e-01 +9.9999999943038276e-01 +9.1213171681057843e-08 +9.1021126652543157e-08 +8.9002600955625653e-08 +8.5442150988816793e-08 +8.1541548903881330e-08
 76.00000000 +5.0000000000000000e+00 +2.0000000085252099e+00 +1.8376344820751746e-03 +9.9999956862301898e-01 +1.0000000000742779e+00 +1.0000000002343412e+00 +1.0000000003102021e+00 +1.0000000003627036e+00 +9.1320677853186516e-08 +9.0955896199803324e-08 +8.6616880423441010e-08 +8.2168140681279654e-08 +7.9473632240659864e-08
 76.50000000 +5.0000000000000000e+00 +2.0000000252980459e+00 +1.8376299665838136e-03 +9.9999958073869899e-01 +9.9999999985914789e-01 +9.9999999996718270e-01 +1.0000000000491480e+00 +1.0000000001322185e+00 +8.9709432383142865e-08 +8.7372176225441564e-08 +8.3282594950222010e-08 +8.1625692859598906e-08 +7.8104544904047738e-08
 77.00000000 +5.0000000000000000e+00 +2.0000000071152351e+00 +1.8376364876777850e-03 +9.9999956395631806e-01 +1.0000000008478702e+00 +1.0000000009270100e+00 +1.0000000008918448e+00 +1.0000000008058541e+00 +9.2495950458364204e-08 +9.0521957370713827e-08 +8.7663711989695140e-08 +8.2497192263816613e-08 +8.1472898042635104e-08
 77.50000000 +5.0000000000000000e+00 +2.0000000351499589e+00 +1.8376421391018535e-03 +9.9999954899696686e-01 +1.0000000002379681e+00 +1.0000000002247722e+00 +1.0000000001151221e+00 +9.9999999997222144e-01 +9.7478001534191491e-08 +9.2759440998174249e-08 +8.9926657801470153e-08 +8.6605054641169369e-08 +8.3922307416346569e-08
 78.00000000 +5.0000000000000000e+00 +1.9999999986475521e+00 +1.8376372400661150e-03 +9.9999956180842775e-01 +9.9999999978053389e-01 +9.9999999955406882e-01 +9.9999999932500039e-01 +9.9999999911101101e-01 +9.4277724402940624e-08 +9.1698300908809569e-08 +8.6991225746961957e-08 +8.3373293297695571e-08 +8.2913863100070553e-08
 78.50000000 +5.0000000000000000e+00 +2.0000000279239276e+00 +1.8376376785425625e-03 +9.9999956036011117e-01 +1.0000000005335914e+00 +1.0000000004876923e+00 +1.0000000006217320e+00 +1.0000000007287326e+00 +9.5112568653711065e-08 +8.9253656888536366e-08 +8.6796148621506030e-08 +8.3337132869388889e-08 +8.3094360025410272e-08
 79.00000000 +5.0000000000000000e+00 +2.0000000374490772e+00 +1.8376375203785788e-03 +9.9999956133529544e-01 +9.9999999964535724e-01 +9.9999999943622075e-01 +9.9999999931405381e-01 +9.9999999917670146e-01 +9.3343466906014287e-08 +8.9832121811920939e-08 +8.7689766427162551e-08 +8.6534551469426029e-08 +8.2580462753423350e-08
 79.50000000 +5.0000000000000000e+00 +2.0000000274140870e+00 +1.8376383871165868e-03 +9.9999955978188937e-01 +9.9999999997460687e-01 +9.9999999980076848e-01 +9.9999999966081543e-01 +9.9999999962790787e-01 +9.4041492180682014e-08 +9.0943054324013058e-08 +8.6398319158597188e-08 +8.6464269882526588e-08 +8.4494588264108821e-08
 80.00000000 +5.0000000000000000e+00 +2.0000000074603554e+00 +1.8374494807866615e-03 +1.0000000428870019e+00 +1.0000000001410170e+00 +9.9999999997324007e-01 +9.9999999981957932e-01 +9.9999999967902686e-01 -1.2748237914642500e-09 -6.6146142934525101e-09 -1.3855009020243583e-08 -1.5343316780940715e-08 -5.4160353067947296e-09
 80.50000000 +5.0000000000000000e+00 +2.0000000004850031e+00 +1.8376394398218138e-03 +9.9999955647584471e-01 +1.0000000001709690e+00 +1.0000000000289275e+00 +9.9999999987168686e-01 +9.9999999974836673e-01 +9.3979046910992450e-08 +9.0783604145440421e-08 +8.9020470113226544e-08 +8.7346737432915767e-08 +8.3127903727120697e-08
 81.00000000 +5.0000000000000000e+00 +2.0000000030699123e+00 +1.8376352782243119e-03 +9.9999956776499654e-01 +1.0000000012015453e+00 +1.0000000011653682e+00 +1.0000000010928942e+00 +1.0000000010059458e+00 +9.1467274639110032e-08 +8.8201686240376327e-08 +8.5601414176618896e-08 +8.3440655741295672e-08 +8.0978861752414376e-08
 81.50000000 +5.0000000000000000e+00 +2.0000000238792173e+00 +1.8376376369906924e-03 +9.9999956157340075e-01 +1.0000000000972236e+00 +1.0000000000138871e+00 +1.0000000000116209e+00 +1.0000000000206200e+00 +9.2381709516218237e-08 +9.0203140208398013e-08 +8.7986392332240571e-08 +8.5544695412438892e-08 +8.3322477959567488e-08
 82.00000000 +5.0000000000000000e+00 +1.9999999943079527e+00 +1.8376336321231090e-03 +9.9999957136417261e-01 +1.0000000008497851e+00 +1.0000000008751755e+00 +1.0000000008248855e+00 +1.0000000007570271e+00 +9.1021264865482354e-08 +8.7504596119210986e-08 +8.5217429848595547e-08 +8.2918291541066381e-08 +7.9417277445215037e-08
 82.50000000 +5.0000000000000000e+00 +2.0000000125746986e+00 +1.8376359823842933e-03 +9.9999956544001289e-01 +9.9999999955576557e-01 +9.9999999958146035e-01 +9.9999999961472119e-01 +9.9999999969649145e-01 +9.2995189760187285e-08 +9.0067930752616309e-08 +8.7253323408914394e-08 +8.4263825271655860e-08 +8.2311421836390038e-08
 83.00000000 +5.0000000000000000e+00 +1.9999999699730944e+00 +1.8376381660541118e-03 +9.9999956004902513e-01 +1.0000000002592706e+00 +1.0000000004975125e+00 +1.0000000005994922e+00 +1.0000000006841971e+00 +9.0884680376027227e-08 +9.1379732367672844e-08 +8.7500594644846044e-08 +8.6300519481363016e-08 +8.3134023025344548e-08
 83.50000000 +5.0000000000000000e+00 +2.0000000026518090e+00 +1.8376417168850807e-03 +9.9999955127013607e-01 +9.9999999982176391e-01 +9.9999999982068699e-01 +9.9999999985066113e-01 +9.9999999992855937e-01 +9.4336701161458820e-08 +9.3292740826818370e-08 +8.9741711511268274e-08 +8.7836836990527457e-08 +8.4171274281053176e-08
 84.00000000 +5.0000000000000000e+00 +1.9999999765848051e+00 +1.8376383235522320e-03 +9.9999955974608901e-01 +9.9999999958571262e-01 +9.9999999964275577e-01 +9.9999999975698517e-01 +9.9999999983871357e-01 +9.4175051851066923e-08 +8.9452489385311634e-08 +8.8980531865084821e-08 +8.5313626649374552e-08 +8.3422169440431730e-08
 84.50000000 +5.0000000000000000e+00 +2.0000000013863914e+00 +1.8376371725253846e-03 +9.9999956249426780e-01 +1.0000000005769369e+00 +1.0000000004821641e+00 +1.0000000002576350e+00 +1.0000000001514828e+00 +9.2983823669892630e-08 +9.1274307019785872e-08 +8.7092398809506977e-08 +8.3976329001869375e-08 +8.1665574807536358e-08
 85.00000000 +5.0000000000000000e+00 +2.0000000128896200e+00 +1.8376309978288779e-03 +9.9999957741404732e-01 +1.0000000002462588e+00 +1.0000000002223770e+00 +1.0000000001771050e+00 +1.0000000000647606e+00 +8.9983589542441658e-08 +8.8951441745568431e-08 +8.5833304799588120e-08 +7.9061806484768398e-08 +7.7490976730190597e-08
 85.50000000 +5.0000000000000000e+00 +2.0000000025502316e+00 +1.8376373109974071e-03 +9.9999956177436700e-01 +1.0000000003293057e+00 +1.0000000004257514e+00 +1.0000000004349454e+00 +1.0000000002272913e+00 +9.1563398677971761e-08 +8.9821939249198124e-08 +8.6545428440632603e-08 +8.4767926240206187e-08 +8.2159661126315777e-08
 86.00000000 +5.0000000000000000e+00 +2.0000000113649441e+00 +1.8376318932372580e-03 +9.9999957540627471e-01 +9.9999999923319005e-01 +9.9999999924007543e-01 +9.9999999927673067e-01 +9.9999999946363272e-01 +9.0407174308279844e-08 +8.6552041873939726e-08 +8.4568465582514285e-08 +8.3460926302324196e-08 +8.1200140286747947e-08
 86.50000000 +5.0000000000000000e+00 +2.0000000169202927e+00 +1.8376397408811785e-03 +9.9999955633891657e-01 +1.0000000013211714e+00 +1.0000000012813097e+00 +1.0000000012308841e+00 +1.0000000011812404e+00 +9.4076666390999509e-08 +8.9046823980555843e-08 +8.6706006031184303e-08 +8.6872141524962043e-08 +8.4167423380205629e-08
 87.00000000 +5.0000000000000000e+00 +2.0000000117833152e+00 +1.8376345263303633e-03 +9.9999956882431329e-01 +9.9999999991819588e-01 +1.0000000000361167e+00 +9.9999999980952714e-01 +9.9999999968108622e-01 +8.9913284786554401e-08 +8.9281074803590051e-08 +8.4896054320174740e-08 +8.4259152183245013e-08 +8.1347956851044582e-08
 87.50000000 +5.0000000000000000e+00 +2.0000000044572448e+00 +1.8376460230592514e-03 +9.9999954155425608e-01 +9.9999999959715158e-01 +9.9999999973773568e-01 +1.0000000000111788e+00 +1.0000000002425355e+00 +9.3533074911370868e-08 +9.3064194622378099e-08 +9.3111925608076032e-08 +9.0125273611176748e-08 +8.8954218283650106e-08
 88.00000000 +5.0000000000000000e+00 +1.9999999883013477e+00 +1.8376128102965349e-03 +9.9999962644903151e-01 +9.9999999880418311e-01 +9.9999999885927071e-01 +9.9999999898367187e-01 +9.9999999913509507e-01 +7.5692863384364355e-08 +7.6350735440045036e-08 +7.5232549157111352e-08 +7.5543300526627707e-08 +7.3914987456016350e-08
 88.50000000 +5.0000000000000000e+00 +1.9999999676012929e+00 +1.8376402651033832e-03 +9.9999955462455270e-01 +9.9999999945892626e-01 +9.9999999961903918e-01 +9.9999999967352782e-01 +9.9999999955862029e-01 +9.2085027743987550e-08 +9.0930146997372952e-08 +8.9734144618574458e-08 +8.7114284065212888e-08 +8.4911010376938140e-08
 89.00000000 +5.0000000000000000e+00 +1.9999999358433274e+00 +1.8376377044933951e-03 +9.9999956063585049e-01 +1.0000000009396033e+00 +1.0000000008347150e+00 +1.0000000006906997e+00 +1.0000000004520593e+00 +9.2200738029695409e-08 +8.9255892433844049e-08 +8.6553518625450128e-08 +8.5604502690308226e-08 +8.1794401457175985e-08
 89.50000000 +5.0000000000000000e+00 +1.9999999532586423e+00 +1.8376348845198223e-03 +9.9999956850769889e-01 +9.9999999997475097e-01 +9.9999999975756959e-01 +9.9999999941957585e-01 +9.9999999919377025e-01 +9.1201164295367320e-08 +9.0518016418727808e-08 +8.5739842805413740e-08 +8.6286961615642050e-08 +8.0464677174386236e-08
 90.00000000 +5.0000000000000000e+00 +1.9999999525439587e+00 +1.8376368852286368e-03 +9.9999956361733477e-01 +9.9999999874402468e-01 +9.9999999893521196e-01 +9.9999999932068573e-01 +9.9999999968350339e-01 +9.1193740439922469e-08 +9.0900330671108313e-08 +8.7132999107188088e-08 +8.7742318789939004e-08 +8.4041990685326863e-08
 90.50000000 +5.0000000000000000e+00 +1.9999999555181247e+00 +1.8376354682745472e-03 +9.9999956638669751e-01 +1.0000000008489121e+00 +1.0000000010195211e+00 +1.0000000012004926e+00 +1.0000000013365296e+00 +9.2157577664751283e-08 +8.7970067068288767e-08 +8.7682554871968871e-08 +8.2549236768433785e-08 +7.9899773392425115e-08
 91.00000000 +5.0000000000000000e+00 +1.9999999777885844e+00 +1.8376408888565534e-03 +9.9999955252491846e-01 +1.0000000000791980e+00 +1.0000000000246931e+00 +9.9999999993377098e-01 +9.9999999973344167e-01 +9.6155377057861450e-08 +9.2305830305553820e-08 +8.8632489380294628e-08 +8.6402713667968687e-08 +8.3559831449571297e-08
 91.50000000 +5.0000000000000000e+00 +2.0000000189335450e+00 +1.8376376939200098e-03 +9.9999956107287846e-01 +1.0000000000474065e+00 +1.0000000000573299e+00 +9.9999999989899957e-01 +9.9999999981068122e-01 +9.3588911741543689e-08 +9.1204477353665171e-08 +8.6672271596246000e-08 +8.6857933386390600e-08 +8.2900660077385228e-08
 92.00000000 +5.0000000000000000e+00 +2.0000000175722903e+00 +1.8376371429875294e-03 +9.9999956279568103e-01 +1.0000000012890351e+00 +1.0000000013290404e+00 +1.0000000013464134e+00 +1.0000000011893777e+00 +9.5042852299103088e-08 +8.8611426497703241e-08 +8.5914166244973738e-08 +8.5038552421173290e-08 +7.9434766547874193e-08
 92.50000000 +5.0000000000000000e+00 +2.0000000043679940e+00 +1.8376385051422132e-03 +9.9999955914554206e-01 +1.0000000003982485e+00 +1.0000000004153080e+00 +1.0000000003840133e+00 +1.0000000002970408e+00 +9.3631012256342389e-08 +8.9205095363547875e-08 +8.7187408476752305e-08 +8.4470029591932273e-08 +8.4917583401974589e-08
 93.00000000 +5.0000000000000000e+00 +2.0000000007786309e+00 +1.8376364607106230e-03 +9.9999956497651799e-01 +1.0000000002857246e+00 +1.0000000005872245e+00 +1.0000000007604708e+00 +1.0000000008582821e+00 +9.1737825727757140e-08 +8.8435482475047773e-08 +8.6798850188541481e-08 +8.2999379706443516e-08 +8.3859527607274067e-08
 93.50000000 +5.0000000000000000e+00 +2.0000000197711980e+00 +1.8376384003436217e-03 +9.9999955908839311e-01 +1.0000000004596448e+00 +1.0000000003236078e+00 +1.0000000001496478e+00 +9.9999999997727218e-01 +9.3243465328189072e-08 +8.9391972953595027e-08 +8.7986817417266539e-08 +8.5897331403338429e-08 +8.3350383194275346e-08
 94.00000000 +5.0000000000000000e+00 +2.0000000113500587e+00 +1.8376385336655483e-03 +9.9999955862466372e-01 +9.9999999964779185e-01 +9.9999999979626775e-01 +9.9999999991796751e-01 +1.0000000000068481e+00 +9.3093002930565450e-08 +9.1504377392312112e-08 +8.8346558401362924e-08 +8.5037903145251819e-08 +8.3893252201061888e-08
 94.50000000 +5.0000000000000000e+00 +1.9999999898849894e+00 +1.8376387563013019e-03 +9.9999955876684099e-01 +1.0000000006539478e+00 +1.0000000007324190e+00 +1.0000000006393412e+00 +1.0000000003682454e+00 +9.1739248747150741e-08 +9.0343843415931907e-08 +8.6917156221631538e-08 +8.6857613524085233e-08 +8.2876375086427183e-08
 95.00000000 +5.0000000000000000e+00 +2.0000000069477188e+00 +1.8376291943926317e-03 +9.9999958226462726e-01 +9.9999999953443408e-01 +9.9999999933951711e-01 +9.9999999920153637e-01 +9.9999999915007542e-01 +8.9023734498852753e-08 +8.6322757364073042e-08 +8.2631951997194845e-08 +8.3497189633246881e-08 +7.8369807720645898e-08
 95.50000000 +5.0000000000000000e+00 +1.9999999798581600e+00 +1.8376386727892121e-03 +9.9999955842624189e-01 +9.9999999995661359e-01 +1.0000000002010672e+00 +1.0000000003756131e+00 +1.0000000004046328e+00 +9.4475514058395407e-08 +9.0905730388762467e-08 +8.8917609459403089e-08 +8.6900478094533235e-08 +8.1627697183779489e-08
 96.00000000 +5.0000000000000000e+00 +1.9999999650468696e+00 +1.8376222197516493e-03 +9.9999960225761819e-01 +9.9999999967223341e-01 +9.9999999954954089e-01 +9.9999999954392593e-01 +9.9999999953064356e-01 +8.1897192494416404e-08 +7.9314303619433836e-08 +7.9105377377649081e-08 +7.8151291108720020e-08 +7.9869862233766524e-08
 96.50000000 +5.0000000000000000e+00 +1.9999999611453745e+00 +1.8376382813030865e-03 +9.9999955932956963e-01 +1.0000000001328293e+00 +9.9999999996236411e-01 +9.9999999984920906e-01 +9.9999999975185139e-01 +9.5081790603621205e-08 +9.1448913129988127e-08 +8.8118102306552402e-08 +8.5227053936621524e-08 +8.1135961839669409e-08
 97.00000000 +5.0000000000000000e+00 +1.9999999634823293e+00 +1.8376421099332324e-03 +9.9999955012601549e-01 +9.9999999884171076e-01 +9.9999999895103375e-01 +9.9999999916284155e-01 +9.9999999947342710e-01 +9.4716278046968521e-08 +9.3897540881456271e-08 +9.1525145968036425e-08 +8.8636208893641227e-08 +8.4772388223954417e-08
 97.50000000 +5.0000000000000000e+00 +1.9999999303522462e+00 +1.8375769460025110e-03 +9.9999971236335361e-01 +1.0000000002487535e+00 +1.0000000000645826e+00 +1.0000000001859801e+00 +9.9999999977306253e-01 +7.1122918011925206e-08 +5.9729686871458815e-08 +5.2319205327100337e-08 +5.2350675457639417e-08 +5.2578235329173747e-08
 98.00000000 +5.0000000000000000e+00 +1.9999999641444199e+00 +1.8376426268525662e-03 +9.9999955103573379e-01 +1.0000000000323581e+00 +9.9999999999790568e-01 +9.9999999989116939e-01 +9.9999999972307430e-01 +9.2500767503797188e-08 +9.0764163518261913e-08 +8.8394934808722988e-08 +8.9136930532307132e-08 +8.9566616033209866e-08
 98.50000000 +5.0000000000000000e+00 +1.9999999603252809e+00 +1.8376377062060423e-03 +9.9999956058983253e-01 +9.9999999979880561e-01 +9.9999999957907793e-01 +9.9999999924491645e-01 +9.9999999880058876e-01 +9.2952460559366078e-08 +8.9183601272305841e-08 +8.7345890579165003e-08 +8.4361378751354281e-08 +8.5630119993032722e-08
 99.00000000 +5.0000000000000000e+00 +1.9999999344075901e+00 +1.8376394161303256e-03 +9.9999955624936632e-01 +9.9999999964281927e-01 +9.9999999986101173e-01 +1.0000000001542189e+00 +1.0000000002366889e+00 +9.2207725252341302e-08 +9.1045874033892620e-08 +8.9137758320681680e-08 +8.7290109759204784e-08 +8.2016406963977653e-08
 99.50000000 +5.0000000000000000e+00 +1.9999999562595434e+00 +1.8376376508717450e-03 +9.9999956072198581e-01 +9.9999999889751412e-01 +9.9999999868964329e-01 +9.9999999855374166e-01 +9.9999999855083321e-01 +9.2340296864509944e-08 +9.2998057035909027e-08 +9.0661379108411885e-08 +8.5215573720539773e-08 +8.1937789157189454e-08
100.00000000 +5.0000000000000000e+00 +1.9999999335567253e+00 +1.8375709233388975e-03 +9.9999971911311614e-01 +1.0000000007520842e+00 +1.0000000004323277e+00 +1.0000000002773026e+00 +1.0000000003295098e+00 +7.6906025679279857e-08 +6.6376048865244381e-08 +5.4454552729383416e-08 +4.4519747936269079e-08 +3.6953988025065886e-08
