#PATCH_CHECK: SepMBpoisson v0.61 exact-bernoulli stratified-backward active
#discretizing the bath:
#     0 0.0000000000000000e+00 -6.3189999999999946e-01
#     1 3.9440531887330772e-03 -2.0212127196610244e-01
#     2 3.9440531887330772e-03 -1.9343270591889275e-01
#     3 3.9440531887330772e-03 -1.8459708975840838e-01
#     4 3.9440531887330772e-03 -1.7561683129621780e-01
#     5 3.9440531887330772e-03 -1.6649422379326520e-01
#     6 3.9440531887330772e-03 -1.5723145476521522e-01
#     7 3.9440531887330772e-03 -1.4783061386829827e-01
#     8 3.9440531887330772e-03 -1.3829369998555327e-01
#     9 3.9440531887330772e-03 -1.2862262761479240e-01
#sampling: jump_strength=9.8601329718326948e-03 jump_probability=9.7638600137784793e-03 log_scale=9.8118390575158056e-03 back_replicas=4 stratify_forward=0
#adaptive measurement: gap=9.1226075029526010e-03 period_steps=1378 nmeas=150 nwf=150 tmax=7.5000000000000000e+01 forced_stride=0
  0.00000000 +5.0000000000000000e+00 +1.9999999999999998e+00 +1.8374661879283106e-03 +1.0000000000000000e+00 +1.0000000000000000e+00 +1.0000000000000000e+00 +1.0000000000000000e+00 +1.0000000000000000e+00 +0.0000000000000000e+00 +0.0000000000000000e+00 +0.0000000000000000e+00 +0.0000000000000000e+00 +0.0000000000000000e+00
  0.50000000 +5.0000000000000000e+00 +1.9999999999014966e+00 +1.8451022179231879e-03 +9.9998061395371785e-01 +9.9999999998347955e-01 +9.9999999998347955e-01 +9.9999999998347955e-01 +9.9999999998347955e-01 +3.8154733394873676e-06 +3.9548695470886833e-06 +3.9230075567798101e-06 +3.8254302114588880e-06 +3.8672490737392832e-06
  1.00000000 +5.0000000000000000e+00 +1.9999999960905068e+00 +1.8666333342549305e-03 +9.9992592137757008e-01 +9.9999999994912359e-01 +9.9999999992929467e-01 +9.9999999991144883e-01 +9.9999999992334609e-01 +1.4865357243134354e-05 +1.5163144544006630e-05 +1.4938279578252027e-05 +1.4670511041408723e-05 +1.4441669732106439e-05
  1.50000000 +5.0000000000000000e+00 +2.0000000044352171e+00 +1.8977579096752946e-03 +9.9984676280513474e-01 +9.9999999940202633e-01 +9.9999999936251338e-01 +9.9999999929774019e-01 +9.9999999931943850e-01 +3.0666157591686920e-05 +3.1269832754069459e-05 +3.0804097615839211e-05 +3.0499915568071516e-05 +2.9999762997192573e-05
  2.00000000 +5.0000000000000000e+00 +2.0000000360120502e+00 +1.9326934939648272e-03 +9.9975772564878196e-01 +9.9999999769578718e-01 +9.9999999774474058e-01 +9.9999999757148228e-01 +9.9999999764611602e-01 +4.8673987943980265e-05 +4.9531828337933175e-05 +4.8590479891708058e-05 +4.8125337610223189e-05 +4.7362031964796869e-05
  2.50000000 +5.0000000000000000e+00 +2.0000000356539380e+00 +1.9643301352846960e-03 +9.9967677728238857e-01 +9.9999999395924122e-01 +9.9999999413507379e-01 +9.9999999380056226e-01 +9.9999999429429365e-01 +6.5203740012886302e-05 +6.6304363417353984e-05 +6.4892693801352674e-05 +6.3826258456336569e-05 +6.3019394445096039e-05
  3.00000000 +5.0000000000000000e+00 +2.0000000536036646e+00 +1.9876411157715916e-03 +9.9961668039212259e-01 +9.9999998776289356e-01 +9.9999998730658624e-01 +9.9999998753163610e-01 +9.9999998878641572e-01 +7.8053693246044506e-05 +7.9001816366972501e-05 +7.6801006158113392e-05 +7.5330163577154980e-05 +7.4181519126600336e-05
  3.50000000 +5.0000000000000000e+00 +2.0000001187971099e+00 +1.9973140969935209e-03 +9.9959101360592117e-01 +9.9999997896640569e-01 +9.9999997843991240e-01 +9.9999997834987542e-01 +9.9999997962148923e-01 +8.4673277351268316e-05 +8.4980367558145449e-05 +8.2408990408487008e-05 +7.9542245959644950e-05 +7.7466265227610199e-05
  4.00000000 +5.0000000000000000e+00 +2.0000000182859479e+00 +1.9917004361117464e-03 +9.9960412434862300e-01 +9.9999996712071682e-01 +9.9999996712800543e-01 +9.9999996598196461e-01 +9.9999996778057643e-01 +8.2829135395864011e-05 +8.2576680953722355e-05 +8.0143228886863342e-05 +7.6175419470889306e-05 +7.4283244923239628e-05
  4.50000000 +5.0000000000000000e+00 +2.0000000204158490e+00 +1.9722106453848834e-03 +9.9965265719789898e-01 +9.9999995430012145e-01 +9.9999995446498202e-01 +9.9999995536174657e-01 +9.9999995489664006e-01 +7.4061332065057019e-05 +7.3167151351619361e-05 +6.9698653736979747e-05 +6.6269033272236270e-05 +6.4327633222025063e-05
  5.00000000 +5.0000000000000000e+00 +2.0000000294622082e+00 +1.9433889837510512e-03 +9.9972534124346790e-01 +9.9999994229126810e-01 +9.9999994186232555e-01 +9.9999994356338417e-01 +9.9999994398178049e-01 +6.0624142370471411e-05 +5.8750659772290625e-05 +5.4625785549179897e-05 +5.1876485889444649e-05 +4.9010032499650886e-05
  5.50000000 +5.0000000000000000e+00 +2.0000000120402230e+00 +1.9085206893130226e-03 +9.9981407783994902e-01 +9.9999992880259292e-01 +9.9999992889655709e-01 +9.9999992904771162e-01 +9.9999993255771902e-01 +4.3385247097275880e-05 +4.0716953602503170e-05 +3.6903385118958942e-05 +3.3398335647123093e-05 +3.1798980622891235e-05
  6.00000000 +5.0000000000000000e+00 +2.0000001339559494e+00 +1.8763694289982557e-03 +9.9989664870302097e-01 +9.9999991829124868e-01 +9.9999991614287698e-01 +9.9999992019373118e-01 +9.9999992251721415e-01 +2.5487075459191709e-05 +2.2552454788996264e-05 +1.9026578118683886e-05 +1.9671878695721167e-05 +1.6936134721028856e-05
  6.50000000 +5.0000000000000000e+00 +1.9999999815625586e+00 +1.8538710178949112e-03 +9.9995535348660158e-01 +9.9999991375719288e-01 +9.9999991447513126e-01 +9.9999991226072904e-01 +9.9999992055410047e-01 +1.2713956127155941e-05 +1.0459274675663842e-05 +9.3320520022073208e-06 +8.2270124889285461e-06 +4.2531994275483902e-06
  7.00000000 +5.0000000000000000e+00 +2.0000001078716663e+00 +1.8405401776032579e-03 +9.9999137611041644e-01 +9.9999991277244338e-01 +9.9999991146208445e-01 +9.9999991767071450e-01 +9.9999990953700224e-01 +3.0752513695867589e-06 +1.5171489336701919e-06 +1.8627278898888789e-06 +1.2087350564451002e-06 +1.3086067702620727e-06
  7.50000000 +5.0000000000000000e+00 +2.0000001710978497e+00 +1.8440743060137675e-03 +9.9998466650875062e-01 +9.9999991839604352e-01 +9.9999990435924868e-01 +9.9999991637068653e-01 +9.9999991709513669e-01 +3.3296682905628081e-06 +3.1312531269211424e-06 +2.7251709703861057e-06 +2.4853738626019984e-06 +4.0057322420467709e-06
  8.00000000 +5.0000000000000000e+00 +2.0000000921228982e+00 +1.8631498506527066e-03 +9.9993816993627838e-01 +9.9999990630036628e-01 +9.9999990054229304e-01 +9.9999990711605391e-01 +9.9999992167952767e-01 +1.2695841988843053e-05 +1.0950862326342784e-05 +9.6086226625708367e-06 +1.3962295897361854e-05 +1.4976830710964391e-05
  8.50000000 +5.0000000000000000e+00 +1.9999999644480457e+00 +1.8887299741848099e-03 +9.9987430185354442e-01 +9.9999990513710946e-01 +9.9999990631027769e-01 +9.9999990895340551e-01 +9.9999992052114994e-01 +2.0378497887505977e-05 +2.3211797942192764e-05 +2.5131534950349647e-05 +2.8184106206764523e-05 +2.9151259255095818e-05
  9.00000000 +5.0000000000000000e+00 +1.9999995514523063e+00 +1.9212311501643001e-03 +9.9979195947891308e-01 +9.9999990750447287e-01 +9.9999988476323831e-01 +9.9999989912725984e-01 +9.9999991203362015e-01 +3.8896040470069992e-05 +4.0795610956793008e-05 +4.2335781939661519e-05 +4.2630958870997492e-05 +4.3778746053410680e-05
  9.50000000 +5.0000000000000000e+00 +1.9999996336913657e+00 +1.9513935213961117e-03 +9.9971429679633006e-01 +9.9999987957273284e-01 +9.9999988306305765e-01 +9.9999988780870708e-01 +9.9999989169397108e-01 +5.3300106139742267e-05 +5.7341803047253809e-05 +5.4725122483750195e-05 +6.1215668983116695e-05 +5.9578482110645179e-05
 10.00000000 +5.0000000000000000e+00 +1.9999994801165590e+00 +1.9758993045010630e-03 +9.9964996257784133e-01 +9.9999989048808235e-01 +9.9999986187663115e-01 +9.9999983585631613e-01 +9.9999984667879349e-01 +6.9761339435789031e-05 +6.6747631422333002e-05 +7.1874232899351087e-05 +7.1137417405903536e-05 +7.1081940848228040e-05
 10.50000000 +5.0000000000000000e+00 +1.9999992473019852e+00 +1.9895172655111366e-03 +9.9961233147360951e-01 +9.9999984978765843e-01 +9.9999982416352795e-01 +9.9999982705935886e-01 +9.9999986164300292e-01 +7.6119472628276462e-05 +7.6496148256519753e-05 +7.7452346178398884e-05 +7.9238137258460744e-05 +7.8999722085478671e-05
 11.00000000 +5.0000000000000000e+00 +1.9999998397282006e+00 +1.9870767668612281e-03 +9.9961536123439798e-01 +9.9999980071483696e-01 +9.9999982315924663e-01 +9.9999980558508728e-01 +9.9999982582733238e-01 +7.8690013462845443e-05 +8.1320823066600078e-05 +7.9567006811525809e-05 +7.5808118456197301e-05 +6.9997451439611971e-05
 11.50000000 +5.0000000000000000e+00 +1.9999996622483349e+00 +1.9739930334819367e-03 +9.9964584476732310e-01 +9.9999979110089621e-01 +9.9999976290363013e-01 +9.9999977642365145e-01 +9.9999978653053800e-01 +7.8822326605419385e-05 +7.7904470074509054e-05 +6.9890803363448055e-05 +6.5442675895217996e-05 +6.2978067678919495e-05
 12.00000000 +5.0000000000000000e+00 +1.9999993033624919e+00 +1.9480778624183966e-03 +9.9970967688879042e-01 +9.9999975555476428e-01 +9.9999974217908816e-01 +9.9999974228374011e-01 +9.9999977624108460e-01 +6.6350666209979029e-05 +6.2744087511975376e-05 +5.6193758819538430e-05 +5.5412882683627549e-05 +5.0605392995283757e-05
 12.50000000 +5.0000000000000000e+00 +1.9999994335209248e+00 +1.9157299790391409e-03 +9.9979125032273197e-01 +9.9999973367179895e-01 +9.9999974649523271e-01 +9.9999975569058641e-01 +9.9999965542984581e-01 +4.9434602776396310e-05 +4.5726808223396530e-05 +4.2620403455180169e-05 +3.7091216727958626e-05 +3.4985355872177882e-05
 13.00000000 +5.0000000000000000e+00 +1.9999995133947590e+00 +1.8908144529854178e-03 +9.9985555847375107e-01 +9.9999971738451598e-01 +9.9999966491561088e-01 +9.9999968235882319e-01 +9.9999969343739215e-01 +3.7665120339762751e-05 +3.2484663871663001e-05 +2.6521872960901248e-05 +2.8701617757255332e-05 +2.0310217419654692e-05
 13.50000000 +5.0000000000000000e+00 +1.9999989336749155e+00 +1.8626757773522406e-03 +9.9992939980987194e-01 +9.9999965971384719e-01 +9.9999965499086074e-01 +9.9999969709200698e-01 +9.9999967796421785e-01 +1.7473138284634151e-05 +2.3928441121910686e-05 +1.0292431602841966e-05 +9.1206022259739002e-06 +1.1095851454482717e-05
 14.00000000 +5.0000000000000000e+00 +1.9999994587616690e+00 +1.8541949185328845e-03 +9.9995473988838823e-01 +9.9999967102693288e-01 +9.9999962486898319e-01 +9.9999964220651960e-01 +9.9999964965054189e-01 +1.1001817364018411e-05 +6.7895784293301241e-06 +1.3214361821160865e-05 +5.2740039164970119e-06 +1.0392557363927655e-05
 14.50000000 +5.0000000000000000e+00 +1.9999987476590084e+00 +1.8462704604871665e-03 +9.9997861976524283e-01 +9.9999967980368631e-01 +9.9999976241760002e-01 +9.9999961262191428e-01 +9.9999964814046050e-01 +8.9953505919299070e-06 +4.4513355692925607e-06 -6.1594339439210772e-07 +3.9941321066045043e-06 +5.8522950708043992e-06
 15.00000000 +5.0000000000000000e+00 +1.9999976125086065e+00 +1.8649729454704859e-03 +9.9993448712101995e-01 +9.9999967701712134e-01 +9.9999961286882122e-01 +9.9999960259137788e-01 +9.9999964124533691e-01 +9.6993782877188544e-06 +1.0111717122546323e-05 +8.0046399614647856e-06 +1.8812908440637530e-05 +2.0350492427812983e-05
 15.50000000 +5.0000000000000000e+00 +1.9999982207742157e+00 +1.8892887063155059e-03 +9.9987573722232315e-01 +9.9999962435458400e-01 +9.9999957082372881e-01 +9.9999962009418208e-01 +9.9999972274213500e-01 +1.7392521929173192e-05 +2.1130351485930475e-05 +3.0720370094189843e-05 +2.6931652432968799e-05 +2.9549814500078018e-05
 16.00000000 +5.0000000000000000e+00 +1.9999980334577965e+00 +1.9149464311368155e-03 +9.9981139320689139e-01 +9.9999966658210648e-01 +9.9999964784091289e-01 +9.9999958974382952e-01 +9.9999968853831156e-01 +3.1932318735784231e-05 +3.3967228983057032e-05 +3.6932772631182250e-05 +3.6164442877638135e-05 +5.1017262852411918e-05
 16.50000000 +5.0000000000000000e+00 +1.9999972001389910e+00 +1.9403527500747287e-03 +9.9974614960817798e-01 +9.9999966458407685e-01 +9.9999962656890218e-01 +9.9999960475886063e-01 +9.9999967013574553e-01 +3.9036776273652045e-05 +5.2595285847757181e-05 +5.2928417317984875e-05 +5.7972198056915039e-05 +5.2751670200062436e-05
 17.00000000 +5.0000000000000000e+00 +1.9999967258234386e+00 +1.9637286278338557e-03 +9.9968371860940952e-01 +9.9999970790709680e-01 +9.9999959347224932e-01 +9.9999958561972202e-01 +9.9999962723320290e-01 +5.8382288613732859e-05 +5.8535514003854936e-05 +6.8591855979337386e-05 +5.8620268371659095e-05 +7.3637337143493068e-05
 17.50000000 +5.0000000000000000e+00 +1.9999971354593118e+00 +1.9788361655917871e-03 +9.9964154857484089e-01 +9.9999962535855080e-01 +9.9999959201373478e-01 +9.9999941547988613e-01 +9.9999958306998649e-01 +6.1166906240082099e-05 +7.8238458777331397e-05 +7.9674199270015714e-05 +7.1763718261040661e-05 +6.9392203385973958e-05
 18.00000000 +5.0000000000000000e+00 +1.9999962630326671e+00 +1.9799450766646853e-03 +9.9963495971535277e-01 +9.9999949956336742e-01 +9.9999970728355003e-01 +9.9999944701793408e-01 +9.9999957085005320e-01 +7.9020301413698375e-05 +7.7211844550248912e-05 +7.3950412821421980e-05 +7.4999908118428523e-05 +6.1633068646146870e-05
 18.50000000 +5.0000000000000000e+00 +1.9999961258479295e+00 +1.9771489683952635e-03 +9.9963733314551972e-01 +9.9999953306894596e-01 +9.9999953836696920e-01 +9.9999929625930151e-01 +9.9999945672646195e-01 +8.3542087416422239e-05 +7.4710351496257713e-05 +7.0813744557293194e-05 +7.1880595304738579e-05 +6.3895637125712564e-05
 19.00000000 +5.0000000000000000e+00 +1.9999967247139208e+00 +1.9473571937010999e-03 +9.9971015600950752e-01 +9.9999942924974561e-01 +9.9999937166163821e-01 +9.9999937541505801e-01 +9.9999931394375496e-01 +6.2649250538279687e-05 +6.5317849574132668e-05 +6.2237408192210387e-05 +5.2495895126058289e-05 +4.9653332500880962e-05
 19.50000000 +5.0000000000000000e+00 +1.9999963841297523e+00 +1.9325467232367138e-03 +9.9974600325048690e-01 +9.9999926415646423e-01 +9.9999924314725563e-01 +9.9999935151825725e-01 +9.9999919393716408e-01 +6.5328185049959875e-05 +5.8187311366652842e-05 +4.7979204945715552e-05 +4.4389563641607168e-05 +4.1059729884925693e-05
 20.00000000 +5.0000000000000000e+00 +1.9999966205868120e+00 +1.8939945402380229e-03 +9.9984404441173080e-01 +9.9999954453963358e-01 +9.9999936242685483e-01 +9.9999918549718114e-01 +9.9999932590925134e-01 +3.8404854424593991e-05 +3.1803375147037641e-05 +3.8364560543147205e-05 +2.9068971314420768e-05 +2.0895408222363860e-05
 20.50000000 +5.0000000000000000e+00 +1.9999985982884143e+00 +1.8732649099184942e-03 +9.9989956250849077e-01 +9.9999939424474393e-01 +9.9999925034317383e-01 +9.9999923535382829e-01 +9.9999923092049592e-01 +3.7074836083901227e-05 +3.0326431997933747e-05 +1.4764059157465577e-05 +1.4384807750733086e-05 +6.7764055114093611e-06
 21.00000000 +5.0000000000000000e+00 +1.9999981474802355e+00 +1.8639738515964285e-03 +9.9992751461520779e-01 +9.9999934324095874e-01 +9.9999916748984008e-01 +9.9999911280246079e-01 +9.9999936425849134e-01 +3.0316300268883714e-05 +9.4313699667770574e-07 +1.8124678980934209e-05 +8.5125625824814557e-06 +1.7600931745918082e-05
 21.50000000 +5.0000000000000000e+00 +1.9999989667936897e+00 +1.8644684081562620e-03 +9.9993126384169195e-01 +9.9999938096074892e-01 +9.9999930193357722e-01 +9.9999919791636893e-01 +9.9999922935520191e-01 +2.0154645336222876e-05 +1.3891384084014672e-05 +2.2281343655854779e-05 +1.1003985728849780e-05 +4.2946981448352496e-06
 22.00000000 +5.0000000000000000e+00 +1.9999990894303967e+00 +1.8665555251868486e-03 +9.9993022120733543e-01 +9.9999939215266243e-01 +9.9999936201191819e-01 +9.9999916412574275e-01 +9.9999930583801178e-01 +1.0764690109254721e-05 +2.4581457983653880e-05 +6.9216576851937239e-06 +1.4256201720729488e-05 +1.6030608132196904e-05
 22.50000000 +5.0000000000000000e+00 +1.9999990216714840e+00 +1.8802065359823448e-03 +9.9989952500325285e-01 +9.9999929048935943e-01 +9.9999893151321384e-01 +9.9999920041653112e-01 +9.9999940413588462e-01 +1.7026544999145310e-05 +1.4103889580689623e-05 +1.1238829660727037e-05 +2.9836333330360628e-05 +3.1442791225144466e-05
 23.00000000 +5.0000000000000000e+00 +1.9999980523358301e+00 +1.9142933990989115e-03 +9.9981379035898621e-01 +9.9999924184912292e-01 +9.9999933883144576e-01 +9.9999907353654227e-01 +9.9999917558756601e-01 +2.9579698977042966e-05 +1.8032189738743695e-05 +3.9262005332386542e-05 +5.3133704251049405e-05 +4.9372188144606273e-05
 23.50000000 +5.0000000000000000e+00 +1.9999966607089970e+00 +1.9298094608602170e-03 +9.9977432223299234e-01 +9.9999899648512158e-01 +9.9999944095134230e-01 +9.9999908379234415e-01 +9.9999916111237830e-01 +4.5391927046485435e-05 +4.4914598856568241e-05 +4.9408719497398196e-05 +3.4523608237626309e-05 +5.4756600497440871e-05
 24.00000000 +5.0000000000000000e+00 +1.9999982147185715e+00 +1.9438693672754373e-03 +9.9973603239046627e-01 +9.9999921562121397e-01 +9.9999912455140572e-01 +9.9999902378961514e-01 +9.9999931316557644e-01 +5.8494085047796258e-05 +4.4545583666912593e-05 +5.6040314914263176e-05 +5.0176611325860270e-05 +5.8033824875248068e-05
 24.50000000 +5.0000000000000000e+00 +2.0000011748126236e+00 +1.9554156168501303e-03 +9.9970371860479257e-01 +9.9999902580193756e-01 +9.9999903000876633e-01 +9.9999909847301083e-01 +9.9999916227665486e-01 +5.6915177652377563e-05 +5.7867527761854150e-05 +5.8235615748540332e-05 +5.9588725916459477e-05 +6.7357880129656614e-05
 25.00000000 +5.0000000000000000e+00 +1.9999990718497742e+00 +1.9584829150824973e-03 +9.9969110167325681e-01 +9.9999918880695793e-01 +9.9999923515842126e-01 +9.9999932655399093e-01 +9.9999870117034451e-01 +7.4886287668235452e-05 +5.6004784703037555e-05 +8.0373797136619446e-05 +3.9379589408247568e-05 +6.1802148628566474e-05
 25.50000000 +5.0000000000000000e+00 +1.9999999197316201e+00 +1.9611457068948153e-03 +9.9967900638363127e-01 +9.9999949271796584e-01 +9.9999902578522482e-01 +9.9999908977865015e-01 +9.9999922527540497e-01 +6.5865801302056575e-05 +8.5370555078549901e-05 +5.1361885892922793e-05 +5.7206119172545497e-05 +6.4355661750165505e-05
 26.00000000 +5.0000000000000000e+00 +2.0000021563220920e+00 +1.9443150114054350e-03 +9.9971850943742813e-01 +9.9999899666061065e-01 +9.9999910033287109e-01 +9.9999893831332731e-01 +9.9999920555137456e-01 +5.8462682742435616e-05 +7.6323818029951714e-05 +4.9294818260176006e-05 +5.3858879243194905e-05 +4.7309560933175577e-05
 26.50000000 +5.0000000000000000e+00 +1.9999984688315673e+00 +1.9300364796773983e-03 +9.9974968943464060e-01 +9.9999875285423334e-01 +9.9999873812892237e-01 +9.9999936627947228e-01 +9.9999896710650882e-01 +6.1648737808502610e-05 +7.5673668257211332e-05 +5.0993798307949461e-05 +2.2894340808070538e-05 +4.3275601309155559e-05
 27.00000000 +5.0000000000000000e+00 +1.9999984595841978e+00 +1.8989067090168003e-03 +9.9983060366421950e-01 +9.9999899103519796e-01 +9.9999882304868959e-01 +9.9999889687558419e-01 +9.9999874929438348e-01 +4.1757575612765426e-05 +3.6703301520220810e-05 +3.8333262258384240e-05 +3.0128155124688164e-05 +2.7013815764126531e-05
 27.50000000 +5.0000000000000000e+00 +1.9999994268670416e+00 +1.8946240179657159e-03 +9.9984234980977171e-01 +9.9999848551839710e-01 +9.9999899861679509e-01 +9.9999853236442227e-01 +9.9999883237017850e-01 +3.9314765156510990e-05 +3.7001210658626041e-05 +3.4168789109672220e-05 +3.3913950341120555e-05 +1.8402652569441129e-05
 28.00000000 +5.0000000000000000e+00 +2.0000019857097220e+00 +1.8783945171857712e-03 +9.9988836083844579e-01 +9.9999832591486237e-01 +9.9999904429990705e-01 +9.9999915545654183e-01 +9.9999915657845240e-01 +4.7587472573623568e-05 +1.8182089155795800e-05 +1.4033179528126168e-05 +1.3169161559952964e-06 +3.4837314506467865e-05
 28.50000000 +5.0000000000000000e+00 +2.0000034627029999e+00 +1.8711638354992211e-03 +9.9991303579328816e-01 +9.9999916113162302e-01 +9.9999902761906845e-01 +9.9999848096517308e-01 +9.9999883745715612e-01 +2.6415182192094057e-05 -3.5186812283921500e-06 +1.5979887712689694e-05 +2.4030862782577253e-05 +2.8549787239306537e-05
 29.00000000 +5.0000000000000000e+00 +2.0000014756419073e+00 +1.8683987193193908e-03 +9.9992496878051729e-01 +9.9999957760586222e-01 +9.9999854320565551e-01 +9.9999862871998491e-01 +9.9999882154109654e-01 +1.7484689948966995e-05 +6.0730298885721091e-06 +2.2650662284247563e-05 +1.4360626212748517e-05 +1.8891114184685042e-05
 29.50000000 +5.0000000000000000e+00 +1.9999988454903466e+00 +1.8782640421192388e-03 +9.9990290169334706e-01 +9.9999921465492181e-01 +9.9999862233031689e-01 +9.9999919900920442e-01 +9.9999885807653299e-01 +1.7301903622085221e-05 +2.8035334841856202e-05 +1.8644403357988072e-05 +3.6808323672809743e-05 +4.1423837810351412e-07
 30.00000000 +5.0000000000000000e+00 +1.9999955152449767e+00 +1.9150039550011114e-03 +9.9981161436725619e-01 +9.9999856848869673e-01 +9.9999909221228744e-01 +9.9999857002282366e-01 +9.9999861903953402e-01 +2.4748216044404539e-05 +3.5356313651340074e-05 +2.3493245180952930e-05 +6.0112562957535165e-05 +4.9825512747841044e-05
 30.50000000 +5.0000000000000000e+00 +1.9999950899304255e+00 +1.9103157095466615e-03 +9.9982360628653189e-01 +9.9999880165261101e-01 +9.9999867116867758e-01 +9.9999867712907431e-01 +9.9999823887804662e-01 +3.6346263733976512e-05 +2.5387713445906129e-05 +2.7339850386188960e-05 +4.0581513092460029e-05 +5.2349501549616051e-05
 31.00000000 +5.0000000000000000e+00 +2.0000008347720137e+00 +1.9434615836103528e-03 +9.9973954361932682e-01 +9.9999885856670068e-01 +9.9999942521999996e-01 +9.9999833112792136e-01 +9.9999939702947871e-01 +3.1541119582974160e-05 +5.1225774540729417e-05 +5.7966246170498212e-05 +5.9079267515884676e-05 +6.4632014276374083e-05
 31.50000000 +5.0000000000000000e+00 +1.9999976406639040e+00 +1.9281049315858887e-03 +9.9977452456135552e-01 +9.9999888798570069e-01 +9.9999808731444861e-01 +9.9999916154959700e-01 +9.9999956915548205e-01 +4.3860954917418729e-05 +4.0182626164604924e-05 +4.4504306162760582e-05 +3.0401933249689827e-05 +7.0819676657569820e-05
 32.00000000 +5.0000000000000000e+00 +1.9999903662658320e+00 +1.9768467862083276e-03 +9.9964275615344089e-01 +9.9999872514247223e-01 +9.9999865803539911e-01 +9.9999953179390377e-01 +9.9999966945131513e-01 +6.0737589641075886e-05 +4.8274160374575374e-05 +8.7584797395397061e-05 +8.1378041330062032e-05 +8.2684797246830913e-05
 32.50000000 +5.0000000000000000e+00 +1.9999976196059186e+00 +1.9591019767398665e-03 +9.9968542704308061e-01 +9.9999839114991218e-01 +9.9999829678097929e-01 +9.9999946242395032e-01 +9.9999782909988821e-01 +7.1404454644225394e-05 +7.8846046814663430e-05 +6.5555196952752140e-05 +5.3434783568389817e-05 +5.1352983234872114e-05
 33.00000000 +5.0000000000000000e+00 +2.0000036342377951e+00 +1.9639817457633990e-03 +9.9967092944828839e-01 +9.9999945284435121e-01 +9.9999851537486106e-01 +9.9999881160550652e-01 +9.9999795800647517e-01 +9.1959080397187827e-05 +6.0429024388732984e-05 +5.0064979632723852e-05 +5.8197516778695464e-05 +7.3682131323140137e-05
 33.50000000 +5.0000000000000000e+00 +1.9999960649244102e+00 +1.9182363500302453e-03 +9.9978382812639865e-01 +9.9999851259224715e-01 +9.9999888142429838e-01 +9.9999784475133369e-01 +9.9999898114099073e-01 +7.4110870750782818e-05 +5.9279001910056016e-05 +1.7851171599952630e-05 +2.3182359577325566e-05 +4.7528562209664128e-05
 34.00000000 +5.0000000000000000e+00 +1.9999949154386509e+00 +1.9270269591230254e-03 +9.9976021779315105e-01 +9.9999905725966032e-01 +9.9999868254415702e-01 +9.9999799652211541e-01 +9.9999960444333780e-01 +8.4049829574480407e-05 +8.4469814416663795e-05 +1.4738904402627103e-05 +4.0514289506784789e-05 +2.0668566657089401e-05
 34.50000000 +5.0000000000000000e+00 +1.9999948211126990e+00 +1.8971814525505562e-03 +9.9983697951650052e-01 +9.9999817362241572e-01 +9.9999859013247538e-01 +9.9999944917879957e-01 +9.9999801766855023e-01 +5.0146568911072681e-05 +5.0808028313919418e-05 +3.1151853441142281e-05 +2.9669122934892284e-05 +7.0142932070639497e-06
 35.00000000 +5.0000000000000000e+00 +1.9999963419926101e+00 +1.8908026280258839e-03 +9.9985748040638844e-01 +9.9999778299500508e-01 +9.9999740708839913e-01 +9.9999820967598296e-01 +9.9999847486385074e-01 +3.8677851737049036e-05 +4.8882248993986444e-05 +8.9794489250756158e-06 +2.8407744747580332e-05 +2.5697664332256142e-05
 35.50000000 +5.0000000000000000e+00 +1.9999984275424076e+00 +1.8999902635906136e-03 +9.9983574961369559e-01 +9.9999957626562275e-01 +9.9999824017244110e-01 +9.9999913292829934e-01 +9.9999818308683019e-01 +4.5002553900199965e-05 +4.6015100174568638e-05 +2.7252532699237568e-05 +3.7959536534785059e-05 +1.2888275268692407e-05
 36.00000000 +5.0000000000000000e+00 +1.9999944799944842e+00 +1.9006924238317497e-03 +9.9983701850218609e-01 +9.9999859602629493e-01 +9.9999791108872926e-01 +9.9999921025497562e-01 +9.9999921431683270e-01 +4.7997245815662674e-05 +3.5719985232953836e-05 +2.3483873457014597e-05 +1.7648493780327642e-05 +4.3200246111117813e-05
 36.50000000 +5.0000000000000000e+00 +1.9999928966142331e+00 +1.8956106742432401e-03 +9.9985022972327853e-01 +9.9999911881832115e-01 +9.9999848337750763e-01 +9.9999685346660017e-01 +9.9999946386658078e-01 +3.8679170895353966e-05 +4.4997539030518418e-05 +9.0371275572129239e-06 +1.9712233516165891e-05 +4.3424718770416683e-05
 37.00000000 +5.0000000000000000e+00 +1.9999964032201636e+00 +1.9284191063199823e-03 +9.9977420893841684e-01 +9.9999885522256593e-01 +9.9999909238907592e-01 +9.9999619414509966e-01 +9.9999846075437349e-01 +5.8211441671992689e-05 +4.9292957683802637e-05 +5.9336710049587604e-05 +4.4877411154042430e-05 +2.1470016512942682e-05
 37.50000000 +5.0000000000000000e+00 +1.9999934232787751e+00 +1.8963286612491547e-03 +9.9985721168046016e-01 +9.9999934346398678e-01 +9.9999790648119502e-01 +9.9999788006397883e-01 +9.9999736024295804e-01 +2.5975731274405862e-05 +2.4522544723238287e-05 +5.4230017005374867e-06 +4.4931819431615173e-05 +4.9444990081183959e-05
 38.00000000 +5.0000000000000000e+00 +1.9999955161321026e+00 +1.9423346843282789e-03 +9.9973966909504197e-01 +9.9999968772438907e-01 +9.9999670796637885e-01 +9.9999716409026562e-01 +9.9999743613161285e-01 +7.5556800655928079e-05 +5.2930274746565901e-05 +5.3559492764337709e-05 +3.2205252340634784e-05 +5.5083170418738428e-05
 38.50000000 +5.0000000000000000e+00 +1.9999970765661539e+00 +1.9415699456819691e-03 +9.9973965641306306e-01 +9.9999898911866458e-01 +9.9999832407638267e-01 +9.9999920339026749e-01 +9.9999835393667325e-01 +4.5010641841210928e-05 +5.4997772093705223e-05 +7.3616604264499096e-05 +6.0262637766677150e-05 +3.1585371839130718e-05
 39.00000000 +5.0000000000000000e+00 +1.9999980697680433e+00 +1.9631029138260044e-03 +9.9968100508739299e-01 +1.0000002463141866e+00 +9.9999797530583356e-01 +9.9999811751495582e-01 +9.9999966161153486e-01 +7.3055511580995337e-05 +8.7941313810817559e-05 +3.1302784053484138e-05 +8.4986710326606931e-05 +4.5707843772988567e-05
 39.50000000 +5.0000000000000000e+00 +1.9999991470069260e+00 +1.9384257973204242e-03 +9.9974146471349112e-01 +9.9999791979255137e-01 +9.9999662065706230e-01 +9.9999832358537255e-01 +9.9999866037502882e-01 +4.3713943161329174e-05 +4.9624995897054884e-05 +6.3125297940219049e-05 +3.3659016388069888e-05 +7.6887650015102600e-05
 40.00000000 +5.0000000000000000e+00 +1.9999946576649978e+00 +1.9378537752429588e-03 +9.9974103719896357e-01 +9.9999812490463291e-01 +9.9999785380727446e-01 +9.9999805087140514e-01 +9.9999756248263771e-01 +8.7318783187821867e-05 +3.7909403369004687e-05 +4.5551922574789057e-05 +3.0965849954958844e-05 +6.5624784306965409e-05
 40.50000000 +5.0000000000000000e+00 +1.9999954835587039e+00 +1.8895113418277295e-03 +9.9986043994250784e-01 +9.9999810586547644e-01 +9.9999985451954820e-01 +9.9999837763448574e-01 +9.9999834031345536e-01 +1.0611642138472016e-05 +2.3112569006669363e-05 +4.1700182121360646e-05 +2.9557120900236012e-05 +3.9900213043486695e-05
 41.00000000 +5.0000000000000000e+00 +1.9999884287075684e+00 +1.9430561243170123e-03 +9.9971854527246973e-01 +9.9999895170839281e-01 +9.9999802285304107e-01 +9.9999822593912380e-01 +9.9999896038416480e-01 +3.0722801974196200e-06 +8.1016967730798285e-05 +6.8389370269911573e-05 +7.6909091849796410e-05 +5.7906139110917241e-05
 41.50000000 +5.0000000000000000e+00 +1.9999937971015327e+00 +1.9036244141830507e-03 +9.9982362693558957e-01 +1.0000004571156647e+00 +9.9999710693815536e-01 +9.9999845598009474e-01 +9.9999698748522103e-01 +4.8059008073286792e-05 +6.0422434711724170e-05 +4.8035995665980285e-06 +4.2014947903865983e-05 +2.8065552053595677e-05
 42.00000000 +5.0000000000000000e+00 +2.0000007008257641e+00 +1.9049467267067159e-03 +9.9982401935017684e-01 +9.9999743592348767e-01 +9.9999717838648805e-01 +9.9999886353488132e-01 +9.9999925869419815e-01 +8.2767420709959277e-05 +2.5500322534301621e-05 +2.8108778255322768e-05 +1.8774174609710039e-05 +2.8093380298469484e-05
 42.50000000 +5.0000000000000000e+00 +2.0000027487641017e+00 +1.9195643240751620e-03 +9.9978999593958018e-01 +9.9999891932111773e-01 +9.9999637904683880e-01 +9.9999678547894533e-01 +9.9999848635721589e-01 +4.6036857115183520e-05 +2.2997126134235120e-05 +6.8916941587508405e-05 +3.8136028083317209e-05 +4.3346875422107277e-05
 43.00000000 +5.0000000000000000e+00 +1.9999977975548611e+00 +1.8930650240499133e-03 +9.9985529125466777e-01 +1.0000001117070536e+00 +9.9999724154536640e-01 +9.9999610110293169e-01 +9.9999660942077939e-01 +2.9481987637786251e-06 +8.0854681751193024e-05 +3.8711616558344672e-05 +3.7231161942227094e-05 -5.1006643953249462e-06
 43.50000000 +5.0000000000000000e+00 +1.9999999949871641e+00 +1.8922427379192853e-03 +9.9986313043092134e-01 +9.9999878420344257e-01 +9.9999971356356854e-01 +9.9999929968621859e-01 +9.9999947345366991e-01 +2.7679613452071293e-05 +3.5598137529275302e-05 +1.3592139254962399e-05 +6.0385331421310899e-05 +2.3434086574635018e-06
 44.00000000 +5.0000000000000000e+00 +1.9999969499002979e+00 +1.9405892635755773e-03 +9.9974232911485916e-01 +9.9999615939583242e-01 +9.9999995545590914e-01 +9.9999596301999782e-01 +9.9999651494202824e-01 +2.6557313930843133e-05 +6.5851846296099907e-05 +1.8245988375554051e-05 +8.0835019951670274e-05 +7.7587921206705930e-05
 44.50000000 +5.0000000000000000e+00 +1.9999969299571321e+00 +1.9126269736298666e-03 +9.9981387649793230e-01 +1.0000006876576699e+00 +9.9999630174486875e-01 +9.9999636757262200e-01 +9.9999554184546391e-01 +2.5713098743650747e-05 +4.0161457649653976e-05 +5.9481240065057746e-05 +6.6571416738045545e-05 +5.2974670513638469e-06
 45.00000000 +5.0000000000000000e+00 +1.9999973972219816e+00 +1.9112965332625294e-03 +9.9981567377359637e-01 +9.9999616458112506e-01 +1.0000004195831178e+00 +9.9999880208948022e-01 +9.9999828408389646e-01 +5.9441031112944566e-05 +3.5524859558321575e-05 +1.3793806874392652e-05 +3.4290602510630213e-05 +4.7605619696811887e-05
 45.50000000 +5.0000000000000000e+00 +2.0000099109788581e+00 +1.9391814317959747e-03 +9.9974759067030561e-01 +9.9999877572622486e-01 +9.9999853728135768e-01 +1.0000007320832267e+00 +9.9999771121130510e-01 +3.2754946259440303e-05 +4.0603739088333528e-05 +5.5808575929474221e-05 +4.5392905104819403e-05 +8.2092816656161166e-05
 46.00000000 +5.0000000000000000e+00 +1.9999955369073816e+00 +1.9472356126027960e-03 +9.9971812952608019e-01 +9.9999963737041442e-01 +9.9999855798960224e-01 +9.9999593139876575e-01 +9.9999711880732622e-01 +6.7561310457559196e-05 +3.7889010503178299e-05 +6.7231448208917145e-05 +6.1146623038387917e-05 +5.6796521485647595e-05
 46.50000000 +5.0000000000000000e+00 +1.9999992436918119e+00 +1.9476180258819031e-03 +9.9971671214448177e-01 +9.9999782038927076e-01 +9.9999701088313919e-01 +9.9999864840025776e-01 +9.9999953044039114e-01 +9.7308230006963288e-05 +1.0272532717594222e-05 +5.3990017486861077e-05 +5.3018557243122996e-05 +7.5688381999767455e-05
 47.00000000 +5.0000000000000000e+00 +2.0000050115123211e+00 +1.9059752620712866e-03 +9.9982188112964909e-01 +9.9999822510751613e-01 +9.9999541487986376e-01 +9.9999905791758215e-01 +9.9999732899574689e-01 +2.9671043521018316e-05 +2.9263947602343833e-05 +5.9595165260674687e-05 +3.2774508693464611e-05 +3.6787308513806189e-05
 47.50000000 +5.0000000000000000e+00 +1.9999988415009358e+00 +1.9141582406511318e-03 +9.9979670403126064e-01 +9.9999850180788874e-01 +9.9999591854805459e-01 +9.9999727889439383e-01 +9.9999727066003274e-01 +8.7512752819079073e-05 +3.4646872958563699e-05 +2.4304446395864290e-05 +2.0786413421843611e-05 +4.7075542571727217e-05
 48.00000000 +5.0000000000000000e+00 +1.9999968358629647e+00 +1.9387979307470982e-03 +9.9973372487331214e-01 +9.9999634212116251e-01 +9.9999409193600719e-01 +9.9999638439042193e-01 +9.9999889430284061e-01 +9.9642615799429304e-05 +6.4697929373348510e-05 +6.6914534455176950e-05 -1.2088783973788697e-05 +6.1396088969631798e-05
 48.50000000 +5.0000000000000000e+00 +1.9999993060585470e+00 +1.9277081756413148e-03 +9.9976579761904816e-01 +9.9999572606686493e-01 +9.9999497302443274e-01 +9.9999874983614268e-01 +9.9999741501829043e-01 +4.7685723884617831e-05 +4.9780017007954040e-05 +2.0760507775862310e-05 +5.7248217336256459e-05 +7.1863940030818322e-05
 49.00000000 +5.0000000000000000e+00 +2.0000033529532946e+00 +1.9138818803680021e-03 +9.9979766747159649e-01 +9.9999932264031732e-01 +9.9999561592620911e-01 +9.9999729932147330e-01 +9.9999815832180727e-01 +5.4823752434519788e-05 +3.5926132464126976e-05 +5.0662644037118982e-05 +3.9103946609288894e-05 +3.1419880465617236e-05
 49.50000000 +5.0000000000000000e+00 +2.0000145542237648e+00 +1.9074351906267592e-03 +9.9982263812480876e-01 +9.9999900721423829e-01 +1.0000010281300387e+00 +9.9999619714908572e-01 +9.9999771684207750e-01 +5.4693230926501370e-05 +1.6057876432147165e-05 +5.4997496612319256e-05 +5.7463233366048208e-05 +2.0069135666716275e-07
 50.00000000 +5.0000000000000000e+00 +2.0000005754723635e+00 +1.8663790804872927e-03 +9.9992193060277212e-01 +9.9999675699564161e-01 +9.9999233116904374e-01 +9.9999736175325604e-01 +9.9999459953338699e-01 -9.0109973880882558e-06 +6.0102830645234156e-05 +2.2289577211293623e-06 +1.5497297992927152e-05 +2.8201867562123619e-05
 50.50000000 +5.0000000000000000e+00 +2.0000061611864819e+00 +1.8920433520506301e-03 +9.9986431405277554e-01 +9.9999680578978145e-01 +9.9999649406105018e-01 +9.9999479873329133e-01 +9.9999661634293979e-01 +5.6801797150311981e-05 +1.0673172617436108e-05 -5.6148750353664082e-06 +2.9609147655175468e-05 +5.9501782297594039e-05
 51.00000000 +5.0000000000000000e+00 +2.0000177281432481e+00 +1.8873223552196188e-03 +9.9988072192638389e-01 +9.9999905883381190e-01 +9.9999832644286313e-01 +9.9999669674182379e-01 +9.9999589212815143e-01 +5.5650707006043436e-05 +3.6044550297311180e-05 -6.3283673830617599e-06 +7.3263898750797563e-06 +3.6610621464811243e-05
 51.50000000 +5.0000000000000000e+00 +2.0000152678572887e+00 +1.9059425870370003e-03 +9.9984043470788342e-01 +9.9999756805553630e-01 +1.0000004745315347e+00 +9.9999713396189249e-01 +1.0000009124897340e+00 +2.5370948938529408e-05 +3.5863736331175034e-05 +2.2567647172708160e-05 +3.8967581493752307e-05 +4.0706338892608298e-05
 52.00000000 +5.0000000000000000e+00 +2.0000076092408166e+00 +1.8617986960464338e-03 +9.9993811119098386e-01 +9.9999798467091339e-01 +9.9999847151895893e-01 +9.9999888280752658e-01 +9.9999542050164880e-01 +2.9683837810363794e-06 +6.6138580752449644e-06 +7.5455537928270587e-05 -8.2029758695206971e-06 -5.7054885284680032e-06
 52.50000000 +5.0000000000000000e+00 +1.9999990661192300e+00 +1.9678613964880772e-03 +9.9966867052074937e-01 +9.9999554991687734e-01 +9.9999557868607469e-01 +9.9999982480920868e-01 +9.9999478644312112e-01 +8.3134964646240010e-05 +5.1774617811612161e-05 +1.0329148191952180e-04 +2.8849350497928598e-05 +7.8539233904467858e-05
 53.00000000 +5.0000000000000000e+00 +2.0000072986359161e+00 +1.9047132343568696e-03 +9.9983489734721387e-01 +9.9999315784626674e-01 +9.9999313735803808e-01 +9.9999142671053076e-01 +9.9999939448153452e-01 +7.6570739003528491e-05 -2.4662362102865388e-05 +4.9768399927359440e-05 +3.8309223894285377e-05 +4.8000236579469768e-05
 53.50000000 +5.0000000000000000e+00 +1.9999984749448194e+00 +1.9231089849096018e-03 +9.9977740554923122e-01 +1.0000009348223251e+00 +9.9999440455162769e-01 +9.9999436276963571e-01 +9.9999138262380438e-01 +6.1783954694885200e-05 +1.9273141491162584e-05 +4.5313909241603400e-05 +5.2193443465583740e-05 +6.2945230351812333e-05
 54.00000000 +5.0000000000000000e+00 +2.0000152496383419e+00 +1.9088092851929461e-03 +9.9981849769660891e-01 +9.9999885475979966e-01 +9.9999582607457183e-01 +9.9999574204345154e-01 +9.9999445944974841e-01 +7.5385988426347393e-06 +6.9912569293719863e-05 -2.0787690766905735e-05 +6.8846805886461281e-05 +7.1109714330172704e-05
 54.50000000 +5.0000000000000000e+00 +2.0000051161577894e+00 +1.8979312239500844e-03 +9.9984029670613006e-01 +9.9999993917076091e-01 +1.0000062856903789e+00 +9.9999837152806070e-01 +9.9999283493803659e-01 +1.7737459046832288e-05 -1.5923766400907882e-05 +2.1937439156224772e-05 +6.6820422521730386e-05 +7.1700389333061051e-05
 55.00000000 +5.0000000000000000e+00 +1.9999978849049751e+00 +1.9445715638897836e-03 +9.9971978125758654e-01 +9.9999818280955255e-01 +9.9999588529574557e-01 +9.9999489156234178e-01 +9.9999646840410250e-01 +8.0213814235133689e-05 +6.5749005202436447e-05 +2.4165496588259452e-05 +1.2010825040359097e-04 +4.5540735081491170e-06
 55.50000000 +5.0000000000000000e+00 +2.0000203156270886e+00 +1.9205396961580708e-03 +9.9978926942394652e-01 +9.9999777932946132e-01 +9.9999859939517866e-01 +9.9999842866340682e-01 +1.0000005563944161e+00 +6.8363331141144259e-05 +1.3477567047079195e-05 +4.0740645616190269e-05 +6.0667113237646792e-05 +3.2118136518605034e-05
 56.00000000 +5.0000000000000000e+00 +2.0000078513829371e+00 +1.9005108486556143e-03 +9.9983980476163037e-01 +9.9999618580452765e-01 +9.9999532950563186e-01 +9.9999527621247775e-01 +9.9999925305422888e-01 +1.2854580821488987e-05 +4.0481401325809127e-05 +4.4388524815477124e-05 +2.9043000165292503e-05 +4.7383135537974958e-05
 56.50000000 +5.0000000000000000e+00 +2.0000100608824125e+00 +1.8890061964466373e-03 +9.9985950733950224e-01 +9.9999044432351114e-01 +1.0000052974336806e+00 +9.9999359286940137e-01 +9.9999794791335905e-01 +1.8773595346015523e-05 +2.8611591052213040e-05 -2.2893400893147217e-05 +5.5570916198042460e-05 +7.3147408665595392e-05
 57.00000000 +5.0000000000000000e+00 +2.0000075366308336e+00 +1.9282074919482587e-03 +9.9976855910293916e-01 +1.0000019101466524e+00 +9.9999552368814637e-01 +9.9999567005625367e-01 +9.9999952119849722e-01 +9.9999986342595601e-05 +9.4613696896920177e-06 +6.7907311656053960e-06 +5.9382982447647766e-05 +6.3180721342732401e-05
 57.50000000 +5.0000000000000000e+00 +2.0000132941670694e+00 +1.9544811436795913e-03 +9.9971083973678054e-01 +9.9999229582852556e-01 +9.9999356600623679e-01 +9.9999938465352545e-01 +9.9999384680305581e-01 +8.2565900639982914e-05 +1.5911541218651239e-04 +4.8687737186360821e-05 -1.9283838817089546e-06 +2.1626279427967041e-05
 58.00000000 +5.0000000000000000e+00 +2.0000101252108538e+00 +1.8987045109976439e-03 +9.9984001198976458e-01 +9.9999989895856267e-01 +9.9999144904370141e-01 +1.0000034595068199e+00 +1.0000037502551673e+00 -2.9751009567950883e-05 +1.0733688704066902e-04 -4.6813199706100710e-06 +4.0684262937711716e-05 +4.7841445677903462e-05
 58.50000000 +5.0000000000000000e+00 +2.0000220279711334e+00 +1.9013117023973744e-03 +9.9985153313713282e-01 +9.9999917982701592e-01 +9.9999862391956618e-01 +9.9999671250345201e-01 +9.9999932469486807e-01 +9.3220271053816821e-05 -2.1133126255289558e-05 +3.2072534401587802e-05 +3.6839186426982254e-05 +1.3627071472376337e-05
 59.00000000 +5.0000000000000000e+00 +2.0000106168454383e+00 +1.8239254172571697e-03 +1.0000272385333469e+00 +9.9999734201867851e-01 +9.9999280170048899e-01 +9.9999238364255894e-01 +1.0000034176718238e+00 -3.6682317765013676e-05 +5.8849837455891660e-05 +2.8766401518317454e-05 +3.1222370708744518e-05 -9.5339878904909914e-05
 59.50000000 +5.0000000000000000e+00 +1.9999994703477411e+00 +1.9644746359106535e-03 +9.9967360545122308e-01 +1.0000024951549285e+00 +9.9999800714352460e-01 +9.9999535533096506e-01 +1.0000009055800205e+00 +5.1104250748969681e-05 +8.3286620647792534e-05 +3.9772280301232398e-05 +3.4130568600563552e-05 +1.2133762710356150e-04
 60.00000000 +5.0000000000000000e+00 +2.0000101628349611e+00 +1.9548901429606923e-03 +9.9970835886407972e-01 +9.9999547797636323e-01 +9.9999398853705102e-01 +9.9999592091904244e-01 +1.0000005685861810e+00 +1.0526913625582200e-04 +8.9688814246286741e-05 +4.9659605336876640e-06 +5.5889442660260789e-05 +4.9871755539106211e-05
 60.50000000 +5.0000000000000000e+00 +2.0000078466662612e+00 +1.8860063992414090e-03 +9.9987338110507751e-01 +9.9999790996163607e-01 +9.9999244879777860e-01 +9.9999333305621474e-01 +9.9999400092388591e-01 +8.6046362979719330e-05 +4.4169760902460346e-05 +3.0037757630351106e-05 -2.6358927241672093e-05 +1.5031181435985863e-05
 61.00000000 +5.0000000000000000e+00 +2.0000080726268865e+00 +1.8875555133795443e-03 +9.9987448239909049e-01 +9.9999708084075922e-01 +9.9999104996511745e-01 +1.0000008139207905e+00 +9.9998946651547782e-01 +1.7572000522921784e-05 +2.1572488375728644e-05 +1.0019932060115726e-04 -1.7825897938495778e-05 +2.5588439218637121e-05
 61.50000000 +5.0000000000000000e+00 +2.0000010187975827e+00 +1.9697616711318441e-03 +9.9966628826686543e-01 +9.9999650248242222e-01 +9.9999247922199419e-01 +9.9999614939745929e-01 +9.9999289286410720e-01 +8.0178539909775678e-05 +4.9162788103798016e-05 +9.4291603617871285e-05 +4.8985754484696486e-05 +8.3069075465055470e-05
 62.00000000 +5.0000000000000000e+00 +1.9999965450208095e+00 +1.9345820333780349e-03 +9.9974163637258406e-01 +9.9999872343156415e-01 +1.0000034234513111e+00 +1.0000007077239961e+00 +9.9999681607526325e-01 -9.1404199414034443e-06 +1.2140039367379020e-04 +9.4666751165880817e-05 -1.6125196887689489e-06 +5.3378744526257740e-05
 62.50000000 +5.0000000000000000e+00 +2.0000237609922804e+00 +1.8962222496542174e-03 +9.9985872679555998e-01 +9.9998911576713134e-01 +9.9999850270640112e-01 +1.0000063221146778e+00 +9.9999521367795552e-01 -3.5051014084249358e-05 +2.5216110074368854e-05 +4.9899474399612202e-05 +1.1631158634552361e-05 +1.0042320668779798e-04
 63.00000000 +5.0000000000000000e+00 +1.9999838877035729e+00 +1.9053423825182243e-03 +9.9981234541920228e-01 +1.0000036886664638e+00 +9.9999766480227348e-01 +1.0000020494409110e+00 +9.9999089813316033e-01 +5.5052508443479228e-05 +4.8304953843626815e-05 -2.9008109815520627e-05 +3.9695322608091701e-05 +7.9308849132826221e-05
 63.50000000 +5.0000000000000000e+00 +1.9999878306876622e+00 +1.9444171689249397e-03 +9.9972646168077117e-01 +9.9999141042486139e-01 +9.9999244738704840e-01 +9.9998772251251189e-01 +9.9999898583184610e-01 +1.4786766816025744e-04 +1.0341006689350837e-04 -1.1594496403195284e-05 +5.3739559489753411e-05 +9.5493616932262707e-06
 64.00000000 +5.0000000000000000e+00 +1.9999963990238012e+00 +1.8338125940848076e-03 +1.0000033320415480e+00 +9.9999583266852210e-01 +9.9999796004351182e-01 +9.9999784004953063e-01 +9.9998150397613050e-01 +1.3510374093936754e-05 -5.6121411602531864e-05 -5.5904399542730808e-05 +3.5863348073957757e-05 +8.6183313721167898e-05
 64.50000000 +5.0000000000000000e+00 +1.9999945556786130e+00 +1.8689682328833005e-03 +9.9991467181719218e-01 +1.0000072041929728e+00 +1.0000001102071308e+00 +9.9999567061499539e-01 +9.9999430673413980e-01 -4.6462923928791052e-06 +5.7210554623492426e-05 +2.5437179939641190e-06 +4.8979833575621919e-06 +2.8030465986140995e-05
 65.00000000 +5.0000000000000000e+00 +2.0000054088875214e+00 +1.9283916360332291e-03 +9.9977928032328434e-01 +9.9999034958467403e-01 +9.9999582173432400e-01 +9.9999499138459191e-01 +9.9999976957201997e-01 +6.2738421429674830e-05 +5.8000266056254976e-05 -3.6653966866861117e-06 +4.0277783765629343e-05 +8.2436313245455760e-05
 65.50000000 +5.0000000000000000e+00 +2.0000011459999159e+00 +1.8787514536915790e-03 +9.9990705645220279e-01 +9.9999700147153348e-01 +1.0000047772232381e+00 +9.9998929996916974e-01 +1.0000009129180734e+00 +8.2362943560527124e-05 +9.3321725672598397e-05 -2.7438810459886875e-05 +2.1069723113758116e-05 -6.8363619929253909e-05
 66.00000000 +5.0000000000000000e+00 +2.0000024112791555e+00 +1.8573322976511938e-03 +9.9994217976038069e-01 +9.9999847132608310e-01 +1.0000072742534418e+00 +9.9999074398804699e-01 +9.9999960720184666e-01 +1.8411707670709108e-05 +6.0770283370873325e-05 +5.7658731305320800e-05 -5.5839248709492398e-05 -1.9277988139766245e-05
 66.50000000 +5.0000000000000000e+00 +1.9999875995624719e+00 +1.9542320429327530e-03 +9.9970250278558948e-01 +9.9999171684700849e-01 +9.9999547883244888e-01 +9.9998622647545055e-01 +9.9998919305085576e-01 +2.8090063825162918e-05 +2.5574810456035598e-05 +1.0090116859450610e-04 +6.0046377094073172e-05 +1.2026959133169418e-04
 67.00000000 +5.0000000000000000e+00 +2.0000043229008924e+00 +1.9063404564736727e-03 +9.9983312699869342e-01 +9.9999923578379646e-01 +1.0000118282708323e+00 +9.9999201965063633e-01 +9.9999140176953993e-01 +3.2744226797288136e-06 +5.9899510289977100e-05 +1.8787676647165034e-05 +4.6927707092125262e-05 +4.3498216004149655e-05
 67.50000000 +5.0000000000000000e+00 +1.9999921237212455e+00 +1.9345390659695507e-03 +9.9976175591467009e-01 +9.9999637708279976e-01 +9.9999408362821818e-01 +9.9999387096382841e-01 +9.9999724266769230e-01 +3.9497922619874053e-05 +3.0536802391239371e-06 +1.4809098588763868e-05 +3.0688511292780705e-05 +1.6862051795977465e-04
 68.00000000 +5.0000000000000000e+00 +1.9999832799021848e+00 +1.8953201920663128e-03 +9.9984585689404570e-01 +1.0000011826110595e+00 +9.9999493692302066e-01 +9.9999308685968658e-01 +1.0000023080088829e+00 +5.7726676936213203e-05 +7.3692210845826257e-05 +5.2156209532061625e-06 +3.1146569831880652e-05 -5.1523620487158432e-06
 68.50000000 +5.0000000000000000e+00 +1.9999909777438722e+00 +1.9687882332770621e-03 +9.9966409970430359e-01 +9.9999353869565977e-01 +9.9999594557140548e-01 +9.9999517099881974e-01 +9.9999111676489794e-01 +3.1879516806467966e-05 +1.3036959956712327e-05 +2.1446116310625744e-05 +2.1860704906497344e-04 +7.5158616762070304e-05
 69.00000000 +5.0000000000000000e+00 +1.9999960488467037e+00 +1.9269149321677114e-03 +9.9977546552631869e-01 +9.9999187560426961e-01 +9.9999557389249805e-01 +9.9999036180028555e-01 +9.9998408912223380e-01 +9.9600990351804492e-05 +7.9681808528741773e-05 +1.2978043129881446e-05 +5.2642682948087651e-05 +1.7730529239856632e-05
 69.50000000 +5.0000000000000000e+00 +1.9999725263940928e+00 +1.9744702656297190e-03 +9.9963996854012316e-01 +9.9999007331965284e-01 +1.0000030446228552e+00 +9.9999887222677208e-01 +1.0000065587935956e+00 +1.0744831679523014e-04 +3.8759750051050660e-05 +9.0081987835403883e-05 +2.4383537793602179e-05 +1.0080888857003164e-04
 70.00000000 +5.0000000000000000e+00 +1.9999940122050097e+00 +1.8309275476063368e-03 +1.0000023340862405e+00 +1.0000003517709508e+00 +9.9999563621285570e-01 +1.0000039547649386e+00 +1.0000010111194741e+00 -8.8960700943900303e-06 +6.1452565067208765e-06 -7.3198481567607459e-05 +2.1280726971659021e-05 +5.1380628515591012e-05
 70.50000000 +5.0000000000000000e+00 +1.9999807820731006e+00 +1.8512842196621428e-03 +9.9996132881685951e-01 +1.0000036146555837e+00 +9.9999867632144523e-01 +9.9999742410434045e-01 +9.9999081824988423e-01 -5.7256640752397269e-05 -1.1373988758945092e-05 +5.0420208478018704e-05 +1.1967909705719575e-04 -5.3330830616379651e-05
 71.00000000 +5.0000000000000000e+00 +1.9999699275895682e+00 +1.9495988083402368e-03 +9.9970429259072080e-01 +1.0000074512213988e+00 +9.9999269869845608e-01 +9.9999561128527181e-01 +9.9998653525698455e-01 +7.6846065936866877e-05 +3.7023973429819696e-05 +1.3209004222578902e-04 -2.4205118320236844e-05 +9.1655981106154763e-05
 71.50000000 +5.0000000000000000e+00 +1.9999856797586357e+00 +1.9725341731596274e-03 +9.9965298694591920e-01 +9.9999243304457641e-01 +9.9999377279052415e-01 +1.0000022027347346e+00 +1.0000017139403297e+00 +7.0743326924481827e-05 +5.0284489834613844e-05 +2.1600679754119312e-05 +1.2455242063816001e-04 +8.9709622047899834e-05
 72.00000000 +5.0000000000000000e+00 +1.9999756350807445e+00 +1.9359970159862276e-03 +9.9973905073465774e-01 +1.0000138942703509e+00 +9.9997900730433220e-01 +9.9999426823451054e-01 +1.0000022409639513e+00 -3.4549673975630504e-05 +9.7596384790071244e-05 +1.1892671285791383e-04 +1.0740686090766081e-04 -1.7841792579093198e-05
 72.50000000 +5.0000000000000000e+00 +1.9999844680229597e+00 +1.9340379266269171e-03 +9.9976601750001404e-01 +1.0000214107899397e+00 +1.0000085463650892e+00 +9.9998834536607251e-01 +9.9999244231905771e-01 +4.3546389243501220e-05 +9.5533918189123185e-05 -1.0631044772268243e-05 +3.0180679956721328e-05 +6.4607714077366017e-05
 73.00000000 +5.0000000000000000e+00 +1.9999932599378618e+00 +1.9601866430926673e-03 +9.9969891068371608e-01 +1.0000148816264613e+00 +9.9999536041929316e-01 +1.0000005140720956e+00 +1.0000031872583364e+00 +9.4051508680623161e-05 +1.5835197912088495e-05 +8.2084536799987960e-05 +1.4246953290811360e-04 -4.7294817655127150e-05
 73.50000000 +5.0000000000000000e+00 +1.9999871435269831e+00 +1.9147812132710759e-03 +9.9981542741260998e-01 +9.9999532787906575e-01 +1.0000157252025303e+00 +9.9998809441134662e-01 +1.0000026163436693e+00 +7.0853371396548329e-05 +6.9204643024581332e-05 -3.5062778280562293e-06 +1.7435551988379838e-05 +2.8821465174110718e-05
 74.00000000 +5.0000000000000000e+00 +1.9999889746723407e+00 +1.9582319957785425e-03 +9.9970095940598547e-01 +9.9999559780065428e-01 +9.9999787781939786e-01 +9.9999730296876532e-01 +9.9998609033766250e-01 +2.1772886598962541e-05 +1.1701471365159248e-05 +1.0309126938619530e-04 +2.4668457577567462e-05 +1.6093758638094613e-04
 74.50000000 +5.0000000000000000e+00 +1.9999873288232302e+00 +1.9513964251453837e-03 +9.9971285022985323e-01 +9.9999914858879524e-01 +9.9998198118780923e-01 +9.9998101576766196e-01 +9.9998478356596798e-01 +1.6267635091073920e-05 +1.1547556704779613e-04 -1.0719665537118541e-05 +1.2447433606470264e-04 +9.4722802661617841e-05
 75.00000000 +5.0000000000000000e+00 +1.9999586341112447e+00 +1.9615962940284820e-03 +9.9967584756625294e-01 +1.0000026995451370e+00 +9.9999892595847184e-01 +9.9999029809014151e-01 +1.0000052736915075e+00 +6.9389259728291279e-05 +1.5072788215157523e-04 +7.4636542363573603e-05 +1.0219233216922999e-04 -6.9990853045805000e-05
