#PATCH_CHECK: SepMBpoisson v0.60 fullmb-kondo adaptive-t500 active
#discretizing the bath:
#     0 0.0000000000000000e+00 -9.1873305439137479e-02
#     1 3.8729833462074169e-03 -1.6720941589923019e-01
#     2 3.8729833462074169e-03 -1.6537473388326893e-01
#     3 3.8729833462074169e-03 -1.6353448368166471e-01
#adaptive measurement: gap=1.8346820159612642e-03 period_steps=6850 nmeas=200 nwf=200 tmax=1.0000000000000000e+02 forced_stride=1
  0.00000000 +2.0000000000000000e+00 +1.9999999999999998e+00 +1.8374661879283106e-03 +1.0000000000000000e+00 +1.0000000000000000e+00 +0.0000000000000000e+00 +0.0000000000000000e+00
  0.50000000 +2.0000000000000000e+00 +1.9999999999746210e+00 +1.8404750365313156e-03 +9.9999236126276692e-01 +1.0000000000002067e+00 +3.8018039164895181e-06 +3.8369335214673466e-06
  1.00000000 +2.0000000000000000e+00 +2.0000000008812830e+00 +1.8493748189175286e-03 +9.9996976240331437e-01 +9.9999999996177646e-01 +1.5099916231184134e-05 +1.5137718701817837e-05
  1.50000000 +2.0000000000000000e+00 +2.0000000005241909e+00 +1.8638818323885116e-03 +9.9993291030842035e-01 +9.9999999975857357e-01 +3.3616580647126827e-05 +3.3473352275286662e-05
  2.00000000 +2.0000000000000000e+00 +1.9999999975325831e+00 +1.8838314332494893e-03 +9.9988220256717775e-01 +9.9999999897199454e-01 +5.8944634964878735e-05 +5.8853827460840705e-05
  2.50000000 +2.0000000000000000e+00 +1.9999999888680065e+00 +1.9086979312856946e-03 +9.9981894218642975e-01 +9.9999999724905919e-01 +9.0680822913685537e-05 +9.0379741509220992e-05
  3.00000000 +2.0000000000000000e+00 +1.9999999671193802e+00 +1.9381184462188132e-03 +9.9974401659767098e-01 +9.9999999438959264e-01 +1.2792967624568989e-04 +1.2805933606651877e-04
  3.50000000 +2.0000000000000000e+00 +1.9999999548281873e+00 +1.9710575734266799e-03 +9.9966002854124392e-01 +9.9999998909567678e-01 +1.6956850994501738e-04 +1.7041385355750190e-04
  4.00000000 +2.0000000000000000e+00 +1.9999999391346392e+00 +2.0061692483463660e-03 +9.9957034175118453e-01 +9.9999998080273056e-01 +2.1517681522765182e-04 +2.1450063120359019e-04
  4.50000000 +2.0000000000000000e+00 +1.9999997729805876e+00 +2.0431082930385093e-03 +9.9947580580365480e-01 +9.9999996642815658e-01 +2.6160362570875110e-04 +2.6262414083418268e-04
  5.00000000 +2.0000000000000000e+00 +1.9999999825091177e+00 +2.0813400661938556e-03 +9.9937771458399172e-01 +9.9999994887238630e-01 +3.1117522612890701e-04 +3.1116131783700624e-04
  5.50000000 +2.0000000000000000e+00 +1.9999997646881340e+00 +2.1188341997157895e-03 +9.9928122882184811e-01 +9.9999992407256144e-01 +3.5912977676966565e-04 +3.5971732718594908e-04
  6.00000000 +2.0000000000000000e+00 +2.0000001607128435e+00 +2.1550729494518735e-03 +9.9918762204774125e-01 +9.9999989344954965e-01 +4.0465469301085661e-04 +4.0782981089469152e-04
  6.50000000 +2.0000000000000000e+00 +2.0000000446541315e+00 +2.1890628932928142e-03 +9.9909938442782065e-01 +9.9999985270617764e-01 +4.5010104808532772e-04 +4.5066181664072476e-04
  7.00000000 +2.0000000000000000e+00 +2.0000002954233773e+00 +2.2234432613434797e-03 +9.9901001910466447e-01 +9.9999980814889255e-01 +4.9606694276142305e-04 +4.9410580369938862e-04
  7.50000000 +2.0000000000000000e+00 +1.9999995581847350e+00 +2.2473844624457339e-03 +9.9894661981172639e-01 +9.9999975604157942e-01 +5.2721753366027425e-04 +5.2640661142681368e-04
  8.00000000 +2.0000000000000000e+00 +1.9999994996686439e+00 +2.2704585832362886e-03 +9.9888522660840329e-01 +9.9999969489050822e-01 +5.5753247633541340e-04 +5.5754602519132615e-04
  8.50000000 +2.0000000000000000e+00 +1.9999996347020899e+00 +2.2891588503040606e-03 +9.9883476645516778e-01 +9.9999962539934817e-01 +5.8723245376714043e-04 +5.7837569172519525e-04
  9.00000000 +2.0000000000000000e+00 +1.9999991161490045e+00 +2.2986725448079018e-03 +9.9880730897907444e-01 +9.9999955037831911e-01 +5.9817304931247947e-04 +5.9496759317650950e-04
  9.50000000 +2.0000000000000000e+00 +1.9999990151961484e+00 +2.3055238506231126e-03 +9.9878653546828233e-01 +9.9999945120037581e-01 +6.1052698862255992e-04 +6.0348634122517222e-04
 10.00000000 +2.0000000000000000e+00 +1.9999991563189630e+00 +2.3094906596949250e-03 +9.9877300607798170e-01 +9.9999936846632709e-01 +6.1727675406210881e-04 +6.1034870163057464e-04
 10.50000000 +2.0000000000000000e+00 +1.9999985982213986e+00 +2.3068396766101448e-03 +9.9877640104362864e-01 +9.9999925886115604e-01 +6.1194911890643687e-04 +6.1239097517174791e-04
 11.00000000 +2.0000000000000000e+00 +1.9999987012271714e+00 +2.3000233715499661e-03 +9.9879052949174196e-01 +9.9999920378462104e-01 +6.0456453559246451e-04 +6.0570218647540387e-04
 11.50000000 +2.0000000000000000e+00 +1.9999975322302632e+00 +2.2824127619131157e-03 +9.9883193864541631e-01 +9.9999905641789566e-01 +5.9043822921089548e-04 +5.7856670756961800e-04
 12.00000000 +2.0000000000000000e+00 +1.9999976768593279e+00 +2.2561600198051650e-03 +9.9889598641482036e-01 +9.9999896193384497e-01 +5.5839357443883051e-04 +5.4665807700702901e-04
 12.50000000 +2.0000000000000000e+00 +1.9999967119979112e+00 +2.2333862798740484e-03 +9.9895149139378481e-01 +9.9999883572762693e-01 +5.2788230934900510e-04 +5.2179057034838739e-04
 13.00000000 +2.0000000000000000e+00 +1.9999968834775408e+00 +2.2080795128460442e-03 +9.9901391921784810e-01 +9.9999875736263533e-01 +4.9907416540993332e-04 +4.8824925564276966e-04
 13.50000000 +2.0000000000000000e+00 +1.9999964224877012e+00 +2.1927991416896648e-03 +9.9905152135803277e-01 +9.9999865467395732e-01 +4.8819194793542093e-04 +4.6163202149601836e-04
 14.00000000 +2.0000000000000000e+00 +1.9999973700721956e+00 +2.1466548485101346e-03 +9.9916787509207916e-01 +9.9999861202555185e-01 +4.1082514624836338e-04 +4.2268773611649338e-04
 14.50000000 +2.0000000000000000e+00 +1.9999954902723482e+00 +2.1151291324951554e-03 +9.9924794825960417e-01 +9.9999839532435630e-01 +4.0072794007396884e-04 +3.5292847703226224e-04
 15.00000000 +2.0000000000000000e+00 +1.9999976902981806e+00 +2.0701967522242250e-03 +9.9936317160552546e-01 +9.9999836638424844e-01 +3.2877145070947273e-04 +3.0969056093426019e-04
 15.50000000 +2.0000000000000000e+00 +1.9999966566166842e+00 +2.0504692536883543e-03 +9.9941511461585475e-01 +9.9999828310961081e-01 +2.7508535185382510e-04 +3.1151692129971671e-04
 16.00000000 +2.0000000000000000e+00 +1.9999973359497374e+00 +2.0173127796993791e-03 +9.9950192590781595e-01 +9.9999817702633964e-01 +2.5477344989848009e-04 +2.4512361731558757e-04
 16.50000000 +2.0000000000000000e+00 +1.9999947343064686e+00 +1.9882498086422700e-03 +9.9957750947344215e-01 +9.9999816070351077e-01 +2.2283745882697715e-04 +2.0149236533151238e-04
 17.00000000 +2.0000000000000000e+00 +1.9999958532828155e+00 +1.9535190147884026e-03 +9.9967013534876015e-01 +9.9999808679696289e-01 +1.7378886643070119e-04 +1.5798898920410472e-04
 17.50000000 +2.0000000000000000e+00 +1.9999963031089079e+00 +1.9299006546907151e-03 +9.9973432871060364e-01 +9.9999793697064254e-01 +1.3840976805680526e-04 +1.2932454962264514e-04
 18.00000000 +2.0000000000000000e+00 +1.9999959654340482e+00 +1.9266825712801171e-03 +9.9974738928121865e-01 +9.9999773060989550e-01 +1.2907836113954169e-04 +1.2580174631720309e-04
 18.50000000 +2.0000000000000000e+00 +1.9999958996661142e+00 +1.9020607301104258e-03 +9.9981493368595709e-01 +9.9999782694052619e-01 +1.0359186395890784e-04 +8.3647509072788597e-05
 19.00000000 +2.0000000000000000e+00 +1.9999964379072268e+00 +1.9065641259432384e-03 +9.9980845008583374e-01 +9.9999769215144296e-01 +9.4039390088364956e-05 +9.9818373961456364e-05
 19.50000000 +2.0000000000000000e+00 +1.9999972690245480e+00 +1.9056408968711495e-03 +9.9981668442292737e-01 +9.9999767549431540e-01 +9.3360147062997279e-05 +9.2279935568243646e-05
 20.00000000 +2.0000000000000000e+00 +1.9999993610360580e+00 +1.8994754672461316e-03 +9.9983916877955048e-01 +9.9999789851664622e-01 +8.8761060133755708e-05 +7.4171643681983804e-05
 20.50000000 +2.0000000000000000e+00 +1.9999978543442813e+00 +1.9123597351595714e-03 +9.9981097216104409e-01 +9.9999729311147945e-01 +1.0280945408506687e-04 +8.8925273768835543e-05
 21.00000000 +2.0000000000000000e+00 +2.0000008120541359e+00 +1.9153262856471669e-03 +9.9981097342614500e-01 +9.9999763566540767e-01 +9.3239661822069918e-05 +9.8151246531184480e-05
 21.50000000 +2.0000000000000000e+00 +1.9999996393074537e+00 +1.9395760675579654e-03 +9.9975192185170214e-01 +9.9999770272889688e-01 +1.1014009765947461e-04 +1.4023532081188211e-04
 22.00000000 +2.0000000000000000e+00 +2.0000001559351617e+00 +1.9493129324275264e-03 +9.9973275922693372e-01 +9.9999796421225606e-01 +1.1397241739944956e-04 +1.5530414388997460e-04
 22.50000000 +2.0000000000000000e+00 +1.9999994794750147e+00 +1.9822589266967937e-03 +9.9965199172590113e-01 +9.9999712307716959e-01 +1.7915925066841590e-04 +1.7172594587405683e-04
 23.00000000 +2.0000000000000000e+00 +1.9999988076948754e+00 +1.9935924471404546e-03 +9.9962493481198478e-01 +9.9999767872258949e-01 +1.6406018597513823e-04 +2.1332627846116643e-04
 23.50000000 +2.0000000000000000e+00 +1.9999981316935129e+00 +2.0078415378465531e-03 +9.9959173501344656e-01 +9.9999754908950678e-01 +2.1545017709453940e-04 +1.9526572046121729e-04
 24.00000000 +2.0000000000000000e+00 +1.9999983515645714e+00 +2.0647778261494950e-03 +9.9944782719420966e-01 +9.9999745506953475e-01 +2.9890572569032025e-04 +2.5581201056353465e-04
 24.50000000 +2.0000000000000000e+00 +1.9999991639272492e+00 +2.0849927068230128e-03 +9.9939686175612419e-01 +9.9999780837376651e-01 +3.0636043226051600e-04 +2.9896943787749300e-04
 25.00000000 +2.0000000000000000e+00 +1.9999945619896455e+00 +2.1138229774726432e-03 +9.9931996308210980e-01 +9.9999675233900098e-01 +3.2627630801106974e-04 +3.5700827139636460e-04
 25.50000000 +2.0000000000000000e+00 +1.9999985146010437e+00 +2.1274282818103396e-03 +9.9928783382044317e-01 +9.9999644935959209e-01 +3.8903418392189113e-04 +3.2668263687296416e-04
 26.00000000 +2.0000000000000000e+00 +2.0000013013334526e+00 +2.1528080787611560e-03 +9.9921846039159523e-01 +9.9999664904894248e-01 +3.8825442304409611e-04 +3.9663613592905454e-04
 26.50000000 +2.0000000000000000e+00 +1.9999953609092989e+00 +2.1832708340955792e-03 +9.9913915435287237e-01 +9.9999615590779767e-01 +4.2652876849588961e-04 +4.3816097163309472e-04
 27.00000000 +2.0000000000000000e+00 +1.9999953872589959e+00 +2.1711454391286273e-03 +9.9916449953600484e-01 +9.9999657555436705e-01 +4.3398300115410544e-04 +4.0494190896598356e-04
 27.50000000 +2.0000000000000000e+00 +1.9999964022748813e+00 +2.2240881501964216e-03 +9.9902475126544010e-01 +9.9999621030830732e-01 +5.0531805104991846e-04 +4.7372037521439114e-04
 28.00000000 +2.0000000000000000e+00 +1.9999963231973630e+00 +2.2223265083679234e-03 +9.9902370604165369e-01 +9.9999593470134673e-01 +4.6748282731963242e-04 +5.1287643046929747e-04
 28.50000000 +2.0000000000000000e+00 +1.9999987920083815e+00 +2.2367446595206483e-03 +9.9898476963323235e-01 +9.9999609674275547e-01 +5.1525097257928726e-04 +5.0388265065177832e-04
 29.00000000 +2.0000000000000000e+00 +1.9999907570076327e+00 +2.2379608649443347e-03 +9.9897164862907373e-01 +9.9999533417534203e-01 +5.0457580981735407e-04 +5.2844138576477661e-04
 29.50000000 +2.0000000000000000e+00 +1.9999913195862817e+00 +2.2406779047784266e-03 +9.9895707901955011e-01 +9.9999464153900453e-01 +5.3685222683764100e-04 +5.1142721513933837e-04
 30.00000000 +2.0000000000000000e+00 +1.9999926421019689e+00 +2.2268692519261390e-03 +9.9898841631567581e-01 +9.9999570150679995e-01 +4.9014432619605658e-04 +5.2573785060789442e-04
 30.50000000 +2.0000000000000000e+00 +1.9999963782796215e+00 +2.2052104618208797e-03 +9.9903962481520758e-01 +9.9999458896585081e-01 +4.7754239493554186e-04 +4.8824382402676481e-04
 31.00000000 +2.0000000000000000e+00 +1.9999911502077574e+00 +2.2162907691609451e-03 +9.9900487270157345e-01 +9.9999479052781937e-01 +5.1488948232121631e-04 +4.8544728871638903e-04
 31.50000000 +2.0000000000000000e+00 +1.9999953941903619e+00 +2.2220193142417810e-03 +9.9898484566039580e-01 +9.9999538742729999e-01 +5.1037448584671113e-04 +5.0939242524302146e-04
 32.00000000 +2.0000000000000000e+00 +1.9999875814397776e+00 +2.2439472453420284e-03 +9.9892519881999287e-01 +9.9999528689146999e-01 +5.6449770079309051e-04 +5.1501658773943576e-04
 32.50000000 +2.0000000000000000e+00 +1.9999808020165049e+00 +2.1636966680969793e-03 +9.9911854860349092e-01 +9.9999344003786927e-01 +4.5878258726507432e-04 +4.2922877137504146e-04
 33.00000000 +2.0000000000000000e+00 +1.9999936465802515e+00 +2.1643898786843710e-03 +9.9912105630090986e-01 +9.9999397938085599e-01 +4.3441046191155765e-04 +4.5055385526338471e-04
 33.50000000 +2.0000000000000000e+00 +1.9999905448821069e+00 +2.1266943313558249e-03 +9.9921645491364430e-01 +9.9999268187356605e-01 +3.6197314378402069e-04 +4.2889006782215471e-04
 34.00000000 +2.0000000000000000e+00 +1.9999909017032482e+00 +2.1577208963921598e-03 +9.9913207896121359e-01 +9.9999229413067170e-01 +5.0368350705407103e-04 +3.7194340118786717e-04
 34.50000000 +2.0000000000000000e+00 +1.9999864777214114e+00 +2.1095700869496431e-03 +9.9925482163658963e-01 +9.9999292172281595e-01 +3.4077964130629657e-04 +4.1147699853817134e-04
 35.00000000 +2.0000000000000000e+00 +1.9999865710904265e+00 +2.1028539383519062e-03 +9.9927533438334470e-01 +9.9999235423594446e-01 +3.7680418795643081e-04 +3.5550719288638885e-04
 35.50000000 +2.0000000000000000e+00 +1.9999840728384455e+00 +2.0930445296341599e-03 +9.9929544443026652e-01 +9.9999083757040719e-01 +3.3996594506931460e-04 +3.7375205311967027e-04
 36.00000000 +2.0000000000000000e+00 +1.9999828679977962e+00 +2.0875494353608396e-03 +9.9931057541657731e-01 +9.9999182549878596e-01 +3.2185752186159050e-04 +3.7574156222862744e-04
 36.50000000 +2.0000000000000000e+00 +1.9999834147089139e+00 +2.0551859766189443e-03 +9.9940546298052435e-01 +9.9999082585480348e-01 +3.1552209544110537e-04 +2.8818906909743660e-04
 37.00000000 +2.0000000000000000e+00 +1.9999841668390004e+00 +2.0272526180911800e-03 +9.9947494379383850e-01 +9.9999030056018789e-01 +2.5393944627076341e-04 +2.8081619959637158e-04
 37.50000000 +2.0000000000000000e+00 +1.9999869903329139e+00 +2.0573374561803073e-03 +9.9940832519575007e-01 +9.9999342314985151e-01 +2.7585473738379901e-04 +3.2239691744132947e-04
 38.00000000 +2.0000000000000000e+00 +1.9999865198993589e+00 +2.0409983307257623e-03 +9.9945350122375087e-01 +9.9999327134744531e-01 +2.5699807600825853e-04 +2.9622935290324174e-04
 38.50000000 +2.0000000000000000e+00 +1.9999774483650072e+00 +2.0088108277293714e-03 +9.9953206094700131e-01 +9.9999383727212388e-01 +2.5263398790402556e-04 +2.2146779188669181e-04
 39.00000000 +2.0000000000000000e+00 +1.9999867040837958e+00 +2.0280924933391460e-03 +9.9949425945061676e-01 +9.9999068810003344e-01 +2.3216894454036635e-04 +2.8288350418307723e-04
 39.50000000 +2.0000000000000000e+00 +1.9999774686771792e+00 +2.0179056068504084e-03 +9.9951848710322633e-01 +9.9998996780946314e-01 +2.3255375626665150e-04 +2.5899133159488867e-04
 40.00000000 +2.0000000000000000e+00 +1.9999854171612559e+00 +2.0177247375087397e-03 +9.9952688969722892e-01 +9.9998987813062501e-01 +2.8423713149886557e-04 +1.9899504127713729e-04
 40.50000000 +2.0000000000000000e+00 +1.9999857540358918e+00 +1.9968178614819692e-03 +9.9958204210361412e-01 +9.9998914872343014e-01 +1.5372018699299535e-04 +2.7508898582737789e-04
 41.00000000 +2.0000000000000000e+00 +1.9999849764702229e+00 +1.9713733747983449e-03 +9.9965383449247147e-01 +9.9999026526693158e-01 +2.2296738408624360e-04 +1.3293285700442404e-04
 41.50000000 +2.0000000000000000e+00 +1.9999767649186120e+00 +2.0677903770078836e-03 +9.9941367587312946e-01 +9.9999392022290701e-01 +3.4597192165447088e-04 +2.4643198185030367e-04
 42.00000000 +2.0000000000000000e+00 +1.9999856503522948e+00 +2.0208029932827273e-03 +9.9954006047630695e-01 +9.9998903014740215e-01 +2.1636308647241567e-04 +2.5454628880811021e-04
 42.50000000 +2.0000000000000000e+00 +1.9999928439664783e+00 +2.0239172631165620e-03 +9.9953518432523769e-01 +9.9998932447618183e-01 +2.4901829382084747e-04 +2.2647290561965083e-04
 43.00000000 +2.0000000000000000e+00 +1.9999833657831494e+00 +2.1064532190847706e-03 +9.9932531868591357e-01 +9.9999093555171636e-01 +3.3503867692116134e-04 +3.4870708629808637e-04
 43.50000000 +2.0000000000000000e+00 +1.9999896335088985e+00 +2.0892590391141668e-03 +9.9937410276067762e-01 +9.9998752903508270e-01 +4.5182128327205852e-04 +1.8654692010140823e-04
 44.00000000 +2.0000000000000000e+00 +1.9999777057038148e+00 +2.0586127643217513e-03 +9.9944928530110222e-01 +9.9999232712692931e-01 +2.8862697970479461e-04 +2.6976059272457598e-04
 44.50000000 +2.0000000000000000e+00 +1.9999855829026343e+00 +2.1371929660377255e-03 +9.9925436430095138e-01 +9.9998628147558233e-01 +3.6934452400867095e-04 +3.9000969861129015e-04
 45.00000000 +2.0000000000000000e+00 +1.9999853440806388e+00 +2.0838606849169455e-03 +9.9938767996823830e-01 +9.9998805621532105e-01 +3.4346956383224261e-04 +2.8079425176977013e-04
 45.50000000 +2.0000000000000000e+00 +1.9999850361120601e+00 +2.1297603718738924e-03 +9.9925803824437354e-01 +9.9998680190480971e-01 +3.6729407707879468e-04 +3.8786577413132072e-04
 46.00000000 +2.0000000000000000e+00 +1.9999887940180423e+00 +2.1528430436886310e-03 +9.9921622116585163e-01 +9.9999084703228036e-01 +4.1365823642987033e-04 +3.7927356625017962e-04
 46.50000000 +2.0000000000000000e+00 +1.9999752833228381e+00 +2.0855259579779187e-03 +9.9937522888170893e-01 +9.9998590530654430e-01 +4.1165488196717259e-04 +2.2721093022270717e-04
 47.00000000 +2.0000000000000000e+00 +1.9999824908082133e+00 +2.0928928832795561e-03 +9.9935832315436091e-01 +9.9998250109344355e-01 +2.7566315185150342e-04 +3.8351260080837226e-04
 47.50000000 +2.0000000000000000e+00 +1.9999815913796644e+00 +2.1454451841942312e-03 +9.9922519691388945e-01 +9.9998235185088868e-01 +4.0718721054131533e-04 +3.8526402425635714e-04
 48.00000000 +2.0000000000000000e+00 +1.9999659210846088e+00 +2.1035516372807806e-03 +9.9931400186968300e-01 +9.9998576247262116e-01 +3.5796485749364256e-04 +3.4227079945816806e-04
 48.50000000 +2.0000000000000000e+00 +1.9999514080988079e+00 +2.1850781418814376e-03 +9.9909943188661476e-01 +9.9999425424889821e-01 +5.2917050377701796e-04 +3.7714335994918063e-04
 49.00000000 +2.0000000000000000e+00 +1.9999643852579836e+00 +2.1544787116564473e-03 +9.9918563383773162e-01 +9.9998655421352689e-01 +3.5707950519472649e-04 +4.7073244354479065e-04
 49.50000000 +2.0000000000000000e+00 +1.9999821388009937e+00 +2.1173621329211223e-03 +9.9927806896563054e-01 +9.9998217355870000e-01 +3.5225303974174664e-04 +3.8750443664638262e-04
 50.00000000 +2.0000000000000000e+00 +1.9999657067417682e+00 +2.1616144735387838e-03 +9.9915627655689498e-01 +9.9998572092059990e-01 +4.7808630608303746e-04 +3.7991621569078766e-04
 50.50000000 +2.0000000000000000e+00 +1.9999758074621374e+00 +2.1804872471730798e-03 +9.9911258758173582e-01 +9.9997798183654052e-01 +6.1490896911310297e-04 +2.9452161191196073e-04
 51.00000000 +2.0000000000000000e+00 +1.9999647644113019e+00 +2.1124002176938854e-03 +9.9928238779521028e-01 +9.9998274304181090e-01 +3.3488214763067352e-04 +3.9998701523274072e-04
 51.50000000 +2.0000000000000000e+00 +1.9999707433926299e+00 +2.0887583117625238e-03 +9.9932822199521631e-01 +9.9998261493540042e-01 +3.4636021310888458e-04 +3.4280285548759517e-04
 52.00000000 +2.0000000000000000e+00 +1.9999742121187742e+00 +2.1455929506929133e-03 +9.9919239384210856e-01 +9.9998954390226247e-01 +5.8378791747965247e-04 +2.3427433814450740e-04
 52.50000000 +2.0000000000000000e+00 +1.9999572856132657e+00 +2.1929037717559837e-03 +9.9906810511037913e-01 +9.9998793088551108e-01 +4.8575285299452966e-04 +4.5821115043599101e-04
 53.00000000 +2.0000000000000000e+00 +1.9999624503749740e+00 +2.2081114567434256e-03 +9.9902736592170693e-01 +9.9998248007253288e-01 +5.3469790284786374e-04 +4.5545610320639512e-04
 53.50000000 +2.0000000000000000e+00 +1.9999529361722517e+00 +2.1946324319158947e-03 +9.9904861658318633e-01 +9.9997969853552826e-01 +5.5016555686564792e-04 +4.2151932499025555e-04
 54.00000000 +2.0000000000000000e+00 +1.9999637821723351e+00 +2.0883743688668837e-03 +9.9933085293888457e-01 +9.9997768953753474e-01 +3.9480236993683001e-04 +2.9665515421896366e-04
 54.50000000 +2.0000000000000000e+00 +1.9999891072669995e+00 +2.1156793036825991e-03 +9.9926921375618616e-01 +9.9998047291074665e-01 +4.6946272862703016e-04 +2.8085060474194898e-04
 55.00000000 +2.0000000000000000e+00 +1.9999480187210310e+00 +2.1639298823673396e-03 +9.9913386945721805e-01 +9.9998416114315658e-01 +5.4063670543421174e-04 +3.4133269418988100e-04
 55.50000000 +2.0000000000000000e+00 +1.9999688937728435e+00 +2.0969584096141767e-03 +9.9931059522061738e-01 +9.9997136409997689e-01 +2.3619217611357864e-04 +4.8184850303035137e-04
 56.00000000 +2.0000000000000000e+00 +1.9999504382359949e+00 +2.1477976157801455e-03 +9.9917613269072147e-01 +9.9997724381036124e-01 +3.6962668682161121e-04 +4.7699681236076089e-04
 56.50000000 +2.0000000000000000e+00 +1.9999567077388338e+00 +2.1620177717937704e-03 +9.9913823112634126e-01 +9.9997441540407883e-01 +3.3944646073144120e-04 +5.4790700863603539e-04
 57.00000000 +2.0000000000000000e+00 +1.9999491395675473e+00 +2.0696658810312051e-03 +9.9938246517621443e-01 +9.9997765656989490e-01 +3.8274804893691309e-04 +2.5713020435228011e-04
 57.50000000 +2.0000000000000000e+00 +1.9999401692974659e+00 +2.1646023584643947e-03 +9.9913340447424082e-01 +9.9998359516122592e-01 +4.7017528255249424e-04 +4.1282508141604954e-04
 58.00000000 +2.0000000000000000e+00 +1.9999558490280449e+00 +1.9990377130946926e-03 +9.9956724907185746e-01 +9.9998309000416219e-01 +2.5526499572447049e-04 +1.9439592812847432e-04
 58.50000000 +2.0000000000000000e+00 +1.9999556123562534e+00 +2.1737300236122714e-03 +9.9912124894405308e-01 +9.9997392235041271e-01 +4.4036605848147517e-04 +4.6446264772040174e-04
 59.00000000 +2.0000000000000000e+00 +1.9999695812372698e+00 +2.1273908520236516e-03 +9.9925420253038633e-01 +9.9997434700584553e-01 +3.2242449451439252e-04 +4.4902596983046868e-04
 59.50000000 +2.0000000000000000e+00 +1.9999463769844275e+00 +2.1658964748595202e-03 +9.9914854309334711e-01 +9.9998242217337130e-01 +4.9129290700759885e-04 +3.7774182630695798e-04
 60.00000000 +2.0000000000000000e+00 +1.9999596516620759e+00 +2.1613278388819095e-03 +9.9916521426876581e-01 +9.9997526531541847e-01 +4.0151591392335824e-04 +4.5800450241242040e-04
 60.50000000 +2.0000000000000000e+00 +1.9999523737429481e+00 +2.2616715280266275e-03 +9.9890092882636150e-01 +9.9997341589943445e-01 +5.6168300307008411e-04 +5.6397227160557932e-04
 61.00000000 +2.0000000000000000e+00 +1.9999439928025229e+00 +2.0766001697331633e-03 +9.9936852759657591e-01 +9.9999057152001214e-01 +2.9330358887060193e-04 +3.4759729515910912e-04
 61.50000000 +2.0000000000000000e+00 +1.9999596583882164e+00 +2.1137364277217419e-03 +9.9929265104024534e-01 +9.9997893063161647e-01 +3.0107394133856510e-04 +4.2734438622405715e-04
 62.00000000 +2.0000000000000000e+00 +1.9999574629819881e+00 +2.2047588337824648e-03 +9.9905022383071462e-01 +9.9997296212622466e-01 +4.6002890135370166e-04 +5.1678514173815471e-04
 62.50000000 +2.0000000000000000e+00 +1.9999528861129083e+00 +2.1690415970059911e-03 +9.9914561653056266e-01 +9.9997903361921792e-01 +5.3622056157792653e-04 +3.3912928867636794e-04
 63.00000000 +2.0000000000000000e+00 +1.9999520384893097e+00 +2.0948369028776451e-03 +9.9933026637172728e-01 +9.9998431458982762e-01 +3.5491855319216283e-04 +3.3050048525845826e-04
 63.50000000 +2.0000000000000000e+00 +1.9999346250053860e+00 +2.1920769751597926e-03 +9.9908344824328432e-01 +9.9997051796021441e-01 +5.6303732585933849e-04 +3.8299647067928123e-04
 64.00000000 +2.0000000000000000e+00 +1.9999321555539886e+00 +2.1588659389802623e-03 +9.9915758249065878e-01 +9.9996707958459852e-01 +5.5416150885693311e-04 +3.2117641600746199e-04
 64.50000000 +2.0000000000000000e+00 +1.9999440766079650e+00 +2.1009407290234301e-03 +9.9932684472945232e-01 +9.9998262366473223e-01 +3.3473365863857015e-04 +3.5579794717462506e-04
 65.00000000 +2.0000000000000000e+00 +1.9999450193692871e+00 +2.1357654217556334e-03 +9.9924356753373411e-01 +9.9996011213052605e-01 +3.2605156812493831e-04 +4.7026876711861768e-04
 65.50000000 +2.0000000000000000e+00 +1.9999523485585267e+00 +2.1322497877799152e-03 +9.9924883395102582e-01 +9.9997730945381713e-01 +3.4413176018793882e-04 +4.2972483444659205e-04
 66.00000000 +2.0000000000000000e+00 +1.9999508735972815e+00 +2.1638366377282198e-03 +9.9916027882821212e-01 +9.9996777947475568e-01 +5.0819668591934848e-04 +3.6374501146841829e-04
 66.50000000 +2.0000000000000000e+00 +1.9999528571930987e+00 +2.0982806950999942e-03 +9.9933100134878328e-01 +9.9998715831808727e-01 +2.6522365842327009e-04 +4.1661667481539678e-04
 67.00000000 +2.0000000000000000e+00 +1.9999538173745923e+00 +2.1911389771993458e-03 +9.9909334760807267e-01 +9.9996893682458832e-01 +4.1893335597758039e-04 +5.1878221122830901e-04
 67.50000000 +2.0000000000000000e+00 +1.9999376278251255e+00 +2.0704173801601071e-03 +9.9937904334851557e-01 +9.9996570531724427e-01 +3.4363433698433117e-04 +3.1161699740007564e-04
 68.00000000 +2.0000000000000000e+00 +1.9999599852958552e+00 +2.2039337492551722e-03 +9.9905626203619691e-01 +9.9997879602993511e-01 +3.3144017651998131e-04 +6.3350175749707577e-04
 68.50000000 +2.0000000000000000e+00 +1.9999215817306248e+00 +2.2267522448185719e-03 +9.9899845955923694e-01 +9.9997524568868834e-01 +5.2943699430270028e-04 +4.9685775731999997e-04
 69.00000000 +2.0000000000000000e+00 +1.9999745574463936e+00 +2.0771669726464561e-03 +9.9939801852776411e-01 +9.9997543661863353e-01 +3.0553598637011184e-04 +3.2100886720345641e-04
 69.50000000 +2.0000000000000000e+00 +1.9999490978857422e+00 +2.1053913306823351e-03 +9.9929670981653018e-01 +9.9998228481522244e-01 +1.3228954478750393e-04 +5.8871582406773665e-04
 70.00000000 +2.0000000000000000e+00 +1.9999399758701373e+00 +2.4297983954825329e-03 +9.9849288867939234e-01 +9.9996340142162321e-01 +8.0594130150789343e-04 +7.3776859686569204e-04
 70.50000000 +2.0000000000000000e+00 +1.9999350096094217e+00 +2.2448795345356978e-03 +9.9895305482328012e-01 +9.9996978158177563e-01 +6.7903385593675052e-04 +3.9812973925271796e-04
 71.00000000 +2.0000000000000000e+00 +1.9999411599844159e+00 +2.1833620259772224e-03 +9.9910256567220512e-01 +9.9995013105157915e-01 +4.6427664503969100e-04 +4.8302663094472334e-04
 71.50000000 +2.0000000000000000e+00 +1.9999231107598381e+00 +2.1828035509428656e-03 +9.9908983270814467e-01 +9.9995851519695933e-01 +6.3588198826742095e-04 +3.1577010627035172e-04
 72.00000000 +2.0000000000000000e+00 +1.9999548625168617e+00 +2.1916180963279575e-03 +9.9908336431158529e-01 +9.9997422105033740e-01 +3.2845473063200840e-04 +6.1395990709832437e-04
 72.50000000 +2.0000000000000000e+00 +1.9999193910460762e+00 +2.2276261681352036e-03 +9.9895979963107440e-01 +9.9997600476465731e-01 +5.7653586626743201e-04 +4.8765973776723726e-04
 73.00000000 +2.0000000000000000e+00 +1.9999442254073050e+00 +2.3491635611740682e-03 +9.9868801351620584e-01 +9.9996594224710555e-01 +6.1855241043899884e-04 +7.2749182610384313e-04
 73.50000000 +2.0000000000000000e+00 +1.9999455764961027e+00 +2.0455826092846065e-03 +9.9944637582003915e-01 +9.9996207031256268e-01 +4.6205132113947384e-04 +1.2950254611083741e-04
 74.00000000 +2.0000000000000000e+00 +1.9999542061786604e+00 +2.0623778573946832e-03 +9.9939149508431424e-01 +9.9996221274664154e-01 +1.5614883645781252e-04 +4.9014333308754026e-04
 74.50000000 +2.0000000000000000e+00 +1.9999484311575535e+00 +2.1863659800882072e-03 +9.9911596990814799e-01 +9.9996419046287710e-01 +4.5658342273333639e-04 +4.6325620606396976e-04
 75.00000000 +2.0000000000000000e+00 +1.9999467195849345e+00 +2.1049464148163370e-03 +9.9929285126140777e-01 +9.9996544748973060e-01 +2.4360483225301349e-04 +4.9809641647640876e-04
 75.50000000 +2.0000000000000000e+00 +1.9999070872104501e+00 +2.1994708907950317e-03 +9.9904392512525031e-01 +9.9994091519306338e-01 +7.0576983870050214e-04 +3.0938984265539493e-04
 76.00000000 +2.0000000000000000e+00 +1.9999383520389262e+00 +2.1705344005309847e-03 +9.9914737457774117e-01 +9.9997506438152062e-01 +4.0414382813180514e-04 +4.7341721276873331e-04
 76.50000000 +2.0000000000000000e+00 +1.9999361451798532e+00 +1.9330020504657360e-03 +9.9973448595296632e-01 +9.9997350199683110e-01 +1.2409658433592394e-04 +1.6791546599163019e-04
 77.00000000 +2.0000000000000000e+00 +1.9999161716080331e+00 +2.1626888649927396e-03 +9.9914958746174665e-01 +9.9996422444410482e-01 +3.8972032332952150e-04 +4.9646777031402503e-04
 77.50000000 +2.0000000000000000e+00 +1.9999226288299097e+00 +2.1137138149674040e-03 +9.9927626483195875e-01 +9.9995184594746589e-01 +6.8024675962231722e-04 +9.1642461206419194e-05
 78.00000000 +2.0000000000000000e+00 +1.9999417276654765e+00 +2.2342647376169971e-03 +9.9897911955780194e-01 +9.9994882882835101e-01 +7.0031732426547829e-04 +3.7173428907811282e-04
 78.50000000 +2.0000000000000000e+00 +1.9999480818483444e+00 +2.0272550380819321e-03 +9.9951527871617896e-01 +9.9996357876766750e-01 +1.9111715475741394e-05 +5.0203080024842557e-04
 79.00000000 +2.0000000000000000e+00 +1.9999263323883070e+00 +2.2139622562207186e-03 +9.9901497314209942e-01 +9.9995380809494161e-01 +4.6371884247953254e-04 +5.6749992070065033e-04
 79.50000000 +2.0000000000000000e+00 +1.9999357665518975e+00 +2.1239490017294490e-03 +9.9925436719882754e-01 +9.9996630420077703e-01 +4.1866741497482610e-04 +3.6066118542235105e-04
 80.00000000 +2.0000000000000000e+00 +1.9999135299483235e+00 +2.3239475374158278e-03 +9.9875504998360309e-01 +9.9997507121308304e-01 +6.7327620950448136e-04 +5.9660259431875849e-04
 80.50000000 +2.0000000000000000e+00 +1.9998875463590939e+00 +2.2275761887672408e-03 +9.9899288365377359e-01 +9.9996886705971522e-01 +5.1889055100009217e-04 +5.1935873618675884e-04
 81.00000000 +2.0000000000000000e+00 +1.9999298873282945e+00 +2.1925711636612663e-03 +9.9907737216201520e-01 +9.9996428517894698e-01 +6.4992282996720189e-04 +3.0841982852610920e-04
 81.50000000 +2.0000000000000000e+00 +1.9999121586907607e+00 +2.1379459466518117e-03 +9.9920914314032161e-01 +9.9994768635488962e-01 +4.3059113793199376e-04 +4.1257936732742227e-04
 82.00000000 +2.0000000000000000e+00 +1.9999030465527925e+00 +2.3421999624987765e-03 +9.9870407102865544e-01 +9.9994463472859874e-01 +6.4574802356896549e-04 +7.0554621865673425e-04
 82.50000000 +2.0000000000000000e+00 +1.9999436005354458e+00 +2.2368418699206310e-03 +9.9900263557969204e-01 +9.9996012076723439e-01 +5.4826337357631063e-04 +4.8898027961296350e-04
 83.00000000 +2.0000000000000000e+00 +1.9999189786570841e+00 +2.2344453858481167e-03 +9.9897945944236555e-01 +9.9999597771594806e-01 +3.6302302189670241e-04 +6.6153982033725217e-04
 83.50000000 +2.0000000000000000e+00 +1.9999156917981986e+00 +2.2251676878638051e-03 +9.9898392989446994e-01 +9.9992947619517292e-01 +7.3008099912521055e-04 +3.5651291188983921e-04
 84.00000000 +2.0000000000000000e+00 +1.9999176889348325e+00 +2.4095508136897465e-03 +9.9853412217492832e-01 +9.9993581023896827e-01 +7.4467163879130070e-04 +7.8539594736129481e-04
 84.50000000 +2.0000000000000000e+00 +1.9999416945223432e+00 +2.0821757528620088e-03 +9.9933647193919450e-01 +9.9991807867476057e-01 +3.2806755242711287e-04 +4.1738183420092923e-04
 85.00000000 +2.0000000000000000e+00 +1.9999526257541631e+00 +2.0351289088799242e-03 +9.9947740524041906e-01 +9.9996441906318012e-01 +1.0244579578619828e-04 +4.5572990066781310e-04
 85.50000000 +2.0000000000000000e+00 +1.9999168788149009e+00 +2.2338057061026453e-03 +9.9898537748931082e-01 +9.9996189960705029e-01 +5.2404305990907084e-04 +5.2867984326261880e-04
 86.00000000 +2.0000000000000000e+00 +1.9999670012906812e+00 +1.9673750611017980e-03 +9.9968616347142669e-01 +9.9991333569837282e-01 +3.5470478791868099e-04 +4.5796041636253053e-05
 86.50000000 +2.0000000000000000e+00 +1.9999384769055732e+00 +2.3693496018053883e-03 +9.9863233670031104e-01 +9.9991394476642714e-01 +6.9074626749289362e-04 +7.6297226527248648e-04
 87.00000000 +2.0000000000000000e+00 +1.9999453489236527e+00 +2.1277470124969207e-03 +9.9924121515305986e-01 +9.9993969297558072e-01 +1.0758608534390398e-04 +7.1150578610414800e-04
 87.50000000 +2.0000000000000000e+00 +1.9999316301185737e+00 +2.2161882475471547e-03 +9.9902337716986922e-01 +9.9995495787125832e-01 +4.8464593414025047e-04 +5.3701902522217885e-04
 88.00000000 +2.0000000000000000e+00 +1.9998788443463913e+00 +2.3162764943612251e-03 +9.9874822103817207e-01 +9.9990522731351850e-01 +5.7924853335828666e-04 +7.6730311561003250e-04
 88.50000000 +2.0000000000000000e+00 +1.9999289942348772e+00 +2.1593732875333691e-03 +9.9917477582611947e-01 +9.9997628553011397e-01 +5.5743015959568327e-04 +2.9150848469584341e-04
 89.00000000 +2.0000000000000000e+00 +1.9999053982130057e+00 +2.2246083540988630e-03 +9.9899443687381073e-01 +9.9994423999207827e-01 +7.2112958816450586e-04 +3.4019354544639917e-04
 89.50000000 +2.0000000000000000e+00 +1.9999148792986912e+00 +2.1441626436781835e-03 +9.9922040765158149e-01 +9.9994879155460958e-01 +2.4311686555202958e-04 +5.8768392760946741e-04
 90.00000000 +2.0000000000000000e+00 +1.9998534599563196e+00 +2.3348599889243928e-03 +9.9867438776917405e-01 +9.9995970879800067e-01 +6.2937972901865188e-04 +7.3652370445162051e-04
 90.50000000 +2.0000000000000000e+00 +1.9999081721932939e+00 +1.9612943589996917e-03 +9.9967005079761939e-01 +9.9995388665500906e-01 +1.2193730159594167e-04 +2.5412524560569530e-04
 91.00000000 +2.0000000000000000e+00 +1.9998660678185638e+00 +2.2023432937264835e-03 +9.9904076021296184e-01 +9.9991584801050726e-01 +5.7185904138670046e-04 +4.7153273450148192e-04
 91.50000000 +2.0000000000000000e+00 +1.9998718608874364e+00 +2.2182802921243442e-03 +9.9900271653395412e-01 +9.9990252719436667e-01 +3.6822250669481276e-04 +7.2653376565599793e-04
 92.00000000 +2.0000000000000000e+00 +1.9998657883546278e+00 +2.2449265773279484e-03 +9.9892775539802703e-01 +9.9993825091064903e-01 +2.9481576759691168e-04 +8.3917792377147899e-04
 92.50000000 +2.0000000000000000e+00 +1.9998679389029237e+00 +2.1980314941894771e-03 +9.9907175405620963e-01 +9.9994256350419730e-01 +3.9878881806157705e-04 +5.8689362139656735e-04
 93.00000000 +2.0000000000000000e+00 +1.9998634014402441e+00 +2.0328726911271440e-03 +9.9944515837605696e-01 +9.9990966779814205e-01 +5.3759112931840898e-04 +1.0758269598446456e-04
 93.50000000 +2.0000000000000000e+00 +1.9998499771228140e+00 +2.0544685708286485e-03 +9.9940851907951678e-01 +9.9997295010993159e-01 +3.4080685675264916e-04 +2.7772395383079073e-04
 94.00000000 +2.0000000000000000e+00 +1.9999494483415146e+00 +1.9732776399735449e-03 +9.9964538489615362e-01 +9.9993949106082025e-01 +4.3307973548992304e-04 -1.7955692465586397e-05
 94.50000000 +2.0000000000000000e+00 +1.9998955794553037e+00 +2.0329475060581878e-03 +9.9949589834325692e-01 +9.9993974475069902e-01 +1.8984711146229842e-04 +3.7450979396429337e-04
 95.00000000 +2.0000000000000000e+00 +1.9998514963682783e+00 +2.2916729275019965e-03 +9.9880646101934700e-01 +9.9997358446404760e-01 +6.1204082869283376e-04 +6.0791368837254610e-04
 95.50000000 +2.0000000000000000e+00 +1.9998974903321907e+00 +2.2116767035677315e-03 +9.9906318025685537e-01 +9.9991616050040644e-01 +2.4701384254496904e-04 +7.7364540079224325e-04
 96.00000000 +2.0000000000000000e+00 +1.9999017390305085e+00 +2.0931277740205748e-03 +9.9934136827432640e-01 +1.0000049522815300e+00 +2.2775397719050440e-04 +4.2592546634501747e-04
 96.50000000 +2.0000000000000000e+00 +1.9998534269958930e+00 +2.1572079396638480e-03 +9.9914679289458097e-01 +9.9995794657127357e-01 +3.6955401115064157e-04 +5.2570652299643904e-04
 97.00000000 +2.0000000000000000e+00 +1.9998362610166909e+00 +2.2770703296877345e-03 +9.9885235426453667e-01 +9.9995129749912415e-01 +5.6399815836060763e-04 +6.3235007783246384e-04
 97.50000000 +2.0000000000000000e+00 +1.9998384596204744e+00 +2.2977437268399295e-03 +9.9880833919847922e-01 +9.9994276032160334e-01 +6.5722260122716837e-04 +5.9167787851910629e-04
 98.00000000 +2.0000000000000000e+00 +1.9999097663855017e+00 +2.2801521427945307e-03 +9.9888205595853541e-01 +9.9995334749359155e-01 +9.7834875222447995e-04 +1.8624779625679819e-04
 98.50000000 +2.0000000000000000e+00 +1.9998703845167205e+00 +2.3315526752325602e-03 +9.9874515474112768e-01 +9.9996773160575370e-01 +4.8908606698033503e-04 +7.9802758556147234e-04
 99.00000000 +2.0000000000000000e+00 +1.9997777529856922e+00 +2.5360194663366161e-03 +9.9818660887300981e-01 +9.9987059440118953e-01 +6.2387884364627450e-04 +1.3189178815776396e-03
 99.50000000 +2.0000000000000000e+00 +1.9998663809399955e+00 +2.0669956828529845e-03 +9.9942239243308517e-01 +9.9995469299021378e-01 +2.4826631432653775e-04 +3.7464826241789112e-04
100.00000000 +2.0000000000000000e+00 +1.9998470412357856e+00 +2.2220020364845617e-03 +9.9901926213218983e-01 +9.9993223971286915e-01 +6.9149155001058820e-04 +3.5700660506661106e-04
