#discretizing the bath
#     0 0.0000000000000000e+00 -6.3189999999999946e-01
#     1 1.0540925533894598e-02 -2.0212127196610244e-01
#     2 1.0540925533894598e-02 -1.9343270591889275e-01
#     3 1.0540925533894598e-02 -1.8459708975840838e-01
#     4 1.0540925533894598e-02 -1.7561683129621780e-01
#     5 1.0540925533894598e-02 -1.6649422379326520e-01
#     6 1.0540925533894598e-02 -1.5723145476521522e-01
#     7 1.0540925533894598e-02 -1.4783061386829827e-01
#     8 1.0540925533894598e-02 -1.3829369998555327e-01
#     9 1.0540925533894598e-02 -1.2862262761479240e-01
  0.00000000 +1.0000000000000000e+00 +1.9999999999999989e+00 +1.8374661879283103e-03 +1.0000000000000000e+00 +1.0000000000000000e+00 +1.0000000000000000e+00 +1.0000000000000000e+00 +1.0000000000000000e+00 +0.0000000000000000e+00 +0.0000000000000000e+00 +0.0000000000000000e+00 +0.0000000000000000e+00 +0.0000000000000000e+00
  0.50000000 +1.0000000000000007e+00 +1.9999999998827800e+00 +1.8921690520003105e-03 +9.9986112268479999e-01 +9.9999999903553483e-01 +9.9999999903553483e-01 +9.9999999903553483e-01 +9.9999999903553483e-01 +2.7776234612910797e-05 +2.7776234612910808e-05 +2.7776234612910801e-05 +2.7776234612910797e-05 +2.7776234612910801e-05
  1.00000000 +1.0000000000000038e+00 +1.9999999986157324e+00 +2.0457433175737100e-03 +9.9947101757001322e-01 +9.9999998526095724e-01 +9.9999998526748801e-01 +9.9999998527423484e-01 +9.9999998528120093e-01 +1.0602907979103023e-04 +1.0592139589054997e-04 +1.0581100201811908e-04 +1.0569787545688541e-04 +1.0558199296827259e-04
  1.50000000 +1.0000000000000049e+00 +1.9999999936275059e+00 +2.2686307697800077e-03 +9.9890415764725993e-01 +9.9999992931461057e-01 +9.9999992938195637e-01 +9.9999992945168048e-01 +9.9999992952382177e-01 +2.2046614727895113e-04 +2.1985996106105513e-04 +2.1923938694314458e-04 +2.1860436213763063e-04 +2.1795482327772032e-04
  2.00000000 +1.0000000000000078e+00 +1.9999999811815976e+00 +2.5179835702576468e-03 +9.9826863079359063e-01 +9.9999979236502623e-01 +9.9999979270610762e-01 +9.9999979305945264e-01 +9.9999979342525602e-01 +3.5021047434967618e-04 +3.4836495400875680e-04 +3.4647943927864836e-04 +3.4455401399738291e-04 +3.4258876897110045e-04
  2.50000000 +1.0000000000000102e+00 +1.9999999570886879e+00 +2.7459668054811118e-03 +9.9768536450869161e-01 +9.9999953854195212e-01 +9.9999953971109412e-01 +9.9999954092210785e-01 +9.9999954217558773e-01 +4.7164089438790939e-04 +4.6754480674949671e-04 +4.6337128982186130e-04 +4.5912130417989861e-04 +4.5479584547910684e-04
  3.00000000 +1.0000000000000115e+00 +1.9999999175036416e+00 +2.9090078690621711e-03 +9.9726493155679841e-01 +9.9999914755169605e-01 +9.9999915065192313e-01 +9.9999915386128169e-01 +9.9999915718105170e-01 +5.6272902432155539e-04 +5.5532221372659905e-04 +5.4780190388703889e-04 +5.4017151142954638e-04 +5.3243454394306966e-04
  3.50000000 +1.0000000000000138e+00 +1.9999998596543542e+00 +2.9761901415404357e-03 +9.9708642057808694e-01 +9.9999862408419393e-01 +9.9999863091049135e-01 +9.9999863797061006e-01 +9.9999864526653970e-01 +6.0707054922517286e-04 +5.9555915942534831e-04 +5.8392383271539607e-04 +5.7217288067911256e-04 +5.6031476810098734e-04
  4.00000000 +1.0000000000000158e+00 +1.9999997823631375e+00 +2.9351613778854121e-03 +9.9718244117396548e-01 +9.9999800128390337e-01 +9.9999801429879742e-01 +9.9999802774364932e-01 +9.9999804162039374e-01 +5.9686750716186801e-04 +5.8105172585185211e-04 +5.6515735235515650e-04 +5.4920037301886603e-04 +5.3319692098116914e-04
  4.50000000 +1.0000000000000182e+00 +1.9999996862618687e+00 +2.7944190025662461e-03 +9.9753312846470554e-01 +9.9999733690446457e-01 +9.9999735896406450e-01 +9.9999738172053676e-01 +9.9999740517361446e-01 +5.3431537925656490e-04 +5.1483490980847502e-04 +4.9540327299522988e-04 +4.7604613115511302e-04 +4.5678907948951651e-04
  5.00000000 +1.0000000000000195e+00 +1.9999995736613252e+00 +2.5815470855118502e-03 +9.9807025599278765e-01 +9.9999670250011319e-01 +9.9999673630748664e-01 +9.9999677112753227e-01 +9.9999680695395521e-01 +4.3114666422138187e-04 +4.0955968355392769e-04 +3.8824161564430783e-04 +3.6722748950718378e-04 +3.4655166529655863e-04
  5.50000000 +1.0000000000000213e+00 +1.9999994481017465e+00 +2.3377719030377485e-03 +9.9869060344954608e-01 +9.9999616773265654e-01 +9.9999621507909398e-01 +9.9999626375973016e-01 +9.9999631375717490e-01 +3.0642522707747242e-04 +2.8507011880883371e-04 +2.6428116213439125e-04 +2.4409865071974970e-04 +2.2456106316453601e-04
  6.00000000 +1.0000000000000240e+00 +1.9999993136726986e+00 +2.1099184867388191e-03 +9.9927594096659622e-01 +9.9999578319055371e-01 +9.9999584413222165e-01 +9.9999590668034433e-01 +9.9999597080168601e-01 +1.8300891306795747e-04 +1.6464773066095508e-04 +1.4718061446891958e-04 +1.3064443725150138e-04 +1.1507253326920624e-04
  6.50000000 +1.0000000000000253e+00 +1.9999991742338603e+00 +1.9413493115463620e-03 +9.9971573145571391e-01 +9.9999556570708248e-01 +9.9999563788860912e-01 +9.9999571185198244e-01 +9.9999578754651597e-01 +8.3341553176934625e-05 +7.0638852515391462e-05 +5.9114839002678798e-05 +4.8790224608570884e-05 +3.9680080919660403e-05
  7.00000000 +1.0000000000000278e+00 +1.9999990326863606e+00 +1.8636518708271201e-03 +9.9992815849740035e-01 +9.9999548986316877e-01 +9.9999556821711788e-01 +9.9999564841722488e-01 +9.9999573040062784e-01 +2.5354668552462507e-05 +2.0292115366186535e-05 +1.6561013196552533e-05 +1.4151342865033352e-05 +1.3045464618446301e-05
  7.50000000 +1.0000000000000293e+00 +1.9999988904332178e+00 +1.8906804152862024e-03 +9.9987544961490793e-01 +9.9999548819778539e-01 +9.9999556520558486e-01 +9.9999564405814223e-01 +9.9999572469633746e-01 +1.9232615586719723e-05 +2.2586820398914666e-05 +2.7210868623349625e-05 +3.3051432630508992e-05 +4.0046490149457950e-05
  8.00000000 +1.0000000000000309e+00 +1.9999987471299678e+00 +2.0160833675160429e-03 +9.9957060527192465e-01 +9.9999546084901347e-01 +9.9999552744520648e-01 +9.9999559594181420e-01 +9.9999566631248948e-01 +6.5628729189913762e-05 +7.6639231503906197e-05 +8.8591313854051925e-05 +1.0138250481887525e-04 +1.1490240034063009e-04
  8.50000000 +1.0000000000000333e+00 +1.9999986007698529e+00 +2.2147578390638188e-03 +9.9907433307842874e-01 +9.9999529328506032e-01 +9.9999534033960547e-01 +9.9999538960832779e-01 +9.9999544113952865e-01 +1.5564639339684343e-04 +1.7197069146007572e-04 +1.8864131758463844e-04 +2.0551204015947140e-04 +2.2243210661542233e-04
  9.00000000 +1.0000000000000355e+00 +1.9999984480835098e+00 +2.4479038742462179e-03 +9.9848289009209179e-01 +9.9999487890177552e-01 +9.9999489905556393e-01 +9.9999492225290476e-01 +9.9999494866731087e-01 +2.7256985046372512e-04 +2.9056760528085727e-04 +3.0811392550294907e-04 +3.2503814693299646e-04 +3.4117150235080118e-04
  9.50000000 +1.0000000000000375e+00 +1.9999982851730764e+00 +2.6706551213989075e-03 +9.9790928117785616e-01 +9.9999414198287717e-01 +9.9999413147846250e-01 +9.9999412563144396e-01 +9.9999412479145589e-01 +3.9500675437333734e-04 +4.1032645086222432e-04 +4.2432259213494392e-04 +4.3683295079473375e-04 +4.4770618992773822e-04
 10.00000000 +1.0000000000000395e+00 +1.9999981082569416e+00 +2.8407750709586017e-03 +9.9746151081816425e-01 +9.9999305614710765e-01 +9.9999301622758152e-01 +9.9999298358160660e-01 +9.9999295877460737e-01 +5.0084794591128757e-04 +5.0922083046706925e-04 +5.1549806591391319e-04 +5.1956791786218173e-04 +5.2133969097593121e-04
 10.50000000 +1.0000000000000411e+00 +1.9999979143817621e+00 +2.9267216109245928e-03 +9.9722210315996518e-01 +9.9999165406375179e-01 +9.9999159153478379e-01 +9.9999153999751456e-01 +9.9999150024903760e-01 +5.7130658427626240e-04 +5.6939982434126891e-04 +5.6491373521302881e-04 +5.5783011561690065e-04 +5.4816073570651493e-04
 11.00000000 +1.0000000000000433e+00 +1.9999977019668043e+00 +2.9135298028317227e-03 +9.9723279996830116e-01 +9.9999002580870955e-01 +9.9998995248041744e-01 +9.9998989489038204e-01 +9.9998985404934571e-01 +5.9429383894528572e-04 +5.8045018562272155e-04 +5.6399280954896294e-04 +5.4503024096593509e-04 +5.2370572797899443e-04
 11.50000000 +1.0000000000000453e+00 +1.9999974710796939e+00 +2.8054098466133949e-03 +9.9748728968029532e-01 +9.9998830545958683e-01 +9.9998823639164025e-01 +9.9998818856459182e-01 +9.9998816314708960e-01 +5.6652091327200082e-04 +5.4122282502229175e-04 +5.1381709495245298e-04 +4.8455114746779378e-04 +4.5370477630918076e-04
 12.00000000 +1.0000000000000475e+00 +1.9999972233954877e+00 +2.6246121457784949e-03 +9.9793322942072937e-01 +9.9998664794688374e-01 +9.9998659867562378e-01 +9.9998657645081690e-01 +9.9998658251129857e-01 +4.9396070718115326e-04 +4.5990274684918979e-04 +4.2477241557624618e-04 +3.8893847976077773e-04 +3.5279064551898447e-04
 12.50000000 +1.0000000000000493e+00 +1.9999969618523081e+00 +2.4068428035542628e-03 +9.9848301293271791e-01 +9.9998520029045723e-01 +9.9998518346850995e-01 +9.9998519923434748e-01 +9.9998524879424711e-01 +3.9061010236259724e-04 +3.5233669804230297e-04 +3.1442738252531382e-04 +2.7732169345573345e-04 +2.4145940358219478e-04
 13.00000000 +1.0000000000000520e+00 +1.9999966900743749e+00 +2.1941765359997168e-03 +9.9903106529842001e-01 +9.9998407270467882e-01 +9.9998409477394545e-01 +9.9998415413718889e-01 +9.9998425187759932e-01 +2.7580760008273896e-04 +2.3895995901465403e-04 +2.0407960288694129e-04 +1.7159738995627154e-04 +1.4191665648682740e-04
 13.50000000 +1.0000000000000531e+00 +1.9999964116762903e+00 +2.0268814290213912e-03 +9.9947423171644523e-01 +9.9998331534376672e-01 +9.9998337394145798e-01 +9.9998347326546655e-01 +9.9998361423116833e-01 +1.7062257624242782e-04 +1.4092113755856641e-04 +1.1465175389375351e-04 +9.2140429030131065e-05 +7.3655605238353330e-05
 14.00000000 +1.0000000000000564e+00 +1.9999961295829645e+00 +1.9357535410271811e-03 +9.9973129909706171e-01 +9.9998290558328973e-01 +9.9998298831720034e-01 +9.9998311376391469e-01 +9.9998328270533798e-01 +9.3994137549915192e-05 +7.6143984494361501e-05 +6.2732742774173733e-05 +5.3887484559357172e-05 +4.9652184098714671e-05
 14.50000000 +1.0000000000000562e+00 +1.9999958454937774e+00 +1.9364287017955347e-03 +9.9975793496860244e-01 +9.9998274883373339e-01 +9.9998283385490438e-01 +9.9998296232525496e-01 +9.9998313503124814e-01 +5.9331253352601707e-05 +5.6063674122185850e-05 +5.7517015758168857e-05 +6.3549649091451511e-05 +7.3923394215650809e-05
 15.00000000 +1.0000000000000582e+00 +1.9999955595896850e+00 +2.0267257771308055e-03 +9.9955428506008226e-01 +9.9998269330996437e-01 +9.9998275178762752e-01 +9.9998285380194296e-01 +9.9998300039338905e-01 +7.2187601206574723e-05 +8.3634562318930249e-05 +9.9208915429083465e-05 +1.1847574128751070e-04 +1.4090882704490847e-04
 15.50000000 +1.0000000000000613e+00 +1.9999952705332829e+00 +2.1874666066318544e-03 +9.9916393897700295e-01 +9.9998255643505951e-01 +9.9998255665767544e-01 +9.9998260081639034e-01 +9.9998269055142752e-01 +1.2941509752172536e-04 +1.5295631719168193e-04 +1.7916744121190898e-04 +2.0735515467477347e-04 +2.3676255215093165e-04
 16.00000000 +1.0000000000000651e+00 +1.9999949757553475e+00 +2.3865357451607564e-03 +9.9866465765666024e-01 +9.9998215818522318e-01 +9.9998207064783651e-01 +9.9998202894490484e-01 +9.9998203571856925e-01 +2.1992034935945358e-04 +2.5055491482976110e-04 +2.8172812330121469e-04 +3.1258582812155662e-04 +3.4225963151622492e-04
 16.50000000 +1.0000000000000653e+00 +1.9999946719667943e+00 +2.5853225819746613e-03 +9.9815282636098890e-01 +9.9998135516857989e-01 +9.9998115773911633e-01 +9.9998101074799961e-01 +9.9998091823720192e-01 +3.2685144684769547e-04 +3.5804414561029418e-04 +3.8731920450803866e-04 +4.1381131020692215e-04 +4.3670563926660343e-04
 17.00000000 +1.0000000000000668e+00 +1.9999943557937729e+00 +2.7462487994531835e-03 +9.9772475214319289e-01 +9.9998006889795255e-01 +9.9997975104842707e-01 +9.9997949192768754e-01 +9.9997929729927071e-01 +4.3078386597573509e-04 +4.5564066562778991e-04 +4.7625009652264822e-04 +4.9191331491806392e-04 +5.0205074075855777e-04
 17.50000000 +1.0000000000000693e+00 +1.9999940244126020e+00 +2.8399066928035265e-03 +9.9745845189236271e-01 +9.9997830266004550e-01 +9.9997786783942832e-01 +9.9997750424333254e-01 +9.9997721953360041e-01 +5.1330074138686592e-04 +5.2585764310084191e-04 +5.3243546616836232e-04 +5.3267314941176768e-04 +5.2638683150935367e-04
 18.00000000 +1.0000000000000708e+00 +1.9999936760645696e+00 +2.8504466181473085e-03 +9.9739939005091716e-01 +9.9997614344280361e-01 +9.9997560895460991e-01 +9.9997516227303818e-01 +9.9997481294084090e-01 +5.6030452994366639e-04 +5.5668424304996015e-04 +5.4634758164950295e-04 +5.2939805390078405e-04 +5.0614792960190303e-04
 18.50000000 +1.0000000000000728e+00 +1.9999933103564296e+00 +2.7782254044564038e-03 +9.9755277829621747e-01 +9.9997374817663676e-01 +9.9997314236344004e-01 +9.9997264420104770e-01 +9.9997226488736579e-01 +5.6446218306205494e-04 +5.4367089654898718e-04 +5.1665374485578008e-04 +4.8402700070933937e-04 +4.4660825048141423e-04
 19.00000000 +1.0000000000000762e+00 +1.9999929282957305e+00 +2.6392824418720738e-03 +9.9788372362500477e-01 +9.9997131654003035e-01 +9.9997067359153780e-01 +9.9997015993994520e-01 +9.9996978803507264e-01 +5.2635939383767569e-04 +4.9055915003784348e-04 +4.5025995123554330e-04 +4.0653871856480332e-04 +3.6062105511299451e-04
 19.50000000 +1.0000000000000773e+00 +1.9999925320617229e+00 +2.4618335911047360e-03 +9.9832497500074602e-01 +9.9996905519477852e-01 +9.9996840838729761e-01 +9.9996791243899319e-01 +9.9996758054869450e-01 +4.5418659283780497e-04 +4.0837604588904713e-04 +3.6079307381195371e-04 +3.1281994657413796e-04 +2.6589277076439409e-04
 20.00000000 +1.0000000000000797e+00 +1.9999921245627670e+00 +2.2805420396144215e-03 +9.9879057393084780e-01 +9.9996714003645804e-01 +9.9996651457895247e-01 +9.9996605947305117e-01 +9.9996578818043502e-01 +3.6205267730420222e-04 +3.1320193188320557e-04 +2.6585087814300171e-04 +2.2144772790737668e-04 +1.8137058541581324e-04
 20.50000000 +1.0000000000000810e+00 +1.9999917088700514e+00 +2.1297308674133363e-03 +9.9919263666405667e-01 +9.9996568352652770e-01 +9.9996509034991576e-01 +9.9996468324799925e-01 +9.9996447561252322e-01 +2.6727089558594666e-04 +2.2306275349934416e-04 +1.8357535070766227e-04 +1.5003893725057317e-04 +1.2348266234034607e-04
 21.00000000 +1.0000000000000833e+00 +1.9999912876381547e+00 +2.0368704973082741e-03 +9.9945798174333877e-01 +9.9996471330663361e-01 +9.9996414504283027e-01 +9.9996377377037760e-01 +9.9996361276258838e-01 +1.8713975775675856e-04 +1.5454895110784898e-04 +1.2921862503304681e-04 +1.1188668051054882e-04 +1.0297936023931847e-04
 21.50000000 +1.0000000000000853e+00 +1.9999908626221434e+00 +2.0175799309522994e-03 +9.9954144819288637e-01 +9.9996416623666062e-01 +9.9996359629425713e-01 +9.9996322936508908e-01 +9.9996307893626002e-01 +1.3581936794050635e-04 +1.1979716626017210e-04 +1.1235345576511121e-04 +1.1352732339796761e-04 +1.2298366190915396e-04
 22.00000000 +1.0000000000000873e+00 +1.9999904343789998e+00 +2.0730501754533622e-03 +9.9943348124745113e-01 +9.9996389913188322e-01 +9.9996328423834435e-01 +9.9996287447410903e-01 +9.9996268428905966e-01 +1.2186876231152480e-04 +1.2438495550375395e-04 +1.3523873547727027e-04 +1.5368254944731573e-04 +1.7860161684871812e-04
 22.50000000 +1.0000000000000890e+00 +1.9999900022036121e+00 +2.1903031366071234e-03 +9.9916073442535236e-01 +9.9996371434479481e-01 +9.9996300028498353e-01 +9.9996249155856143e-01 +9.9996220470289165e-01 +1.4687236303549174e-04 +1.6650225150297268e-04 +1.9261568002708671e-04 +2.2374059544412778e-04 +2.5812379385149492e-04
 23.00000000 +1.0000000000000913e+00 +1.9999895643034782e+00 +2.3451407858653471e-03 +9.9877980930528920e-01 +9.9996339554069003e-01 +9.9996252519797302e-01 +9.9996186119992325e-01 +9.9996142355095596e-01 +2.0537187227526689e-04 +2.3751439456629311e-04 +2.7292980931898823e-04 +3.0963688813106876e-04 +3.4553224133292696e-04
 23.50000000 +1.0000000000000930e+00 +1.9999891181710341e+00 +2.5071278428445325e-03 +9.9836555724174192e-01 +9.9996274708670363e-01 +9.9996166940826181e-01 +9.9996080288622280e-01 +9.9996017243968516e-01 +2.8607504380292960e-04 +3.2376880364714335e-04 +3.6070284918879325e-04 +3.9472687359871201e-04 +4.2377736761294867e-04
 24.00000000 +1.0000000000000955e+00 +1.9999886610766762e+00 +2.6455839378550982e-03 +9.9799635271253950e-01 +9.9996162978013825e-01 +9.9996030804328329e-01 +9.9995920879291500e-01 +9.9995836315549091e-01 +3.7408082784142513e-04 +4.0927049391475457e-04 +4.3956878739160270e-04 +4.6306405248553850e-04 +4.7815335447624039e-04
 24.50000000 +1.0000000000000973e+00 +1.9999881905854575e+00 +2.7354042043195330e-03 +9.9773923807762965e-01 +9.9995998631513838e-01 +9.9995840412493409e-01 +9.9995706416452546e-01 +9.9995600468745383e-01 +4.5368358756239221e-04 +4.7870208318970709e-04 +4.9537778003940793e-04 +5.0243647837517019e-04 +4.9910270163911028e-04
 25.00000000 +1.0000000000000999e+00 +1.9999877049995431e+00 +2.7616033092496624e-03 +9.9763775801814192e-01 +9.9995785179793473e-01 +9.9995601560107361e-01 +9.9995445042494424e-01 +9.9995320202954319e-01 +5.1122810047946011e-04 +5.2021718679787286e-04 +5.1877835982814125e-04 +5.0658304391434342e-04 +4.8391543784110866e-04
 25.50000000 +1.0000000000001010e+00 +1.9999872036461015e+00 +2.7217638163480962e-03 +9.9770468540536206e-01 +9.9995534740529191e-01 +9.9995328490547741e-01 +9.9995153040708884e-01 +9.9995013693953627e-01 +5.3749572368466680e-04 +5.2749752312143173e-04 +5.0680727139443163e-04 +4.7618926345201613e-04 +4.3702515609625068e-04
 26.00000000 +1.0000000000001039e+00 +1.9999866869625536e+00 +2.6260024123883926e-03 +9.9792082699485607e-01 +9.9995265841014358e-01 +9.9995041301089449e-01 +9.9994851846958621e-01 +9.9994703427373866e-01 +5.2920543365335263e-04 +5.0071846697280140e-04 +4.6322073566459519e-04 +4.1851243065247067e-04 +3.6889177435611573e-04
 26.50000000 +1.0000000000001048e+00 +1.9999861563710892e+00 +2.4945577773483451e-03 +9.9823989641176181e-01 +9.9995000068207551e-01 +9.9994762282781124e-01 +9.9994564111217032e-01 +9.9994412026134316e-01 +4.8938920630591562e-04 +4.4628306638690689e-04 +3.9754899386237739e-04 +3.4575671058324292e-04 +2.9374072822437790e-04
 27.00000000 +1.0000000000001070e+00 +1.9999856139743462e+00 +2.3535548920000553e-03 +9.9859829061131311e-01 +9.9994758186920552e-01 +9.9994511876310421e-01 +9.9994309547122073e-01 +9.9994158060206906e-01 +4.2661459285627142e-04 +3.7541824517426016e-04 +3.2309868576041733e-04 +2.7255641437957077e-04 +2.2664474545150019e-04
 27.50000000 +1.0000000000001090e+00 +1.9999850621365998e+00 +2.2298269262953654e-03 +9.9892772268062824e-01 +9.9994556439576943e-01 +9.9994304992348171e-01 +9.9994101344017117e-01 +9.9993952627747218e-01 +3.5323790993355109e-04 +3.0193467082433842e-04 +2.5431882583070781e-04 +2.1308525131799073e-04 +1.8054662511532188e-04
 28.00000000 +1.0000000000001112e+00 +1.9999845030335861e+00 +2.1458196841772064e-03 +9.9916820655530469e-01 +9.9994403700527867e-01 +9.9994148371293079e-01 +9.9993943805682084e-01 +9.9993797346698643e-01 +2.8304073873156781e-04 +2.3959568619669343e-04 +2.0405124698651169e-04 +1.7836252405262172e-04 +1.6381100726664048e-04
 28.50000000 +1.0000000000001126e+00 +1.9999839382566336e+00 +2.1155447328567363e-03 +9.9927892774741700e-01 +9.9994299993334423e-01 +9.9994039458332817e-01 +9.9993831645200704e-01 +9.9993684125197058e-01 +2.2870098180146411e-04 +1.9959627962425617e-04 +1.8118854584669707e-04 +1.7426762846032412e-04 +1.7876659676485887e-04
 29.00000000 +1.0000000000001144e+00 +1.9999833685427602e+00 +2.1423056968799719e-03 +9.9924504025598126e-01 +9.9994236623028543e-01 +9.9993966984111216e-01 +9.9993751051905555e-01 +9.9993596740334634e-01 +1.9956223378621009e-04 +1.8861329105783665e-04 +1.8916528583228675e-04 +2.0061771450388625e-04 +2.2148722561086891e-04
 29.50000000 +1.0000000000001166e+00 +1.9999827936758257e+00 +2.2185521189315720e-03 +9.9907928672830648e-01 +9.9994197876151425e-01 +9.9993913123719358e-01 +9.9993682314306254e-01 +9.9993513913529042e-01 +2.0009275376573838e-04 +2.0776405355914538e-04 +2.2553388505720028e-04 +2.5144414820441941e-04 +2.8280615462941911e-04
 30.00000000 +1.0000000000001190e+00 +1.9999822125694797e+00 +2.3277936047541702e-03 +9.9881836774895205e-01 +9.9994163955576387e-01 +9.9993856817156546e-01 +9.9993603495384342e-01 +9.9993413292097655e-01 +2.2928450570804687e-04 +2.5262892246914862e-04 +2.8266148308385875e-04 +3.1636658369360978e-04 +3.5031515453898081e-04
 30.50000000 +1.0000000000001208e+00 +1.9999816235083034e+00 +2.4481170747773741e-03 +9.9851498290765461e-01 +9.9994114597494077e-01 +9.9993777626580937e-01 +9.9993494467324451e-01 +9.9993275583065733e-01 +2.8106205511821246e-04 +3.1428987657714874e-04 +3.4937074729130723e-04 +3.8275575058350651e-04 +4.1091591872785581e-04
 31.00000000 +1.0000000000001230e+00 +1.9999810244947043e+00 +2.5565653489826217e-03 +9.9822724239984129e-01 +9.9994032703877400e-01 +9.9993659417057523e-01 +9.9993340555917942e-01 +9.9993088066373381e-01 +3.4558521339298197e-04 +3.8115136782107453e-04 +4.1317657773946197e-04 +4.3823665827004248e-04 +4.5340035128783499e-04
 31.50000000 +1.0000000000001246e+00 +1.9999804136319654e+00 +2.6335058234344005e-03 +9.9800756557540005e-01 +9.9993907334216170e-01 +9.9993493192523830e-01 +9.9993135129118771e-01 +9.9992846842015115e-01 +4.1117236185408143e-04 +4.4117479485667192e-04 +4.6267277517007198e-04 +4.7303706380260441e-04 +4.7055245080007669e-04
 32.00000000 +1.0000000000001266e+00 +1.9999797894701912e+00 +2.6661612513563041e-03 +9.9789317929402965e-01 +9.9993735530732752e-01 +9.9993278586411505e-01 +9.9992880671306072e-01 +9.9992557412772598e-01 +4.6647077495061401e-04 +4.8409732271415337e-04 +4.8961348062147444e-04 +4.8173694614775034e-04 +4.6038016994013285e-04
 32.50000000 +1.0000000000001281e+00 +1.9999791512524583e+00 +2.6506740880118083e-03 +9.9789992491003909e-01 +9.9993522674905866e-01 +9.9993023763093825e-01 +9.9992588173569941e-01 +9.9992233522229845e-01 +5.0247191086859777e-04 +5.0322736593314476e-04 +4.9031153378634932e-04 +4.6410932143365257e-04 +4.2627362058644694e-04
 33.00000000 +1.0000000000001315e+00 +1.9999784990202003e+00 +2.5923856698416500e-03 +9.9802037448595238e-01 +9.9993281346581486e-01 +9.9992743782498850e-01 +9.9992274985066532e-01 +9.9991894495194278e-01 +5.1401554127928956e-04 +4.9650527773126914e-04 +4.6612136204740541e-04 +4.2493128058857692e-04 +3.7610595964543463e-04
 33.50000000 +1.0000000000001337e+00 +1.9999778335652190e+00 +2.5043668350261277e-03 +9.9822639411955816e-01 +9.9993028928731265e-01 +9.9992457760001485e-01 +9.9991961551701536e-01 +9.9991561602382839e-01 +5.0053507134800127e-04 +4.6666742508822784e-04 +4.2295696189872473e-04 +3.7284769980692198e-04 +3.2050029479587644e-04
 34.00000000 +1.0000000000001346e+00 +1.9999771562450164e+00 +2.4045670734638381e-03 +9.9847544682645717e-01 +9.9992784421226966e-01 +9.9992185365689057e-01 +9.9991667664271078e-01 +9.9991254142472763e-01 +4.6594486217472960e-04 +4.2052464462910544e-04 +3.6997955693274432e-04 +3.1854854734926133e-04 +2.7063962653057735e-04
 34.50000000 +1.0000000000001366e+00 +1.9999764687028769e+00 +2.3121928697293626e-03 +9.9871925905257930e-01 +9.9992565056889471e-01 +9.9991943313778620e-01 +9.9991408914106972e-01 +9.9990985972282376e-01 +4.1772994372526475e-04 +3.6752888707856376e-04 +3.1773964953952545e-04 +2.7264066446438943e-04 +2.3606923272187670e-04
 35.00000000 +1.0000000000001388e+00 +1.9999757725497243e+00 +2.2440404123298115e-03 +9.9891310143682155e-01 +9.9992383331412893e-01 +9.9991742477452727e-01 +9.9991193999016115e-01 +9.9990763115877956e-01 +3.6543964178674588e-04 +3.1792489048142544e-04 +2.7614752833009286e-04 +2.4363581778705771e-04 +2.2292144788967289e-04
 35.50000000 +1.0000000000001399e+00 +1.9999750690689324e+00 +2.2114781233642058e-03 +9.9902391138223501e-01 +9.9992244965586352e-01 +9.9991586132914079e-01 +9.9991023349514041e-01 +9.9990582867897682e-01 +3.1888454394045991e-04 +2.8084601014937306e-04 +2.5266077647862818e-04 +2.3643449607586538e-04 +2.3288963269914404e-04
 36.00000000 +1.0000000000001423e+00 +1.9999743589977186e+00 +2.2186138570879960e-03 +9.9903579809939846e-01 +9.9992148134051029e-01 +9.9991469616607764e-01 +9.9990889290310947e-01 +9.9990434518709981e-01 +2.8637518088583052e-04 +2.6270622881938301e-04 +2.5101777928440130e-04 +2.5157150447515172e-04 +2.6311561105046247e-04
 36.50000000 +1.0000000000001437e+00 +1.9999736424215144e+00 +2.2619278817492816e-03 +9.9895204256034487e-01 +9.9992084056204844e-01 +9.9991381414439540e-01 +9.9990777664404806e-01 +9.9990301525070791e-01 +2.7331660138190934e-04 +2.6616856631211721e-04 +2.7072751542507449e-04 +2.8533025359234491e-04 +3.0696790246263192e-04
 37.00000000 +1.0000000000001468e+00 +1.9999729187947037e+00 +2.3313594740451541e-03 +9.9879341271135247e-01 +9.9992038797086247e-01 +9.9991305441569234e-01 +9.9990670581287577e-01 +9.9990164687138716e-01 +2.8139319296913021e-04 +2.8985010832919617e-04 +3.0737341297882502e-04 +3.3066074083026983e-04 +3.5551476345520538e-04
 37.50000000 +1.0000000000001481e+00 +1.9999721870767668e+00 +2.4125603302057315e-03 +9.9859331665180195e-01 +9.9991995914503751e-01 +9.9991224063582373e-01 +9.9990549755295355e-01 +9.9990005719081343e-01 +3.0845992946703158e-04 +3.2878032760182027e-04 +3.5363329366979704e-04 +3.7868540884048303e-04 +3.9936986473147350e-04
 38.00000000 +1.0000000000001501e+00 +1.9999714459520441e+00 +2.4898234113632763e-03 +9.9839088058334768e-01 +9.9991939450446610e-01 +9.9991121290885976e-01 +9.9990399809040365e-01 +9.9989810545928992e-01 +3.4912310174582385e-04 +3.7549006036965711e-04 +4.0078803436375675e-04 +4.2047539026656951e-04 +4.3053186763820000e-04
 38.50000000 +1.0000000000001523e+00 +1.9999706940875241e+00 +2.5490963400721218e-03 +9.9822336526301392e-01 +9.9991856722212757e-01 +9.9990985566720025e-01 +9.9990210943594249e-01 +9.9989571730348692e-01 +3.9587042306664616e-04 +4.2149900123321279e-04 +4.4041164956588316e-04 +4.4874421771338633e-04 +4.4385981741117272e-04
 39.00000000 +1.0000000000001541e+00 +1.9999699303787346e+00 +2.5805069563954474e-03 +9.9811937629669933e-01 +9.9991740425752595e-01 +9.9990811663476220e-01 +9.9989980512789112e-01 +9.9989289612409682e-01 +4.4051899779783225e-04 +4.5890859993979549e-04 +4.6591757394027957e-04 +4.5914029803270466e-04 +4.3791609008445476e-04
 39.50000000 +1.0000000000001563e+00 +1.9999691541388631e+00 +2.5799546942467133e-03 +9.9809408871847705e-01 +9.9991589706127659e-01 +9.9990601380910704e-01 +9.9989713254829093e-01 +9.9988971996194942e-01 +4.7570487876116965e-04 +4.8180350251821226e-04 +4.7368012363153820e-04 +4.5091307283862597e-04 +4.1504632393047410e-04
 40.00000000 +1.0000000000001583e+00 +1.9999683651995768e+00 +2.5495246560113321e-03 +9.9814725571202179e-01 +9.9991410048472096e-01 +9.9990362967463076e-01 +9.9989420187733657e-01 +9.9988632490170626e-01 +4.9614541644326521e-04 +4.8721580752180023e-04 +4.6354478770047611e-04 +4.2685962015721955e-04 +3.8072171855258537e-04
 40.50000000 +1.0000000000001599e+00 +1.9999675639101600e+00 +2.4967183108959112e-03 +9.9826420312787123e-01 +9.9991212059215973e-01 +9.9990109418828654e-01 +9.9989116417927237e-01 +9.9988287851981417e-01 +4.9946112971935481e-04 +4.7549998687370054e-04 +4.3866556358480526e-04 +3.9260105300664423e-04 +3.4231166021167389e-04
 41.00000000 +1.0000000000001619e+00 +1.9999667510415002e+00 +2.4327184432913385e-03 +9.9841944008169270e-01 +9.9991009401765829e-01 +9.9989856003543931e-01 +9.9988818299289772e-01 +9.9987954858541961e-01 +4.8643471317155046e-04 +4.5008273868696520e-04 +4.0473688368193865e-04 +3.5536340610484765e-04 +3.0755654605686895e-04
 41.50000000 +1.0000000000001643e+00 +1.9999659276184913e+00 +2.3700745986010804e-03 +9.9858204941234729e-01 +9.9990816289292594e-01 +9.9989617489595661e-01 +9.9988540480773713e-01 +9.9987647290058390e-01 +4.6069263713351740e-04 +4.1666853748585945e-04 +3.6879714638888140e-04 +3.2252261253391508e-04 +2.8305415772914662e-04
 42.00000000 +1.0000000000001652e+00 +1.9999650947163761e+00 +2.3202801918908843e-03 +9.9872174158770688e-01 +9.9990644997389633e-01 +9.9989405579410728e-01 +9.9988293379262694e-01 +9.9987373573257032e-01 +4.2789914790923871e-04 +3.8207672608927526e-04 +3.3785095775663458e-04 +3.0020358889719015e-04 +2.7305269926768008e-04
 42.50000000 +1.0000000000001674e+00 +1.9999642532608912e+00 +2.2917028106274493e-03 +9.9881440282449274e-01 +9.9990503833996813e-01 +9.9989227000943948e-01 +9.9988081515148142e-01 +9.9987135486985523e-01 +3.9463468786444508e-04 +3.5294333766115271e-04 +3.1757694552222922e-04 +2.9219660526525842e-04 +2.7876722928795800e-04
 43.00000000 +1.0000000000001688e+00 +1.9999634038688552e+00 +2.2882329346505287e-03 +9.9884613814710421e-01 +9.9990395901796847e-01 +9.9989082564920784e-01 +9.9987902973417730e-01 +9.9986928122730279e-01 +3.6717726549008158e-04 +3.3453204910685120e-04 +3.1135659679627960e-04 +2.9937844733430197e-04 +2.9832186635752483e-04
 43.50000000 +1.0000000000001725e+00 +1.9999625467559161e+00 +2.3088572094914616e-03 +9.9881515641741303e-01 +9.9990318831398650e-01 +9.9988967311141708e-01 +9.9987750038116863e-01 +9.9986741055238715e-01 +3.5040980928889793e-04 +3.2986437051990330e-04 +3.1978587311639939e-04 +3.1971873791914070e-04 +3.2729243364543680e-04
 44.00000000 +1.0000000000001741e+00 +1.9999616817240593e+00 +2.3481748429651822e-03 +9.9873129027918650e-01 +9.9990265482875385e-01 +9.9988871666284207e-01 +9.9987610833914131e-01 +9.9986560459297402e-01 +3.4704070938905174e-04 +3.3930836821672574e-04 +3.4073171084406204e-04 +3.4883557722577497e-04 +3.5970893229696324e-04
 44.50000000 +1.0000000000001763e+00 +1.9999608082258182e+00 +2.3976971099875979e-03 +9.9861339897687840e-01 +9.9990225442236325e-01 +9.9988783358755018e-01 +9.9987471634275016e-01 +9.9986371747481495e-01 +3.5725745977317882e-04 +3.6067311056839395e-04 +3.6989018635398920e-04 +3.8096221307691054e-04 +3.8929622675183917e-04
 45.00000000 +1.0000000000001781e+00 +1.9999599254881524e+00 +2.4476335963065725e-03 +9.9848527995084146e-01 +9.9990187008222986e-01 +9.9988689713613677e-01 +9.9987319391341967e-01 +9.9986162227523223e-01 +3.7884859016262796e-04 +3.8976084532969639e-04 +4.0171223686597229e-04 +4.1011657919746844e-04 +4.1069839147399480e-04
 45.50000000 +1.0000000000001799e+00 +1.9999590326691874e+00 +2.4887976569232815e-03 +9.9837095017107325e-01 +9.9990139294770686e-01 +9.9988579901830277e-01 +9.9987144023803398e-01 +9.9985923297067114e-01 +4.0774324406216383e-04 +4.2124835232551028e-04 +4.3050256195417360e-04 +4.3123965598837314e-04 +4.2045084078143200e-04
 46.00000000 +1.0000000000001816e+00 +1.9999581290166357e+00 +2.5142666099988880e-03 +9.9829021599318513e-01 +9.9990074074700452e-01 +9.9988446748143678e-01 +9.9986940065078356e-01 +9.9985651800074227e-01 +4.3884633570414027e-04 +4.4971687031175562e-04 +4.5147711211986232e-04 +4.4108897488942056e-04 +4.1752783473124469e-04
 46.50000000 +1.0000000000001839e+00 +1.9999572139987298e+00 +2.5205037073991509e-03 +9.9825533234337127e-01 +9.9989987056768881e-01 +9.9988287801067732e-01 +9.9986707408876696e-01 +9.9985350339332257e-01 +4.6700215088949534e-04 +4.7063425268407900e-04 +4.6158570182652602e-04 +4.3873343968273311e-04 +4.0338605201049930e-04
 47.00000000 +1.0000000000001861e+00 +1.9999562873855350e+00 +2.5077705855505645e-03 +9.9826929273642162e-01 +9.9989878405456989e-01 +9.9988105515588510e-01 +9.9986451064663284e-01 +9.9985026539096866e-01 +4.8790698127427535e-04 +4.8111416545229866e-04 +4.5996220666128960e-04 +4.2558105104523750e-04 +3.8152761201931050e-04
 47.50000000 +1.0000000000001881e+00 +1.9999553492692546e+00 +2.4798041460217996e-03 +9.9832594966290755e-01 +9.9989752457038172e-01 +9.9987906564810780e-01 +9.9986180017812865e-01 +9.9984691442768170e-01 +4.9881200808122022e-04 +4.8032896863211877e-04 +4.4794283240285639e-04 +4.0496414242889421e-04 +3.5669756218964928e-04
 48.00000000 +1.0000000000001896e+00 +1.9999544000242451e+00 +2.4428715063238076e-03 +9.9841181028455950e-01 +9.9989616729294373e-01 +9.9987700450449069e-01 +9.9985905444861212e-01 +9.9984357378121391e-01 +4.9890534887477218e-04 +4.6952393876028496e-04 +4.2867704928537491e-04 +3.8138909971854591e-04 +3.3389425249030573e-04
 48.50000000 +1.0000000000001916e+00 +1.9999534402184522e+00 +2.4044248169302158e-03 +9.9850905250805033e-01 +9.9989480440237766e-01 +9.9987497696738348e-01 +9.9985638636453611e-01 +9.9984035702119878e-01 +4.8932661959711352e-04 +4.5165642918617682e-04 +4.0642983392970620e-04 +3.5961419907206717e-04 +3.1739565562803861e-04
 49.00000000 +1.0000000000001934e+00 +1.9999524704960800e+00 +2.3716362536996987e-03 +9.9859911351658592e-01 +9.9989352823973143e-01 +9.9987307969735428e-01 +9.9985389013736847e-01 +9.9983734837700722e-01 +4.7283587689173903e-04 +4.3075018958498203e-04 +3.8572466274944251e-04 +3.4374101774354101e-04 +3.0998828595152599e-04
 49.50000000 +1.0000000000001958e+00 +1.9999514914551704e+00 +2.3500950004896209e-03 +9.9866614493899197e-01 +9.9989241549322094e-01 +9.9987138457162406e-01 +9.9985162585857956e-01 +9.9983458940259218e-01 +4.5321883433474108e-04 +4.1110079531562680e-04 +3.7049629601238577e-04 +3.3648998765790222e-04 +3.1253382265172776e-04
 50.00000000 +1.0000000000001974e+00 +1.9999505035428469e+00 +2.3428965147448697e-03 +9.9869970675580444e-01 +9.9989151509421237e-01 +9.9986992777920958e-01 +9.9984961097788816e-01 +9.9983207399516294e-01 +4.3455160183635883e-04 +3.9648600342311578e-04 +3.6340920673435086e-04 +3.3878435818112936e-04 +3.2393422853775177e-04
 50.50000000 +1.0000000000002003e+00 +1.9999495069860898e+00 +2.3502635370682627e-03 +9.9869626094894948e-01 +9.9989084168355125e-01 +9.9986870580564824e-01 +9.9984781980124493e-01 +9.9982975220293435e-01 +4.2046474080222035e-04 +3.8952347541830836e-04 +3.6545621997459529e-04 +3.4970005663546931e-04 +3.4147506584299517e-04
 51.00000000 +1.0000000000002012e+00 +1.9999485017679277e+00 +2.3697282758058809e-03 +9.9865928201976650e-01 +9.9989037541432135e-01 +9.9986767858637282e-01 +9.9984619062891222e-01 +9.9982754164673948e-01 +4.1353690012001682e-04 +3.9128176907253677e-04 +3.7589216016644002e-04 +3.6676579953635701e-04 +3.6145507600101961e-04
 51.50000000 +1.0000000000002032e+00 +1.9999474876499026e+00 +2.3967981662375952e-03 +9.9859807180752724e-01 +9.9989006770108313e-01 +9.9986677882658004e-01 +9.9984463881440055e-01 +9.9982534407406620e-01 +4.1491621235162173e-04 +4.0119721831928903e-04 +3.9249148048287437e-04 +3.8653267911106863e-04 +3.7996118709689945e-04
 52.00000000 +1.0000000000002052e+00 +1.9999464642330600e+00 +2.4259434786777544e-03 +9.9852559896864757e-01 +9.9988985151609744e-01 +9.9986592546286268e-01 +9.9984307307373443e-01 +9.9982306378233321e-01 +4.2422030399689428e-04 +4.1729019237819775e-04 +4.1205966403621652e-04 +4.0528716953726058e-04 +3.9362986740432328e-04
 52.50000000 +1.0000000000002076e+00 +1.9999454310432738e+00 +2.4516978513034965e-03 +9.9845583850325104e-01 +9.9988965413798769e-01 +9.9986503864366327e-01 +9.9984141195927989e-01 +9.9982062450278708e-01 +4.3971274602149798e-04 +4.3662045784473758e-04 +4.3108620567873176e-04 +4.1976328939218266e-04 +4.0024955513380159e-04
 53.00000000 +1.0000000000002096e+00 +1.9999443876233938e+00 +2.4696584912477161e-03 +9.9840114111633838e-01 +9.9988940997819720e-01 +9.9986405351024366e-01 +9.9983959757456420e-01 +9.9981798181590797e-01 +4.5870492275627112e-04 +4.5588238928552353e-04 +4.4640880534074757e-04 +4.2772006871613844e-04 +3.9909981970041722e-04
 53.50000000 +1.0000000000002114e+00 +1.9999433336148615e+00 +2.4772086974733138e-03 +9.9837011390537800e-01 +9.9988907126544579e-01 +9.9986293045129337e-01 +9.9983760428088664e-01 +9.9981512914917137e-01 +4.7809605123317543e-04 +4.7202263078585259e-04 +4.5576570972688551e-04 +4.2828547918870118e-04 +3.9098107794998814e-04
 54.00000000 +1.0000000000002132e+00 +1.9999422688147639e+00 +2.4738515093448402e-03 +9.9836636018678671e-01 +9.9988861489985981e-01 +9.9986166028005630e-01 +9.9983544117939938e-01 +9.9981209667987270e-01 +4.9494599250701472e-04 +4.8276729968691525e-04 +4.5814272833213411e-04 +4.2201917200303149e-04 +3.7795158256404839e-04
 54.50000000 +1.0000000000002152e+00 +1.9999411931999638e+00 +2.4611247882348757e-03 +9.9838823908055374e-01 +9.9988804457579872e-01 +9.9986026377936454e-01 +9.9983314833526959e-01 +9.9980894378096286e-01 +5.0697745693981436e-04 +4.8697047145863421e-04 +4.5386619457082195e-04 +4.1070283660237921e-04 +3.6284348955697754e-04
 55.00000000 +1.0000000000002174e+00 +1.9999401069166431e+00 +2.4421483402353927e-03 +9.9842960401710212e-01 +9.9988738815872902e-01 +9.9985878608517997e-01 +9.9983078782184842e-01 +9.9980574676526746e-01 +5.1292438304516991e-04 +4.8473451594567492e-04 +4.4444361113581219e-04 +3.9691764249673745e-04 +3.4866700033886364e-04
 55.50000000 +1.0000000000002196e+00 +1.9999390102400665e+00 +2.4209178310176846e-03 +9.9848130227204035e-01 +9.9988669112401352e-01 +9.9985728724969170e-01 +9.9982843150814560e-01 +9.9980258441352521e-01 +5.1267670801956799e-04 +4.7729774777230443e-04 +4.3220010961197481e-04 +3.8350388177793262e-04 +3.3802498650228251e-04
 56.00000000 +1.0000000000002214e+00 +1.9999379035143836e+00 +2.4014975678187680e-03 +9.9853309583754191e-01 +9.9988600748504874e-01 +9.9985583089762997e-01 +9.9982614795913960e-01 +9.9979952400722993e-01 +5.0721149270568553e-04 +4.6672718744788795e-04 +4.1979285939337379e-04 +3.7301295386119011e-04 +3.3264932111136072e-04
 56.50000000 +1.0000000000002229e+00 +1.9999367870851650e+00 +2.3872700132811634e-03 +9.9857561534642958e-01 +9.9988538996196463e-01 +9.9985447308448805e-01 +9.9982399081297413e-01 +9.9979661031816813e-01 +4.9833886018817576e-04 +4.5548650353191133e-04 +4.0970180542066050e-04 +3.6725493545953781e-04 +3.3313837249257316e-04
 57.00000000 +1.0000000000002254e+00 +1.9999356612374981e+00 +2.3803757671512498e-03 +9.9860198613431128e-01 +9.9988488113651919e-01 +9.9985325327584695e-01 +9.9982199057415366e-01 +9.9979385931484643e-01 +4.8832170226305912e-04 +4.4596632602765968e-04 +4.0379193909496761e-04 +3.6701913096032652e-04 +3.3893046710663260e-04
 57.50000000 +1.0000000000002274e+00 +1.9999345261504193e+00 +2.3814308031069242e-03 +9.9860885721554082e-01 +9.9988450703081044e-01 +9.9985218885480198e-01 +9.9982015102264543e-01 +9.9979125738491814e-01 +4.7944579806003548e-04 +4.4006414728244567e-04 +4.0302179390009209e-04 +3.7200654594732910e-04 +3.4850020723297456e-04
 58.00000000 +1.0000000000002292e+00 +1.9999333818745546e+00 +2.3895487468449821e-03 +9.9859669734599599e-01 +9.9988427401480895e-01 +9.9985127384410255e-01 +9.9981845053942597e-01 +9.9978876583388687e-01 +4.7361972920462788e-04 +4.3888528415445975e-04 +4.0734015217173405e-04 +3.8097041728403654e-04 +3.5972284011466353e-04
 58.50000000 +1.0000000000002309e+00 +1.9999322283349235e+00 +2.4026370143206063e-03 +9.9856936904994120e-01 +9.9988416930145796e-01 +9.9985048174354052e-01 +9.9981684776107527e-01 +9.9978632949622648e-01 +4.7207245550729034e-04 +4.4260895661568141e-04 +4.1577506221352980e-04 +3.9202219907305525e-04 +3.7032397550725845e-04
 59.00000000 +1.0000000000002325e+00 +1.9999310653561531e+00 +2.4178877071221678e-03 +9.9853312313375187e-01 +9.9988416465003394e-01 +9.9984977167490052e-01 +9.9981529025683391e-01 +9.9978388764401249e-01 +4.7519381070808671e-04 +4.5053033758901857e-04 +4.2668361661531341e-04 +4.0303274213862556e-04 +3.7832213458282481e-04
 59.50000000 +1.0000000000002343e+00 +1.9999298927035754e+00 +2.4323552437174344e-03 +9.9849524976083148e-01 +9.9988422237883345e-01 +9.9984909651471821e-01 +9.9981372448640882e-01 +9.9978138509790604e-01 +4.8253438653195609e-04 +4.6125692327869330e-04 +4.3810394938278421e-04 +4.1204616004730652e-04 +3.8238034323828793e-04
 60.00000000 +1.0000000000002371e+00 +1.9999287101312411e+00 +2.4435064717107297e-03 +9.9846266373942949e-01 +9.9988430246750926e-01 +9.9984841145385051e-01 +9.9981210520191821e-01 +9.9977878155978095e-01 +4.9295189968783318e-04 +4.7301159288753005e-04 +4.4813686771402495e-04 +4.1762812444852193e-04 +3.8200709396148889e-04
 60.50000000 +1.0000000000002385e+00 +1.9999275174275997e+00 +2.4496445552594408e-03 +9.9844068831576160e-01 +9.9988436944625780e-01 +9.9984768147316772e-01 +9.9981040269391808e-01 +9.9977605764622079e-01 +5.0486643370673901e-04 +4.8397944429058733e-04 +4.5528499132014330e-04 +4.1908894460835689e-04 +3.7758061194500441e-04
 61.00000000 +1.0000000000002418e+00 +1.9999263144507495e+00 +2.4501403659416363e-03 +9.9843224098106864e-01 +9.9988439791764894e-01 +9.9984688653432152e-01 +9.9980860678211958e-01 +9.9977321679975939e-01 +5.1657090843487111e-04 +4.9263279765846023e-04 +4.5869096173657584e-04 +4.1655008384195786e-04 +3.7020623461846846e-04
 61.50000000 +1.0000000000002445e+00 +1.9999251011478869e+00 +2.4454468196403083e-03 +9.9843753221594755e-01 +9.9988437589128309e-01 +9.9984602377816145e-01 +9.9980672710716922e-01 +9.9977028304742110e-01 +5.2653787819838260e-04 +4.9797810191918603e-04 +4.5823959192259686e-04 +4.1085462352702840e-04 +3.6144776567152134e-04
 62.00000000 +1.0000000000002458e+00 +1.9999238775569166e+00 +2.4369139634827734e-03 +9.9845428377841083e-01 +9.9988430555749996e-01 +9.9984510659948789e-01 +9.9980478996250877e-01 +9.9976729531467723e-01 +5.3366932599259790e-04 +4.9968717121239351e-04 +4.5451665614795181e-04 +4.0335131028516928e-04 +3.5299432500688678e-04
 62.50000000 +1.0000000000002471e+00 +1.9999226437916060e+00 +2.4264576815429600e-03 +9.9847837745627688e-01 +9.9988420159702174e-01 +9.9984416101778495e-01 +9.9980283249192803e-01 +9.9976429955935231e-01 +5.3745061316301870e-04 +4.9809906176328308e-04 +4.4864386311818107e-04 +3.9560296004765335e-04 +3.4633138078232122e-04
 63.00000000 +1.0000000000002494e+00 +1.9999214000145671e+00 +2.4161568264343750e-03 +9.9850477498683254e-01 +9.9988408753505775e-01 +9.9984322019528593e-01 +9.9980089547304851e-01 +9.9976134027874064e-01 +5.3798984561317443e-04 +4.9410322526825215e-04 +4.4203054811943140e-04 +3.8907983851619601e-04 +3.4247807476701843e-04
 63.50000000 +1.0000000000002516e+00 +1.9999201464040615e+00 +2.4078595734349055e-03 +9.9852851561099332e-01 +9.9988399093553404e-01 +9.9984231820096214e-01 +9.9979901605539967e-01 +9.9975845293333720e-01 +5.3594559972712974e-04 +4.8893491733301782e-04 +4.3609439250785444e-04 +3.8489629538157957e-04 +3.4183506008520533e-04
 64.00000000 +1.0000000000002536e+00 +1.9999188831212560e+00 +2.4028702594294637e-03 +9.9854560231653711e-01 +9.9988393835544953e-01 +9.9984148415451057e-01 +9.9979722171782037e-01 +9.9975565854739989e-01 +5.3236525043283021e-04 +4.8392687264131216e-04 +4.3200465208092565e-04 +3.8363587869215117e-04 +3.4416225570557338e-04
 64.50000000 +1.0000000000002556e+00 +1.9999176102837639e+00 +2.4017661900688752e-03 +9.9855362661709779e-01 +9.9988395093471683e-01 +9.9984073772036386e-01 +9.9979552639285074e-01 +9.9975296126207813e-01 +5.2846986126001963e-04 +4.8026526512261203e-04 +4.3049264657344695e-04 +3.8528976666098012e-04 +3.4867953455639358e-04
 65.00000000 +1.0000000000002565e+00 +1.9999163279496066e+00 +2.4043651167501429e-03 +9.9855204421707167e-01 +9.9988404130669306e-01 +9.9984008660419477e-01 +9.9979392924903054e-01 +9.9975034903361770e-01 +5.2542779967991752e-04 +4.7879301519714219e-04 +4.3175809481405761e-04 +3.8931008870323190e-04 +3.5426059228436995e-04
 65.50000000 +1.0000000000002580e+00 +1.9999150361134674e+00 +2.4098343306714659e-03 +9.9854208628390451e-01 +9.9988421222542512e-01 +9.9983952630219319e-01 +9.9979241611787395e-01 +9.9974779709901662e-01 +5.2415749727580845e-04 +4.7989126480014278e-04 +4.3547989509167277e-04 +3.9475818039574071e-04 +3.5967513531797438e-04
 66.00000000 +1.0000000000002598e+00 +1.9999137347146680e+00 +2.4169072073766127e-03 +9.9852635899529807e-01 +9.9988445697651562e-01 +9.9983904194395379e-01 +9.9979096309324045e-01 +9.9974527337480612e-01 +5.2519109385305255e-04 +4.8345315957396684e-04 +4.4092015450669230e-04 +4.0051191120681615e-04 +3.6382929834834340e-04
 66.50000000 +1.0000000000002631e+00 +1.9999124236542487e+00 +2.4241567499136947e-03 +9.9850823550317003e-01 +9.9988476132990201e-01 +9.9983861172491928e-01 +9.9978954149380450e-01 +9.9974274468330038e-01 +5.2861723395102814e-04 +4.8894635022401069e-04 +4.4709428127927677e-04 +4.0548842183414635e-04 +3.6595897893350028e-04
 67.00000000 +1.0000000000002653e+00 +1.9999111028171723e+00 +2.4302703456382888e-03 +9.9849117166586010e-01 +9.9988510655546170e-01 +9.9983821119779626e-01 +9.9978812321279309e-01 +9.9974018264738074e-01 +5.3410582351883038e-04 +4.9554513047336910e-04 +4.5297036335521172e-04 +4.0883964823427743e-04 +3.6574375645478713e-04
 67.50000000 +1.0000000000002669e+00 +1.9999097720951307e+00 +2.4342754424743936e-03 +9.9847807731985938e-01 +9.9988547288998275e-01 +9.9983781761269197e-01 +9.9978668549749361e-01 +9.9973756825082838e-01 +5.4100300232458700e-04 +5.0230244823035153e-04 +4.5765904760343976e-04 +4.1008690314388161e-04 +3.6332702917774945e-04
 68.00000000 +1.0000000000002702e+00 +1.9999084314058033e+00 +2.4356800385492814e-03 +9.9847085116403822e-01 +9.9988584282873272e-01 +9.9983741356278488e-01 +9.9978521438457990e-01 +9.9973489438093255e-01 +5.4847341858339348e-04 +5.0832763886048452e-04 +4.6056038727087422e-04 +4.0917515920013025e-04 +3.5924707636573485e-04
 68.50000000 +1.0000000000002707e+00 +1.9999070807054622e+00 +2.4345112418921858e-03 +9.9847014635391007e-01 +9.9988620370752002e-01 +9.9983698938103638e-01 +9.9978370631933167e-01 +9.9973216608286697e-01 +5.5566075764686791e-04 +5.1293784577103479e-04 +4.6144501600362534e-04 +4.0644434459707467e-04 +3.5430019266966271e-04
 69.00000000 +1.0000000000002738e+00 +1.9999057199934320e+00 +2.4312555770403701e-03 +9.9847538496281751e-01 +9.9988654921502507e-01 +9.9983654399943445e-01 +9.9978216784371721e-01 +9.9972939868006383e-01 +5.6183698814989407e-04 +5.1575873489561534e-04 +4.6046102300491802e-04 +4.0253059832264892e-04 +3.4936795593736394e-04
 69.50000000 +1.0000000000002742e+00 +1.9999043493083446e+00 +2.4267223103619740e-03 +9.9848499236484500e-01 +9.9988687969214052e-01 +9.9983608427223447e-01 +9.9978061358272996e-01 +9.9972661427514131e-01 +5.6651550720673654e-04 +5.1676139414801297e-04 +4.5807219243314962e-04 +3.9822221306821200e-04 +3.4524450742752651e-04
 70.00000000 +1.0000000000002780e+00 +1.9999029687178611e+00 +2.4218628863564560e-03 +9.9849678576279877e-01 +9.9988720129398923e-01 +9.9983562302654161e-01 +9.9977906303145547e-01 +9.9972383738409809e-01 +5.6951197614033661e-04 +5.1623487535095791e-04 +4.5494519332305570e-04 +3.9430108007482698e-04 +3.4249637761735803e-04
 70.50000000 +1.0000000000002789e+00 +1.9999015783043090e+00 +2.4175840472839194e-03 +9.9850843017142843e-01 +9.9988752427333183e-01 +9.9983517629455032e-01 +9.9977753680578052e-01 +9.9972109054095326e-01 +5.7094726407520542e-04 +5.1470531503149347e-04 +4.5181090765339474e-04 +3.9140023989859928e-04 +3.4137818869228026e-04
 71.00000000 +1.0000000000002809e+00 +1.9999001781492804e+00 +2.4145893096050061e-03 +9.9851787228971678e-01 +9.9988786076436142e-01 +9.9983476027646623e-01 +9.9977605305034822e-01 +9.9971839063999879e-01 +5.7119750622317304e-04 +5.1282101183720320e-04 +4.4932738412743566e-04 +3.8990226947030102e-04 +3.4181480885842682e-04
 71.50000000 +1.0000000000002831e+00 +1.9998987683200466e+00 +2.4132745245939407e-03 +9.9852367643304440e-01 +9.9988822248920373e-01 +9.9983438857432494e-01 +9.9977462460481448e-01 +9.9971574658434059e-01 +5.7080498688164905e-04 +5.1122702307921980e-04 +4.4796898854959633e-04 +3.8989333093269232e-04 +3.4344698624862706e-04
 72.00000000 +1.0000000000002851e+00 +1.9998973488600302e+00 +2.4136905632834230e-03 +9.9852521272806971e-01 +9.9988861877715363e-01 +9.9983407013692849e-01 +9.9977325734180700e-01 +9.9971315852951503e-01 +5.7036903317926222e-04 +5.1045243230133394e-04 +4.4795922017299127e-04 +3.9117600110763755e-04 +3.4572580119566365e-04
 72.50000000 +1.0000000000002878e+00 +1.9998959197845627e+00 +2.4155724835562072e-03 +9.9852267999728395e-01 +9.9988905519208637e-01 +9.9983380819093426e-01 +9.9977194984872952e-01 +9.9971061870611722e-01 +5.7043770974580773e-04 +5.1082895143929536e-04 +4.4925507523749822e-04 +3.9333284378149409e-04 +3.4803348608519513e-04
 73.00000000 +1.0000000000002893e+00 +1.9998944810821304e+00 +2.4184224872699726e-03 +9.9851697761035918e-01 +9.9988953292964156e-01 +9.9983360023798984e-01 +9.9977069437790467e-01 +9.9970811353180178e-01 +5.7141893402875969e-04 +5.1245215283445011e-04 +4.5158075237520915e-04 +3.9582410174788911e-04 +3.4980537276464035e-04
 73.50000000 +1.0000000000002913e+00 +1.9998930327202318e+00 +2.4216255923982383e-03 +9.9850946628569082e-01 +9.9989004899953138e-01 +9.9983343900905242e-01 +9.9976947877907585e-01 +9.9970562652571038e-01 +5.7352443639271098e-04 +5.1518797425085866e-04 +4.5449979489144366e-04 +3.9809821652002359e-04 +3.5062998034472807e-04
 74.00000000 +1.0000000000002929e+00 +1.9998915746543227e+00 +2.4245733595687287e-03 +9.9850167338808615e-01 +9.9989059707574068e-01 +9.9983331411633392e-01 +9.9976828898779302e-01 +9.9970314144487404e-01 +5.7675297395375796e-04 +5.1871887275238429e-04 +4.5750889881413773e-04 +3.9969361359998415e-04 +3.5031062951811895e-04
 74.50000000 +1.0000000000002951e+00 +1.9998901068378920e+00 +2.4267723418802531e-03 +9.9849500199455432e-01 +9.9989116879938023e-01 +9.9983321405252901e-01 +9.9976711159019149e-01 +9.9970064507894718e-01 +5.8091177673832430e-04 +5.2261755522713365e-04 +4.6013436934848399e-04 +4.0031393561830903e-04 +3.4888084894184643e-04
 75.00000000 +1.0000000000002969e+00 +1.9998886292317273e+00 +2.4279193692895058e-03 +9.9849049555465375e-01 +9.9989175526794882e-01 +9.9983312816512260e-01 +9.9976593601943631e-01 +9.9969812925312684e-01 +5.8566869591367566e-04 +5.2643255066584405e-04 +4.6201362955667664e-04 +3.9986557059983464e-04 +3.4657529446206460e-04
#
#Timing:
#    proc        CPU Pre        CPU all       Wall Pre       Wall all
#       0           0.15          67.06           0.16          67.07
