#SEP_MB_REFERENCE_KEY v1.13-csr-v1 30 15 20 0.5 2 52656 384 1 1 1 64 14583.106714608701 0.0036749323758566211 2 10.352963924025582 0 1 0 -0.63190000000000002 0 1 -0.21498353472758169 0.00010170952554312155 1 -0.2117311942853573 0.00010170952554312155 1 -0.20845605776075329 0.00010170952554312155 1 -0.2051582827319032 0.00010170952554312155 1 -0.20183802355359576 0.00010170952554312155 1 -0.19849543146569265 0.00010170952554312155 1 -0.19513065469650848 0.00010170952554312155 1 -0.19174383856145003 0.00010170952554312155 1 -0.18833512555719092 0.00010170952554312155 1 -0.18490465545163776 0.00010170952554312155 1 -0.18145256536992682 0.00010170952554312155 1 -0.1779789898766739 0.00010170952554312155 1 -0.17448406105468386 0.00010170952554312155 1 -0.17096790858031435 0.00010170952554312155 1 -0.1674306597956737 0.00010170952554312155 0 -0.16387243977782223 0.00010170952554312155 0 -0.16029337140513505 0.00010170952554312155 0 -0.15669357542097426 0.00010170952554312155 0 -0.1530731704948089 0.00010170952554312155 0 -0.14943227328091341 0.00010170952554312155 0 -0.14577099847476579 0.00010170952554312155 0 -0.14208945886726065 0.00010170952554312155 0 -0.13838776539684453 0.00010170952554312155 0 -0.13466602719967466 0.00010170952554312155 0 -0.13092435165789695 0.00010170952554312155 0 -0.12716284444613241 0.00010170952554312155 0 -0.12338160957625677 0.00010170952554312155 0 -0.11958074944055327 0.00010170952554312155 0 -0.1157603648533132 0.00010170952554312155 0
# Deterministic bounded reference ONLY; not the Poisson result or exact QM.
# states=52656 fock_states=384 steps=20 dt=5.0000000000000000e-01
# Raw weights: time particle_weight coordinate_weight vibration_weight orbital_weights...
0.00000000 +1.4999999999999988e+01 +1.9999999999999982e+00 +1.8374661879283090e-03 +9.9999999999999911e-01 +9.9999999999999911e-01 +9.9999999999999911e-01 +9.9999999999999911e-01 +9.9999999999999911e-01 +9.9999999999999911e-01 +9.9999999999999911e-01 +9.9999999999999911e-01 +9.9999999999999911e-01 +9.9999999999999911e-01 +9.9999999999999911e-01 +9.9999999999999911e-01 +9.9999999999999911e-01 +9.9999999999999911e-01 +9.9999999999999911e-01 +0.0000000000000000e+00 +0.0000000000000000e+00 +0.0000000000000000e+00 +0.0000000000000000e+00 +0.0000000000000000e+00 +0.0000000000000000e+00 +0.0000000000000000e+00 +0.0000000000000000e+00 +0.0000000000000000e+00 +0.0000000000000000e+00 +0.0000000000000000e+00 +0.0000000000000000e+00 +0.0000000000000000e+00 +0.0000000000000000e+00 +0.0000000000000000e+00
0.50000000 +1.4999999999999986e+01 +1.9999999999999643e+00 +1.8374814682770657e-03 +9.9999996120689649e-01 +9.9999999999999922e-01 +9.9999999999999922e-01 +9.9999999999999922e-01 +9.9999999999999922e-01 +9.9999999999999922e-01 +9.9999999999999922e-01 +9.9999999999999922e-01 +9.9999999999999922e-01 +9.9999999999999922e-01 +9.9999999999999922e-01 +9.9999999999999922e-01 +9.9999999999999922e-01 +9.9999999999999922e-01 +9.9999999999999922e-01 +2.5862068553033301e-09 +2.5862068553032118e-09 +2.5862068553030877e-09 +2.5862068553029587e-09 +2.5862068553028247e-09 +2.5862068553026853e-09 +2.5862068553025385e-09 +2.5862068553023854e-09 +2.5862068553022262e-09 +2.5862068553020599e-09 +2.5862068553018867e-09 +2.5862068553017055e-09 +2.5862068553015169e-09 +2.5862068553013196e-09 +2.5862068553011149e-09
1.00000000 +1.4999999999999911e+01 +1.9999999999996008e+00 +1.8375243431455520e-03 +9.9999985229691146e-01 +9.9999999999999400e-01 +9.9999999999999400e-01 +9.9999999999999400e-01 +9.9999999999999400e-01 +9.9999999999999400e-01 +9.9999999999999400e-01 +9.9999999999999400e-01 +9.9999999999999400e-01 +9.9999999999999400e-01 +9.9999999999999400e-01 +9.9999999999999400e-01 +9.9999999999999400e-01 +9.9999999999999400e-01 +9.9999999999999400e-01 +9.8748729059968112e-09 +9.8710368407684680e-09 +9.8671632960605994e-09 +9.8632521528783028e-09 +9.8593032909652619e-09 +9.8553165888579528e-09 +9.8512919239380415e-09 +9.8472291724829343e-09 +9.8431282097145865e-09 +9.8389889098467822e-09 +9.8348111461307422e-09 +9.8305947908993510e-09 +9.8263397156099442e-09 +9.8220457908857732e-09 +9.8177128865561678e-09
1.50000000 +1.4999999999999988e+01 +1.9999999999981930e+00 +1.8375864945986455e-03 +9.9999969422775459e-01 +9.9999999999999734e-01 +9.9999999999999734e-01 +9.9999999999999734e-01 +9.9999999999999734e-01 +9.9999999999999734e-01 +9.9999999999999734e-01 +9.9999999999999734e-01 +9.9999999999999734e-01 +9.9999999999999734e-01 +9.9999999999999734e-01 +9.9999999999999734e-01 +9.9999999999999734e-01 +9.9999999999999734e-01 +9.9999999999999734e-01 +2.0542183939633764e-08 +2.0520572438502228e-08 +2.0498761329670997e-08 +2.0476750280333976e-08 +2.0454538955302471e-08 +2.0432127017364124e-08 +2.0409514127630957e-08 +2.0386699945876917e-08 +2.0363684130865407e-08 +2.0340466340667508e-08 +2.0317046232971082e-08 +2.0293423465381329e-08 +2.0269597695713224e-08 +2.0245568582276044e-08 +2.0221335784150691e-08
2.00000000 +1.4999999999999991e+01 +1.9999999999946900e+00 +1.8376558801500714e-03 +9.9999951737856252e-01 +9.9999999999999400e-01 +9.9999999999999400e-01 +9.9999999999999400e-01 +9.9999999999999400e-01 +9.9999999999999400e-01 +9.9999999999999400e-01 +9.9999999999999400e-01 +9.9999999999999400e-01 +9.9999999999999400e-01 +9.9999999999999400e-01 +9.9999999999999400e-01 +9.9999999999999400e-01 +9.9999999999999400e-01 +9.9999999999999400e-01 +3.2652738579281509e-08 +3.2586867583145676e-08 +3.2520438962231437e-08 +3.2453453134170854e-08 +3.2385910527028294e-08 +3.2317811580537782e-08 +3.2249156747303615e-08 +3.2179946493965835e-08 +3.2110181302331896e-08 +3.2039861670476546e-08 +3.1968988113810711e-08 +3.1897561166121261e-08 +3.1825581380582596e-08 +3.1753049330741000e-08 +3.1679965611473576e-08
2.50000000 +1.4999999999999945e+01 +1.9999999999880547e+00 +1.8377190856066466e-03 +9.9999935566222464e-01 +9.9999999999998457e-01 +9.9999999999998468e-01 +9.9999999999998468e-01 +9.9999999999998468e-01 +9.9999999999998468e-01 +9.9999999999998468e-01 +9.9999999999998468e-01 +9.9999999999998468e-01 +9.9999999999998468e-01 +9.9999999999998468e-01 +9.9999999999998468e-01 +9.9999999999998468e-01 +9.9999999999998468e-01 +9.9999999999998468e-01 +4.4013368695731240e-08 +4.3866944831343039e-08 +4.3719432845603534e-08 +4.3570837723493540e-08 +4.3421164513787377e-08 +4.3270418331892156e-08 +4.3118604362588854e-08 +4.2965727862679404e-08 +4.2811794163542515e-08 +4.2656808673602661e-08 +4.2500776880714378e-08 +4.2343704354465478e-08 +4.2185596748401514e-08 +4.2026459802174320e-08 +4.1866299343616926e-08
3.00000000 +1.4999999999999986e+01 +1.9999999999769715e+00 +1.8377639400416631e-03 +9.9999923996747397e-01 +9.9999999999997680e-01 +9.9999999999997680e-01 +9.9999999999997680e-01 +9.9999999999997680e-01 +9.9999999999997680e-01 +9.9999999999997691e-01 +9.9999999999997691e-01 +9.9999999999997691e-01 +9.9999999999997691e-01 +9.9999999999997691e-01 +9.9999999999997702e-01 +9.9999999999997713e-01 +9.9999999999997713e-01 +9.9999999999997713e-01 +5.2573333054441707e-08 +5.2308031902434759e-08 +5.2041114215848578e-08 +5.1772597895074059e-08 +5.1502501016035132e-08 +5.1230841834645623e-08 +5.0957638791037977e-08 +5.0682910513570412e-08 +5.0406675822619017e-08 +5.0128953734161704e-08 +4.9849763463158959e-08 +4.9569124426737672e-08 +4.9287056247182241e-08 +4.9003578754738422e-08 +4.8718711990234069e-08
3.50000000 +1.4999999999999991e+01 +1.9999999999608875e+00 +1.8377818789050543e-03 +9.9999919220952804e-01 +9.9999999999996358e-01 +9.9999999999996358e-01 +9.9999999999996358e-01 +9.9999999999996370e-01 +9.9999999999996370e-01 +9.9999999999996381e-01 +9.9999999999996381e-01 +9.9999999999996392e-01 +9.9999999999996414e-01 +9.9999999999996414e-01 +9.9999999999996425e-01 +9.9999999999996436e-01 +9.9999999999996436e-01 +9.9999999999996469e-01 +5.6797306363620796e-08 +5.6383934456706569e-08 +5.5968748338590749e-08 +5.5551791923922670e-08 +5.5133109437234066e-08 +5.4712745416683455e-08 +5.4290744717328219e-08 +5.3867152513936907e-08 +5.3442014303352662e-08 +5.3015375906419280e-08 +5.2587283469479135e-08 +5.2157783465453277e-08 +5.1726922694511939e-08 +5.1294748284344166e-08 +5.0861307690035056e-08
4.00000000 +1.4999999999999984e+01 +1.9999999999394087e+00 +1.8377695926647722e-03 +9.9999922114474804e-01 +9.9999999999994660e-01 +9.9999999999994682e-01 +9.9999999999994682e-01 +9.9999999999994693e-01 +9.9999999999994704e-01 +9.9999999999994715e-01 +9.9999999999994726e-01 +9.9999999999994749e-01 +9.9999999999994749e-01 +9.9999999999994771e-01 +9.9999999999994782e-01 +9.9999999999994804e-01 +9.9999999999994826e-01 +9.9999999999994849e-01 +5.5942812535569886e-08 +5.5373021446732362e-08 +5.4801965440898611e-08 +5.4229729814593987e-08 +5.3656400190161354e-08 +5.3082062512301632e-08 +5.2506803043765201e-08 +5.1930708360214548e-08 +5.1353865344279100e-08 +5.0776361178821053e-08 +5.0198283339430214e-08 +4.9619719586165960e-08 +4.9040757954562477e-08 +4.8461486745913713e-08 +4.7881994516853889e-08
4.50000000 +1.4999999999999977e+01 +1.9999999999126905e+00 +1.8377296410496790e-03 +9.9999932075508657e-01 +9.9999999999992872e-01 +9.9999999999992895e-01 +9.9999999999992906e-01 +9.9999999999992950e-01 +9.9999999999992972e-01 +9.9999999999992994e-01 +9.9999999999993017e-01 +9.9999999999993039e-01 +9.9999999999993050e-01 +9.9999999999993072e-01 +9.9999999999993094e-01 +9.9999999999993128e-01 +9.9999999999993150e-01 +9.9999999999993161e-01 +5.0191597316318814e-08 +4.9486817006834950e-08 +4.8782442919868273e-08 +4.8078613720570123e-08 +4.7375468024495408e-08 +4.6673144375765484e-08 +4.5971781223945574e-08 +4.5271516899675173e-08 +4.4572489589089687e-08 +4.3874837307069731e-08 +4.3178697869353528e-08 +4.2484208863547646e-08 +4.1791507619069607e-08 +4.1100731176055979e-08 +4.0412016253269359e-08
5.00000000 +1.4999999999999977e+01 +1.9999999998814544e+00 +1.8376699182449912e-03 +9.9999947150222357e-01 +9.9999999999991163e-01 +9.9999999999991207e-01 +9.9999999999991229e-01 +9.9999999999991263e-01 +9.9999999999991307e-01 +9.9999999999991329e-01 +9.9999999999991362e-01 +9.9999999999991396e-01 +9.9999999999991429e-01 +9.9999999999991462e-01 +9.9999999999991507e-01 +9.9999999999991551e-01 +9.9999999999991573e-01 +9.9999999999991618e-01 +4.0611543910816259e-08 +3.9826137962144794e-08 +3.9044104090575386e-08 +3.8265634947883558e-08 +3.7490921998909931e-08 +3.6720155468205297e-08 +3.5953524285157717e-08 +3.5191216027674853e-08 +3.4433416864494354e-08 +3.3680311496192917e-08 +3.2932083094964785e-08 +3.2188913243238640e-08 +3.1450981871202257e-08 +3.0718467193302174e-08 +2.9991545643787999e-08
5.50000000 +1.4999999999999975e+01 +1.9999999998466769e+00 +1.8376020811627519e-03 +9.9999964418928944e-01 +9.9999999999989730e-01 +9.9999999999989775e-01 +9.9999999999989819e-01 +9.9999999999989875e-01 +9.9999999999989952e-01 +9.9999999999989975e-01 +9.9999999999990030e-01 +9.9999999999990086e-01 +9.9999999999990108e-01 +9.9999999999990163e-01 +9.9999999999990208e-01 +9.9999999999990274e-01 +9.9999999999990319e-01 +9.9999999999990374e-01 +2.8957037151601061e-08 +2.8173822746783753e-08 +2.7398067399288879e-08 +2.6629998913835114e-08 +2.5869841658435035e-08 +2.5117816471857760e-08 +2.4374140570057070e-08 +2.3639027451697627e-08 +2.2912686802910691e-08 +2.2195324401409958e-08 +2.1487142020096096e-08 +2.0788337330279102e-08 +2.0099103804645453e-08 +1.9419630620097209e-08 +1.8750102560589921e-08
6.00000000 +1.4999999999999973e+01 +1.9999999998094691e+00 +1.8375392560980651e-03 +9.9999980566108593e-01 +9.9999999999988676e-01 +9.9999999999988731e-01 +9.9999999999988798e-01 +9.9999999999988853e-01 +9.9999999999988920e-01 +9.9999999999988975e-01 +9.9999999999989020e-01 +9.9999999999989075e-01 +9.9999999999989164e-01 +9.9999999999989220e-01 +9.9999999999989275e-01 +9.9999999999989331e-01 +9.9999999999989397e-01 +9.9999999999989475e-01 +1.7345352088214991e-08 +1.6663344287238675e-08 +1.5993407801202132e-08 +1.5335762365500665e-08 +1.4690620779222665e-08 +1.4058188783174400e-08 +1.3438664938778873e-08 +1.2832240508065240e-08 +1.2239099334962610e-08 +1.1659417728110773e-08 +1.1093364345397046e-08 +1.0541100080427890e-08 +1.0002777951140869e-08 +9.4785429907610840e-09 +8.9685321413044802e-09
6.50000000 +1.4999999999999979e+01 +1.9999999997709226e+00 +1.8374934785262437e-03 +9.9999992522105219e-01 +9.9999999999988121e-01 +9.9999999999988198e-01 +9.9999999999988254e-01 +9.9999999999988332e-01 +9.9999999999988398e-01 +9.9999999999988465e-01 +9.9999999999988542e-01 +9.9999999999988609e-01 +9.9999999999988698e-01 +9.9999999999988765e-01 +9.9999999999988820e-01 +9.9999999999988909e-01 +9.9999999999988975e-01 +9.9999999999989064e-01 +7.8691922362596550e-09 +7.3853466796417469e-09 +6.9177262224620174e-09 +6.4664764525752840e-09 +6.0317315682315871e-09 +5.6136142672593015e-09 +5.2122356411219148e-09 +4.8276950741515983e-09 +4.4600801482575132e-09 +4.1094665534012728e-09 +3.7759180041256490e-09 +3.4594861624179658e-09 +3.1602105671828570e-09 +2.8781185705933809e-09 +2.6132252815832656e-09
7.00000000 +1.4999999999999970e+01 +1.9999999997318165e+00 +1.8374733693598711e-03 +9.9999998051306516e-01 +9.9999999999987876e-01 +9.9999999999987954e-01 +9.9999999999988021e-01 +9.9999999999988098e-01 +9.9999999999988176e-01 +9.9999999999988254e-01 +9.9999999999988332e-01 +9.9999999999988409e-01 +9.9999999999988487e-01 +9.9999999999988565e-01 +9.9999999999988654e-01 +9.9999999999988731e-01 +9.9999999999988809e-01 +9.9999999999988887e-01 +2.2168004637102992e-09 +2.0051948518283699e-09 +1.8122987662999619e-09 +1.6381049234520099e-09 +1.4825901375528819e-09 +1.3457153016625643e-09 +1.2274253796168000e-09 +1.1276494094837282e-09 +1.0463005188185382e-09 +9.8327595202805650e-10 +9.3845711014334320e-10 +9.1170960328433626e-10 +9.0288331608588504e-10 +9.1181248633970946e-10 +9.3831579709128827e-10
7.50000000 +1.4999999999999980e+01 +1.9999999996925186e+00 +1.8374824998150549e-03 +9.9999996173220151e-01 +9.9999999999987943e-01 +9.9999999999988010e-01 +9.9999999999988076e-01 +9.9999999999988154e-01 +9.9999999999988221e-01 +9.9999999999988309e-01 +9.9999999999988387e-01 +9.9999999999988465e-01 +9.9999999999988531e-01 +9.9999999999988609e-01 +9.9999999999988698e-01 +9.9999999999988765e-01 +9.9999999999988864e-01 +9.9999999999988931e-01 +1.3691017053568627e-09 +1.4620009034573817e-09 +1.5732560187007111e-09 +1.7026343793126768e-09 +1.8498843453594739e-09 +2.0147354987533055e-09 +2.1968988520085494e-09 +2.3960670759770838e-09 +2.6119147467644572e-09 +2.8440986120007794e-09 +3.0922578766124393e-09 +3.3560145082116805e-09 +3.6349735621922231e-09 +3.9287235265890850e-09 +4.2368366867305541e-09
8.00000000 +1.4999999999999979e+01 +1.9999999996529001e+00 +1.8375187572117584e-03 +9.9999987336565477e-01 +9.9999999999987910e-01 +9.9999999999987954e-01 +9.9999999999988032e-01 +9.9999999999988076e-01 +9.9999999999988143e-01 +9.9999999999988221e-01 +9.9999999999988276e-01 +9.9999999999988354e-01 +9.9999999999988409e-01 +9.9999999999988476e-01 +9.9999999999988554e-01 +9.9999999999988620e-01 +9.9999999999988687e-01 +9.9999999999988765e-01 +5.4285816669998669e-09 +5.8038904393470230e-09 +6.1935626199242674e-09 +6.5970983984938913e-09 +7.0139792764744978e-09 +7.4436685988932288e-09 +7.8856121115880450e-09 +8.3392385435152830e-09 +8.8039602139706731e-09 +9.2791736644848009e-09 +9.7642603151067259e-09 +1.0258587144740936e-08 +1.0761507395154587e-08 +1.1272361298223257e-08 +1.1790476825934370e-08
8.50000000 +1.4999999999999968e+01 +1.9999999996123876e+00 +1.8375748241353860e-03 +9.9999973315473822e-01 +9.9999999999987510e-01 +9.9999999999987532e-01 +9.9999999999987566e-01 +9.9999999999987632e-01 +9.9999999999987654e-01 +9.9999999999987688e-01 +9.9999999999987732e-01 +9.9999999999987799e-01 +9.9999999999987832e-01 +9.9999999999987887e-01 +9.9999999999987932e-01 +9.9999999999987976e-01 +9.9999999999988032e-01 +9.9999999999988087e-01 +1.3609902115197362e-08 +1.4188540240737556e-08 +1.4773781575929071e-08 +1.5364872736698119e-08 +1.5961047102721738e-08 +1.6561525796545910e-08 +1.7165518689193676e-08 +1.7772225431379561e-08 +1.8380836509379232e-08 +1.8990534324535792e-08 +1.9600494295318413e-08 +2.0209885980781574e-08 +2.0817874224208358e-08 +2.1423620315655948e-08 +2.2026283172057888e-08
9.00000000 +1.4999999999999964e+01 +1.9999999995700533e+00 +1.8376396636403431e-03 +9.9999956851334859e-01 +9.9999999999986489e-01 +9.9999999999986500e-01 +9.9999999999986522e-01 +9.9999999999986533e-01 +9.9999999999986544e-01 +9.9999999999986577e-01 +9.9999999999986589e-01 +9.9999999999986611e-01 +9.9999999999986622e-01 +9.9999999999986644e-01 +9.9999999999986677e-01 +9.9999999999986677e-01 +9.9999999999986711e-01 +9.9999999999986722e-01 +2.4392265458918367e-08 +2.5047148229333350e-08 +2.5697846810367287e-08 +2.6343440206978990e-08 +2.6983005910406688e-08 +2.7615621343050176e-08 +2.8240365320616298e-08 +2.8856319529525542e-08 +2.9462570017499336e-08 +3.0058208695171709e-08 +3.0642334846497402e-08 +3.1214056645656557e-08 +3.1772492678089876e-08 +3.2316773463233314e-08 +3.2846042976460722e-08
9.50000000 +1.4999999999999959e+01 +1.9999999995248210e+00 +1.8377007072820357e-03 +9.9999941113003654e-01 +9.9999999999984701e-01 +9.9999999999984679e-01 +9.9999999999984668e-01 +9.9999999999984612e-01 +9.9999999999984623e-01 +9.9999999999984590e-01 +9.9999999999984590e-01 +9.9999999999984590e-01 +9.9999999999984568e-01 +9.9999999999984557e-01 +9.9999999999984535e-01 +9.9999999999984535e-01 +9.9999999999984535e-01 +9.9999999999984546e-01 +3.5803868174794115e-08 +3.6379794112102242e-08 +3.6939349030552716e-08 +3.7481604929766418e-08 +3.8005649967455191e-08 +3.8510590240847256e-08 +3.8995551560902855e-08 +3.9459681215972575e-08 +3.9902149721491177e-08 +4.0322152552245627e-08 +4.0718911853710224e-08 +4.1091678128898256e-08 +4.1439731897147383e-08 +4.1762385321227174e-08 +4.2058983799138757e-08
10.00000000 +1.4999999999999970e+01 +1.9999999994756359e+00 +1.8377463091412715e-03 +9.9999929082409855e-01 +9.9999999999982070e-01 +9.9999999999982014e-01 +9.9999999999981981e-01 +9.9999999999981914e-01 +9.9999999999981848e-01 +9.9999999999981803e-01 +9.9999999999981770e-01 +9.9999999999981726e-01 +9.9999999999981692e-01 +9.9999999999981659e-01 +9.9999999999981626e-01 +9.9999999999981593e-01 +9.9999999999981559e-01 +9.9999999999981548e-01 +4.5784905409103926e-08 +4.6126234032449806e-08 +4.6439921481740971e-08 +4.6725250330276619e-08 +4.6981540679970438e-08 +4.7208151960626048e-08 +4.7404484680188872e-08 +4.7569982121446237e-08 +4.7704131980654678e-08 +4.7806467943594853e-08 +4.7876571194585800e-08 +4.7914071854031677e-08 +4.7918650340130436e-08 +4.7890038650438221e-08 +4.7828021559064145e-08
#SEP_MB_REFERENCE_COMPLETE 1816271894504073293
