#PATCH_CHECK: SepMBpoisson v0.60 fullmb-kondo adaptive-t500 active
#discretizing the bath:
#     0 0.0000000000000000e+00 -9.1873305439137479e-02
#     1 2.6666666666666666e-03 -1.7125184133855223e-01
#     2 2.6666666666666666e-03 -1.6979437380775458e-01
#     3 2.6666666666666666e-03 -1.6833331587458009e-01
#     4 2.6666666666666666e-03 -1.6686867634049560e-01
#     5 2.6666666666666666e-03 -1.6540046394255603e-01
#     6 2.6666666666666666e-03 -1.6392868735418623e-01
#     7 2.6666666666666666e-03 -1.6245335518594953e-01
#     8 2.6666666666666666e-03 -1.6097447598630341e-01
#     9 2.6666666666666666e-03 -1.5949205824234258e-01
#adaptive measurement: gap=1.4682123979395667e-03 period_steps=8559 nmeas=300 nwf=300 tmax=1.5000000000000000e+02 forced_stride=1
  0.00000000 +5.0000000000000000e+00 +1.9999999999999998e+00 +1.8374661879283106e-03 +1.0000000000000000e+00 +1.0000000000000000e+00 +1.0000000000000000e+00 +1.0000000000000000e+00 +1.0000000000000000e+00 +0.0000000000000000e+00 +0.0000000000000000e+00 +0.0000000000000000e+00 +0.0000000000000000e+00 +0.0000000000000000e+00
  0.50000000 +5.0000000000000000e+00 +1.9999999999529945e+00 +1.8410029093931537e-03 +9.9999102111288940e-01 +9.9999999999164690e-01 +9.9999999999164690e-01 +9.9999999999164690e-01 +9.9999999999164690e-01 +1.7782432967596625e-06 +1.8235101284021004e-06 +1.7885465681409637e-06 +1.8015523369337538e-06 +1.7870264133470012e-06
  1.00000000 +5.0000000000000000e+00 +1.9999999997232736e+00 +1.8516101685464087e-03 +9.9996408648580470e-01 +9.9999999997499456e-01 +9.9999999997453481e-01 +9.9999999997729228e-01 +9.9999999997384570e-01 +7.1544200253041168e-06 +7.2406104030272697e-06 +7.1692207928315322e-06 +7.1657120226620490e-06 +7.1836068147523953e-06
  1.50000000 +5.0000000000000000e+00 +1.9999999991142030e+00 +1.8690939116715250e-03 +9.9991967287716899e-01 +9.9999999983758980e-01 +9.9999999984312071e-01 +9.9999999986729515e-01 +9.9999999984228172e-01 +1.5950726606546366e-05 +1.6183130017036384e-05 +1.6025542389851114e-05 +1.6105488050081074e-05 +1.6062797795772275e-05
  2.00000000 +5.0000000000000000e+00 +2.0000000013350543e+00 +1.8930207849014258e-03 +9.9985885488432436e-01 +9.9999999938540951e-01 +9.9999999938649198e-01 +9.9999999947770601e-01 +9.9999999944697682e-01 +2.8083504303817708e-05 +2.8304004296268364e-05 +2.8207094672676057e-05 +2.8289381385984324e-05 +2.8263379997756111e-05
  2.50000000 +5.0000000000000000e+00 +1.9999999912926383e+00 +1.9228712512513735e-03 +9.9978291674106334e-01 +9.9999999831295383e-01 +9.9999999834037456e-01 +9.9999999852102772e-01 +9.9999999847778831e-01 +4.3168019353206054e-05 +4.3508027599678007e-05 +4.3420766709576586e-05 +4.3564964006072754e-05 +4.3427847589972271e-05
  3.00000000 +5.0000000000000000e+00 +1.9999999868737561e+00 +1.9577247934371650e-03 +9.9969415498977976e-01 +9.9999999631520331e-01 +9.9999999649122706e-01 +9.9999999658850403e-01 +9.9999999650542182e-01 +6.0825859700269281e-05 +6.1340219664277157e-05 +6.1122163131677507e-05 +6.1420585955685887e-05 +6.1150279071404205e-05
  3.50000000 +5.0000000000000000e+00 +1.9999999881714410e+00 +1.9968206463970178e-03 +9.9959445679668990e-01 +9.9999999286877450e-01 +9.9999999319848332e-01 +9.9999999328258193e-01 +9.9999999317461574e-01 +8.0800502257449917e-05 +8.1249878366399723e-05 +8.1104317763785121e-05 +8.1426899313023901e-05 +8.0989037178225755e-05
  4.00000000 +5.0000000000000000e+00 +1.9999999598046581e+00 +2.0391290452311489e-03 +9.9948638432240733e-01 +9.9999998764626818e-01 +9.9999998793590406e-01 +9.9999998838009496e-01 +9.9999998789195366e-01 +1.0244348195336023e-04 +1.0284850122152289e-04 +1.0281795419244632e-04 +1.0295071457521339e-04 +1.0260314914596623e-04
  4.50000000 +5.0000000000000000e+00 +1.9999999514036868e+00 +2.0834440779201810e-03 +9.9937295677166627e-01 +9.9999998004725721e-01 +9.9999998024032943e-01 +9.9999998104858379e-01 +9.9999998049233951e-01 +1.2517765798915071e-04 +1.2557391568589294e-04 +1.2548528162326550e-04 +1.2563618553015712e-04 +1.2524838871700686e-04
  5.00000000 +5.0000000000000000e+00 +1.9999997808742418e+00 +2.1288198211949442e-03 +9.9925652958887412e-01 +9.9999996955435777e-01 +9.9999996960989368e-01 +9.9999997069663649e-01 +9.9999997045269085e-01 +1.4881956261021459e-04 +1.4863980452936392e-04 +1.4882242258764902e-04 +1.4869553083426794e-04 +1.4861277573949991e-04
  5.50000000 +5.0000000000000000e+00 +1.9999997399114093e+00 +2.1746809825585558e-03 +9.9913853045585654e-01 +9.9999995607244263e-01 +9.9999995652846907e-01 +9.9999995755125581e-01 +9.9999995719898105e-01 +1.7247029833407503e-04 +1.7244764133913151e-04 +1.7268079238021353e-04 +1.7208941678668662e-04 +1.7195404334305288e-04
  6.00000000 +5.0000000000000000e+00 +1.9999996264961839e+00 +2.2189064529194126e-03 +9.9902430509231477e-01 +9.9999993941815746e-01 +9.9999993922031349e-01 +9.9999994112336354e-01 +9.9999994034948692e-01 +1.9595649008072820e-04 +1.9534953373881973e-04 +1.9508385543331227e-04 +1.9523773380717173e-04 +1.9430721018662652e-04
  6.50000000 +5.0000000000000000e+00 +1.9999996120719332e+00 +2.2604461372645397e-03 +9.9891650477848237e-01 +9.9999991753296358e-01 +9.9999991703811597e-01 +9.9999992002180105e-01 +9.9999991877767935e-01 +2.1766672499289987e-04 +2.1708518784665896e-04 +2.1667058397590284e-04 +2.1622453427621406e-04 +2.1617483053247875e-04
  7.00000000 +5.0000000000000000e+00 +1.9999994833288000e+00 +2.2997263336480200e-03 +9.9881412076734732e-01 +9.9999989175184023e-01 +9.9999989115433774e-01 +9.9999989468792838e-01 +9.9999989402105249e-01 +2.3878425310933804e-04 +2.3792232137437305e-04 +2.3731328114256028e-04 +2.3684787105475826e-04 +2.3543983700157449e-04
  7.50000000 +5.0000000000000000e+00 +1.9999991343653056e+00 +2.3326298169285805e-03 +9.9872744947502901e-01 +9.9999985925118828e-01 +9.9999986202852198e-01 +9.9999986501952465e-01 +9.9999986461473900e-01 +2.5690929937026435e-04 +2.5504301777951288e-04 +2.5484575676024379e-04 +2.5349973749685381e-04 +2.5280178148253741e-04
  8.00000000 +5.0000000000000000e+00 +1.9999990251432642e+00 +2.3603978199071415e-03 +9.9865349607750864e-01 +9.9999982483222261e-01 +9.9999982584840530e-01 +9.9999983250130942e-01 +9.9999982910473462e-01 +2.7171075332593970e-04 +2.6999118544414531e-04 +2.6923298641219758e-04 +2.6881447321975513e-04 +2.6744221775404782e-04
  8.50000000 +5.0000000000000000e+00 +1.9999989727987835e+00 +2.3836217233404624e-03 +9.9859084421994004e-01 +9.9999978627085984e-01 +9.9999978771597364e-01 +9.9999979205048373e-01 +9.9999978978725501e-01 +2.8484788067129584e-04 +2.8323229678121274e-04 +2.8064878832461261e-04 +2.8102048244419109e-04 +2.8025051602007829e-04
  9.00000000 +5.0000000000000000e+00 +1.9999985743442785e+00 +2.3990309669957030e-03 +9.9854770717343155e-01 +9.9999973788362939e-01 +9.9999974337828190e-01 +9.9999974610327025e-01 +9.9999974633032296e-01 +2.9403733492833689e-04 +2.9247134906623771e-04 +2.9032351787028668e-04 +2.8887510757998297e-04 +2.8761178862287670e-04
  9.50000000 +5.0000000000000000e+00 +1.9999985172291266e+00 +2.4093635622747462e-03 +9.9851738365593179e-01 +9.9999968867736122e-01 +9.9999969424216661e-01 +9.9999970452620102e-01 +9.9999969659366661e-01 +3.0099478743448568e-04 +2.9913124887837890e-04 +2.9660636929614362e-04 +2.9552248587487478e-04 +2.9157733829827601e-04
 10.00000000 +5.0000000000000000e+00 +1.9999981796455435e+00 +2.4102808976593885e-03 +9.9851081380273854e-01 +9.9999963860474195e-01 +9.9999964260763430e-01 +9.9999965606247598e-01 +9.9999964303044475e-01 +3.0455463177449032e-04 +3.0043291422282684e-04 +2.9723361621920125e-04 +2.9548872468756159e-04 +2.9289593340698776e-04
 10.50000000 +5.0000000000000000e+00 +1.9999975736022717e+00 +2.4049960335717131e-03 +9.9852009877967940e-01 +9.9999959174248021e-01 +9.9999959256740800e-01 +9.9999959402030691e-01 +9.9999958442653047e-01 +3.0227364192436467e-04 +2.9865207464535863e-04 +2.9754067435134424e-04 +2.9282247031367156e-04 +2.9024962403937017e-04
 11.00000000 +5.0000000000000000e+00 +1.9999972423174988e+00 +2.3932831266176694e-03 +9.9854580581954611e-01 +9.9999952815637294e-01 +9.9999952926035662e-01 +9.9999953779686501e-01 +9.9999953055860091e-01 +2.9813700209402273e-04 +2.9356498218394091e-04 +2.9118047994563460e-04 +2.8725522701464736e-04 +2.8593068800985080e-04
 11.50000000 +5.0000000000000000e+00 +1.9999964473399032e+00 +2.3756493487772350e-03 +9.9858684661475217e-01 +9.9999947568128766e-01 +9.9999947558733160e-01 +9.9999947985708604e-01 +9.9999946817521823e-01 +2.9036869835028108e-04 +2.8390574804563898e-04 +2.8318052139913368e-04 +2.7940228066358053e-04 +2.7839680151800597e-04
 12.00000000 +5.0000000000000000e+00 +1.9999962792260477e+00 +2.3528976638340043e-03 +9.9864131089700270e-01 +9.9999939858258435e-01 +9.9999941616906785e-01 +9.9999941947143711e-01 +9.9999941498671296e-01 +2.7955790659184206e-04 +2.7666086730189293e-04 +2.7143077670123839e-04 +2.7015808851411769e-04 +2.6323226976969634e-04
 12.50000000 +5.0000000000000000e+00 +1.9999961091756691e+00 +2.3227153282703726e-03 +9.9871507910551793e-01 +9.9999934080170483e-01 +9.9999934415671410e-01 +9.9999936815365698e-01 +9.9999936052970584e-01 +2.6769367409284957e-04 +2.6045698499185170e-04 +2.5888371413807670e-04 +2.5024127166807107e-04 +2.5023156800778079e-04
 13.00000000 +5.0000000000000000e+00 +1.9999954262440651e+00 +2.2908280782232516e-03 +9.9879378506259842e-01 +9.9999928505707658e-01 +9.9999928813964045e-01 +9.9999929022306155e-01 +9.9999929598449089e-01 +2.5053121183387511e-04 +2.4628407136031711e-04 +2.4500875923060645e-04 +2.3631016683912966e-04 +2.3092138294333682e-04
 13.50000000 +5.0000000000000000e+00 +1.9999955658043640e+00 +2.2517758057669034e-03 +9.9889148961901975e-01 +9.9999921710501927e-01 +9.9999922789735873e-01 +9.9999923648312539e-01 +9.9999923370701471e-01 +2.3002037765426582e-04 +2.2678872479896123e-04 +2.2109337496480043e-04 +2.2153556756726407e-04 +2.1215717998861761e-04
 14.00000000 +5.0000000000000000e+00 +1.9999951526643276e+00 +2.2135950671444997e-03 +9.9898779356145406e-01 +9.9999916320505844e-01 +9.9999917305338804e-01 +9.9999920193673542e-01 +9.9999918968217938e-01 +2.1140630062561360e-04 +2.0791565569188623e-04 +2.0539774830885955e-04 +1.9709097691693626e-04 +1.9366787657444084e-04
 14.50000000 +5.0000000000000000e+00 +1.9999950537169848e+00 +2.1743967172310557e-03 +9.9908744918968895e-01 +9.9999909265849529e-01 +9.9999912676267244e-01 +9.9999913991963829e-01 +9.9999911712038825e-01 +1.9164787450268208e-04 +1.8512301584873279e-04 +1.8322693408197275e-04 +1.8018408413593288e-04 +1.7589240640463255e-04
 15.00000000 +5.0000000000000000e+00 +1.9999953485351898e+00 +2.1317588600232550e-03 +9.9919664101074257e-01 +9.9999904763526137e-01 +9.9999904880314072e-01 +9.9999906834040997e-01 +9.9999906448726805e-01 +1.6849052266997412e-04 +1.6745895629486434e-04 +1.5861414894166335e-04 +1.5779584279433157e-04 +1.5477028832145019e-04
 15.50000000 +5.0000000000000000e+00 +1.9999950512551350e+00 +2.0922941125646041e-03 +9.9929880986744923e-01 +9.9999901403033764e-01 +9.9999902970253696e-01 +9.9999904632785175e-01 +9.9999901455539719e-01 +1.4790269721095015e-04 +1.4404392611101966e-04 +1.4027778926302352e-04 +1.4070538208521576e-04 +1.3215573860285882e-04
 16.00000000 +5.0000000000000000e+00 +1.9999948875541111e+00 +2.0542611702437370e-03 +9.9939840725488183e-01 +9.9999894319284133e-01 +9.9999893460881495e-01 +9.9999898122196040e-01 +9.9999897615217204e-01 +1.2665111138991563e-04 +1.2303640318007641e-04 +1.2269520830525686e-04 +1.1687564513956810e-04 +1.1649919890057632e-04
 16.50000000 +5.0000000000000000e+00 +1.9999946142504768e+00 +2.0221857155952204e-03 +9.9948371927479507e-01 +9.9999891133487118e-01 +9.9999893128113804e-01 +9.9999896198961891e-01 +9.9999895778668668e-01 +1.1168403116470895e-04 +1.0654385242796257e-04 +1.0671426653000421e-04 +1.0320852198566837e-04 +9.2367681951096116e-05
 17.00000000 +5.0000000000000000e+00 +1.9999947362944188e+00 +1.9895455553456554e-03 +9.9957129341366258e-01 +9.9999885779819453e-01 +9.9999889136214748e-01 +9.9999893020512243e-01 +9.9999891515978390e-01 +9.2673865227585771e-05 +8.9978411351416767e-05 +8.4624543418160129e-05 +8.4571702083682262e-05 +8.1263572598907780e-05
 17.50000000 +5.0000000000000000e+00 +1.9999942982759773e+00 +1.9648612646839727e-03 +9.9963898651829453e-01 +9.9999883863400962e-01 +9.9999884631237246e-01 +9.9999887175819591e-01 +9.9999890259400170e-01 +7.3126278354476056e-05 +7.5844099476441760e-05 +7.6334912199346324e-05 +7.2108116228448152e-05 +6.8140713190511105e-05
 18.00000000 +5.0000000000000000e+00 +1.9999962501977961e+00 +1.9405415031523373e-03 +9.9970758500559875e-01 +9.9999878450161694e-01 +9.9999884688467144e-01 +9.9999887973910773e-01 +9.9999885971346636e-01 +6.6595028726605779e-05 +6.3863764278198707e-05 +5.8500712043232453e-05 +5.5859677039205415e-05 +5.2225025937216048e-05
 18.50000000 +5.0000000000000000e+00 +1.9999960062125499e+00 +1.9230533005281730e-03 +9.9975779572823309e-01 +9.9999877006840276e-01 +9.9999879580490836e-01 +9.9999872864124317e-01 +9.9999880534733177e-01 +5.2845589057085959e-05 +4.9382678900486287e-05 +4.8615398615840783e-05 +4.8099489979111465e-05 +4.8161220322509249e-05
 19.00000000 +5.0000000000000000e+00 +1.9999970571502845e+00 +1.9249279718219620e-03 +9.9975988258179560e-01 +9.9999880013084830e-01 +9.9999880270911534e-01 +9.9999879268717451e-01 +9.9999874701472935e-01 +5.0222678747792706e-05 +4.9195135638325962e-05 +4.4746691321212598e-05 +5.5610338667528020e-05 +4.5200048653359927e-05
 19.50000000 +5.0000000000000000e+00 +1.9999978496501558e+00 +1.9113511130388731e-03 +9.9980174118122278e-01 +9.9999872194270467e-01 +9.9999876507533114e-01 +9.9999869527206819e-01 +9.9999878278209831e-01 +4.4597929046976706e-05 +4.2185973505678878e-05 +3.8958815514131081e-05 +3.7094448089009271e-05 +4.0456562137835785e-05
 20.00000000 +5.0000000000000000e+00 +1.9999981280417534e+00 +1.9162089888130332e-03 +9.9979616432244245e-01 +9.9999872472832563e-01 +9.9999869807728992e-01 +9.9999870652627132e-01 +9.9999871651009165e-01 +4.1581442443380571e-05 +4.4985392308268205e-05 +3.7121952681708782e-05 +4.0527426363839118e-05 +4.4773607013048258e-05
 20.50000000 +5.0000000000000000e+00 +1.9999983854881966e+00 +1.9290820533371382e-03 +9.9976997411920021e-01 +9.9999865767931384e-01 +9.9999869243305162e-01 +9.9999879584161100e-01 +9.9999869969857536e-01 +4.8398994185944005e-05 +4.9518191371082253e-05 +4.2539659024623895e-05 +4.8615301842886475e-05 +4.6108064501034511e-05
 21.00000000 +5.0000000000000000e+00 +1.9999994561971794e+00 +1.9392873450189000e-03 +9.9975154085018059e-01 +9.9999868276624082e-01 +9.9999865126305876e-01 +9.9999867050890423e-01 +9.9999868570249184e-01 +4.9514709275079086e-05 +4.7468969050653374e-05 +4.5151214771693860e-05 +5.2482730844280836e-05 +5.9151270599920865e-05
 21.50000000 +5.0000000000000000e+00 +2.0000003148011922e+00 +1.9540725173813299e-03 +9.9971985142320530e-01 +9.9999863271686196e-01 +9.9999864384647730e-01 +9.9999874195524063e-01 +9.9999873730080957e-01 +5.8835044103328562e-05 +6.1532806323789523e-05 +5.0230538083330095e-05 +5.9782132237044995e-05 +5.5012298029992681e-05
 22.00000000 +5.0000000000000000e+00 +2.0000000829489273e+00 +1.9836114039822076e-03 +9.9964947688263173e-01 +9.9999855578485142e-01 +9.9999870376629274e-01 +9.9999855056135745e-01 +9.9999870510159394e-01 +6.9347909578074249e-05 +6.7459200207691496e-05 +7.1216953816291957e-05 +7.4746386762762922e-05 +7.3237480193912781e-05
 22.50000000 +5.0000000000000000e+00 +2.0000004681193819e+00 +2.0128887666965734e-03 +9.9958002067636476e-01 +9.9999865708291269e-01 +9.9999865477671623e-01 +9.9999857487717758e-01 +9.9999862382275484e-01 +7.8802435847239995e-05 +8.7814616015096771e-05 +7.7711875159040819e-05 +8.7892850759375361e-05 +9.3247030545179569e-05
 23.00000000 +5.0000000000000000e+00 +2.0000016715615589e+00 +2.0416404508695634e-03 +9.9951049552687699e-01 +9.9999855446130326e-01 +9.9999858352349547e-01 +9.9999860804730645e-01 +9.9999859926467638e-01 +9.4993506023859076e-05 +1.0154972107250216e-04 +9.4778214506857135e-05 +9.6832985442516282e-05 +1.0700470583987924e-04
 23.50000000 +5.0000000000000000e+00 +2.0000015142743699e+00 +2.0768430641222341e-03 +9.9942337288381444e-01 +9.9999848995646323e-01 +9.9999846216021837e-01 +9.9999849243197880e-01 +9.9999845829599554e-01 +1.1052534987043334e-04 +1.0507056082014874e-04 +1.2814856042710326e-04 +1.1895308044322067e-04 +1.2002670395071636e-04
 24.00000000 +5.0000000000000000e+00 +2.0000011692029056e+00 +2.1084404224507277e-03 +9.9934386708272072e-01 +9.9999848023977045e-01 +9.9999847509101503e-01 +9.9999838252796369e-01 +9.9999862676093543e-01 +1.2396021369492550e-04 +1.3193493559379192e-04 +1.2669306122868455e-04 +1.3593883323720194e-04 +1.4364129582081447e-04
 24.50000000 +5.0000000000000000e+00 +1.9999998216879318e+00 +2.1444672664775325e-03 +9.9925259749959394e-01 +9.9999840502340509e-01 +9.9999839303674498e-01 +9.9999845097672857e-01 +9.9999850637566068e-01 +1.3990951007724861e-04 +1.4601020811452653e-04 +1.5907132395139850e-04 +1.5020155411182761e-04 +1.5845453544191518e-04
 25.00000000 +5.0000000000000000e+00 +2.0000003834733988e+00 +2.1901087273978174e-03 +9.9913527385746426e-01 +9.9999830322487138e-01 +9.9999830099429876e-01 +9.9999833946495831e-01 +9.9999825500743167e-01 +1.6595895340791581e-04 +1.6572908663454598e-04 +1.7204691768815805e-04 +1.7997646121447765e-04 +1.8781597515856767e-04
 25.50000000 +5.0000000000000000e+00 +1.9999990299015502e+00 +2.2204760625470095e-03 +9.9905486159616486e-01 +9.9999814132004350e-01 +9.9999824195304443e-01 +9.9999821087948826e-01 +9.9999819918804433e-01 +1.8548921368941493e-04 +1.8848932432977088e-04 +1.8533238459043320e-04 +1.9692463088535379e-04 +1.9610948208706176e-04
 26.00000000 +5.0000000000000000e+00 +1.9999998029284254e+00 +2.2396573360432652e-03 +9.9900373890790761e-01 +9.9999811401868188e-01 +9.9999809773424964e-01 +9.9999812988106684e-01 +9.9999804132098513e-01 +2.0443437026750795e-04 +2.0095248765954971e-04 +1.8831822294051241e-04 +1.9755095124259647e-04 +2.1262210068937707e-04
 26.50000000 +5.0000000000000000e+00 +1.9999967769796363e+00 +2.2845647345437151e-03 +9.9888429581555227e-01 +9.9999812202329241e-01 +9.9999805833054534e-01 +9.9999805968231303e-01 +9.9999812864121751e-01 +2.2564373684751853e-04 +2.2077664291620834e-04 +2.3252883354092581e-04 +2.2376510656418785e-04 +2.2062115799968202e-04
 27.00000000 +5.0000000000000000e+00 +1.9999983841939557e+00 +2.3026243224709394e-03 +9.9883298178000879e-01 +9.9999789815347007e-01 +9.9999791571364061e-01 +9.9999804176332829e-01 +9.9999807083002412e-01 +2.3565138084522699e-04 +2.3886986989393643e-04 +2.3351877152805661e-04 +2.3769813278210015e-04 +2.2935363589027567e-04
 27.50000000 +5.0000000000000000e+00 +1.9999954603020256e+00 +2.3230109961910900e-03 +9.9877464848733477e-01 +9.9999764284355674e-01 +9.9999788855582061e-01 +9.9999777583658866e-01 +9.9999789631438263e-01 +2.3268136349926182e-04 +2.4270020677753513e-04 +2.5030933876246973e-04 +2.5376852354873087e-04 +2.5468856110672969e-04
 28.00000000 +5.0000000000000000e+00 +1.9999936050556539e+00 +2.3453767642184838e-03 +9.9871021068858423e-01 +9.9999767319235788e-01 +9.9999770520195208e-01 +9.9999764832620952e-01 +9.9999800975355169e-01 +2.5464978322168393e-04 +2.5514849224746075e-04 +2.6615266285455122e-04 +2.6025203865574108e-04 +2.6254983434082125e-04
 28.50000000 +5.0000000000000000e+00 +1.9999920592276199e+00 +2.3532836248538387e-03 +9.9868174377196195e-01 +9.9999751619411481e-01 +9.9999752710940581e-01 +9.9999739315899627e-01 +9.9999743913806227e-01 +2.6605321939098518e-04 +2.6200238720647083e-04 +2.7385340407822754e-04 +2.6284636661038822e-04 +2.6362525397403562e-04
 29.00000000 +5.0000000000000000e+00 +1.9999888218505391e+00 +2.3598015662227704e-03 +9.9865711201041618e-01 +9.9999759742838668e-01 +9.9999747868932365e-01 +9.9999764215222031e-01 +9.9999766709672533e-01 +2.7087896333405869e-04 +2.6517707582592248e-04 +2.8162598282322003e-04 +2.7526814307230027e-04 +2.5955250637293064e-04
 29.50000000 +5.0000000000000000e+00 +1.9999877993633102e+00 +2.3652310883199505e-03 +9.9863598209914761e-01 +9.9999726367224706e-01 +9.9999740921703262e-01 +9.9999733846143068e-01 +9.9999741803229292e-01 +2.8306195814661910e-04 +2.8094155869424960e-04 +2.7315655689549064e-04 +2.8059702195889986e-04 +2.5683137771616071e-04
 30.00000000 +5.0000000000000000e+00 +1.9999867936389255e+00 +2.3570828733000472e-03 +9.9864751523731710e-01 +9.9999738535636218e-01 +9.9999711091745369e-01 +9.9999700619198706e-01 +9.9999694750288504e-01 +2.6660034406629697e-04 +2.7537852850712322e-04 +2.6693056357211472e-04 +2.7570911134071867e-04 +2.7941620520816789e-04
 30.50000000 +5.0000000000000000e+00 +1.9999837925789747e+00 +2.3501678782290748e-03 +9.9865721915841232e-01 +9.9999697033964041e-01 +9.9999689147472204e-01 +9.9999681549711827e-01 +9.9999672515372129e-01 +2.7996601046316130e-04 +2.5927411320152697e-04 +2.7636211357125889e-04 +2.7132759171401917e-04 +2.6844855357733877e-04
 31.00000000 +5.0000000000000000e+00 +1.9999825932748803e+00 +2.3555498222857601e-03 +9.9863694390004609e-01 +9.9999684744223261e-01 +9.9999693969649428e-01 +9.9999685620452350e-01 +9.9999687334994969e-01 +2.7294305855998070e-04 +2.7146171237637444e-04 +2.9427844471466931e-04 +2.7355015724627319e-04 +2.6330602998227707e-04
 31.50000000 +5.0000000000000000e+00 +1.9999822891036754e+00 +2.3311687439571921e-03 +9.9869195553281120e-01 +9.9999646126395558e-01 +9.9999699226295646e-01 +9.9999677229318595e-01 +9.9999663795780425e-01 +2.7074307738950815e-04 +2.6812224174540373e-04 +2.6936729058961727e-04 +2.6631642040497640e-04 +2.4663163337537404e-04
 32.00000000 +5.0000000000000000e+00 +1.9999792023682068e+00 +2.3138163489460884e-03 +9.9873050307296707e-01 +9.9999628986186584e-01 +9.9999646576501189e-01 +9.9999659935493224e-01 +9.9999634428944639e-01 +2.7130871182189152e-04 +2.5749430713145632e-04 +2.5669074189103348e-04 +2.5889922726984638e-04 +2.3940469254136968e-04
 32.50000000 +5.0000000000000000e+00 +1.9999781648110371e+00 +2.3020801743168272e-03 +9.9875418683890582e-01 +9.9999656825878735e-01 +9.9999676888407929e-01 +9.9999659433859867e-01 +9.9999625384017887e-01 +2.5629015417177778e-04 +2.5412581924502892e-04 +2.5898898183050024e-04 +2.4629301968157643e-04 +2.4392988723538037e-04
 33.00000000 +5.0000000000000000e+00 +1.9999748930343071e+00 +2.2786367738357725e-03 +9.9880962274327600e-01 +9.9999613624391903e-01 +9.9999607118078426e-01 +9.9999635386250152e-01 +9.9999623877862309e-01 +2.5347001120728645e-04 +2.3926150964497498e-04 +2.4626411723431199e-04 +2.3655040314175230e-04 +2.3003119287732396e-04
 33.50000000 +5.0000000000000000e+00 +1.9999762811702315e+00 +2.2336152901725010e-03 +9.9892271630607254e-01 +9.9999572028723449e-01 +9.9999584925885299e-01 +9.9999606064985080e-01 +9.9999614967278116e-01 +2.2573020850478700e-04 +2.0892168775611667e-04 +2.2972988270853389e-04 +2.1524556909306792e-04 +2.1387647612715032e-04
 34.00000000 +5.0000000000000000e+00 +1.9999717713501899e+00 +2.2062180564331687e-03 +9.9898979843990932e-01 +9.9999584097296079e-01 +9.9999603670393256e-01 +9.9999596010547709e-01 +9.9999593019102262e-01 +2.0707588111982869e-04 +2.1287457325763182e-04 +2.1499813480149602e-04 +1.9353293211995357e-04 +1.9795208108342312e-04
 34.50000000 +5.0000000000000000e+00 +1.9999749720017745e+00 +2.2188825471476316e-03 +9.9896003599889061e-01 +9.9999605384076418e-01 +9.9999592744013854e-01 +9.9999573806060338e-01 +9.9999580337247473e-01 +2.2763227265899168e-04 +2.0569067344917993e-04 +2.1819690035543033e-04 +2.0897349347390149e-04 +1.9594792796325902e-04
 35.00000000 +5.0000000000000000e+00 +1.9999730482651150e+00 +2.1675803919111213e-03 +9.9908844856716739e-01 +9.9999552373947020e-01 +9.9999594013479831e-01 +9.9999571805601817e-01 +9.9999569656338860e-01 +1.7881439461411164e-04 +1.8794091039223471e-04 +2.0720743215894293e-04 +1.7677611737250233e-04 +1.7793412960091353e-04
 35.50000000 +5.0000000000000000e+00 +1.9999760125685258e+00 +2.1505490423014005e-03 +9.9913702085776301e-01 +9.9999529664956921e-01 +9.9999514926286881e-01 +9.9999511813369280e-01 +9.9999535307104803e-01 +1.8198010907920928e-04 +1.7999181355593072e-04 +1.8118789411473822e-04 +1.7087370372661630e-04 +1.6802850770612608e-04
 36.00000000 +5.0000000000000000e+00 +1.9999742258882276e+00 +2.1424254607829516e-03 +9.9915919951593390e-01 +9.9999525785299170e-01 +9.9999534168137350e-01 +9.9999522939419749e-01 +9.9999495805174399e-01 +1.8537884314985561e-04 +1.7725932736172912e-04 +1.5844686008536815e-04 +1.5666829936259266e-04 +1.8226013656752097e-04
 36.50000000 +5.0000000000000000e+00 +1.9999744927638252e+00 +2.1243052393613675e-03 +9.9921057512543987e-01 +9.9999526027351970e-01 +9.9999511533747187e-01 +9.9999528904187140e-01 +9.9999523590584605e-01 +1.7318680720935481e-04 +1.6787929714738925e-04 +1.6655932685703015e-04 +1.3865387865834311e-04 +1.6224501003580573e-04
 37.00000000 +5.0000000000000000e+00 +1.9999782348238158e+00 +2.1247649241356642e-03 +9.9921550596043707e-01 +9.9999533440101396e-01 +9.9999514245556864e-01 +9.9999517228746537e-01 +9.9999482338924706e-01 +1.6290082443063783e-04 +1.6194841895692070e-04 +1.5530791088794760e-04 +1.5992690882393794e-04 +1.6393744410896937e-04
 37.50000000 +5.0000000000000000e+00 +1.9999782084638984e+00 +2.0986148094274842e-03 +9.9928682681446246e-01 +9.9999460931939010e-01 +9.9999504535956629e-01 +9.9999504858026100e-01 +9.9999541484886334e-01 +1.7317256162853787e-04 +1.5958702373130689e-04 +1.4478152199115830e-04 +1.2450079434761169e-04 +1.3101319508843369e-04
 38.00000000 +5.0000000000000000e+00 +1.9999786170989584e+00 +2.0944244936873324e-03 +9.9930479017745177e-01 +9.9999424092372879e-01 +9.9999518801368281e-01 +9.9999461217096797e-01 +9.9999474260112509e-01 +1.3632670508139329e-04 +1.5608590472456979e-04 +1.5890117389436186e-04 +1.2907217179732681e-04 +1.3604012038160110e-04
 38.50000000 +5.0000000000000000e+00 +1.9999778914025652e+00 +2.1024384164726549e-03 +9.9928963351851585e-01 +9.9999427066592728e-01 +9.9999423842494362e-01 +9.9999462395394201e-01 +9.9999504312097598e-01 +1.2556457160889370e-04 +1.7129266730554665e-04 +1.2879242532114042e-04 +1.4254208494536978e-04 +1.6399858695974209e-04
 39.00000000 +5.0000000000000000e+00 +1.9999783632543477e+00 +2.0789694368740261e-03 +9.9935664384732215e-01 +9.9999469251449691e-01 +9.9999473132549721e-01 +9.9999486988631969e-01 +9.9999408531815426e-01 +1.4502680876457563e-04 +1.4866706211490833e-04 +1.1288700861401131e-04 +1.1811603763646989e-04 +1.4028018769214799e-04
 39.50000000 +5.0000000000000000e+00 +1.9999826247143886e+00 +2.0887881277725597e-03 +9.9934116280887331e-01 +9.9999403335917947e-01 +9.9999448439479433e-01 +9.9999464982049546e-01 +9.9999416070873992e-01 +1.3971321124931404e-04 +1.3910679131869761e-04 +1.3523246641119140e-04 +1.4753407318439756e-04 +1.1992236695719966e-04
 40.00000000 +5.0000000000000000e+00 +1.9999772749413962e+00 +2.0788889502844389e-03 +9.9937003458593388e-01 +9.9999419493722852e-01 +9.9999491455749501e-01 +9.9999419385460353e-01 +9.9999413000980164e-01 +1.3674136510470318e-04 +1.3414878795062432e-04 +1.2790973020813549e-04 +1.2951021318533803e-04 +1.2422192535535423e-04
 40.50000000 +5.0000000000000000e+00 +1.9999800267120134e+00 +2.0907409059033504e-03 +9.9934742979291502e-01 +9.9999422860980025e-01 +9.9999459144001579e-01 +9.9999449836463306e-01 +9.9999433455005060e-01 +1.2869996249576269e-04 +1.4088614183135236e-04 +1.3566358371147922e-04 +1.3965282319182562e-04 +1.3001471562774624e-04
 41.00000000 +5.0000000000000000e+00 +1.9999806916728367e+00 +2.1040351465075832e-03 +9.9931881079023110e-01 +9.9999440028302311e-01 +9.9999318340871945e-01 +9.9999427041720956e-01 +9.9999378831682761e-01 +1.6152180757025530e-04 +1.4579769954110861e-04 +1.2721335225591155e-04 +1.0115883193537006e-04 +1.6985509361234350e-04
 41.50000000 +5.0000000000000000e+00 +1.9999810828775948e+00 +2.1157452928953231e-03 +9.9929774279188466e-01 +9.9999429448106381e-01 +9.9999393327097341e-01 +9.9999350127333919e-01 +9.9999365143776608e-01 +1.3199629587624281e-04 +1.2676704553855382e-04 +1.5036378232069982e-04 +1.4866536303235052e-04 +1.6908427485808628e-04
 42.00000000 +5.0000000000000000e+00 +1.9999874566719475e+00 +2.1322527571177989e-03 +9.9926176794107291e-01 +9.9999368098062213e-01 +9.9999382829089500e-01 +9.9999359640653318e-01 +9.9999324214968144e-01 +1.3108723067657631e-04 +1.7917708881162763e-04 +1.5333065318750804e-04 +1.5132379743546334e-04 +1.4896544506127495e-04
 42.50000000 +5.0000000000000000e+00 +1.9999811619561567e+00 +2.1426247013353631e-03 +9.9923528124503103e-01 +9.9999343315890155e-01 +9.9999379209255979e-01 +9.9999437700503646e-01 +9.9999338666414050e-01 +1.3291008478613869e-04 +1.6559626658365297e-04 +1.4471658058480536e-04 +1.9060895994431793e-04 +1.5589794224411132e-04
 43.00000000 +5.0000000000000000e+00 +1.9999827743758019e+00 +2.1737830509145190e-03 +9.9915980600608545e-01 +9.9999347683018625e-01 +9.9999304346768692e-01 +9.9999276099776502e-01 +9.9999352774191963e-01 +2.0651733185590880e-04 +1.3446859778500097e-04 +1.7604282068794632e-04 +1.8152878517903480e-04 +1.6882738662961952e-04
 43.50000000 +5.0000000000000000e+00 +1.9999819246225385e+00 +2.1964318185517953e-03 +9.9910452491013690e-01 +9.9999371817551719e-01 +9.9999274165764862e-01 +9.9999243944153815e-01 +9.9999341242529294e-01 +1.8263376427596646e-04 +1.8262322031583950e-04 +1.9767063046081154e-04 +1.8903657611641942e-04 +1.7119918188791185e-04
 44.00000000 +5.0000000000000000e+00 +1.9999826608002933e+00 +2.2018712125670158e-03 +9.9909165704599523e-01 +9.9999340760235877e-01 +9.9999248619470760e-01 +9.9999278208598952e-01 +9.9999278241365497e-01 +1.7505496501606040e-04 +2.0559861370562669e-04 +1.9451107225214838e-04 +1.8045944239287266e-04 +1.8126054789345232e-04
 44.50000000 +5.0000000000000000e+00 +1.9999860186766762e+00 +2.2322394397364083e-03 +9.9901755929030234e-01 +9.9999284327365934e-01 +9.9999358406375927e-01 +9.9999268322599888e-01 +9.9999375084745989e-01 +1.9257626105132243e-04 +1.9493360944698959e-04 +2.1282981726480582e-04 +2.2786927352687943e-04 +1.8137030480112583e-04
 45.00000000 +5.0000000000000000e+00 +1.9999849998888826e+00 +2.2386226321659355e-03 +9.9899772015174371e-01 +9.9999256825191141e-01 +9.9999245261180025e-01 +9.9999297194355108e-01 +9.9999254401112747e-01 +2.1513373219171286e-04 +1.8908841496618982e-04 +1.6990066175889736e-04 +2.3310235466741152e-04 +2.2451787128303631e-04
 45.50000000 +5.0000000000000000e+00 +1.9999811760027164e+00 +2.2749163960404761e-03 +9.9890163099895235e-01 +9.9999191986777358e-01 +9.9999277236339235e-01 +9.9999248716124767e-01 +9.9999261249410309e-01 +2.2868615123565201e-04 +1.9064492050526049e-04 +2.2296319076516990e-04 +2.4064824174414325e-04 +2.4563459954179224e-04
 46.00000000 +5.0000000000000000e+00 +1.9999789674841966e+00 +2.2333349034943093e-03 +9.9900647113250718e-01 +9.9999247188005447e-01 +9.9999237998257018e-01 +9.9999277373092366e-01 +9.9999190872779864e-01 +1.9734924590229076e-04 +2.0084857037125503e-04 +2.0890960745337708e-04 +1.8009593132336526e-04 +2.3679120486196255e-04
 46.50000000 +5.0000000000000000e+00 +1.9999812199167060e+00 +2.2915876961314622e-03 +9.9885797958540534e-01 +9.9999266431497114e-01 +9.9999179925703452e-01 +9.9999183829022009e-01 +9.9999233888165895e-01 +2.3252402689657726e-04 +2.1458289909287559e-04 +2.2680234239131944e-04 +2.4297862423265233e-04 +2.5649177707928088e-04
 47.00000000 +5.0000000000000000e+00 +1.9999791944935812e+00 +2.2978800462069848e-03 +9.9883563820783339e-01 +9.9999140338419612e-01 +9.9999127486325357e-01 +9.9999275441825819e-01 +9.9999271433703996e-01 +2.0986293512498206e-04 +2.7459263383419020e-04 +2.6307266188358862e-04 +2.1088274027420721e-04 +2.3780383291355846e-04
 47.50000000 +5.0000000000000000e+00 +1.9999707791322703e+00 +2.3213745003287239e-03 +9.9877102501894710e-01 +9.9999110948174075e-01 +9.9999187861606875e-01 +9.9999320526959601e-01 +9.9999244816580957e-01 +2.4251223549628140e-04 +2.3559510491079219e-04 +2.6881597507424042e-04 +2.5023270366286693e-04 +2.6317740068044181e-04
 48.00000000 +5.0000000000000000e+00 +1.9999723354483492e+00 +2.3019304862267804e-03 +9.9881723391020005e-01 +9.9999249739624185e-01 +9.9999262470091144e-01 +9.9999130858617880e-01 +9.9999245753702948e-01 +2.3480304220556463e-04 +2.3743989745883719e-04 +2.4041704700111073e-04 +2.4509088734316672e-04 +2.5612699975622553e-04
 48.50000000 +5.0000000000000000e+00 +1.9999667914593795e+00 +2.3093041290781968e-03 +9.9878867062274634e-01 +9.9999207492994535e-01 +9.9998998315253362e-01 +9.9999118649608321e-01 +9.9999110406170899e-01 +2.6790907607441715e-04 +2.3234260747948286e-04 +2.5075606970907649e-04 +2.6519177098585075e-04 +2.3078123355380105e-04
 49.00000000 +5.0000000000000000e+00 +1.9999628783755268e+00 +2.3370148308575773e-03 +9.9871337634284663e-01 +9.9999203794632452e-01 +9.9999121166047644e-01 +9.9998978148504525e-01 +9.9999041469399885e-01 +2.5120984237167942e-04 +2.6049687981141262e-04 +2.7151686936294212e-04 +2.7251602340910971e-04 +2.6743824803866811e-04
 49.50000000 +5.0000000000000000e+00 +1.9999648820036033e+00 +2.2851730508147094e-03 +9.9884145463717400e-01 +9.9999223878181076e-01 +9.9999170305999630e-01 +9.9999197153937358e-01 +9.9999028802062828e-01 +2.3780533176704841e-04 +2.3808900221694468e-04 +2.3750044147107400e-04 +2.2443121012606041e-04 +2.5451799716603947e-04
 50.00000000 +5.0000000000000000e+00 +1.9999616657317418e+00 +2.3050527318830560e-03 +9.9878399869170376e-01 +9.9999073299224306e-01 +9.9999004765710442e-01 +9.9999118127867448e-01 +9.9999056932337049e-01 +2.5325466857212069e-04 +2.4717219173178186e-04 +2.4705085382195852e-04 +2.5133988419939323e-04 +2.5465247539526348e-04
 50.50000000 +5.0000000000000000e+00 +1.9999556253586541e+00 +2.3136000278267108e-03 +9.9875597198756072e-01 +9.9999053263726323e-01 +9.9998999723948789e-01 +9.9998964237847010e-01 +9.9999006770415511e-01 +2.6593749699736671e-04 +2.3320642396994600e-04 +2.8785656301375776e-04 +2.6023335469876923e-04 +2.3655420567055113e-04
 51.00000000 +5.0000000000000000e+00 +1.9999602365593585e+00 +2.3228944617915237e-03 +9.9873371190639881e-01 +9.9999228416367025e-01 +9.9998997340866580e-01 +9.9999091559567932e-01 +9.9999140483727833e-01 +2.9021482193822875e-04 +2.4188801800834975e-04 +2.5324409632223064e-04 +2.7084488207768765e-04 +2.4551829823788124e-04
 51.50000000 +5.0000000000000000e+00 +1.9999524153615493e+00 +2.3289586664729752e-03 +9.9871110431418442e-01 +9.9999091037688737e-01 +9.9999145293430547e-01 +9.9998993191392183e-01 +9.9999006976456761e-01 +2.9813728327756484e-04 +2.6633285886269319e-04 +2.5884727724935014e-04 +2.2443962600636800e-04 +2.7877365067945293e-04
 52.00000000 +5.0000000000000000e+00 +1.9999613642670198e+00 +2.2775067841199620e-03 +9.9884567281666747e-01 +9.9998733371702520e-01 +9.9998953976747806e-01 +9.9999023581568047e-01 +9.9999005778635019e-01 +2.5991035705552162e-04 +2.7650688072714154e-04 +2.4055439011750750e-04 +2.0136008417442761e-04 +2.1882839536696029e-04
 52.50000000 +5.0000000000000000e+00 +1.9999477282888736e+00 +2.3032255177836934e-03 +9.9876785145391545e-01 +9.9999103776402887e-01 +9.9998886122696651e-01 +9.9999044529949577e-01 +9.9999004090196097e-01 +2.6595984889148572e-04 +2.8515267822913236e-04 +2.5082241237929254e-04 +2.6057924880476378e-04 +2.0924915609178555e-04
 53.00000000 +5.0000000000000000e+00 +1.9999493850068888e+00 +2.2800467647124483e-03 +9.9882729907772316e-01 +9.9998883969996544e-01 +9.9998834647275869e-01 +9.9998917212508620e-01 +9.9998802514427920e-01 +2.5241007848273074e-04 +2.5444504603166639e-04 +2.6902473192243935e-04 +2.3295620513051586e-04 +2.0948143619050830e-04
 53.50000000 +5.0000000000000000e+00 +1.9999474715740420e+00 +2.3001517564122430e-03 +9.9876786649111027e-01 +9.9998771922294605e-01 +9.9998861870154609e-01 +9.9998846844573541e-01 +9.9998835501487593e-01 +2.3583038916551887e-04 +2.1586699055280064e-04 +2.7564009516503965e-04 +2.9120927264548140e-04 +2.6042537623001291e-04
 54.00000000 +5.0000000000000000e+00 +1.9999455157226576e+00 +2.2242767533067940e-03 +9.9896269652815972e-01 +9.9998716110144137e-01 +9.9999103395712052e-01 +9.9998729291072641e-01 +9.9998934198865608e-01 +2.3743135947421615e-04 +2.0683537010407488e-04 +2.4022834686663827e-04 +1.8386500296228031e-04 +2.1411342898713131e-04
 54.50000000 +5.0000000000000000e+00 +1.9999333819352485e+00 +2.3024464629564827e-03 +9.9876138479419951e-01 +9.9998877811270326e-01 +9.9998836202968144e-01 +9.9998785055921902e-01 +9.9998806575981469e-01 +2.6511770492933961e-04 +2.6419671277147521e-04 +2.6305066187227397e-04 +2.7330288314662702e-04 +2.1989076002685036e-04
 55.00000000 +5.0000000000000000e+00 +1.9999383729984415e+00 +2.2447884959421664e-03 +9.9891345484673544e-01 +9.9998728769841660e-01 +9.9998837676280772e-01 +9.9998759167855089e-01 +9.9998796301040771e-01 +2.3932843987885865e-04 +2.3126799307899960e-04 +2.3858805431145559e-04 +2.2317368861335217e-04 +2.0296782365041564e-04
 55.50000000 +5.0000000000000000e+00 +1.9999423995992849e+00 +2.2495490493805448e-03 +9.9890512103719042e-01 +9.9998754543000645e-01 +9.9998718215324722e-01 +9.9998776275235968e-01 +9.9998827540540636e-01 +2.2236334387029405e-04 +2.2322060460984173e-04 +2.6863393618108594e-04 +1.9887038144729885e-04 +2.3102492970406406e-04
 56.00000000 +5.0000000000000000e+00 +1.9999408203544586e+00 +2.2371577265028219e-03 +9.9893722112684302e-01 +9.9998684543901162e-01 +9.9998633401130432e-01 +9.9998945616290824e-01 +9.9998924210945650e-01 +2.4545018727347909e-04 +1.9100221738330974e-04 +2.2546271148372009e-04 +2.1532205080104194e-04 +2.3366399557793777e-04
 56.50000000 +5.0000000000000000e+00 +1.9999409862843966e+00 +2.2479561239886919e-03 +9.9890910394922605e-01 +9.9998906227370832e-01 +9.9998495369484786e-01 +9.9998735231758540e-01 +9.9998593069483166e-01 +1.8385053978103343e-04 +2.4875406436291209e-04 +2.2785904142234937e-04 +2.6030601920374626e-04 +2.2282739398241179e-04
 57.00000000 +5.0000000000000000e+00 +1.9999410336757100e+00 +2.2337133985673337e-03 +9.9894723645971739e-01 +9.9998808361562819e-01 +9.9998974813440233e-01 +9.9998655707222772e-01 +9.9998772282612325e-01 +2.5054835285847916e-04 +2.5747068091167870e-04 +1.9786949752801050e-04 +1.9764730707952057e-04 +1.9711602741394712e-04
 57.50000000 +5.0000000000000000e+00 +1.9999401361888944e+00 +2.2504880631516078e-03 +9.9891116163607652e-01 +9.9998636091021698e-01 +9.9998625937245189e-01 +9.9998589173672647e-01 +9.9998726907771729e-01 +2.5123599900694617e-04 +2.0444796986089541e-04 +2.1503020927016880e-04 +2.2354885334837523e-04 +2.4879423067684404e-04
 58.00000000 +5.0000000000000000e+00 +1.9999428918741482e+00 +2.2312218435059945e-03 +9.9896091679206223e-01 +9.9998671705145037e-01 +9.9998705302968338e-01 +9.9998755843986886e-01 +9.9998660206207435e-01 +2.1554249886584443e-04 +2.2113031316138820e-04 +1.8158447519476208e-04 +2.1969503610519233e-04 +2.5320028829502232e-04
 58.50000000 +5.0000000000000000e+00 +1.9999379838363758e+00 +2.2150358735495545e-03 +9.9899972412718097e-01 +9.9998772137529457e-01 +9.9998675122286251e-01 +9.9998805699249960e-01 +9.9998612704031231e-01 +1.9763203746728101e-04 +2.2676791839632278e-04 +2.2248559700069852e-04 +2.1671985462873918e-04 +1.8801383242949429e-04
 59.00000000 +5.0000000000000000e+00 +1.9999432298698567e+00 +2.2494315922014455e-03 +9.9891602742149954e-01 +9.9998500699750015e-01 +9.9998256038394828e-01 +9.9998655863033392e-01 +9.9998562934123325e-01 +2.2253135618993981e-04 +2.3244219249153147e-04 +2.0882706754405496e-04 +2.3281325974271904e-04 +2.4760335172033254e-04
 59.50000000 +5.0000000000000000e+00 +1.9999423042637012e+00 +2.2774518410755814e-03 +9.9885137530487855e-01 +9.9998523147639384e-01 +9.9998504595195770e-01 +9.9998697631874578e-01 +9.9998357430504103e-01 +2.3487793045031877e-04 +2.4881803677816492e-04 +2.2016963041568424e-04 +2.6166890091990780e-04 +2.4226213597819510e-04
 60.00000000 +5.0000000000000000e+00 +1.9999517306460346e+00 +2.2739179378369234e-03 +9.9887062266307280e-01 +9.9998498122368829e-01 +9.9998549298730466e-01 +9.9998474014983008e-01 +9.9998523577150644e-01 +2.6694830604041017e-04 +1.6945489925360979e-04 +2.4593341636500930e-04 +2.8686043473331711e-04 +2.1973012949343869e-04
 60.50000000 +5.0000000000000000e+00 +1.9999458649071016e+00 +2.3155177403425429e-03 +9.9875727893797661e-01 +9.9998478272776170e-01 +9.9998634562945199e-01 +9.9998681280407242e-01 +9.9998599612932260e-01 +3.0583902984566226e-04 +2.9559326938096835e-04 +2.5615248941274026e-04 +1.8776138702823977e-04 +2.5343758692438129e-04
 61.00000000 +5.0000000000000000e+00 +1.9999440833541366e+00 +2.2509126602206731e-03 +9.9893021476630151e-01 +9.9998312060636496e-01 +9.9998518973783423e-01 +9.9998399026158424e-01 +9.9998429324996074e-01 +2.2487558590161992e-04 +2.6290494199504246e-04 +2.1707603520329348e-04 +2.1761259283320354e-04 +2.1072221727770534e-04
 61.50000000 +5.0000000000000000e+00 +1.9999467909780384e+00 +2.2473944403174589e-03 +9.9893717083535849e-01 +9.9998335339613298e-01 +9.9998661984972959e-01 +9.9998301929102529e-01 +9.9998536521728532e-01 +1.2748681084538270e-04 +2.8413854073305964e-04 +2.5215516695375030e-04 +2.3591975499656095e-04 +2.2477113831058843e-04
 62.00000000 +5.0000000000000000e+00 +1.9999373406902350e+00 +2.3251132178935359e-03 +9.9874103034517314e-01 +9.9998505099237012e-01 +9.9998300813612417e-01 +9.9998376375005249e-01 +9.9998283968169244e-01 +2.6358706641555049e-04 +2.0122809690194490e-04 +3.1997591162279463e-04 +2.4649508323771761e-04 +2.9302091745648986e-04
 62.50000000 +5.0000000000000000e+00 +1.9999422124952282e+00 +2.2670919735713274e-03 +9.9889230453342293e-01 +9.9998147058663267e-01 +9.9998403918812029e-01 +9.9998225864916901e-01 +9.9998624054337926e-01 +2.6242002631577445e-04 +2.3583686246905248e-04 +1.9129010653359300e-04 +2.1453840843207246e-04 +2.6960108834485922e-04
 63.00000000 +5.0000000000000000e+00 +1.9999329515060806e+00 +2.3437477068392410e-03 +9.9869736871258719e-01 +9.9998460100457942e-01 +9.9998626656538014e-01 +9.9998540518396617e-01 +9.9998305721478231e-01 +2.1096703711254917e-04 +2.8323769557234342e-04 +2.4820627362570239e-04 +2.9074634842127071e-04 +3.3014397742507764e-04
 63.50000000 +5.0000000000000000e+00 +1.9999488715193328e+00 +2.2732493756757268e-03 +9.9888301999348539e-01 +9.9998585628567949e-01 +9.9998317150687743e-01 +9.9998419054016374e-01 +9.9998447649979205e-01 +2.4435907865616392e-04 +2.7865221226836922e-04 +1.9702592544880256e-04 +2.1774888946888505e-04 +2.4149904259955084e-04
 64.00000000 +5.0000000000000000e+00 +1.9999372425631874e+00 +2.3326633952729815e-03 +9.9872349559387796e-01 +9.9998425537925961e-01 +9.9998144927320576e-01 +9.9998409459509674e-01 +9.9998430986934561e-01 +2.2910710307862440e-04 +2.9465414178138192e-04 +2.2947424297244015e-04 +2.8443369116208585e-04 +3.0472609519342195e-04
 64.50000000 +5.0000000000000000e+00 +1.9999321242508543e+00 +2.2808979522649154e-03 +9.9885193791547455e-01 +9.9998101593758881e-01 +9.9998261830177582e-01 +9.9998177791569365e-01 +9.9998144935537403e-01 +2.4860353276848083e-04 +2.0353689707508621e-04 +2.2426664383779854e-04 +3.2107209655207020e-04 +2.2372138948716043e-04
 65.00000000 +5.0000000000000000e+00 +1.9999195013188429e+00 +2.3026067568599484e-03 +9.9879544810496979e-01 +9.9997937948975502e-01 +9.9997843663389174e-01 +9.9998433491746641e-01 +9.9998370144217730e-01 +2.5264054134351374e-04 +2.6328702796930077e-04 +2.7843144995537254e-04 +1.9121487265666681e-04 +2.9312552399642956e-04
 65.50000000 +5.0000000000000000e+00 +1.9999370829780874e+00 +2.2693482434683740e-03 +9.9889354751008264e-01 +9.9998084864841075e-01 +9.9998234995367785e-01 +9.9998123569395136e-01 +9.9998187287849916e-01 +2.6112563376667810e-04 +2.0416203948688406e-04 +2.3114517611387696e-04 +1.9907729872711979e-04 +2.8463515583624738e-04
 66.00000000 +5.0000000000000000e+00 +1.9999274138555754e+00 +2.2756594405876599e-03 +9.9886262257038017e-01 +9.9998519235204963e-01 +9.9998166831179436e-01 +9.9998214682782038e-01 +9.9998154719408516e-01 +2.4145140610058719e-04 +1.7358308726279049e-04 +2.9706495313236095e-04 +2.4650633275274204e-04 +2.4821694704848607e-04
 66.50000000 +5.0000000000000000e+00 +1.9999404035232580e+00 +2.2883939329969307e-03 +9.9884343641486406e-01 +9.9998132231889802e-01 +9.9998307461893798e-01 +9.9998296085323635e-01 +9.9997975541888540e-01 +2.1150420324712261e-04 +1.6653997396864033e-04 +3.2769706644713117e-04 +2.2537925010689326e-04 +2.9832986852911588e-04
 67.00000000 +5.0000000000000000e+00 +1.9999351711842097e+00 +2.3633279878610427e-03 +9.9865387701232855e-01 +9.9998348802835269e-01 +9.9997970046824280e-01 +9.9998685840857715e-01 +9.9998275973488082e-01 +2.7784409762398964e-04 +2.9534741696314522e-04 +2.7562496916329977e-04 +2.5515954397740183e-04 +3.0934030083617852e-04
 67.50000000 +5.0000000000000000e+00 +1.9999350119235546e+00 +2.3458884146835453e-03 +9.9869632629810001e-01 +9.9998293680679817e-01 +9.9997881143967626e-01 +9.9997936234080698e-01 +9.9997950270406788e-01 +2.1863140718964339e-04 +2.6245319171362864e-04 +3.1016433967757912e-04 +2.6471243045625046e-04 +3.2709906462718275e-04
 68.00000000 +5.0000000000000000e+00 +1.9999461383025663e+00 +2.3128152380699190e-03 +9.9878006174241463e-01 +9.9997404446070981e-01 +9.9998322503542236e-01 +9.9998388421857798e-01 +9.9998488529016105e-01 +3.5421610495495204e-04 +2.5575114320297863e-04 +1.5718926697180297e-04 +2.1541113944622344e-04 +3.1133159219714416e-04
 68.50000000 +5.0000000000000000e+00 +1.9999301618540288e+00 +2.3353717587725393e-03 +9.9871710015147064e-01 +9.9997864223432786e-01 +9.9998206504618858e-01 +9.9998154804839245e-01 +9.9998059366663183e-01 +1.8379638119097279e-04 +2.8082045327322710e-04 +2.9980026877237845e-04 +3.1310814519554090e-04 +2.8252560473267815e-04
 69.00000000 +5.0000000000000000e+00 +1.9999244416864759e+00 +2.2714009275775289e-03 +9.9886481910178115e-01 +9.9998136455365050e-01 +9.9998061970161833e-01 +9.9998133924204302e-01 +9.9997997730815169e-01 +2.6020130840673141e-04 +2.5434278549198890e-04 +1.9651570296842590e-04 +2.4590722333966974e-04 +2.5491307357346796e-04
 69.50000000 +5.0000000000000000e+00 +1.9999212577700629e+00 +2.3447692767702886e-03 +9.9869342792623494e-01 +9.9997631111791985e-01 +9.9997884595962361e-01 +9.9997566778085711e-01 +9.9997854904788130e-01 +2.8917874239727177e-04 +3.0664257581657507e-04 +2.4645501450078103e-04 +2.3074758411028085e-04 +3.2417424465469948e-04
 70.00000000 +5.0000000000000000e+00 +1.9999212148312766e+00 +2.3651575553746691e-03 +9.9863043296573828e-01 +9.9998007838657954e-01 +9.9997662984861846e-01 +9.9998414762512311e-01 +9.9997636492138686e-01 +2.5869213342526285e-04 +2.9872220279205742e-04 +2.7748840233869177e-04 +3.4782769246415675e-04 +2.6961581665188637e-04
 70.50000000 +5.0000000000000000e+00 +1.9999117524978423e+00 +2.3986579749930227e-03 +9.9854480385995392e-01 +9.9998041083218114e-01 +9.9997664621570093e-01 +9.9997784918538202e-01 +9.9998081305753039e-01 +2.8873327777670995e-04 +3.3065416995935865e-04 +3.3759225360039860e-04 +2.1859764033311545e-04 +3.6389950759628303e-04
 71.00000000 +5.0000000000000000e+00 +1.9998964974817486e+00 +2.4165403561394617e-03 +9.9848751220535714e-01 +9.9998451799274701e-01 +9.9997592755143727e-01 +9.9997977923624759e-01 +9.9997589589619895e-01 +2.7743256196353190e-04 +3.3368971344288281e-04 +3.0696970067302284e-04 +3.6006773416609624e-04 +3.1820742922044460e-04
 71.50000000 +5.0000000000000000e+00 +1.9999020316673779e+00 +2.3054345442796859e-03 +9.9877186692022490e-01 +9.9997921121043576e-01 +9.9997945701975988e-01 +9.9997828938367173e-01 +9.9997784283494218e-01 +2.6676850210325336e-04 +2.9154151560374642e-04 +2.6446725140031902e-04 +2.3124216196905781e-04 +2.5931320952611299e-04
 72.00000000 +5.0000000000000000e+00 +1.9998971444986764e+00 +2.3983253496801479e-03 +9.9853956066848482e-01 +9.9998211904707612e-01 +9.9998269444100274e-01 +9.9997927799110808e-01 +9.9997786636789510e-01 +3.7358462863602853e-04 +3.2800232474077787e-04 +3.4110443215206306e-04 +2.2198058641230629e-04 +2.7380950626563002e-04
 72.50000000 +5.0000000000000000e+00 +1.9998823104499819e+00 +2.4409935183189809e-03 +9.9842480970037095e-01 +9.9997421660187891e-01 +9.9998096049508167e-01 +9.9997609566375167e-01 +9.9997795388177280e-01 +4.1062426017167398e-04 +2.6714540665110525e-04 +2.7967788337502242e-04 +3.5072602296530993e-04 +3.5779009482638321e-04
 73.00000000 +5.0000000000000000e+00 +1.9999148087305538e+00 +2.3457902993992124e-03 +9.9867858551857303e-01 +9.9997836455633804e-01 +9.9997794555336783e-01 +9.9997346358796391e-01 +9.9998059579264720e-01 +3.5090209763607327e-04 +2.7345820755890281e-04 +2.0185341410035597e-04 +2.7116387475753392e-04 +3.1366740785243813e-04
 73.50000000 +5.0000000000000000e+00 +1.9999032560883976e+00 +2.3968521850104953e-03 +9.9855153409750419e-01 +9.9997929703593902e-01 +9.9997261755053279e-01 +9.9997595289613606e-01 +9.9997726929903297e-01 +3.7203351380319278e-04 +3.2848536039632470e-04 +2.9318114567948914e-04 +2.5513461609504457e-04 +2.9449446400116081e-04
 74.00000000 +5.0000000000000000e+00 +1.9999057980070174e+00 +2.3431049993909215e-03 +9.9868654432722881e-01 +9.9997896131685149e-01 +9.9997120333824374e-01 +9.9997319452587574e-01 +9.9997311793267862e-01 +3.5029804109348698e-04 +2.4245342002108023e-04 +2.7440721974968400e-04 +3.2973207214838119e-04 +2.2008782241377984e-04
 74.50000000 +5.0000000000000000e+00 +1.9999033971200060e+00 +2.2812561975377064e-03 +9.9883730250791503e-01 +9.9997250906552637e-01 +9.9997688529879392e-01 +9.9997292503478474e-01 +9.9997306775599981e-01 +3.2649448926915067e-04 +2.8493898073197148e-04 +2.0080199441503859e-04 +2.8063537947796164e-04 +1.7443948270659020e-04
 75.00000000 +5.0000000000000000e+00 +1.9999059407520061e+00 +2.3437135374065423e-03 +9.9867449033168831e-01 +9.9997211260587715e-01 +9.9997727267837533e-01 +9.9997479743707873e-01 +9.9997501368797892e-01 +3.7550600195209013e-04 +2.6729710321981252e-04 +2.4007539263101935e-04 +2.2995174420435273e-04 +3.1348303156746921e-04
 75.50000000 +5.0000000000000000e+00 +1.9999024646138213e+00 +2.3300189978334527e-03 +9.9870609959092926e-01 +9.9997738524475099e-01 +9.9997168886940435e-01 +9.9997402752961428e-01 +9.9996942112225451e-01 +2.3954201853327014e-04 +2.4541285834921443e-04 +2.6437415683443086e-04 +3.2472392654205138e-04 +3.2732468294686441e-04
 76.00000000 +5.0000000000000000e+00 +1.9998811054909067e+00 +2.2784072054284981e-03 +9.9884201308468290e-01 +9.9997416693414209e-01 +9.9997311046743065e-01 +9.9997810191857117e-01 +9.9997849913984582e-01 +1.5138895222162376e-04 +2.8776902703054664e-04 +3.3441304269303957e-04 +2.9302065528712161e-04 +1.8751679408473076e-04
 76.50000000 +5.0000000000000000e+00 +1.9998873597332447e+00 +2.3402185206681646e-03 +9.9869114998353437e-01 +9.9997284611318471e-01 +9.9997823482529957e-01 +9.9997507928159068e-01 +9.9996997592415071e-01 +3.3922428818635353e-04 +3.3933386760793242e-04 +2.2505847724591042e-04 +1.2998668617878641e-04 +3.7911054197158089e-04
 77.00000000 +5.0000000000000000e+00 +1.9998873172875351e+00 +2.3614245180690321e-03 +9.9863205165026880e-01 +9.9996480661440301e-01 +9.9997740966438742e-01 +9.9997710816468688e-01 +9.9997217313708320e-01 +2.2207064633165548e-04 +3.2990769582054154e-04 +3.2371416145102042e-04 +2.8598003016193927e-04 +3.1477823535212742e-04
 77.50000000 +5.0000000000000000e+00 +1.9998950682508436e+00 +2.4337765450278903e-03 +9.9846705349714093e-01 +9.9997809118645864e-01 +9.9997554887434015e-01 +9.9997169287108745e-01 +9.9996890683995698e-01 +3.6253143448176337e-04 +3.6938881813321532e-04 +3.4311746273999681e-04 +2.0685282112509396e-04 +3.5681618984465251e-04
 78.00000000 +5.0000000000000000e+00 +1.9998758665782230e+00 +2.3627845176814634e-03 +9.9862649646032664e-01 +9.9997489411476137e-01 +9.9996857264805339e-01 +9.9997293596118741e-01 +9.9996992903156123e-01 +3.8192585732364749e-04 +3.5354892283849759e-04 +3.0605831175735610e-04 +2.4520917258896951e-04 +2.0042953803295401e-04
 78.50000000 +5.0000000000000000e+00 +1.9998949458991409e+00 +2.2887073163737272e-03 +9.9883444006328581e-01 +9.9996495834311716e-01 +9.9996739330410678e-01 +9.9996961571626475e-01 +9.9997283915286994e-01 +2.6755775587951434e-04 +1.5288144585116987e-04 +3.5603101035574809e-04 +2.6763617294714128e-04 +2.4664702632070707e-04
 79.00000000 +5.0000000000000000e+00 +1.9998954836143885e+00 +2.3795732900449363e-03 +9.9859621705124579e-01 +9.9997109099164139e-01 +9.9997770877798520e-01 +9.9997517971799743e-01 +9.9996843638740773e-01 +2.3199890998505671e-04 +3.1030995172045070e-04 +3.6392250246674196e-04 +2.6189245206503331e-04 +3.4324327136476765e-04
 79.50000000 +5.0000000000000000e+00 +1.9998781258440832e+00 +2.3421071062858460e-03 +9.9868447695412099e-01 +9.9997900747486446e-01 +9.9997307848102412e-01 +9.9996344702676221e-01 +9.9997599419196559e-01 +2.7562740080042098e-04 +2.2796190740744486e-04 +3.2138213442518197e-04 +3.5857727257764942e-04 +2.4044717103313866e-04
 80.00000000 +5.0000000000000000e+00 +1.9998540171762489e+00 +2.4531439595093228e-03 +9.9839499319433778e-01 +9.9996748337956598e-01 +9.9996931305551351e-01 +9.9996525007537329e-01 +9.9996897270316876e-01 +3.5257714609041518e-04 +3.9458580447071967e-04 +2.8670000725887365e-04 +3.3473034183738700e-04 +3.6539427883632068e-04
 80.50000000 +5.0000000000000000e+00 +1.9998544761252863e+00 +2.3836256706128204e-03 +9.9857346869694208e-01 +9.9997431774277279e-01 +9.9996925689828842e-01 +9.9997222265465524e-01 +9.9997094018281663e-01 +3.7831596856852085e-04 +2.9286134273905751e-04 +2.6375877450215447e-04 +3.0460169211403475e-04 +3.0025602909698756e-04
 81.00000000 +5.0000000000000000e+00 +1.9998673178075510e+00 +2.4520938079533143e-03 +9.9840090842808915e-01 +9.9997719696584519e-01 +9.9996727283463793e-01 +9.9996363774982489e-01 +9.9997028515092878e-01 +3.1735987702281718e-04 +3.8702318218230576e-04 +4.1977526340070419e-04 +2.2954239824593339e-04 +3.6699815030312129e-04
 81.50000000 +5.0000000000000000e+00 +1.9998605831587926e+00 +2.3799540203614513e-03 +9.9859062383146069e-01 +9.9997103567891421e-01 +9.9996268777792086e-01 +9.9997325274171589e-01 +9.9996495161006516e-01 +2.9443599360993961e-04 +3.1171381104542459e-04 +3.6646004670793205e-04 +3.0569513326233550e-04 +2.5914336539326001e-04
 82.00000000 +5.0000000000000000e+00 +1.9998424979059521e+00 +2.3537172883262886e-03 +9.9864048604870514e-01 +9.9996866375743099e-01 +9.9996926593444280e-01 +9.9996873802618114e-01 +9.9997073608163911e-01 +2.2687632737980245e-04 +3.2037196403009822e-04 +2.9818952405106125e-04 +2.8730519098649877e-04 +3.4936713817811284e-04
 82.50000000 +5.0000000000000000e+00 +1.9998661506823312e+00 +2.3347417732067777e-03 +9.9870274948164406e-01 +9.9996580412265668e-01 +9.9996291743844290e-01 +9.9997074581617162e-01 +9.9996420387479434e-01 +3.6031267801937226e-04 +3.5324271822300909e-04 +2.0694576616909227e-04 +3.0707626491997451e-04 +2.0600184725238948e-04
 83.00000000 +5.0000000000000000e+00 +1.9998878299490246e+00 +2.2352848918775650e-03 +9.9895814328512533e-01 +9.9996371603716594e-01 +9.9996884209705372e-01 +9.9996561232643488e-01 +9.9996777488216348e-01 +3.1758859089868143e-04 +2.3983402918183308e-04 +1.9347204542267035e-04 +2.2130867468605461e-04 +2.0370804530691293e-04
 83.50000000 +5.0000000000000000e+00 +1.9998647268608458e+00 +2.3980251338183265e-03 +9.9853692154426243e-01 +9.9996765161059353e-01 +9.9997002017667036e-01 +9.9996290397815457e-01 +9.9996987926226144e-01 +2.5685412417024238e-04 +2.6882788884636356e-04 +3.5645728604592340e-04 +3.3519974161205578e-04 +3.7528437430633406e-04
 84.00000000 +5.0000000000000000e+00 +1.9998545962251864e+00 +2.4286827221048947e-03 +9.9847382752037928e-01 +9.9996565625581291e-01 +9.9996078817905554e-01 +9.9997192034105165e-01 +9.9996522135821031e-01 +3.3526101539803295e-04 +4.1430233971979181e-04 +1.5512607338363370e-04 +4.1046465886056472e-04 +3.4743227384028254e-04
 84.50000000 +5.0000000000000000e+00 +1.9998497553173455e+00 +2.4166324397299579e-03 +9.9848941672846314e-01 +9.9997334314774866e-01 +9.9996299373795128e-01 +9.9996407926912112e-01 +9.9995885228347048e-01 +3.6283161427323301e-04 +3.3087891720821568e-04 +2.9477330521159874e-04 +2.8098967762346037e-04 +3.8184133146789215e-04
 85.00000000 +5.0000000000000000e+00 +1.9998586538081846e+00 +2.4337896791074851e-03 +9.9845623829394636e-01 +9.9996183073162581e-01 +9.9996410383349044e-01 +9.9996689521645643e-01 +9.9997047408881556e-01 +3.3290364894310840e-04 +3.1119182988775470e-04 +3.7392433686697863e-04 +3.2647933704743886e-04 +3.3595867822143829e-04
 85.50000000 +5.0000000000000000e+00 +1.9998496024154853e+00 +2.4219082568879384e-03 +9.9849308320610863e-01 +9.9996172134699202e-01 +9.9996556500869571e-01 +9.9996318604235923e-01 +9.9997027581210363e-01 +3.1064560792193791e-04 +2.4737153225602666e-04 +4.0869557370079763e-04 +2.5646752847810332e-04 +4.2298835498617312e-04
 86.00000000 +5.0000000000000000e+00 +1.9998339948060158e+00 +2.3057895502202287e-03 +9.9877361682240928e-01 +9.9995898992702559e-01 +9.9995899213235984e-01 +9.9995938735576739e-01 +9.9997118199777957e-01 +3.7291914231779816e-04 +1.5215442265899517e-04 +3.8440758920778729e-04 +1.9686160275044566e-04 +2.7148900775517744e-04
 86.50000000 +5.0000000000000000e+00 +1.9998477164450739e+00 +2.3730282140652500e-03 +9.9860774836484290e-01 +9.9997573449180632e-01 +9.9996917812049957e-01 +9.9996156108585987e-01 +9.9996329105032633e-01 +3.3273650313397354e-04 +2.8385190125601963e-04 +2.8421580291326538e-04 +2.8116120132928526e-04 +3.4052147055063984e-04
 87.00000000 +5.0000000000000000e+00 +1.9998763626871143e+00 +2.3096864274520746e-03 +9.9877757083529972e-01 +9.9995241853151529e-01 +9.9996633901524357e-01 +9.9997457003173429e-01 +9.9996229041325457e-01 +2.7700929854699869e-04 +2.8315372189531785e-04 +2.5865344332883829e-04 +2.6301378203569075e-04 +2.8498092872113900e-04
 87.50000000 +5.0000000000000000e+00 +1.9998363145435327e+00 +2.3019319472568230e-03 +9.9877888195946607e-01 +9.9996691486476086e-01 +9.9996037496427681e-01 +9.9995767571697125e-01 +9.9995814196343347e-01 +3.6703476420315298e-04 +2.3921690232314380e-04 +2.2708492633953897e-04 +2.1738516851939997e-04 +3.2728877574020028e-04
 88.00000000 +5.0000000000000000e+00 +1.9998244416708992e+00 +2.4677115627834245e-03 +9.9836355504533070e-01 +9.9996086826668507e-01 +9.9994923953081916e-01 +9.9996313568066320e-01 +9.9994979722505395e-01 +4.1049940083344005e-04 +3.5928759878926006e-04 +3.5713845591834454e-04 +2.5321686293277250e-04 +4.3326191961596177e-04
 88.50000000 +5.0000000000000000e+00 +1.9998176859882988e+00 +2.4295216760565944e-03 +9.9845095491050606e-01 +9.9996718918169025e-01 +9.9995812956652652e-01 +9.9995814364080537e-01 +9.9995990624584563e-01 +4.7111994575636389e-04 +1.0428062853792976e-04 +3.0714729119092182e-04 +5.7100770824124538e-04 +2.5212087899548875e-04
 89.00000000 +5.0000000000000000e+00 +1.9998149751195153e+00 +2.4590928783552054e-03 +9.9839671546847897e-01 +9.9996388260534885e-01 +9.9996834239362531e-01 +9.9995311245281460e-01 +9.9996228900865947e-01 +3.0635936405410481e-04 +3.8986942225044169e-04 +3.5896726677669125e-04 +3.7580692851377158e-04 +3.2465509747801348e-04
 89.50000000 +5.0000000000000000e+00 +1.9998081797644345e+00 +2.3869574718621178e-03 +9.9856005353703814e-01 +9.9995384572882418e-01 +9.9995773437245161e-01 +9.9995758087860143e-01 +9.9995943940527510e-01 +2.5433695814211786e-04 +3.5547847889677787e-04 +2.8983503679735640e-04 +4.0013704747053787e-04 +3.1155855009950824e-04
 90.00000000 +5.0000000000000000e+00 +1.9998529464641495e+00 +2.3813212241892050e-03 +9.9859774180514216e-01 +9.9996223775477033e-01 +9.9996391878976598e-01 +9.9996670544847510e-01 +9.9994924731184354e-01 +3.6218796263185501e-04 +2.0824677651911454e-04 +4.5964473703633831e-04 +2.6741012191357243e-04 +2.6265930308324616e-04
 90.50000000 +5.0000000000000000e+00 +1.9998049463810201e+00 +2.4628370183723191e-03 +9.9838193678525611e-01 +9.9994921520376845e-01 +9.9996424882216250e-01 +9.9995286783212500e-01 +9.9995658982443247e-01 +3.4034503711984998e-04 +3.7161279603433969e-04 +4.4333380949461995e-04 +3.7800048148070147e-04 +2.6184942022462927e-04
 91.00000000 +5.0000000000000000e+00 +1.9998233944907684e+00 +2.5241113394837808e-03 +9.9823923834040573e-01 +9.9996995651370457e-01 +9.9994873587151845e-01 +9.9996391112426730e-01 +9.9996848170402530e-01 +3.6058693387593679e-04 +4.7229149544890728e-04 +3.2072265116035438e-04 +3.6940166195152088e-04 +3.8667370991705627e-04
 91.50000000 +5.0000000000000000e+00 +1.9997935322542109e+00 +2.4613287848285624e-03 +9.9837530813907682e-01 +9.9995459610977377e-01 +9.9994844009204642e-01 +9.9994850275506331e-01 +9.9996600014100379e-01 +3.1167476553755588e-04 +4.4953995879275260e-04 +4.0866668788979040e-04 +2.8656111659812055e-04 +3.5071022194779782e-04
 92.00000000 +5.0000000000000000e+00 +1.9998251925513959e+00 +2.3756702908430743e-03 +9.9861756250417955e-01 +9.9996066896457103e-01 +9.9996457191907606e-01 +9.9995188984530625e-01 +9.9995658203120663e-01 +4.2523365427134512e-04 +3.4430849138770850e-04 +2.4684876274111612e-04 +2.7165229195714780e-04 +2.6068152295584141e-04
 92.50000000 +5.0000000000000000e+00 +1.9997980092512302e+00 +2.3868685580940309e-03 +9.9856015119756680e-01 +9.9995905142776553e-01 +9.9995213272086902e-01 +9.9995783994091392e-01 +9.9997013054350725e-01 +2.7164196881511644e-04 +2.5559182184930611e-04 +4.2447138641780834e-04 +2.3831142293987261e-04 +4.1067756363328016e-04
 93.00000000 +5.0000000000000000e+00 +1.9998297959385920e+00 +2.2466810077349680e-03 +9.9890783124234828e-01 +9.9993992029323242e-01 +9.9995317810000794e-01 +9.9994436595219249e-01 +9.9996462832759236e-01 +2.2694527023152538e-04 +1.8024305922417809e-04 +3.2522167703963399e-04 +1.6206029966247612e-04 +3.9560577969372803e-04
 93.50000000 +5.0000000000000000e+00 +1.9998067410099221e+00 +2.5266143390371403e-03 +9.9821389000962424e-01 +9.9994336548916996e-01 +9.9995822218104413e-01 +9.9996194939483751e-01 +9.9996188273297604e-01 +3.1636481826629247e-04 +4.2015196361328228e-04 +4.7085124562947953e-04 +3.7225315446604484e-04 +3.8106901655961755e-04
 94.00000000 +5.0000000000000000e+00 +1.9997619314706925e+00 +2.5061186036543152e-03 +9.9824483310242140e-01 +9.9996669731273125e-01 +9.9995834279184603e-01 +9.9996881691851736e-01 +9.9994521723672614e-01 +5.1056139078928307e-04 +4.7795948739166102e-04 +3.3537738942510613e-04 +2.9198473314490483e-04 +3.0020963096094306e-04
 94.50000000 +5.0000000000000000e+00 +1.9997899863387565e+00 +2.4441887110470549e-03 +9.9840987181544505e-01 +9.9995113132298141e-01 +9.9995919231369257e-01 +9.9995735428583332e-01 +9.9994391219073342e-01 +3.8585875910788673e-04 +3.6596706457650845e-04 +4.0226841893202709e-04 +3.1360114782499773e-04 +3.1084268134691192e-04
 95.00000000 +5.0000000000000000e+00 +1.9997917183886700e+00 +2.3208824334325301e-03 +9.9872812409606404e-01 +9.9995943716050895e-01 +9.9994580389785670e-01 +9.9995267965933743e-01 +9.9995361102520441e-01 +2.7057601160872561e-04 +3.9478825239479753e-04 +1.2421296850219628e-04 +2.8824187111477548e-04 +3.8252506121587855e-04
 95.50000000 +5.0000000000000000e+00 +1.9997488703278878e+00 +2.5707594662429316e-03 +9.9807197876654763e-01 +9.9995242909065718e-01 +9.9994360089731316e-01 +9.9993979138331368e-01 +9.9994658712546736e-01 +6.0138745960771820e-04 +3.2422154455997093e-04 +4.9320538821469339e-04 +3.7765395374649734e-04 +3.4914439198316480e-04
 96.00000000 +5.0000000000000000e+00 +1.9997793108393531e+00 +2.5678739546611162e-03 +9.9811471481271496e-01 +9.9995847709775509e-01 +9.9997177917695013e-01 +9.9995989236691007e-01 +9.9995979920300493e-01 +2.8088007241358203e-04 +4.2771389074460208e-04 +5.0152588265694781e-04 +3.5971949401796379e-04 +4.6549800761827174e-04
 96.50000000 +5.0000000000000000e+00 +1.9997987449622501e+00 +2.3929418209557058e-03 +9.9853524087447310e-01 +9.9994914409011271e-01 +9.9994010407442979e-01 +9.9994538902678320e-01 +9.9993818299630322e-01 +3.3009382694357980e-04 +2.6513183163190927e-04 +4.1313197037663165e-04 +3.3219352421997141e-04 +3.5138779268923797e-04
 97.00000000 +5.0000000000000000e+00 +1.9997493336808709e+00 +2.4507764753361988e-03 +9.9838018089700120e-01 +9.9994439408358393e-01 +9.9994764449682227e-01 +9.9994270334983559e-01 +9.9994869949377208e-01 +5.3168045848505058e-04 +1.5711958261456464e-04 +3.1129763148998979e-04 +1.9525289045041217e-04 +6.4102712681051853e-04
 97.50000000 +5.0000000000000000e+00 +1.9997540426901701e+00 +2.4690819882413604e-03 +9.9834764303534351e-01 +9.9994799264314482e-01 +9.9996470433982121e-01 +9.9994763250817476e-01 +9.9994163452768803e-01 +3.9441967553282848e-04 +4.3466889866407309e-04 +2.4146685299139325e-04 +3.6109435835364484e-04 +4.1874315423312878e-04
 98.00000000 +5.0000000000000000e+00 +1.9998027154415150e+00 +2.4878529185381189e-03 +9.9831514754230355e-01 +9.9993836110223266e-01 +9.9994676472006749e-01 +9.9994612910078462e-01 +9.9995601030896175e-01 +3.8232643009750362e-04 +3.8935748203800891e-04 +3.2109242833684926e-04 +3.3464940571339556e-04 +4.7016148343873547e-04
 98.50000000 +5.0000000000000000e+00 +1.9997720898300106e+00 +2.4471025080465740e-03 +9.9840498315204396e-01 +9.9994849990868162e-01 +9.9995636967376178e-01 +9.9993928007887867e-01 +9.9994911318309254e-01 +5.0032067803578969e-04 +1.5485688912977828e-04 +3.5841485694629869e-04 +2.7576424387873064e-04 +5.1239732908313481e-04
 99.00000000 +5.0000000000000000e+00 +1.9997659229159725e+00 +2.4824683557716633e-03 +9.9832811717819980e-01 +9.9996417124808978e-01 +9.9992606346487267e-01 +9.9996127314845651e-01 +9.9993898552777039e-01 +3.4460466950282859e-04 +5.1927339443847505e-04 +4.3736015785579574e-04 +3.8858362675969917e-04 +1.9156758772150348e-04
 99.50000000 +5.0000000000000000e+00 +1.9997968465041465e+00 +2.4229338199204887e-03 +9.9847216634463631e-01 +9.9994277361184114e-01 +9.9995559592960981e-01 +9.9993827275670688e-01 +9.9996113533977227e-01 +3.3455913650482725e-04 +3.7910892641462510e-04 +4.3058313665460132e-04 +3.7112787739399975e-04 +2.1467693742626150e-04
100.00000000 +5.0000000000000000e+00 +1.9997839594739748e+00 +2.3839402906795197e-03 +9.9857723594312631e-01 +9.9992943922032262e-01 +9.9994981199309352e-01 +9.9993575320904360e-01 +9.9994959916542614e-01 +3.6014803671887362e-04 +1.8008956963989236e-04 +4.1271119596828361e-04 +2.1349001637000471e-04 +4.9172164417037641e-04
100.50000000 +5.0000000000000000e+00 +1.9997950996756684e+00 +2.4528042229217551e-03 +9.9839874365307102e-01 +9.9995746603438562e-01 +9.9995278981107494e-01 +9.9993651757904634e-01 +9.9994284339486605e-01 +2.3265140963894931e-04 +2.7882947784821962e-04 +6.7221242517869807e-04 +3.4995596527771138e-04 +2.7799024076693551e-04
101.00000000 +5.0000000000000000e+00 +1.9997687665806478e+00 +2.5062981192931068e-03 +9.9828200478013618e-01 +9.9993200642506486e-01 +9.9996521625189461e-01 +9.9993492794833039e-01 +9.9994802229570079e-01 +5.2033442806580709e-04 +4.0364589978755995e-04 +4.4208817387138987e-04 +4.3956352107226673e-04 +1.3219028249534073e-04
101.50000000 +5.0000000000000000e+00 +1.9997715538700456e+00 +2.4946028770616094e-03 +9.9832885045042385e-01 +9.9994385487318838e-01 +9.9996299571147051e-01 +9.9993232376787566e-01 +9.9994002067122112e-01 +3.9069051552505078e-04 +3.6392915705024627e-04 +3.0407094633351766e-04 +3.2967201136317200e-04 +5.0359189343213704e-04
102.00000000 +5.0000000000000000e+00 +1.9997116226420635e+00 +2.6810718137833065e-03 +9.9783001662517423e-01 +9.9995469694049544e-01 +9.9994906289957319e-01 +9.9994980706261394e-01 +9.9993549207939869e-01 +4.2969747802283420e-04 +3.1527110669565611e-04 +5.3517914853528986e-04 +6.6425488661062300e-04 +4.3652178298024725e-04
102.50000000 +5.0000000000000000e+00 +1.9997077728871160e+00 +2.5702022614625866e-03 +9.9807935906126410e-01 +9.9995649233586570e-01 +9.9993571789698066e-01 +9.9992569095227379e-01 +9.9993494191233534e-01 +3.8596896925816406e-04 +2.7765409180195607e-04 +6.6625720595819122e-04 +3.6717185232248593e-04 +4.7074571691151692e-04
103.00000000 +5.0000000000000000e+00 +1.9996942163018814e+00 +2.6503678039489073e-03 +9.9788557156897262e-01 +9.9995235074832678e-01 +9.9992980725306502e-01 +9.9995068649954988e-01 +9.9991868799489014e-01 +4.8864045763706684e-04 +4.8121416634437316e-04 +4.7146388839653205e-04 +5.8710385339986700e-04 +3.3447357258808286e-04
103.50000000 +5.0000000000000000e+00 +1.9997412520047644e+00 +2.2912039080273685e-03 +9.9880062613307663e-01 +9.9991910378324766e-01 +9.9996584676691802e-01 +9.9992428831427826e-01 +9.9993367973695668e-01 +3.4594894453576563e-04 +3.1099231165829017e-04 +1.5863010635831283e-04 +2.6514045180924803e-04 +3.7574345605675849e-04
104.00000000 +5.0000000000000000e+00 +1.9996727032507837e+00 +2.5187671491223342e-03 +9.9820710525485090e-01 +9.9993705172161862e-01 +9.9991489837655767e-01 +9.9995408175139744e-01 +9.9993994052518109e-01 +4.9521971946335703e-04 +5.9933564223716026e-04 +2.8551189821148253e-04 +2.3849453795827169e-04 +4.2836057615169837e-04
104.50000000 +5.0000000000000000e+00 +1.9997510851278253e+00 +2.5853909447184592e-03 +9.9808309309007992e-01 +9.9994228909314953e-01 +9.9993433252587749e-01 +9.9992940664611274e-01 +9.9993892002572460e-01 +7.4943611032033829e-04 +2.9650650257738746e-04 +4.1082050010606799e-04 +5.5166643933854994e-04 +1.6352906319879365e-04
105.00000000 +5.0000000000000000e+00 +1.9997525152809585e+00 +2.4032934809578499e-03 +9.9854986584330174e-01 +9.9993785581387196e-01 +9.9995487295144392e-01 +9.9991146427421451e-01 +9.9992001921422813e-01 +4.1013155801374621e-04 +3.0470549332933653e-04 +3.9230219964065560e-04 +2.8132134778074464e-04 +3.3746131041315758e-04
105.50000000 +5.0000000000000000e+00 +1.9996858673243867e+00 +2.5783172076206313e-03 +9.9805965294794741e-01 +9.9993234138651232e-01 +9.9992477278610259e-01 +9.9994696918147330e-01 +9.9993865418466743e-01 +7.8302570615958048e-04 +3.0938755019560229e-04 +2.8290863953652412e-04 +4.7855406842788956e-04 +3.4373354862452329e-04
106.00000000 +5.0000000000000000e+00 +1.9997027818513669e+00 +2.3969358491074347e-03 +9.9853652560845785e-01 +9.9992849450598797e-01 +9.9993453539171151e-01 +9.9994623008185990e-01 +9.9993138066623477e-01 +3.4557162186594923e-04 +5.0803352697523783e-04 +3.3662980805283208e-04 +3.0014635072822971e-04 +2.3245243179326829e-04
106.50000000 +5.0000000000000000e+00 +1.9996762369053649e+00 +2.4425387937766266e-03 +9.9836979165042061e-01 +9.9994697227154872e-01 +9.9991749887999848e-01 +9.9994921409048942e-01 +9.9994037391553170e-01 +2.2627667694093899e-04 +3.3072210445204492e-04 +3.7251581834953752e-04 +3.7816686839007506e-04 +5.6846772015322104e-04
107.00000000 +5.0000000000000000e+00 +1.9997343262060885e+00 +2.4571354989953048e-03 +9.9838828289864878e-01 +9.9994265075811861e-01 +9.9993887197567788e-01 +9.9994378106259107e-01 +9.9994446968830941e-01 +3.0529213126980924e-04 +5.0541181995656889e-04 +2.1081372070952666e-04 +3.6729206475319214e-04 +4.5313387839234686e-04
107.50000000 +5.0000000000000000e+00 +1.9996128771934243e+00 +2.5214040857428474e-03 +9.9817802928824617e-01 +9.9992858195417267e-01 +9.9994919219255585e-01 +9.9990626477020561e-01 +9.9994830142780411e-01 +2.4453604497982488e-04 +4.3297116082587702e-04 +4.7346534042954388e-04 +4.8482103778075110e-04 +4.5383678755717491e-04
108.00000000 +5.0000000000000000e+00 +1.9997361573647641e+00 +2.2954397079004828e-03 +9.9880623335377294e-01 +9.9995259527059843e-01 +9.9992763192897904e-01 +9.9992957634946988e-01 +9.9993285682864286e-01 +4.0795515215642222e-04 +1.7683769142633779e-04 +2.7424627658011863e-04 +1.7653495950009537e-04 +4.1553219013492162e-04
108.50000000 +5.0000000000000000e+00 +1.9996495152422988e+00 +2.6645468490088860e-03 +9.9783942922876911e-01 +9.9993171043987272e-01 +9.9992038697308738e-01 +9.9991310627780106e-01 +9.9993744153943154e-01 +6.2670155982626869e-04 +4.0591057800852689e-04 +5.5174265023405164e-04 +4.6421544797568961e-04 +4.0935529926153491e-04
109.00000000 +5.0000000000000000e+00 +1.9996456543851320e+00 +2.3741648244320606e-03 +9.9857176431540651e-01 +9.9994050772588794e-01 +9.9993677367522382e-01 +9.9993507129073134e-01 +9.9994867852684843e-01 +3.2296773676073083e-04 +5.1542045829957813e-04 +2.7457917906983492e-04 +2.6333837428446660e-04 +2.9089871627209398e-04
109.50000000 +5.0000000000000000e+00 +1.9997121271227500e+00 +2.3902281694175779e-03 +9.9855466048786257e-01 +9.9993519749190274e-01 +9.9993092875618828e-01 +9.9993727159319468e-01 +9.9992471279400097e-01 +3.4406076419675111e-04 +1.7277342731247073e-04 +5.3423380402461171e-04 +3.4470656448757757e-04 +3.2145432238286372e-04
110.00000000 +5.0000000000000000e+00 +1.9996066485537143e+00 +2.8091308703205435e-03 +9.9748318460502583e-01 +9.9995731037975177e-01 +9.9992262137847587e-01 +9.9993251721497600e-01 +9.9991077322875910e-01 +4.6648359942721756e-04 +7.0667979933654443e-04 +4.9920054247949187e-04 +7.1031656817782500e-04 +4.1091267926548824e-04
110.50000000 +5.0000000000000000e+00 +1.9997474376421316e+00 +2.2444974965746527e-03 +9.9894822513310377e-01 +9.9993222060057485e-01 +9.9994525988122496e-01 +9.9992710891377201e-01 +9.9993810756679768e-01 +2.7908567136205643e-04 -5.9063403787567795e-05 +3.9639777760844974e-04 +3.2130385916539784e-04 +3.7135399781792583e-04
111.00000000 +5.0000000000000000e+00 +1.9997333360520537e+00 +2.2950697762802817e-03 +9.9879361673756928e-01 +9.9991464658232909e-01 +9.9991987362655410e-01 +9.9990260198120529e-01 +9.9989399384151456e-01 +2.1958895293316361e-04 +2.7085920554078299e-04 +1.5765213714898416e-04 +3.3052476475447991e-04 +5.9664217500292294e-04
111.50000000 +5.0000000000000000e+00 +1.9996416467383014e+00 +2.6565129654738352e-03 +9.9788721432369676e-01 +9.9991681210630146e-01 +9.9989559099903069e-01 +9.9988517335602234e-01 +9.9993897066049153e-01 +3.1928236406230710e-04 +3.1078911548938570e-04 +6.0109282607960968e-04 +3.9100549491863720e-04 +8.5406875669248410e-04
112.00000000 +5.0000000000000000e+00 +1.9996506663692044e+00 +2.7510298940445418e-03 +9.9766357321178400e-01 +9.9992488001077184e-01 +9.9993263966142998e-01 +9.9993189370227442e-01 +9.9994941640550894e-01 +3.2391070140294875e-04 +6.3563943502814742e-04 +5.4343376818142934e-04 +4.3444503765396154e-04 +6.6016806085658348e-04
112.50000000 +5.0000000000000000e+00 +1.9996087887590568e+00 +2.5074786049832159e-03 +9.9823114167245008e-01 +9.9991058750688844e-01 +9.9995058443849216e-01 +9.9991767464809933e-01 +9.9991942229230057e-01 +3.6773045775145110e-05 +5.0178997285709468e-04 +4.1253727385285395e-04 +4.9845059109907182e-04 +6.2103855939005931e-04
113.00000000 +5.0000000000000000e+00 +1.9996922336221943e+00 +2.6821620248459418e-03 +9.9784363718392166e-01 +9.9993528549933353e-01 +9.9992706223899952e-01 +9.9991060842530222e-01 +9.9991928308827083e-01 +7.1219217267424204e-04 +3.8760591285813632e-04 +6.6541072943787096e-04 +1.8845947022723232e-04 +5.1045528301144896e-04
113.50000000 +5.0000000000000000e+00 +1.9996575433345962e+00 +2.6561605874715673e-03 +9.9793143238624904e-01 +9.9992653624702765e-01 +9.9994011887043022e-01 +9.9996452321290896e-01 +9.9994479741101183e-01 +3.9466366284084640e-04 +4.7349185923367416e-04 +5.1383642599402038e-04 +5.5958597222689668e-04 +3.5101395078081178e-04
114.00000000 +5.0000000000000000e+00 +1.9996078272535327e+00 +2.6061805544079918e-03 +9.9800014617694432e-01 +9.9992160047479162e-01 +9.9985838693957851e-01 +9.9989390766230124e-01 +9.9991051499096284e-01 +4.9121176184078205e-04 +1.7393323750370640e-04 +4.8283842588596189e-04 +5.1837598186897660e-04 +7.4908434084493172e-04
114.50000000 +5.0000000000000000e+00 +1.9996352288720105e+00 +2.7123139070823468e-03 +9.9780202164296716e-01 +9.9989326829168057e-01 +9.9992681575009368e-01 +9.9990884005246528e-01 +9.9993996896430848e-01 +1.9844933857800305e-04 +7.3109121434138558e-04 +7.5201263229811603e-04 +2.8059478587345366e-04 +5.6693733003014058e-04
115.00000000 +5.0000000000000000e+00 +1.9996279434106770e+00 +2.6937163629232731e-03 +9.9778944588894847e-01 +9.9996144443220814e-01 +9.9990241117918732e-01 +9.9991410699502692e-01 +9.9989828602748765e-01 +1.2730613485338276e-04 +6.5111029431858696e-04 +5.3705472089070295e-04 +5.4042989186514785e-04 +6.7840443097865551e-04
115.50000000 +5.0000000000000000e+00 +1.9995671995600754e+00 +2.7438266645666135e-03 +9.9765957607509392e-01 +9.9993550868889958e-01 +9.9990859708174751e-01 +9.9988895381631149e-01 +9.9993613790886349e-01 +2.9636772490014102e-04 +6.5542126996531583e-04 +7.9087557706332965e-04 +4.8989032803827177e-04 +4.3867153247565511e-04
116.00000000 +5.0000000000000000e+00 +1.9996605028279446e+00 +2.4696648410430116e-03 +9.9833181194542475e-01 +9.9992781983991896e-01 +9.9990714922017054e-01 +9.9988573718044937e-01 +9.9988471029738135e-01 +3.3142829708288730e-04 +3.4014588581582952e-04 +6.5363132447662689e-04 +5.0480684438662931e-04 +2.3275916831309832e-04
116.50000000 +5.0000000000000000e+00 +1.9995885738946080e+00 +2.5417148827418154e-03 +9.9814125703210399e-01 +9.9991748349547416e-01 +9.9989373777060730e-01 +9.9991370336990548e-01 +9.9992168584128605e-01 +5.5335814429677461e-04 +3.3509473969463023e-04 +5.4226343104152709e-04 +2.2326595516359999e-04 +5.5815022364438371e-04
117.00000000 +5.0000000000000000e+00 +1.9995699627369496e+00 +2.5287767830170535e-03 +9.9817422691311208e-01 +9.9994365454594902e-01 +9.9990990819528902e-01 +9.9991269463904719e-01 +9.9991336480158166e-01 +5.4027685879351418e-04 +2.5993723739480972e-04 +6.0126437514005759e-04 +4.0876874803454961e-04 +3.3590368546778109e-04
117.50000000 +5.0000000000000000e+00 +1.9996592988533868e+00 +2.2864347624724298e-03 +9.9882889552174126e-01 +9.9988889740826736e-01 +9.9991892534736637e-01 +9.9994495780641279e-01 +9.9995802334361072e-01 +4.3318235703662851e-04 +1.6639875929115019e-05 +5.6019934339459623e-04 -6.8479623243366224e-05 +5.1875862081436240e-04
118.00000000 +5.0000000000000000e+00 +1.9995831376593438e+00 +2.5190095473154863e-03 +9.9821595877215441e-01 +9.9990818589567787e-01 +9.9993799603225253e-01 +9.9992676266642178e-01 +9.9990302516987306e-01 +6.3978879095120258e-06 +6.3600189675443283e-04 +4.8619879720795218e-04 +6.1578502330039502e-04 +3.6368785803349925e-04
118.50000000 +5.0000000000000000e+00 +1.9994396205667178e+00 +2.9942189512594890e-03 +9.9700720469789383e-01 +9.9988580147200956e-01 +9.9987960202113035e-01 +9.9988774204433517e-01 +9.9991387071010984e-01 +7.6505901433476244e-04 +6.0320396329676708e-04 +1.0179640938210680e-03 +5.1018595181918111e-04 +5.2936602554838944e-04
119.00000000 +5.0000000000000000e+00 +1.9995439216430579e+00 +2.6835078690608137e-03 +9.9780582861783318e-01 +9.9987705101925228e-01 +9.9995823003816875e-01 +9.9988429622805686e-01 +9.9988730918915303e-01 +6.0714363977066221e-04 +3.4073084200349690e-04 +5.9554528034266516e-04 +4.1368362356908930e-04 +6.3018152786574824e-04
119.50000000 +5.0000000000000000e+00 +1.9995285194838237e+00 +2.7212377449227229e-03 +9.9767712570045275e-01 +9.9994138109289499e-01 +9.9992438479217838e-01 +9.9991534062883181e-01 +9.9994577745501290e-01 +1.6577626711134264e-04 +6.7896035153555353e-04 +7.4181347300726467e-04 +4.4513805590115635e-04 +5.6430218800004894e-04
120.00000000 +5.0000000000000000e+00 +1.9995844024063720e+00 +2.5415987990314946e-03 +9.9815066846748501e-01 +9.9988515531198696e-01 +9.9991804521392769e-01 +9.9988270262625401e-01 +9.9989413335721888e-01 +6.0455377728083428e-04 +3.9174718242979411e-04 +6.7385671753387782e-04 +1.5893498014173544e-04 +4.4020236920715020e-04
120.50000000 +5.0000000000000000e+00 +1.9996062687778324e+00 +2.5255473292336594e-03 +9.9824549506402616e-01 +9.9990289549099731e-01 +9.9995185730385783e-01 +9.9989042385320492e-01 +9.9988505445198417e-01 +4.8983658850332323e-04 +4.3797084991459008e-04 +5.0982456406781099e-04 +2.8661932958544422e-04 +4.0002249723543760e-04
121.00000000 +5.0000000000000000e+00 +1.9995610108954966e+00 +2.4605291079091325e-03 +9.9833839712554950e-01 +9.9993206345857388e-01 +9.9994888087711986e-01 +9.9994536045454763e-01 +9.9986412712986050e-01 +4.1680333578082880e-04 +6.5167573117859889e-04 +4.0048012703373177e-04 +1.0680356522290410e-04 +3.9540819342823174e-04
121.50000000 +5.0000000000000000e+00 +1.9994903077568744e+00 +2.5757481148255441e-03 +9.9807341064362687e-01 +9.9992825377739825e-01 +9.9992672508787905e-01 +9.9989751252147996e-01 +9.9989304987802075e-01 +2.0069118688068207e-04 +5.1576476163390800e-04 +8.2125377765365033e-04 +5.1991167170771556e-04 +2.2342670012200002e-04
122.00000000 +5.0000000000000000e+00 +1.9995403502164786e+00 +2.7380440218938372e-03 +9.9771752738185238e-01 +9.9992594821014669e-01 +9.9994277023224309e-01 +9.9987827583429001e-01 +9.9990882026970196e-01 +6.3577599810996218e-04 +5.6982666771039343e-04 +6.1404062698947937e-04 +3.2540626729261646e-04 +4.8160851769787363e-04
122.50000000 +5.0000000000000000e+00 +1.9994671909907920e+00 +2.8123734676263235e-03 +9.9748753258666845e-01 +9.9988843827206164e-01 +9.9992296426630811e-01 +9.9989454585912263e-01 +9.9996626411560896e-01 +8.5752682739553159e-04 +3.9682946933759062e-04 +9.2773263410458006e-04 +2.9683989636623647e-04 +3.6132607783897217e-04
123.00000000 +5.0000000000000000e+00 +1.9994577850064694e+00 +3.0467379038638296e-03 +9.9691027171326863e-01 +9.9987361413945186e-01 +9.9988230272954703e-01 +9.9993148106586327e-01 +9.9997343669526606e-01 +7.3025981703412214e-04 +8.5863888754913954e-04 +5.2336875076626965e-04 +5.9820561771159529e-04 +7.1842057774600717e-04
123.50000000 +5.0000000000000000e+00 +1.9995562748409477e+00 +2.6334958643371631e-03 +9.9798000388280061e-01 +9.9987172070076880e-01 +9.9991157350897220e-01 +9.9988827983770789e-01 +9.9994417660466617e-01 +8.0437557323988175e-04 +7.3384784382989326e-04 +4.3198398004351470e-04 -3.0037604260730764e-05 +4.6407567206852474e-04
124.00000000 +5.0000000000000000e+00 +1.9995231041715777e+00 +2.4683135301263757e-03 +9.9835809697749867e-01 +9.9993637459289408e-01 +9.9991004439483144e-01 +9.9991599342861215e-01 +9.9998222006168958e-01 +5.8329878939849167e-04 -4.2540279509753351e-04 +5.1174702789815580e-04 +6.0110227476823676e-04 +6.2652524407958256e-04
124.50000000 +5.0000000000000000e+00 +1.9994493463171072e+00 +3.0031358381667752e-03 +9.9704221090355172e-01 +9.9989375916314316e-01 +9.9993538205307531e-01 +9.9986719494362397e-01 +9.9984815269374838e-01 +2.7962218236961023e-04 +8.0083658724548962e-04 +7.0723494148299286e-04 +1.1430543638852437e-03 +4.8255216329244106e-04
125.00000000 +5.0000000000000000e+00 +1.9993349042043946e+00 +2.9678052541040802e-03 +9.9705194137642139e-01 +9.9991079828718799e-01 +9.9990181337398254e-01 +9.9989654918018889e-01 +9.9988919354277728e-01 +6.6766643858881666e-04 +7.9153240678665369e-04 +7.1332471346109954e-04 +8.7161045921124269e-04 +3.0557022397236666e-04
125.50000000 +5.0000000000000000e+00 +1.9996333110744953e+00 +2.5076555979226074e-03 +9.9832440900932473e-01 +9.9986480003966116e-01 +9.9986320525799988e-01 +9.9994230626895253e-01 +9.9988023525951664e-01 +6.2555123201547900e-04 -4.0775843644317290e-05 +5.0735905853232534e-04 +5.6188660940420824e-04 +4.7102310980131869e-04
126.00000000 +5.0000000000000000e+00 +1.9993293910113670e+00 +3.2199726787221512e-03 +9.9641986550024741e-01 +9.9990761441786258e-01 +9.9988869131652891e-01 +9.9989641894383874e-01 +9.9991953610139073e-01 +1.1036972408607667e-03 +4.3518432465357293e-04 +1.1168258337788898e-03 +4.9133775663337130e-04 +8.2082856560414935e-04
126.50000000 +5.0000000000000000e+00 +1.9993963379059090e+00 +2.7556475747086192e-03 +9.9755029331956568e-01 +9.9991611345888132e-01 +9.9991917926825580e-01 +9.9990042674562374e-01 +9.9984035481496381e-01 +3.5839033002355632e-04 +6.7757232828691521e-04 +9.9464422708076547e-04 +3.5248232572650121e-04 +4.9054318279189574e-04
127.00000000 +5.0000000000000000e+00 +1.9994621395582659e+00 +2.5467012290785792e-03 +9.9813146591710189e-01 +9.9991093863869840e-01 +9.9985729356524999e-01 +9.9989801021555669e-01 +9.9986813744040415e-01 +5.3523951929509549e-04 +1.5366412873122563e-04 +4.6789730126914895e-04 +4.8991011360134966e-04 +6.8744315874362636e-04
127.50000000 +5.0000000000000000e+00 +1.9994121480868370e+00 +2.6926719530421766e-03 +9.9779118219106033e-01 +9.9988704690991981e-01 +9.9991955635905583e-01 +9.9986623194670721e-01 +9.9989475079080326e-01 +2.9602907057313046e-04 +7.1197277694895152e-04 +5.8954262144054180e-04 +4.8078107781722109e-04 +5.6290625734242716e-04
128.00000000 +5.0000000000000000e+00 +1.9993596846813191e+00 +2.5769140746638229e-03 +9.9803893876627903e-01 +9.9994973687531985e-01 +9.9992437581046423e-01 +9.9987046125345469e-01 +9.9993189571207597e-01 +6.2633064520336212e-04 +3.9503584239341367e-04 +7.5649993322268792e-04 +1.2756020313686023e-04 +3.7916496257051118e-04
128.50000000 +5.0000000000000000e+00 +1.9995947190443017e+00 +2.2034659292137107e-03 +9.9897223849107863e-01 +9.9989329833809271e-01 +9.9991233774166544e-01 +9.9988024105283524e-01 +9.9984910439697183e-01 +6.5890866397090163e-04 +5.1874467252149381e-04 -4.6511162619627504e-05 +3.6578593990897930e-04 -4.1481317137136696e-06
129.00000000 +5.0000000000000000e+00 +1.9993744593373348e+00 +2.8418268408498598e-03 +9.9737707203319592e-01 +9.9987247475020480e-01 +9.9988948850032522e-01 +9.9989273205107787e-01 +9.9994181716396702e-01 +6.6966449643870226e-04 +4.2691732594768352e-04 +2.5471754635209638e-04 +8.0392091351515899e-04 +8.7119521886980938e-04
129.50000000 +5.0000000000000000e+00 +1.9995736917546942e+00 +2.6776586648242910e-03 +9.9786651956964734e-01 +9.9990234428267355e-01 +9.9987122260789540e-01 +9.9995467316607956e-01 +9.9986883190222509e-01 +4.9869051404063741e-04 +5.5735937458984742e-04 +2.8126922678038731e-05 +7.8981054475174876e-04 +6.6242111762371400e-04
130.00000000 +5.0000000000000000e+00 +1.9995357069657931e+00 +2.5029462913271384e-03 +9.9829298352744655e-01 +9.9981335998022447e-01 +9.9984982351098484e-01 +9.9986189165886197e-01 +9.9985571986575050e-01 +2.4104559386330213e-04 +7.6277381850296420e-04 +3.6338431081388528e-04 +7.6008506102723022e-04 +1.9893267329599182e-04
130.50000000 +5.0000000000000000e+00 +1.9994437500112701e+00 +2.7224513800013714e-03 +9.9775889318841238e-01 +9.9985793765759479e-01 +9.9983902583571671e-01 +9.9989200625833141e-01 +9.9985957049571739e-01 +5.5793509073676962e-04 -1.2703994985037358e-04 +6.6715042371561005e-04 +1.0434558959401458e-03 +6.5106510323284679e-04
131.00000000 +5.0000000000000000e+00 +1.9992657908263656e+00 +3.3206216043754001e-03 +9.9627210935878274e-01 +9.9994637207584003e-01 +9.9986220887521826e-01 +9.9987850143067536e-01 +9.9985766121773278e-01 +1.3836162571537075e-03 +1.3488070778911027e-03 +7.7092923679125929e-04 +1.3465018443309200e-04 +5.4514428055216278e-04
131.50000000 +5.0000000000000000e+00 +1.9993341699265845e+00 +2.9291455020054279e-03 +9.9721444703989515e-01 +9.9986624443543304e-01 +9.9991974863272004e-01 +9.9987397456679172e-01 +9.9989066933215887e-01 +8.9209370568538106e-04 +6.8227939168866581e-04 +5.0063231854098069e-04 +8.0805090661018313e-04 +3.5185966733467422e-04
132.00000000 +5.0000000000000000e+00 +1.9992972399712106e+00 +2.8495461017902755e-03 +9.9735175563633094e-01 +9.9994597075800495e-01 +9.9989064210563239e-01 +9.9976427185533767e-01 +9.9985778436161910e-01 +6.8814780437610257e-04 +6.6154633184704003e-04 -8.2051038766001562e-05 +7.8409448601693171e-04 +1.1378377012637453e-03
132.50000000 +5.0000000000000000e+00 +1.9993889380601315e+00 +2.5442496520906677e-03 +9.9815673671215221e-01 +9.9988731994802826e-01 +9.9990893437817008e-01 +9.9983353715384593e-01 +9.9987312435649178e-01 +5.3256621573420301e-04 +4.0296329569569254e-04 +4.4295292659494550e-04 +7.4130370712805198e-04 +2.2056131050444096e-04
133.00000000 +5.0000000000000000e+00 +1.9992068089788946e+00 +3.2133189249222735e-03 +9.9646357401095775e-01 +9.9985682352298078e-01 +9.9993332575997995e-01 +9.9990832967950483e-01 +9.9990569254886530e-01 +9.2477649185664773e-04 +4.5427357077803713e-04 +8.7569000922170894e-04 +1.0043550763213088e-03 +6.7315933180834837e-04
133.50000000 +5.0000000000000000e+00 +1.9991990113777867e+00 +3.2660718726399925e-03 +9.9634802673881828e-01 +9.9993604159094451e-01 +9.9992341589654521e-01 +9.9991410163639727e-01 +9.9983061703492337e-01 +1.2736254214775844e-03 +5.2449444541610951e-04 +5.4438163640427957e-04 +7.4944898322252813e-04 +9.5584662038573117e-04
134.00000000 +5.0000000000000000e+00 +1.9993070868973186e+00 +2.7976847198089936e-03 +9.9752929119705280e-01 +9.9987506344984312e-01 +9.9987061495887164e-01 +9.9994098490535444e-01 +9.9986264412893211e-01 +8.9164925425248593e-04 +3.4667373075866488e-04 +4.6631765247947084e-04 +3.0606121791909580e-04 +9.1069950842905640e-04
134.50000000 +5.0000000000000000e+00 +1.9991400391431138e+00 +3.0877582547791031e-03 +9.9672113697060716e-01 +9.9988276469456627e-01 +9.9993553910972854e-01 +9.9985325446346440e-01 +9.9988373455758850e-01 +6.2251540896328221e-04 +9.9557919876031779e-04 +7.0482883139279067e-04 +8.9214713993747950e-04 +5.0849962584763363e-04
135.00000000 +5.0000000000000000e+00 +1.9993232950361446e+00 +2.7568788107882481e-03 +9.9766318152410627e-01 +9.9985428513292585e-01 +9.9982000469616450e-01 +9.9991770030086025e-01 +9.9989459363650246e-01 +2.5627878533262708e-04 +8.6748692995263312e-04 +8.7523190305423065e-04 +9.5774153188452288e-05 +7.5546293369357475e-04
135.50000000 +5.0000000000000000e+00 +1.9994050185023948e+00 +2.5519013750988141e-03 +9.9810567851175447e-01 +9.9984073720671607e-01 +9.9986411248525298e-01 +9.9987611370170448e-01 +9.9987408419252410e-01 +8.3602135884137702e-04 +7.8566576491689887e-04 -3.7370288600833105e-04 +3.3823624382366992e-04 +8.5305341838285743e-04
136.00000000 +5.0000000000000000e+00 +1.9990774330295638e+00 +3.4266170575473144e-03 +9.9588681981872873e-01 +9.9990017263532360e-01 +9.9991308267265222e-01 +9.9985850544408295e-01 +9.9987596031513204e-01 +9.2152716875396274e-04 +8.8128954176138819e-04 +7.7394418462046100e-04 +1.3443164756291016e-03 +6.4438174366125375e-04
136.50000000 +5.0000000000000000e+00 +1.9991463194145256e+00 +2.9566020847562715e-03 +9.9712738203979134e-01 +9.9985923739872296e-01 +9.9991807915053865e-01 +9.9993835421673627e-01 +9.9982274575733099e-01 +1.0824018531475973e-03 +4.0951673739558802e-04 +1.2437160675024999e-03 +3.2377049785799655e-04 +2.7479627718813112e-04
137.00000000 +5.0000000000000000e+00 +1.9993146582265495e+00 +2.5099081579225417e-03 +9.9818695547618641e-01 +9.9986833308375289e-01 +9.9993642446615871e-01 +9.9990071085359722e-01 +9.9990394573125430e-01 +5.4731467904505697e-04 +2.9115240230158244e-04 +1.4441315540047173e-04 +4.7066615610445706e-04 +7.5008399681528181e-04
137.50000000 +5.0000000000000000e+00 +1.9990826997876880e+00 +3.1188265975771222e-03 +9.9667168356931879e-01 +9.9984035401797788e-01 +9.9988156037689746e-01 +9.9986228756883477e-01 +9.9988768441330522e-01 +6.1511091010746572e-04 +1.0230595861784977e-03 +5.8596794202352153e-04 +9.4940379985036262e-04 +6.8288781933634017e-04
138.00000000 +5.0000000000000000e+00 +1.9991090912113838e+00 +2.9112455467411309e-03 +9.9720392492824816e-01 +9.9985377569225342e-01 +9.9988431488358587e-01 +9.9985387458972841e-01 +9.9991083281809356e-01 +1.1512909337442910e-03 +4.5577030683754429e-04 +8.2492922808246770e-04 +4.4514213886405745e-04 +4.1614448213783223e-04
138.50000000 +5.0000000000000000e+00 +1.9991436705597538e+00 +2.8421090779186353e-03 +9.9737699014327963e-01 +9.9981175077638251e-01 +9.9989633254666455e-01 +9.9985694874037845e-01 +9.9985871320378872e-01 +8.1179797268850863e-05 +1.0172493213374460e-03 +3.4477684195553656e-05 +1.4038656873896678e-03 +6.6249209708865925e-04
139.00000000 +5.0000000000000000e+00 +1.9989061343238361e+00 +3.0165885155315980e-03 +9.9680245444388393e-01 +9.9984545882899512e-01 +9.9984947183825679e-01 +9.9986714068739246e-01 +9.9984351063818699e-01 +4.8236404397607516e-04 +5.7380047764735717e-04 +1.1259395488902749e-03 +5.2191443994286497e-04 +1.0879450508816284e-03
139.50000000 +5.0000000000000000e+00 +1.9992826950937244e+00 +2.6184375877120361e-03 +9.9791550606801094e-01 +9.9987735085518104e-01 +9.9984812367197273e-01 +9.9991183982598209e-01 +9.9987031765942969e-01 +1.4205909006840276e-04 +5.6650219363877340e-04 -5.5540648071684987e-05 +9.4192696584452691e-04 +9.8191431475413613e-04
140.00000000 +5.0000000000000000e+00 +1.9990909638457641e+00 +3.0803633811177671e-03 +9.9683603273485522e-01 +9.9980496621002990e-01 +9.9980305248253631e-01 +9.9993641419709400e-01 +9.9984177011396369e-01 +5.6158959214490313e-04 +1.2181848508347214e-03 +4.1464504979974511e-04 +1.3202340021402873e-03 +2.6311076301846150e-04
140.50000000 +5.0000000000000000e+00 +1.9991300476680958e+00 +2.8452153078896568e-03 +9.9735005919778397e-01 +9.9984602787132837e-01 +9.9989450488050013e-01 +9.9994050889123054e-01 +9.9978751555123746e-01 +7.8981653179663845e-04 +1.0574853255472013e-03 +3.8963849030026869e-04 +6.5118281427437952e-04 +2.9326044749630709e-04
141.00000000 +5.0000000000000000e+00 +1.9993052995040377e+00 +2.3821979842108612e-03 +9.9855018903417148e-01 +9.9992496482568105e-01 +9.9990178566862697e-01 +9.9982915303726827e-01 +9.9989782536605909e-01 +1.5163574931491042e-04 +2.6568322774209001e-04 +7.4949271872940437e-04 -1.2359399417467495e-04 +8.5286436645770538e-04
141.50000000 +5.0000000000000000e+00 +1.9988059027770664e+00 +3.6044310912806635e-03 +9.9537281706083380e-01 +9.9987996322541883e-01 +9.9987911281008435e-01 +9.9989405061293357e-01 +9.9992659983240406e-01 +2.0226949096899513e-04 +1.0953484899334769e-03 +1.4424375347357559e-03 +1.3795216999539226e-03 +9.2787924110528238e-04
142.00000000 +5.0000000000000000e+00 +1.9992802446252618e+00 +2.8377815807647741e-03 +9.9738526668816463e-01 +9.9990380010236712e-01 +9.9991642037878881e-01 +9.9991026006137129e-01 +9.9975528793569912e-01 +7.8932085824894049e-04 +6.8159930948639231e-04 +1.1566830965579443e-03 +5.3344228137629647e-04 -3.2080710125761441e-05
142.50000000 +5.0000000000000000e+00 +1.9990444302742540e+00 +3.1982736461823803e-03 +9.9645374403478593e-01 +9.9993124476980999e-01 +9.9984903865903818e-01 +9.9978847206384325e-01 +9.9987441003602306e-01 +3.8563557380248470e-04 +1.0364370101015809e-03 +8.7502963013721860e-04 +1.2759361203706627e-03 +5.3005210075558718e-04
143.00000000 +5.0000000000000000e+00 +1.9993346276993704e+00 +2.4294116051100591e-03 +9.9840759764398201e-01 +9.9992137588870911e-01 +9.9987621201931765e-01 +9.9976573597365404e-01 +9.9979116290088232e-01 +4.0753159058768866e-04 +4.2784872285408322e-04 +8.4981666382810651e-04 -2.3521041310848424e-04 +7.8792900633916274e-04
143.50000000 +5.0000000000000000e+00 +1.9993608234572517e+00 +2.7341717647630754e-03 +9.9763191484508318e-01 +9.9987300947278912e-01 +9.9984020512305649e-01 +9.9992007274828865e-01 +9.9981756315199999e-01 +3.5738919944952705e-04 +1.1919433527308074e-03 +3.3496989226236502e-04 +2.4286621957613953e-04 +7.9006599630992590e-04
144.00000000 +5.0000000000000000e+00 +1.9992780119665294e+00 +3.2800941990616238e-03 +9.9644591983694863e-01 +9.9983585488322446e-01 +9.9990269995777692e-01 +9.9977432704083624e-01 +9.9986636030751264e-01 +2.8020282827468128e-04 +9.1968772616204454e-04 +9.8971265783065736e-04 +1.0034787431914703e-03 +9.8175601789529990e-04
144.50000000 +5.0000000000000000e+00 +1.9990418912589458e+00 +3.1569578112734809e-03 +9.9662284641213583e-01 +9.9977390185234172e-01 +9.9988291314984856e-01 +9.9976730746370734e-01 +9.9978394409411619e-01 +1.0657747496817789e-03 +9.0058200857334096e-04 +7.8604854083045986e-04 +8.5250469790679379e-04 +5.6417702763210658e-04
145.00000000 +5.0000000000000000e+00 +1.9990831495133696e+00 +2.9555774193744822e-03 +9.9709454647420215e-01 +9.9990948072777530e-01 +9.9993000744081950e-01 +9.9991281739248528e-01 +9.9973664039960408e-01 +8.7741633453843732e-04 +3.0843984981195099e-04 +1.2998253639330023e-03 +6.3487217568081612e-04 +2.9595384429168572e-04
145.50000000 +5.0000000000000000e+00 +1.9990915040883255e+00 +3.1168224687213981e-03 +9.9688636319216528e-01 +9.9989550226244539e-01 +9.9980252441923867e-01 +9.9974639178449387e-01 +9.9982122284216424e-01 +1.2873468723121244e-03 +9.6742136656452482e-04 +6.3068070356726185e-04 +7.1851959013872688e-04 +2.4402696834187844e-04
146.00000000 +5.0000000000000000e+00 +1.9990772013425595e+00 +2.5785789462933325e-03 +9.9804051138471606e-01 +9.9972312555925125e-01 +9.9983590335326222e-01 +9.9985489415471307e-01 +9.9985803732235834e-01 +6.5971094276580085e-04 +8.5095586042168033e-04 +1.7848611377928740e-04 +7.9259781992795661e-04 +2.0577748576731868e-04
146.50000000 +5.0000000000000000e+00 +1.9991940296761173e+00 +2.7389964542667250e-03 +9.9768636361330565e-01 +9.9993026396799278e-01 +9.9970452442556434e-01 +9.9982809823765206e-01 +9.9988325655127863e-01 +1.1689407188122797e-03 +7.2158110420558579e-04 +1.7808940384367148e-04 -9.2954477774724099e-05 +9.9183645777503344e-04
147.00000000 +5.0000000000000000e+00 +1.9990060261174518e+00 +2.7150959700716314e-03 +9.9769024506094584e-01 +9.9986339254942525e-01 +9.9978237186997299e-01 +9.9995881952013332e-01 +9.9971853481156603e-01 +7.0402604454497715e-04 -2.9030796881659087e-04 +9.8927939028593814e-04 +6.5872902793677284e-04 +9.2490969630248888e-04
147.50000000 +5.0000000000000000e+00 +1.9990012671430291e+00 +2.7066432649857329e-03 +9.9771469091763954e-01 +9.9988963946210019e-01 +9.9978647694720024e-01 +9.9983555885801234e-01 +9.9974423340466423e-01 +9.6319140894026193e-04 +7.0398084376713244e-04 +9.4458463991152562e-04 -3.0049895671558692e-04 +7.1814247300046969e-04
148.00000000 +5.0000000000000000e+00 +1.9985996191632185e+00 +3.4040709384815723e-03 +9.9584666497724827e-01 +9.9973263090092823e-01 +9.9992062490997424e-01 +9.9967427563655564e-01 +9.9998042623065497e-01 +1.0621989932767207e-03 +1.2448963139138360e-03 +8.5590420626453995e-04 +6.4894337405676736e-04 +1.0334344567386256e-03
148.50000000 +5.0000000000000000e+00 +1.9991324473644612e+00 +2.6702289124692904e-03 +9.9793810072417599e-01 +9.9976784479456882e-01 +9.9979895712503208e-01 +9.9979452900013921e-01 +9.9982516572317637e-01 +1.4168589957749987e-03 +3.3632064268365177e-04 +6.5051770420581419e-04 +1.1412514585566089e-04 +3.5758014538262193e-04
149.00000000 +5.0000000000000000e+00 +1.9992644585686272e+00 +2.6439530400307479e-03 +9.9801474507320675e-01 +9.9989437140660098e-01 +9.9974180839231475e-01 +9.9980577924173775e-01 +9.9989525032653181e-01 +5.8239212151926074e-04 +4.1658171863877979e-04 +1.0091390621680542e-03 +5.8431938368082683e-04 +5.5613275250602988e-05
149.50000000 +5.0000000000000000e+00 +1.9988218746645927e+00 +3.2312053920359159e-03 +9.9639541904245810e-01 +9.9974917489813853e-01 +9.9978927122964956e-01 +9.9977917251679438e-01 +9.9977560303325308e-01 +7.6181287270083928e-04 +1.3532304952193575e-03 +7.1886329030192923e-04 +2.2164971994669981e-04 +1.4558029028356979e-03
150.00000000 +5.0000000000000000e+00 +1.9987967077003759e+00 +3.4463751720362297e-03 +9.9578161849715252e-01 +9.9979665422076702e-01 +9.9994983408740901e-01 +9.9985666677310359e-01 +9.9987227116567945e-01 +9.6600883770045813e-04 +9.4208038059605031e-04 +1.3314483054632348e-03 +4.6771889051494645e-04 +1.0356988435526113e-03
