#PATCH_CHECK: SepMBpoisson v0.60 fullmb-kondo adaptive-t500 active
#discretizing the bath:
#     0 0.0000000000000000e+00 -9.1873305439137479e-02
#     1 2.5819888974716113e-03 -1.6720941589923019e-01
#     2 2.5819888974716113e-03 -1.6537473388326893e-01
#     3 2.5819888974716113e-03 -1.6353448368166471e-01
#adaptive measurement: gap=1.8346820159612642e-03 period_steps=6850 nmeas=200 nwf=200 tmax=1.0000000000000000e+02 forced_stride=1
  0.00000000 +2.0000000000000000e+00 +1.9999999999999998e+00 +1.8374661879283106e-03 +1.0000000000000000e+00 +1.0000000000000000e+00 +0.0000000000000000e+00 +0.0000000000000000e+00
  0.50000000 +2.0000000000000000e+00 +1.9999999999901925e+00 +1.8387998109560477e-03 +9.9999661425513930e-01 +1.0000000000008133e+00 +1.6922239777636850e-06 +1.6935216955380436e-06
  1.00000000 +2.0000000000000000e+00 +1.9999999997427784e+00 +1.8427186406846528e-03 +9.9998666333871644e-01 +9.9999999999411338e-01 +6.6468662386280482e-06 +6.6897992874939925e-06
  1.50000000 +2.0000000000000000e+00 +2.0000000029963050e+00 +1.8490203814497566e-03 +9.9997065504296889e-01 +9.9999999993412847e-01 +1.4727893431538571e-05 +1.4617129144657244e-05
  2.00000000 +2.0000000000000000e+00 +1.9999999971053373e+00 +1.8576472303937263e-03 +9.9994872658003109e-01 +9.9999999972772802e-01 +2.5761146157866418e-05 +2.5512545994318926e-05
  2.50000000 +2.0000000000000000e+00 +2.0000000037462295e+00 +1.8684096268141040e-03 +9.9992134996810045e-01 +9.9999999935219608e-01 +3.9386198063926939e-05 +3.9264482080511072e-05
  3.00000000 +2.0000000000000000e+00 +1.9999999814609197e+00 +1.8811594105513482e-03 +9.9988887683644734e-01 +9.9999999872122758e-01 +5.5727434656532999e-05 +5.5397008960185091e-05
  3.50000000 +2.0000000000000000e+00 +1.9999999378851694e+00 +1.8954518487752298e-03 +9.9985242748535330e-01 +9.9999999785279425e-01 +7.3729394866027379e-05 +7.3845265307387396e-05
  4.00000000 +2.0000000000000000e+00 +1.9999998615729786e+00 +1.9104791851045032e-03 +9.9981403092225973e-01 +9.9999999610086565e-01 +9.2899549185821486e-05 +9.3073429049454081e-05
  4.50000000 +2.0000000000000000e+00 +1.9999999455669211e+00 +1.9268646225010721e-03 +9.9977210680784268e-01 +9.9999999358912306e-01 +1.1419188638324456e-04 +1.1370771665203265e-04
  5.00000000 +2.0000000000000000e+00 +1.9999999769128485e+00 +1.9433244814981536e-03 +9.9972987403964764e-01 +9.9999999065257406e-01 +1.3534990525660646e-04 +1.3478540208184292e-04
  5.50000000 +2.0000000000000000e+00 +2.0000000162495981e+00 +1.9596706043531068e-03 +9.9968781074778135e-01 +9.9999998592886574e-01 +1.5649711629723979e-04 +1.5570620671286021e-04
  6.00000000 +2.0000000000000000e+00 +1.9999997823067499e+00 +1.9753978449409859e-03 +9.9964716548623023e-01 +9.9999998098017007e-01 +1.7689595281311600e-04 +1.7595758212849476e-04
  6.50000000 +2.0000000000000000e+00 +1.9999996249356287e+00 +1.9909983583718959e-03 +9.9960676692391337e-01 +9.9999997319250700e-01 +1.9690167083303612e-04 +1.9635821433724960e-04
  7.00000000 +2.0000000000000000e+00 +1.9999995365248897e+00 +2.0036434484951623e-03 +9.9957365329080516e-01 +9.9999996550407799e-01 +2.1455590849825764e-04 +2.1182529664507457e-04
  7.50000000 +2.0000000000000000e+00 +1.9999998214897683e+00 +2.0163465167137742e-03 +9.9954034585410634e-01 +9.9999995635251204e-01 +2.3014361944258976e-04 +2.2955417437910881e-04
  8.00000000 +2.0000000000000000e+00 +1.9999995448206094e+00 +2.0253559498408856e-03 +9.9951621684468428e-01 +9.9999994694074767e-01 +2.4258835809529687e-04 +2.4124785612820320e-04
  8.50000000 +2.0000000000000000e+00 +1.9999998161064128e+00 +2.0338325953823950e-03 +9.9949340133043163e-01 +9.9999993055313097e-01 +2.5441199680610875e-04 +2.5225611926665072e-04
  9.00000000 +2.0000000000000000e+00 +1.9999999125276040e+00 +2.0408115784452852e-03 +9.9947428463107879e-01 +9.9999991909384622e-01 +2.6904430108445773e-04 +2.5675197396975792e-04
  9.50000000 +2.0000000000000000e+00 +1.9999993361711406e+00 +2.0416077474524146e-03 +9.9947072946203974e-01 +9.9999990111390957e-01 +2.6889169120826494e-04 +2.6047773285185587e-04
 10.00000000 +2.0000000000000000e+00 +1.9999997442420105e+00 +2.0411779298830863e-03 +9.9947035041803989e-01 +9.9999988693226527e-01 +2.6722046520776292e-04 +2.6254218329656228e-04
 10.50000000 +2.0000000000000000e+00 +1.9999998259770477e+00 +2.0427380711306115e-03 +9.9946494822155585e-01 +9.9999986679968433e-01 +2.7100113535419822e-04 +2.6418384222507617e-04
 11.00000000 +2.0000000000000000e+00 +1.9999993480506573e+00 +2.0395173643412250e-03 +9.9947170044479738e-01 +9.9999985466783192e-01 +2.6596568141531448e-04 +2.6247920475408639e-04
 11.50000000 +2.0000000000000000e+00 +1.9999989417774988e+00 +2.0300415854124670e-03 +9.9949437620361259e-01 +9.9999983339554221e-01 +2.5281366105223087e-04 +2.5297674016137726e-04
 12.00000000 +2.0000000000000000e+00 +1.9999987452151975e+00 +2.0217591474633585e-03 +9.9951432848077182e-01 +9.9999980687618617e-01 +2.4224579929859181e-04 +2.4361884249321305e-04
 12.50000000 +2.0000000000000000e+00 +1.9999987360730351e+00 +2.0102647309140501e-03 +9.9954250636263298e-01 +9.9999980282947132e-01 +2.3024788646191133e-04 +2.2744292025945616e-04
 13.00000000 +2.0000000000000000e+00 +1.9999988303935003e+00 +2.0001641155208377e-03 +9.9956728037334464e-01 +9.9999976854018235e-01 +2.2365153853655788e-04 +2.0929954678693314e-04
 13.50000000 +2.0000000000000000e+00 +1.9999982325861332e+00 +1.9822311424814781e-03 +9.9961197914993838e-01 +9.9999973752577376e-01 +1.9789372603354924e-04 +1.9038959862736346e-04
 14.00000000 +2.0000000000000000e+00 +1.9999983762718538e+00 +1.9733321601477149e-03 +9.9963475363544041e-01 +9.9999974025423533e-01 +1.9190226709547292e-04 +1.7360384447599506e-04
 14.50000000 +2.0000000000000000e+00 +1.9999982318863609e+00 +1.9608902771228133e-03 +9.9966603098819706e-01 +9.9999972190646114e-01 +1.7150135168837033e-04 +1.6274575240737214e-04
 15.00000000 +2.0000000000000000e+00 +1.9999977922707999e+00 +1.9423764134101568e-03 +9.9971355156459918e-01 +9.9999970049345333e-01 +1.5020675370996546e-04 +1.3654118944824196e-04
 15.50000000 +2.0000000000000000e+00 +1.9999973189966156e+00 +1.9341491012685173e-03 +9.9973508314421189e-01 +9.9999967539190637e-01 +1.3340456645752870e-04 +1.3183689620765366e-04
 16.00000000 +2.0000000000000000e+00 +1.9999976617478838e+00 +1.9188810821236905e-03 +9.9977506598566390e-01 +9.9999967762074971e-01 +1.1543791797787141e-04 +1.0981847549716863e-04
 16.50000000 +2.0000000000000000e+00 +1.9999980277192622e+00 +1.9058258075961524e-03 +9.9980927019862254e-01 +9.9999974223435750e-01 +9.3922472011044589e-05 +9.7065096118370052e-05
 17.00000000 +2.0000000000000000e+00 +1.9999982437922232e+00 +1.8935118772055598e-03 +9.9984187633322352e-01 +9.9999967640892240e-01 +8.6884061188109975e-05 +7.1563196574378187e-05
 17.50000000 +2.0000000000000000e+00 +1.9999976108158877e+00 +1.8830530921012075e-03 +9.9987090512712085e-01 +9.9999960591121040e-01 +6.6955011587018764e-05 +6.2533950110291907e-05
 18.00000000 +2.0000000000000000e+00 +1.9999973150995927e+00 +1.8716992445027931e-03 +9.9990158991299194e-01 +9.9999965945208102e-01 +5.7455154250373763e-05 +4.1295480227305245e-05
 18.50000000 +2.0000000000000000e+00 +1.9999979667969205e+00 +1.8737627347385803e-03 +9.9989850662771762e-01 +9.9999959851109621e-01 +5.9033193749489788e-05 +4.2861667905939697e-05
 19.00000000 +2.0000000000000000e+00 +1.9999990895763442e+00 +1.8688709412635319e-03 +9.9991388035033024e-01 +9.9999947808286493e-01 +4.8260473567677669e-05 +3.8381091710504809e-05
 19.50000000 +2.0000000000000000e+00 +1.9999990917042318e+00 +1.8641604788447303e-03 +9.9992799412325617e-01 +9.9999958523291066e-01 +3.0830721995181537e-05 +4.1589921362838303e-05
 20.00000000 +2.0000000000000000e+00 +2.0000001680314914e+00 +1.8638321724860495e-03 +9.9993088998185020e-01 +9.9999956640149668e-01 +3.9255320715224197e-05 +3.0288295940040217e-05
 20.50000000 +2.0000000000000000e+00 +1.9999985735509451e+00 +1.8680606590737749e-03 +9.9992261648908520e-01 +9.9999950935236603e-01 +4.3218925599515895e-05 +3.4655234115004373e-05
 21.00000000 +2.0000000000000000e+00 +1.9999993411203836e+00 +1.8703959172350296e-03 +9.9991884272105791e-01 +9.9999957511485060e-01 +5.1055783286391868e-05 +3.0526380443154904e-05
 21.50000000 +2.0000000000000000e+00 +2.0000003158488728e+00 +1.8790497783040948e-03 +9.9989984503695917e-01 +9.9999956171627224e-01 +4.8454027738901983e-05 +5.2139217866658799e-05
 22.00000000 +2.0000000000000000e+00 +1.9999987027570696e+00 +1.8755303760202638e-03 +9.9990973774493597e-01 +9.9999966048323341e-01 +4.0870354925363906e-05 +4.9731415868125305e-05
 22.50000000 +2.0000000000000000e+00 +1.9999986097601776e+00 +1.9010303581344637e-03 +9.9984598158918714e-01 +9.9999953815982479e-01 +6.1135886991251000e-05 +9.3344364473741856e-05
 23.00000000 +2.0000000000000000e+00 +1.9999997910844893e+00 +1.9030349085346141e-03 +9.9984260143191883e-01 +9.9999963711070439e-01 +8.2015718206700743e-05 +7.5745739650879689e-05
 23.50000000 +2.0000000000000000e+00 +2.0000001081780150e+00 +1.9132721712876164e-03 +9.9981750850886042e-01 +9.9999956766597820e-01 +9.2449799701442987e-05 +9.0474025072049961e-05
 24.00000000 +2.0000000000000000e+00 +1.9999975756873702e+00 +1.9211661063952533e-03 +9.9979745210883419e-01 +9.9999969917520304e-01 +9.6504682818578761e-05 +1.0634403353371251e-04
 24.50000000 +2.0000000000000000e+00 +1.9999987762363665e+00 +1.9385328705979589e-03 +9.9975430306846869e-01 +9.9999954554293180e-01 +1.3238937974430182e-04 +1.1376200997289701e-04
 25.00000000 +2.0000000000000000e+00 +1.9999955099706579e+00 +1.9488067541050496e-03 +9.9972781231345387e-01 +9.9999951956442612e-01 +1.2864665400012185e-04 +1.4402146673356123e-04
 25.50000000 +2.0000000000000000e+00 +1.9999962412031214e+00 +1.9469618852358643e-03 +9.9973161662964094e-01 +9.9999958848641268e-01 +1.2886750291508776e-04 +1.3992738103661988e-04
 26.00000000 +2.0000000000000000e+00 +1.9999987946910189e+00 +1.9709089819997354e-03 +9.9966994966328704e-01 +9.9999945141783564e-01 +1.6027669970552323e-04 +1.7032221905971759e-04
 26.50000000 +2.0000000000000000e+00 +1.9999960851975940e+00 +1.9753792375020360e-03 +9.9965695821087575e-01 +9.9999930917701174e-01 +1.5601478001153456e-04 +1.8771783356187152e-04
 27.00000000 +2.0000000000000000e+00 +1.9999955065335087e+00 +1.9892059717475591e-03 +9.9961896484215884e-01 +9.9999931544759568e-01 +1.9564404438414076e-04 +1.8607566588880401e-04
 27.50000000 +2.0000000000000000e+00 +1.9999961855982538e+00 +1.9993721411869941e-03 +9.9959142393848577e-01 +9.9999943472021924e-01 +1.9613643049027396e-04 +2.1300491071114637e-04
 28.00000000 +2.0000000000000000e+00 +1.9999951823649391e+00 +1.9971214708880184e-03 +9.9959498068232899e-01 +9.9999926797991312e-01 +2.2512058193197975e-04 +1.8063075439653088e-04
 28.50000000 +2.0000000000000000e+00 +1.9999941467554336e+00 +2.0100865505458180e-03 +9.9956080388385327e-01 +9.9999909568781398e-01 +2.1717050801904297e-04 +2.2292992128359913e-04
 29.00000000 +2.0000000000000000e+00 +1.9999953230269689e+00 +2.0000755562516793e-03 +9.9958328438636934e-01 +9.9999941510567647e-01 +2.2243452608819862e-04 +1.9486598083080046e-04
 29.50000000 +2.0000000000000000e+00 +1.9999925688646538e+00 +2.0281708124667633e-03 +9.9950960285200463e-01 +9.9999926735200373e-01 +2.5304523378658073e-04 +2.3808456314047537e-04
 30.00000000 +2.0000000000000000e+00 +1.9999955036241650e+00 +2.0050575471909507e-03 +9.9956503152935816e-01 +9.9999913038694710e-01 +2.1438414566718822e-04 +2.2145393699992834e-04
 30.50000000 +2.0000000000000000e+00 +1.9999953409828151e+00 +2.0138747222975895e-03 +9.9954118070142217e-01 +9.9999900978236289e-01 +2.2774570011082517e-04 +2.3206381471198228e-04
 31.00000000 +2.0000000000000000e+00 +1.9999968179837488e+00 +1.9955597175076614e-03 +9.9958321182789056e-01 +9.9999903818354663e-01 +2.0955725707739119e-04 +2.0819273056236072e-04
 31.50000000 +2.0000000000000000e+00 +1.9999956451245613e+00 +2.0113719722387497e-03 +9.9954121128072804e-01 +9.9999921384920420e-01 +2.3763584408006752e-04 +2.2193902598031991e-04
 32.00000000 +2.0000000000000000e+00 +1.9999964516304010e+00 +1.9867910762640275e-03 +9.9960327962649342e-01 +9.9999887351240913e-01 +1.8517419415762905e-04 +2.1267266784455124e-04
 32.50000000 +2.0000000000000000e+00 +1.9999932031086294e+00 +1.9938015036975510e-03 +9.9958282560857048e-01 +9.9999869687954990e-01 +2.1849354559611809e-04 +1.9998396500526267e-04
 33.00000000 +2.0000000000000000e+00 +1.9999960984370304e+00 +1.9842499035716867e-03 +9.9960728712109337e-01 +9.9999879645722956e-01 +1.9889660799104949e-04 +1.9501981379041960e-04
 33.50000000 +2.0000000000000000e+00 +1.9999972618779978e+00 +1.9639228383604899e-03 +9.9965701543912033e-01 +9.9999881798024337e-01 +1.8657585543236789e-04 +1.5759072511223869e-04
 34.00000000 +2.0000000000000000e+00 +1.9999914131311309e+00 +1.9677755213347173e-03 +9.9964689542540730e-01 +9.9999914897612674e-01 +1.8972637167090763e-04 +1.6422922814661141e-04
 34.50000000 +2.0000000000000000e+00 +1.9999948643307475e+00 +1.9496473679785715e-03 +9.9969351039970200e-01 +9.9999845715702251e-01 +1.5752741782476906e-04 +1.5050502548085833e-04
 35.00000000 +2.0000000000000000e+00 +1.9999909209536597e+00 +1.9498770380908541e-03 +9.9969105550618220e-01 +9.9999912352412101e-01 +1.4848293771144749e-04 +1.6133803287648226e-04
 35.50000000 +2.0000000000000000e+00 +1.9999922153388552e+00 +1.9476627973779358e-03 +9.9969709674759100e-01 +9.9999857405534787e-01 +1.5894381631163072e-04 +1.4538538033758729e-04
 36.00000000 +2.0000000000000000e+00 +1.9999893720445985e+00 +1.9405671062834135e-03 +9.9971586588352312e-01 +9.9999894639628029e-01 +1.3948548379972168e-04 +1.4570223772047110e-04
 36.50000000 +2.0000000000000000e+00 +1.9999951655417614e+00 +1.9336333856951550e-03 +9.9973661024333704e-01 +9.9999797361424358e-01 +1.4761874718277241e-04 +1.1779739526809881e-04
 37.00000000 +2.0000000000000000e+00 +1.9999868384716328e+00 +1.9363179811935330e-03 +9.9972858554484767e-01 +9.9999865183289482e-01 +1.5481249119471800e-04 +1.1795013020885565e-04
 37.50000000 +2.0000000000000000e+00 +1.9999952251030222e+00 +1.9460010333221241e-03 +9.9970721509501292e-01 +9.9999899475120357e-01 +1.6943512993177097e-04 +1.2435502263940246e-04
 38.00000000 +2.0000000000000000e+00 +2.0000028633191342e+00 +1.9036282203609522e-03 +9.9981762836265242e-01 +9.9999894174391246e-01 +9.3928112525777947e-05 +8.9501781300118009e-05
 38.50000000 +2.0000000000000000e+00 +1.9999920963488378e+00 +1.9365048235351148e-03 +9.9973725158455040e-01 +9.9999846530343317e-01 +1.4499424954066397e-04 +1.1928886196152169e-04
 39.00000000 +2.0000000000000000e+00 +1.9999928041381216e+00 +1.9123329835075635e-03 +9.9979983260496008e-01 +9.9999813145574956e-01 +8.9683985045924035e-05 +1.1235195466068684e-04
 39.50000000 +2.0000000000000000e+00 +1.9999905255018680e+00 +1.9160038385575096e-03 +9.9979028583485863e-01 +9.9999808864695960e-01 +7.7022321718821460e-05 +1.3460319688602117e-04
 40.00000000 +2.0000000000000000e+00 +1.9999953994090536e+00 +1.9252102202458217e-03 +9.9977397553101732e-01 +9.9999850331724283e-01 +1.0298028678809939e-04 +1.2454086452980205e-04
 40.50000000 +2.0000000000000000e+00 +1.9999956391982090e+00 +1.9386350418507188e-03 +9.9973981296342496e-01 +9.9999757254451394e-01 +1.5038894449774677e-04 +1.1222554836947894e-04
 41.00000000 +2.0000000000000000e+00 +2.0000014868168257e+00 +1.9046317086188092e-03 +9.9983117694990897e-01 +9.9999809015097696e-01 +9.7022172883218626e-05 +7.3710726202023304e-05
 41.50000000 +2.0000000000000000e+00 +1.9999963971586219e+00 +1.9007966435813067e-03 +9.9983769302568493e-01 +9.9999816014133347e-01 +9.0813943091999717e-05 +7.3332891051256172e-05
 42.00000000 +2.0000000000000000e+00 +1.9999972540426743e+00 +1.9237643370892759e-03 +9.9978342497496886e-01 +9.9999920090558470e-01 +9.4906153805828468e-05 +1.2246796653231804e-04
 42.50000000 +2.0000000000000000e+00 +1.9999961389628857e+00 +1.9403401239692141e-03 +9.9974001307242755e-01 +9.9999824537077464e-01 +1.1224539816726728e-04 +1.4949615850397201e-04
 43.00000000 +2.0000000000000000e+00 +1.9999956613846963e+00 +1.9248546002339235e-03 +9.9978150445795722e-01 +9.9999775701290039e-01 +8.6973995716438496e-05 +1.3376453383235305e-04
 43.50000000 +2.0000000000000000e+00 +2.0000014603010841e+00 +1.9267468709868222e-03 +9.9977652311783050e-01 +9.9999854768735064e-01 +1.4322697898682708e-04 +8.1702214591648431e-05
 44.00000000 +2.0000000000000000e+00 +2.0000008204859765e+00 +1.9509860235553166e-03 +9.9971860160883985e-01 +9.9999776999450374e-01 +1.2483503983408734e-04 +1.5879335608859376e-04
 44.50000000 +2.0000000000000000e+00 +1.9999975914591237e+00 +1.9619364545901659e-03 +9.9968669922579778e-01 +9.9999822211715939e-01 +1.5410699882019308e-04 +1.6097165709891715e-04
 45.00000000 +2.0000000000000000e+00 +1.9999868545436572e+00 +1.9700143697093946e-03 +9.9966581667660415e-01 +9.9999900145341536e-01 +2.1554701129103906e-04 +1.1963485944026329e-04
 45.50000000 +2.0000000000000000e+00 +1.9999950743344848e+00 +1.9712180847266123e-03 +9.9966441199034695e-01 +9.9999850065850326e-01 +1.7440361886624555e-04 +1.6268373271675072e-04
 46.00000000 +2.0000000000000000e+00 +1.9999933670615697e+00 +1.9436638068965175e-03 +9.9973197738436148e-01 +9.9999716507996317e-01 +1.2620720176006165e-04 +1.4465033351714328e-04
 46.50000000 +2.0000000000000000e+00 +1.9999902143173256e+00 +1.9839510300501224e-03 +9.9963019629366401e-01 +9.9999833370186175e-01 +1.8225647397528334e-04 +1.8921353119898029e-04
 47.00000000 +2.0000000000000000e+00 +1.9999971531261138e+00 +1.9506890593010652e-03 +9.9971652036333103e-01 +9.9999754820980047e-01 +1.7731762429123963e-04 +1.0861380144892648e-04
 47.50000000 +2.0000000000000000e+00 +1.9999863591040623e+00 +1.9689888809303162e-03 +9.9966095087938411e-01 +9.9999812782577224e-01 +1.8645506192456663e-04 +1.5446623342508129e-04
 48.00000000 +2.0000000000000000e+00 +1.9999988923720617e+00 +1.9911877318002911e-03 +9.9961355755208603e-01 +9.9999804507113355e-01 +1.7878968887199487e-04 +2.0960768779779403e-04
 48.50000000 +2.0000000000000000e+00 +1.9999933196868820e+00 +1.9906644301327762e-03 +9.9960760861080444e-01 +9.9999804500742573e-01 +1.4481672852310621e-04 +2.4952965257796016e-04
 49.00000000 +2.0000000000000000e+00 +1.9999913873154864e+00 +1.9666621382990056e-03 +9.9966917949974310e-01 +9.9999739942994659e-01 +1.5534970599528740e-04 +1.7807136432225807e-04
 49.50000000 +2.0000000000000000e+00 +1.9999973524140386e+00 +1.9764139849040431e-03 +9.9963899265866552e-01 +9.9999799747315488e-01 +1.8426525402645490e-04 +1.7874461523355195e-04
 50.00000000 +2.0000000000000000e+00 +1.9999888620165933e+00 +1.9906017137233901e-03 +9.9960431791167270e-01 +9.9999858639221062e-01 +1.7715481062323965e-04 +2.1994088508397826e-04
 50.50000000 +2.0000000000000000e+00 +1.9999974709043575e+00 +1.9422691198949732e-03 +9.9972249554907433e-01 +9.9999731930732516e-01 +1.4881680778508762e-04 +1.3136833515072917e-04
 51.00000000 +2.0000000000000000e+00 +1.9999892859706763e+00 +1.9527929402586607e-03 +9.9969295938224434e-01 +9.9999793794241165e-01 +1.5844376281211030e-04 +1.5065891138531633e-04
 51.50000000 +2.0000000000000000e+00 +1.9999926216194597e+00 +1.9533040662493336e-03 +9.9969917265105579e-01 +9.9999826233987665e-01 +1.5003078187187410e-04 +1.5253422794564553e-04
 52.00000000 +2.0000000000000000e+00 +1.9999808315709080e+00 +1.9919035434097978e-03 +9.9959414940708247e-01 +9.9999648337168545e-01 +1.9423329775695457e-04 +2.1513392231408250e-04
 52.50000000 +2.0000000000000000e+00 +1.9999915971342983e+00 +1.9409943309924565e-03 +9.9972582327684456e-01 +9.9999796250418593e-01 +1.5245921397875073e-04 +1.2375500427609835e-04
 53.00000000 +2.0000000000000000e+00 +1.9999955700090888e+00 +1.9449847385914771e-03 +9.9971435731528147e-01 +9.9999635790935171e-01 +1.5766280554160720e-04 +1.3162196968817359e-04
 53.50000000 +2.0000000000000000e+00 +1.9999949646799264e+00 +1.9543968793767825e-03 +9.9969140377526533e-01 +9.9999644853672753e-01 +1.9544026256424239e-04 +1.1670742472047570e-04
 54.00000000 +2.0000000000000000e+00 +1.9999862162990656e+00 +1.9900615398126781e-03 +9.9959944839371528e-01 +9.9999717160686652e-01 +2.4578734492009641e-04 +1.5759265391712189e-04
 54.50000000 +2.0000000000000000e+00 +1.9999861486964698e+00 +1.9687256292276389e-03 +9.9965440720087306e-01 +9.9999632726782373e-01 +1.3430876770174110e-04 +2.1495676461818895e-04
 55.00000000 +2.0000000000000000e+00 +1.9999896044024812e+00 +1.9790664300868509e-03 +9.9962038941815257e-01 +9.9999798082727420e-01 +1.7225043611374151e-04 +2.0937931905906396e-04
 55.50000000 +2.0000000000000000e+00 +1.9999855668169286e+00 +1.9681410691748738e-03 +9.9965879501742583e-01 +9.9999517014765760e-01 +1.9196001692079812e-04 +1.5407481908001890e-04
 56.00000000 +2.0000000000000000e+00 +1.9999905174251804e+00 +1.9700262491695090e-03 +9.9964815127018902e-01 +9.9999751824752814e-01 +1.3058293404297059e-04 +2.2374754891019269e-04
 56.50000000 +2.0000000000000000e+00 +1.9999937042395632e+00 +1.9430623559860602e-03 +9.9971687258606823e-01 +9.9999486963477457e-01 +1.3179224352759291e-04 +1.5646553520513149e-04
 57.00000000 +2.0000000000000000e+00 +1.9999941213512833e+00 +1.9633970274109645e-03 +9.9966707384522469e-01 +9.9999544694500231e-01 +1.7531024898249784e-04 +1.6216896145887307e-04
 57.50000000 +2.0000000000000000e+00 +1.9999828700999351e+00 +1.9423432427052845e-03 +9.9971276186403690e-01 +9.9999771071017340e-01 +1.3934946228743680e-04 +1.5017796255108350e-04
 58.00000000 +2.0000000000000000e+00 +1.9999886299911300e+00 +1.9604315186805880e-03 +9.9967224296356816e-01 +9.9999823507258156e-01 +1.4098128864286605e-04 +1.8854067517293862e-04
 58.50000000 +2.0000000000000000e+00 +1.9999844322557370e+00 +1.9793722571257643e-03 +9.9962732413866340e-01 +9.9999608678428253e-01 +2.1698608572086119e-04 +1.5960299136194006e-04
 59.00000000 +2.0000000000000000e+00 +1.9999966072786974e+00 +1.9353842365904955e-03 +9.9974819906700119e-01 +9.9999811706410069e-01 +1.1978450943096126e-04 +1.3389935960355138e-04
 59.50000000 +2.0000000000000000e+00 +1.9999947170058530e+00 +1.9438433416547750e-03 +9.9972522691063914e-01 +9.9999466567292283e-01 +1.9652293135060916e-04 +8.3584484949869695e-05
 60.00000000 +2.0000000000000000e+00 +1.9999879356781491e+00 +1.9593243118900612e-03 +9.9967943501327083e-01 +9.9999739109558938e-01 +1.0992527144058595e-04 +2.1324861867255660e-04
 60.50000000 +2.0000000000000000e+00 +1.9999948369503149e+00 +1.9439224271674486e-03 +9.9972173664485520e-01 +9.9999560622184080e-01 +1.4300566324715084e-04 +1.3965146959290310e-04
 61.00000000 +2.0000000000000000e+00 +1.9999846162022183e+00 +1.9463975837581274e-03 +9.9971732696049231e-01 +9.9999413335525478e-01 +1.5282345986869389e-04 +1.3571622427748067e-04
 61.50000000 +2.0000000000000000e+00 +1.9999827424479890e+00 +1.9989416847284009e-03 +9.9958089396145555e-01 +9.9999645045369034e-01 +1.7624244624008380e-04 +2.4641313801231589e-04
 62.00000000 +2.0000000000000000e+00 +1.9999795965084850e+00 +1.9676666242183049e-03 +9.9965918745070748e-01 +9.9999497980401186e-01 +1.6034753973317479e-04 +1.8548520603584907e-04
 62.50000000 +2.0000000000000000e+00 +1.9999890579686541e+00 +1.9487446845304151e-03 +9.9971552281002207e-01 +9.9999648017737330e-01 +1.7979746959185191e-04 +1.0819954252654022e-04
 63.00000000 +2.0000000000000000e+00 +1.9999847941107718e+00 +1.8924177670699700e-03 +9.9985208606349207e-01 +9.9999490263324098e-01 +1.1572101431651496e-04 +3.7290289422647297e-05
 63.50000000 +2.0000000000000000e+00 +1.9999888195539930e+00 +1.9472886897450746e-03 +9.9972260766735843e-01 +9.9999464063465560e-01 +1.9053282190312660e-04 +9.2218876192227581e-05
 64.00000000 +2.0000000000000000e+00 +1.9999924151218520e+00 +1.9268355498387368e-03 +9.9977043293592660e-01 +9.9999492822004210e-01 +2.0466819470518446e-04 +2.9970648460858214e-05
 64.50000000 +2.0000000000000000e+00 +1.9999946463048346e+00 +1.9526595960453808e-03 +9.9970872077242545e-01 +9.9999529673307874e-01 +1.3457785099805415e-04 +1.6140464360648647e-04
 65.00000000 +2.0000000000000000e+00 +1.9999943706608188e+00 +1.9574446058251197e-03 +9.9968961356544339e-01 +9.9999597854392031e-01 +1.7025859449987051e-04 +1.4414929670263847e-04
 65.50000000 +2.0000000000000000e+00 +1.9999875145667527e+00 +1.9568671338104806e-03 +9.9968675908478055e-01 +9.9999650478195101e-01 +1.7601425878842016e-04 +1.4072187543795808e-04
 66.00000000 +2.0000000000000000e+00 +1.9999864310390136e+00 +1.9758362297255774e-03 +9.9964837212885460e-01 +9.9999907816223188e-01 +1.8985304645961973e-04 +1.6269666191359429e-04
 66.50000000 +2.0000000000000000e+00 +1.9999905421925483e+00 +1.9563313380757609e-03 +9.9969345522431963e-01 +9.9999574110092959e-01 +2.2922759022347259e-04 +8.1576084386927587e-05
 67.00000000 +2.0000000000000000e+00 +1.9999770752887851e+00 +1.9671408311314458e-03 +9.9966498637299694e-01 +9.9999835680559057e-01 +1.4618049287663196e-04 +1.9047632856635286e-04
 67.50000000 +2.0000000000000000e+00 +1.9999793507261456e+00 +1.9087094154241024e-03 +9.9980003892108849e-01 +9.9999338842829932e-01 +8.3140967635007230e-05 +1.2343168352058843e-04
 68.00000000 +2.0000000000000000e+00 +1.9999877536468678e+00 +1.9378657044225420e-03 +9.9973903467300007e-01 +9.9999766660812595e-01 +1.3023884562936446e-04 +1.3305987323680826e-04
 68.50000000 +2.0000000000000000e+00 +1.9999715706492136e+00 +1.9376660579466995e-03 +9.9973600506341143e-01 +9.9999668842168377e-01 +1.1202526039654905e-04 +1.5528125414282981e-04
 69.00000000 +2.0000000000000000e+00 +1.9999976350179596e+00 +1.9286342338948903e-03 +9.9976908058922442e-01 +9.9999366806960677e-01 +1.3869408850526125e-04 +9.8557253479038755e-05
 69.50000000 +2.0000000000000000e+00 +1.9999843196486373e+00 +1.9786947997031622e-03 +9.9963736141275850e-01 +9.9999862998493605e-01 +2.3409618536660807e-04 +1.2991241637965112e-04
 70.00000000 +2.0000000000000000e+00 +1.9999905186042179e+00 +1.9303195501238115e-03 +9.9976366525110283e-01 +9.9999456130620668e-01 +1.4405868173414334e-04 +9.7714761287639136e-05
 70.50000000 +2.0000000000000000e+00 +1.9999954273953320e+00 +1.9550703839684527e-03 +9.9969916059244612e-01 +9.9999727760285018e-01 +1.2315582297928401e-04 +1.8040598172211231e-04
 71.00000000 +2.0000000000000000e+00 +1.9999924132800209e+00 +1.9164428578127427e-03 +9.9979807382378838e-01 +9.9999451556103802e-01 +4.6219244233997846e-05 +1.6119137079414242e-04
 71.50000000 +2.0000000000000000e+00 +1.9999743702614763e+00 +1.9407891736327246e-03 +9.9972790844185244e-01 +9.9999220743037776e-01 +1.7848270030340242e-04 +1.0140142668066881e-04
 72.00000000 +2.0000000000000000e+00 +1.9999809116062839e+00 +1.9976207700963919e-03 +9.9958258600523142e-01 +9.9999345379733362e-01 +2.0982786158407285e-04 +2.1413233495967985e-04
 72.50000000 +2.0000000000000000e+00 +1.9999796156863086e+00 +2.0191346828292421e-03 +9.9953072947680977e-01 +9.9999285308707175e-01 +2.3782218031326652e-04 +2.3859525536023058e-04
 73.00000000 +2.0000000000000000e+00 +1.9999998179013583e+00 +1.9573338322887560e-03 +9.9969526280198473e-01 +9.9999641813827878e-01 +1.3922814967924283e-04 +1.6909090961912080e-04
 73.50000000 +2.0000000000000000e+00 +1.9999708668725362e+00 +1.9747282793518943e-03 +9.9964019667826320e-01 +9.9999555216514502e-01 +2.0146859616774251e-04 +1.6278255969341888e-04
 74.00000000 +2.0000000000000000e+00 +1.9999815738910787e+00 +1.9710459666630866e-03 +9.9964792283390225e-01 +9.9999218113323618e-01 +1.5851653400490915e-04 +2.0137949926969816e-04
 74.50000000 +2.0000000000000000e+00 +1.9999846193658215e+00 +1.9106710622946539e-03 +9.9980553125934957e-01 +9.9999728144249656e-01 +7.7774074578127139e-05 +1.1941322397827281e-04
 75.00000000 +2.0000000000000000e+00 +1.9999823965858801e+00 +1.9906379095793333e-03 +9.9960971684346256e-01 +9.9999290091419013e-01 +2.0302167821113477e-04 +1.9436056365850738e-04
 75.50000000 +2.0000000000000000e+00 +1.9999829631194750e+00 +1.9316542759758046e-03 +9.9975029602453436e-01 +9.9999350948917176e-01 +1.7784612386258464e-04 +7.8348362310841759e-05
 76.00000000 +2.0000000000000000e+00 +2.0000065423995150e+00 +1.9361982989988895e-03 +9.9975038199531452e-01 +9.9999369141464367e-01 +1.9530603288469040e-04 +6.0620556465400477e-05
 76.50000000 +2.0000000000000000e+00 +1.9999918209776502e+00 +1.9530365655487979e-03 +9.9970663224032241e-01 +9.9998976006357465e-01 +1.9947639232696570e-04 +1.0413130318264107e-04
 77.00000000 +2.0000000000000000e+00 +1.9999812601054747e+00 +1.9886830224383626e-03 +9.9960056791830132e-01 +9.9998879308825006e-01 +2.1782842052626883e-04 +1.9281057314542022e-04
 77.50000000 +2.0000000000000000e+00 +1.9999763432924935e+00 +1.9722419388902815e-03 +9.9965438807678930e-01 +9.9999488307162188e-01 +2.4569044621163412e-04 +1.0503840573510301e-04
 78.00000000 +2.0000000000000000e+00 +1.9999854550050873e+00 +1.9584696905187078e-03 +9.9968569718892386e-01 +9.9999788926106015e-01 +1.3690770168933608e-04 +1.7950584835617071e-04
 78.50000000 +2.0000000000000000e+00 +1.9999726941671179e+00 +1.9942681803820695e-03 +9.9959104061613324e-01 +9.9999034966463674e-01 +1.6955452092219721e-04 +2.4905519798779676e-04
 79.00000000 +2.0000000000000000e+00 +1.9999943883031275e+00 +1.9106173261516962e-03 +9.9980295274867526e-01 +9.9999289349199061e-01 +9.1741671670602331e-05 +1.1241208743368797e-04
 79.50000000 +2.0000000000000000e+00 +1.9999733729562350e+00 +1.9246850660405361e-03 +9.9976546928680254e-01 +9.9998914405594297e-01 +1.2902196528730438e-04 +1.1636469118950324e-04
 80.00000000 +2.0000000000000000e+00 +1.9999609510728169e+00 +1.9729763300275799e-03 +9.9963710693147512e-01 +9.9999270588779388e-01 +1.7673351770471456e-04 +1.9345366228403342e-04
 80.50000000 +2.0000000000000000e+00 +1.9999805668934061e+00 +1.9224051213239932e-03 +9.9978401283163632e-01 +9.9999377693617586e-01 +7.0425874571675121e-05 +1.5178435776398488e-04
 81.00000000 +2.0000000000000000e+00 +2.0000066991852985e+00 +1.8920446421515609e-03 +9.9985639009217064e-01 +9.9999323182459310e-01 +1.2599826872504883e-04 +2.4379813859552605e-05
 81.50000000 +2.0000000000000000e+00 +1.9999709761338926e+00 +2.0490897248995475e-03 +9.9946191228802161e-01 +9.9999223086391953e-01 +2.1732647483489607e-04 +3.2853037349088124e-04
 82.00000000 +2.0000000000000000e+00 +1.9999874070192989e+00 +1.9862985224081051e-03 +9.9961808685951836e-01 +9.9999904576412213e-01 +1.8783060114961633e-04 +1.9503677506886577e-04
 82.50000000 +2.0000000000000000e+00 +1.9999733295106787e+00 +1.9225322174658303e-03 +9.9976547330788357e-01 +9.9999464947766248e-01 +1.5619329772825690e-04 +8.3683916867437975e-05
 83.00000000 +2.0000000000000000e+00 +1.9999600314199693e+00 +1.9748497810278482e-03 +9.9963349433623594e-01 +9.9999331673500880e-01 +1.5987268011054625e-04 +2.1331624926015639e-04
 83.50000000 +2.0000000000000000e+00 +1.9999623505123165e+00 +1.9907898140171633e-03 +9.9960112283454194e-01 +9.9999593048549462e-01 +2.3745705297591153e-04 +1.6548962683926512e-04
 84.00000000 +2.0000000000000000e+00 +1.9999655155653406e+00 +2.0253976816645780e-03 +9.9951098387415083e-01 +9.9998512351933866e-01 +2.5098540264308522e-04 +2.5290720338409453e-04
 84.50000000 +2.0000000000000000e+00 +1.9999608536794005e+00 +1.9253119630467826e-03 +9.9975931667429307e-01 +9.9998488549573317e-01 +1.6826915596372137e-04 +8.7528673293593492e-05
 85.00000000 +2.0000000000000000e+00 +1.9999568024866270e+00 +2.0010388397664176e-03 +9.9957644677209179e-01 +9.9999424485332244e-01 +2.1260454402764441e-04 +2.1670382996756115e-04
 85.50000000 +2.0000000000000000e+00 +1.9999661022119843e+00 +1.8897173903149797e-03 +9.9985564014821726e-01 +9.9999332103819372e-01 +1.6996745496468686e-04 -1.8928641343495834e-05
 86.00000000 +2.0000000000000000e+00 +1.9999630394927401e+00 +2.0746806829351457e-03 +9.9940319553560364e-01 +9.9999404425593241e-01 +1.9632863802905061e-04 +4.0643157043493557e-04
 86.50000000 +2.0000000000000000e+00 +1.9999679602368647e+00 +1.9308483940410389e-03 +9.9974784135644656e-01 +9.9999039134487411e-01 +1.2091935403183698e-04 +1.4084794457876179e-04
 87.00000000 +2.0000000000000000e+00 +1.9999603710516562e+00 +2.0140868316010116e-03 +9.9953997741382772e-01 +9.9999351277716009e-01 +2.3935653591263396e-04 +2.2715327300189243e-04
 87.50000000 +2.0000000000000000e+00 +1.9999657331345524e+00 +2.0402740524032388e-03 +9.9947793691931941e-01 +9.9999476032256041e-01 +2.0450889627199285e-04 +3.2279386120579552e-04
 88.00000000 +2.0000000000000000e+00 +1.9999732591283301e+00 +1.8772224464425433e-03 +9.9988661913315591e-01 +9.9999534175391636e-01 +2.1068320545456815e-05 +9.6970792419513174e-05
 88.50000000 +2.0000000000000000e+00 +1.9999564373924152e+00 +1.9995736483920321e-03 +9.9957611306790317e-01 +9.9999534588438976e-01 +1.8811652964784110e-04 +2.4042451813292211e-04
 89.00000000 +2.0000000000000000e+00 +1.9999644398195071e+00 +1.9213826010403298e-03 +9.9977886788890136e-01 +9.9998877101021955e-01 +1.2835098971405670e-04 +1.0401011063431572e-04
 89.50000000 +2.0000000000000000e+00 +1.9999599877942211e+00 +2.0325075869623878e-03 +9.9949140651784307e-01 +9.9999699691180943e-01 +3.8030288524508200e-04 +1.3129368559447945e-04
 90.00000000 +2.0000000000000000e+00 +1.9999644677990120e+00 +1.9131471680175897e-03 +9.9980031538484104e-01 +9.9999149092495332e-01 +1.6198506548843866e-04 +4.6208624081703188e-05
 90.50000000 +2.0000000000000000e+00 +1.9999731975013404e+00 +1.9078424294649576e-03 +9.9981611749260191e-01 +9.9998981055576941e-01 +8.2527855874407971e-05 +1.1154409579026366e-04
 91.00000000 +2.0000000000000000e+00 +1.9999430120970410e+00 +1.9562838114988387e-03 +9.9966658759002980e-01 +9.9999558865501237e-01 +2.0897467906555472e-04 +1.2884907601800903e-04
 91.50000000 +2.0000000000000000e+00 +1.9999497754813800e+00 +2.0534147596709433e-03 +9.9944324608927426e-01 +9.9999425848646051e-01 +2.3554506066458816e-04 +3.2695036363228125e-04
 92.00000000 +2.0000000000000000e+00 +1.9999545557649945e+00 +1.9512722917260519e-03 +9.9970880651439220e-01 +9.9998953868924123e-01 +9.1464157455537233e-05 +2.1019063938961378e-04
 92.50000000 +2.0000000000000000e+00 +1.9999776502217295e+00 +2.0086099621331971e-03 +9.9957389156177956e-01 +9.9998891278003266e-01 +2.9399988568986366e-04 +1.4319577249624282e-04
 93.00000000 +2.0000000000000000e+00 +1.9999713361174398e+00 +1.9358648867044590e-03 +9.9974986447883207e-01 +9.9999391239546132e-01 +4.2813700338691484e-05 +2.1340942536176929e-04
 93.50000000 +2.0000000000000000e+00 +1.9999533861428680e+00 +2.0118434394140864e-03 +9.9954544209913487e-01 +9.9998937114400988e-01 +1.6596892904908184e-04 +2.9921782784804560e-04
 94.00000000 +2.0000000000000000e+00 +1.9999603422261041e+00 +1.9805614557443672e-03 +9.9962512270915593e-01 +9.9998707554012611e-01 +2.5745257693595520e-04 +1.3034917316025432e-04
 94.50000000 +2.0000000000000000e+00 +1.9999332706205706e+00 +2.0441138837819220e-03 +9.9945163587372010e-01 +9.9998700458526657e-01 +1.8809334247779939e-04 +3.7326619848752858e-04
 95.00000000 +2.0000000000000000e+00 +1.9999507828485241e+00 +2.0049224930259913e-03 +9.9956216414878585e-01 +9.9998373444097310e-01 +2.5689833369277229e-04 +1.9720307607015204e-04
 95.50000000 +2.0000000000000000e+00 +1.9999599696520562e+00 +1.9914962364173199e-03 +9.9959276860996815e-01 +9.9998938409197891e-01 +2.3818932901857934e-04 +1.7965796965416832e-04
 96.00000000 +2.0000000000000000e+00 +1.9999547580508994e+00 +1.9041253546077065e-03 +9.9982451011139195e-01 +9.9999969102183139e-01 +1.6094801307354166e-04 +1.4850853179449727e-05
 96.50000000 +2.0000000000000000e+00 +1.9999886245282770e+00 +1.9211919055293219e-03 +9.9978894020416009e-01 +9.9998969352628320e-01 +1.3593841025316141e-04 +8.5427859815693518e-05
 97.00000000 +2.0000000000000000e+00 +1.9999708767512823e+00 +1.9220345637419372e-03 +9.9976303770054764e-01 +9.9998952640442573e-01 +1.6410500112475109e-04 +8.3330894051726197e-05
 97.50000000 +2.0000000000000000e+00 +1.9999577140007359e+00 +1.9622420813911628e-03 +9.9967576007146131e-01 +9.9998811443839719e-01 +9.9559389480118702e-05 +2.3656610081029434e-04
 98.00000000 +2.0000000000000000e+00 +1.9999713961574404e+00 +1.9451223956817650e-03 +9.9971662463531530e-01 +9.9999037703624261e-01 -1.1344957520674244e-04 +4.0644790327593440e-04
 98.50000000 +2.0000000000000000e+00 +1.9999275566233221e+00 +2.0274612407075411e-03 +9.9950189041347093e-01 +9.9998379164989781e-01 +3.9139889119987398e-04 +1.2291904542992347e-04
 99.00000000 +2.0000000000000000e+00 +1.9999834153346983e+00 +1.8904690195193944e-03 +9.9986694396706377e-01 +9.9999471366101178e-01 +4.7592818187313217e-05 +9.0749553229710708e-05
 99.50000000 +2.0000000000000000e+00 +1.9999666476352793e+00 +1.9873523814887520e-03 +9.9961917717356175e-01 +9.9998876891879396e-01 +3.6438962971133213e-04 +2.7664277921414464e-05
100.00000000 +2.0000000000000000e+00 +1.9999623907042985e+00 +1.9055662362388263e-03 +9.9982519505991907e-01 +9.9997519748249097e-01 +1.4808184767842086e-04 +5.1525610393991461e-05
