#PATCH_CHECK: SepMBpoisson v0.61 exact-bernoulli stratified-backward active
#discretizing the bath:
#     0 0.0000000000000000e+00 -6.3189999999999946e-01
#     1 4.7140452079103166e-03 -2.3887059414175743e-01
#     2 4.7140452079103166e-03 -2.2257645869094916e-01
#     3 4.7140452079103166e-03 -2.0564704689784702e-01
#     4 4.7140452079103166e-03 -1.8810536043638598e-01
#     5 4.7140452079103166e-03 -1.6997206898338796e-01
#     6 4.7140452079103166e-03 -1.5126587962474453e-01
#     7 4.7140452079103166e-03 -1.3200382916273876e-01
#     8 4.7140452079103166e-03 -1.1220151886193480e-01
#     9 4.7140452079103166e-03 -9.1873305439137520e-02
#sampling: jump_strength=1.1785113019775794e-02 jump_probability=1.1647841886704504e-02 log_scale=1.1716209404909925e-02 back_replicas=4 stratify_forward=0
#adaptive measurement: gap=1.8133291452998024e-02 period_steps=693 nmeas=108 nwf=200 tmax=1.0000000000000000e+02 forced_stride=0
  0.00000000 +5.0000000000000000e+00 +1.9999999999999998e+00 +1.8374661879283106e-03 +1.0000000000000000e+00 +1.0000000000000000e+00 +1.0000000000000000e+00 +1.0000000000000000e+00 +1.0000000000000000e+00 +0.0000000000000000e+00 +0.0000000000000000e+00 +0.0000000000000000e+00 +0.0000000000000000e+00 +0.0000000000000000e+00
  0.50000000 +5.0000000000000000e+00 +1.9999999999055389e+00 +1.8484057369103377e-03 +9.9997222713586309e-01 +9.9999999999948219e-01 +9.9999999999948219e-01 +9.9999999999948219e-01 +9.9999999999948219e-01 +5.5740082987594749e-06 +5.5546323674572999e-06 +5.5796720325247254e-06 +5.5146881398497402e-06 +5.5498629074444571e-06
  1.00000000 +5.0000000000000000e+00 +1.9999999994436202e+00 +1.8790852038609192e-03 +9.9989429514562012e-01 +9.9999999982472065e-01 +9.9999999982898591e-01 +9.9999999981121368e-01 +9.9999999981832266e-01 +2.1396973139193651e-05 +2.1136939315577640e-05 +2.1186125625595647e-05 +2.1048207129102904e-05 +2.0937220884570251e-05
  1.50000000 +5.0000000000000000e+00 +1.9999999949339269e+00 +1.9233312571295188e-03 +9.9978176213778536e-01 +9.9999999867356959e-01 +9.9999999866846045e-01 +9.9999999858436361e-01 +9.9999999860454347e-01 +4.4311003441790523e-05 +4.3891430750755300e-05 +4.3816720564211606e-05 +4.3316528733449571e-05 +4.2907529103182113e-05
  2.00000000 +5.0000000000000000e+00 +1.9999999747208859e+00 +1.9724459009903329e-03 +9.9965656990353635e-01 +9.9999999505343062e-01 +9.9999999508464477e-01 +9.9999999478803392e-01 +9.9999999494534930e-01 +7.0562805804798965e-05 +6.9492458091244846e-05 +6.8907914649101720e-05 +6.7869780374022506e-05 +6.6617122646028495e-05
  2.50000000 +5.0000000000000000e+00 +1.9999999614339015e+00 +2.0167254005195225e-03 +9.9954325279252099e-01 +9.9999998714214910e-01 +9.9999998734927820e-01 +9.9999998678584867e-01 +9.9999998746908980e-01 +9.5175520204237633e-05 +9.3067598207011252e-05 +9.1803434843250683e-05 +8.9646564144226263e-05 +8.7105180156309711e-05
  3.00000000 +5.0000000000000000e+00 +1.9999999663406947e+00 +2.0475708558544592e-03 +9.9946364739607985e-01 +9.9999997397087603e-01 +9.9999997380807304e-01 +9.9999997385047035e-01 +9.9999997499026261e-01 +1.1395375411726898e-04 +1.1033312669002603e-04 +1.0754627837331403e-04 +1.0403308066118953e-04 +1.0058990194948538e-04
  3.50000000 +5.0000000000000000e+00 +1.9999999375612614e+00 +2.0585538628411369e-03 +9.9943420346401279e-01 +9.9999995462715829e-01 +9.9999995481774595e-01 +9.9999995472738845e-01 +9.9999995669759023e-01 +1.2329078398410305e-04 +1.1814984710365885e-04 +1.1349376164443991e-04 +1.0862282164603652e-04 +1.0241875577000889e-04
  4.00000000 +5.0000000000000000e+00 +1.9999999208358377e+00 +2.0486273485986850e-03 +9.9945784431082640e-01 +9.9999993014112210e-01 +9.9999993070948834e-01 +9.9999993111930197e-01 +9.9999993160216571e-01 +1.2104633428812257e-04 +1.1497453130094410e-04 +1.0898430073825411e-04 +1.0247723781335945e-04 +9.4949674843618556e-05
  4.50000000 +5.0000000000000000e+00 +1.9999998863372044e+00 +2.0185398518977439e-03 +9.9953300982006099e-01 +9.9999990142886808e-01 +9.9999990390001070e-01 +9.9999990521054549e-01 +9.9999990657031834e-01 +1.0885637604311470e-04 +1.0177071353131212e-04 +9.3148749685147372e-05 +8.6031928795535291e-05 +7.7565293031467737e-05
  5.00000000 +5.0000000000000000e+00 +1.9999998378136690e+00 +1.9758784597250370e-03 +9.9964079760911251e-01 +9.9999987388865308e-01 +9.9999987511225763e-01 +9.9999987993636563e-01 +9.9999987913620381e-01 +8.9756223312215588e-05 +7.9356753237061920e-05 +7.2303464098403224e-05 +6.2986729805649761e-05 +5.5291049924594897e-05
  5.50000000 +5.0000000000000000e+00 +1.9999999363563929e+00 +1.9268578904936729e-03 +9.9976570821298649e-01 +9.9999984862155744e-01 +9.9999984847739942e-01 +9.9999985501896882e-01 +9.9999985424578031e-01 +6.3625617898156037e-05 +5.4783187487447273e-05 +4.7229783762120903e-05 +3.8870449824580157e-05 +3.0376472135572214e-05
  6.00000000 +5.0000000000000000e+00 +1.9999999191640148e+00 +1.8845125601973912e-03 +9.9987473113239556e-01 +9.9999982351512184e-01 +9.9999982825015177e-01 +9.9999983870780107e-01 +9.9999983583388619e-01 +3.8483542088604695e-05 +3.0628463538632112e-05 +2.5252452842233253e-05 +1.8379996551880355e-05 +1.3198020397182671e-05
  6.50000000 +5.0000000000000000e+00 +1.9999999405043469e+00 +1.8536238763131115e-03 +9.9995555524241408e-01 +9.9999981343782152e-01 +9.9999981350261880e-01 +9.9999982577442781e-01 +9.9999982716955582e-01 +1.7337191908611554e-05 +1.2193962081247100e-05 +8.4167897692985928e-06 +4.4794131888967460e-06 +2.7376569720734253e-06
  7.00000000 +5.0000000000000000e+00 +1.9999999976945584e+00 +1.8429328650458050e-03 +9.9998569776195578e-01 +9.9999980052021586e-01 +9.9999980688916035e-01 +9.9999981493261580e-01 +9.9999981650395464e-01 +5.6499501710332273e-06 +1.5162427049326689e-06 +2.8130399694805854e-06 +3.3246379261909615e-06 +1.7593409367009908e-06
  7.50000000 +5.0000000000000000e+00 +1.9999998418834759e+00 +1.8533483813853364e-03 +9.9996226981778003e-01 +9.9999979724003285e-01 +9.9999980733879246e-01 +9.9999981397434434e-01 +9.9999982282758559e-01 +2.8262127935942189e-06 +4.0199462751957956e-06 +5.6920918735322685e-06 +1.0395232200302088e-05 +1.5555501187763362e-05
  8.00000000 +5.0000000000000000e+00 +1.9999998237008858e+00 +1.8806512024316930e-03 +9.9989531738019011e-01 +9.9999980984191117e-01 +9.9999980867319027e-01 +9.9999981159761708e-01 +9.9999981617267608e-01 +1.1158389545118141e-05 +1.5802872017935984e-05 +2.0426966779761638e-05 +2.6182596669899847e-05 +3.1865635988914026e-05
  8.50000000 +5.0000000000000000e+00 +1.9999996979324095e+00 +1.9219737968659372e-03 +9.9979161139012063e-01 +9.9999979520791160e-01 +9.9999980478677175e-01 +9.9999981420617134e-01 +9.9999981488912593e-01 +2.7902909183506068e-05 +3.7051812691790039e-05 +4.1866759520430390e-05 +4.9705032195461811e-05 +5.2633012698635508e-05
  9.00000000 +5.0000000000000000e+00 +1.9999997829346323e+00 +1.9685783755615032e-03 +9.9967297258742704e-01 +9.9999978499980335e-01 +9.9999979976925957e-01 +9.9999980085252849e-01 +9.9999979476589795e-01 +5.4365381133207472e-05 +6.0290230543818554e-05 +6.5078410400746714e-05 +7.4428576714475396e-05 +7.3684280119049546e-05
  9.50000000 +5.0000000000000000e+00 +1.9999998691688028e+00 +2.0073884775067608e-03 +9.9957249760838096e-01 +9.9999978712326543e-01 +9.9999976402447810e-01 +9.9999978327653627e-01 +9.9999978244973931e-01 +7.6408063907355337e-05 +8.0888307672180175e-05 +8.7221023529506262e-05 +9.3396770109786039e-05 +9.0471432007191584e-05
 10.00000000 +5.0000000000000000e+00 +1.9999997408694821e+00 +2.0381247742278273e-03 +9.9949102112629817e-01 +9.9999974073220943e-01 +9.9999971961446354e-01 +9.9999974969435157e-01 +9.9999973430343769e-01 +9.9948572638820218e-05 +1.0219516487675498e-04 +1.0228871267636757e-04 +1.0471973129199596e-04 +1.0088230864846016e-04
 10.50000000 +5.0000000000000000e+00 +1.9999998560354895e+00 +2.0493332598814726e-03 +9.9945833078222812e-01 +9.9999969383536780e-01 +9.9999970090515578e-01 +9.9999968122458061e-01 +9.9999967489978070e-01 +1.1509292306389243e-04 +1.1381003005207264e-04 +1.1200252063033517e-04 +1.0678717841364820e-04 +9.5225577363413911e-05
 11.00000000 +5.0000000000000000e+00 +1.9999996576066155e+00 +2.0390785328923849e-03 +9.9948015431010551e-01 +9.9999966215229497e-01 +9.9999961324390929e-01 +9.9999965952596226e-01 +9.9999961627863643e-01 +1.2190542509004297e-04 +1.1398024800648139e-04 +1.0664178434795346e-04 +9.5757001361747451e-05 +8.3010128564144051e-05
 11.50000000 +5.0000000000000000e+00 +1.9999995658755301e+00 +2.0142266346109866e-03 +9.9953985293203518e-01 +9.9999959312763387e-01 +9.9999960244230701e-01 +9.9999955366287985e-01 +9.9999957499410264e-01 +1.1577629356798659e-04 +1.0402767766530229e-04 +9.3138907664682444e-05 +8.0973862047849715e-05 +6.7905966630032265e-05
 12.00000000 +5.0000000000000000e+00 +1.9999996971815033e+00 +1.9718137402595487e-03 +9.9964585801859362e-01 +9.9999953610174885e-01 +9.9999946264445605e-01 +9.9999949136007915e-01 +9.9999946582161736e-01 +9.8760089146174339e-05 +8.5333475201364171e-05 +6.9214494240030539e-05 +5.6725661429079398e-05 +4.6152331379148102e-05
 12.50000000 +5.0000000000000000e+00 +1.9999996722522047e+00 +1.9348140433883521e-03 +9.9974003764329200e-01 +9.9999941528582537e-01 +9.9999944081654979e-01 +9.9999942436973488e-01 +9.9999940566013834e-01 +8.2176151950489823e-05 +6.5875777985677564e-05 +5.0502133022653987e-05 +3.6744713919682153e-05 +2.6977450047143967e-05
 13.00000000 +5.0000000000000000e+00 +1.9999998474082885e+00 +1.8960739435927192e-03 +9.9984049347484349e-01 +9.9999940446191515e-01 +9.9999936589880356e-01 +9.9999938968452340e-01 +9.9999938408549782e-01 +5.3817223414814572e-05 +4.5896835106696112e-05 +3.0432261234393275e-05 +2.1326425188675957e-05 +1.0489778247509377e-05
 13.50000000 +5.0000000000000000e+00 +1.9999992403207365e+00 +1.8684130985642221e-03 +9.9991478404911638e-01 +9.9999936977830861e-01 +9.9999930259537506e-01 +9.9999940436256052e-01 +9.9999935116371996e-01 +3.4806557288040705e-05 +2.2165434526938616e-05 +1.6744275142195514e-05 +7.7993257311972023e-06 +6.2724507747147798e-06
 14.00000000 +5.0000000000000000e+00 +1.9999992444099839e+00 +1.8540357847479920e-03 +9.9995636078965922e-01 +9.9999938045001802e-01 +9.9999935520061578e-01 +9.9999932830890659e-01 +9.9999934044681027e-01 +1.1542065606399678e-05 +1.1410254973819264e-05 +9.6180072276155263e-06 +4.3877738101402909e-06 +9.2766706078369755e-06
 14.50000000 +5.0000000000000000e+00 +1.9999992671400761e+00 +1.8647614494316453e-03 +9.9993431357529505e-01 +9.9999932749970533e-01 +9.9999937002549177e-01 +9.9999936936443745e-01 +9.9999925522961375e-01 +9.0222632467203912e-06 +1.0872607436490912e-05 +9.3375008588734785e-06 +1.4155829017567936e-05 +2.4976062897590950e-05
 15.00000000 +5.0000000000000000e+00 +1.9999991155833057e+00 +1.8908728160743134e-03 +9.9987206321177224e-01 +9.9999935719354627e-01 +9.9999936280752588e-01 +9.9999934111745947e-01 +9.9999925328365580e-01 +1.5349920075783419e-05 +1.5664453846649601e-05 +2.2446279894767226e-05 +3.6236474151482505e-05 +4.0925047334716176e-05
 15.50000000 +5.0000000000000000e+00 +1.9999988103999722e+00 +1.9259428000448135e-03 +9.9978554477460846e-01 +9.9999926378635406e-01 +9.9999928082760980e-01 +9.9999931481108106e-01 +9.9999936120746236e-01 +2.3764718950826371e-05 +3.1584769646496079e-05 +4.2495226919318025e-05 +5.6089979899412742e-05 +6.3299924487776228e-05
 16.00000000 +5.0000000000000000e+00 +1.9999987804966057e+00 +1.9604560954402063e-03 +9.9969770521783108e-01 +9.9999940960300415e-01 +9.9999937974764364e-01 +9.9999931026022193e-01 +9.9999926599019462e-01 +3.6250045233326057e-05 +4.9922277454298435e-05 +6.2813654372703129e-05 +7.3847960271437155e-05 +8.2095311975990051e-05
 16.50000000 +5.0000000000000000e+00 +1.9999984850365060e+00 +1.9918083274188024e-03 +9.9961557561435632e-01 +9.9999947142678314e-01 +9.9999925495620734e-01 +9.9999938879602968e-01 +9.9999915914190529e-01 +6.1273872675321540e-05 +6.8174765072482216e-05 +7.8923472067018196e-05 +9.0015007006316423e-05 +8.8762912656341643e-05
 17.00000000 +5.0000000000000000e+00 +1.9999986877781599e+00 +2.0128139878998327e-03 +9.9955801412532264e-01 +9.9999934445166527e-01 +9.9999927335000049e-01 +9.9999932537660163e-01 +9.9999928873439548e-01 +7.4579352916275636e-05 +8.8597584517226442e-05 +8.9329681092556633e-05 +9.7328458130630871e-05 +9.4918870477204357e-05
 17.50000000 +5.0000000000000000e+00 +1.9999986662762430e+00 +2.0257088018715082e-03 +9.9951969268724383e-01 +9.9999924785472527e-01 +9.9999919887693656e-01 +9.9999933435908006e-01 +9.9999908068139587e-01 +9.7904852572693355e-05 +1.0329351546492648e-04 +9.8885746160820088e-05 +9.9036374326340248e-05 +8.4325016242898468e-05
 18.00000000 +5.0000000000000000e+00 +1.9999988586006465e+00 +2.0237638275611525e-03 +9.9951887614337864e-01 +9.9999923194090712e-01 +9.9999909450880420e-01 +9.9999922070699154e-01 +9.9999906956672624e-01 +1.0870734136999660e-04 +1.0767214785851797e-04 +1.0036379334250917e-04 +8.8964691787635217e-05 +7.8799115079049862e-05
 18.50000000 +5.0000000000000000e+00 +1.9999978188089775e+00 +1.9999611985560416e-03 +9.9957435522232574e-01 +9.9999927005601541e-01 +9.9999893610954760e-01 +9.9999901127818169e-01 +9.9999898942187015e-01 +1.1317052750679229e-04 +9.9544587403912642e-05 +8.7762409521370053e-05 +7.1662381812505758e-05 +5.7297902944014877e-05
 19.00000000 +5.0000000000000000e+00 +1.9999992411699137e+00 +1.9749372410134032e-03 +9.9963565213364458e-01 +9.9999898600979042e-01 +9.9999897745060351e-01 +9.9999911687455656e-01 +9.9999882497582426e-01 +1.0840352859040510e-04 +9.6288468287258346e-05 +6.9020357962168872e-05 +5.4555451714838069e-05 +4.0174619468526854e-05
 19.50000000 +5.0000000000000000e+00 +1.9999990939015417e+00 +1.9306178090002977e-03 +9.9974783201404138e-01 +9.9999899798176006e-01 +9.9999891853652967e-01 +9.9999901928702462e-01 +9.9999873883446100e-01 +8.3932417038101991e-05 +5.9698410090919024e-05 +5.2310005587321390e-05 +3.6453181735926226e-05 +2.4099296860650337e-05
 20.00000000 +5.0000000000000000e+00 +1.9999977441083134e+00 +1.9099532535593875e-03 +9.9980261919899494e-01 +9.9999915646988413e-01 +9.9999894615340523e-01 +9.9999868619298160e-01 +9.9999871272582852e-01 +7.8580996013976004e-05 +5.1768466148848345e-05 +3.4419693675589765e-05 +1.9696429059423721e-05 +1.7413767087711274e-05
 20.50000000 +5.0000000000000000e+00 +1.9999988212823203e+00 +1.8840879382185712e-03 +9.9987286027358313e-01 +9.9999884180511023e-01 +9.9999872048348926e-01 +9.9999880173981315e-01 +9.9999874618544526e-01 +5.4506252183727239e-05 +3.6191191911600855e-05 +2.2044234849829841e-05 +7.4608708852462945e-06 +1.1826963130068939e-05
 21.00000000 +5.0000000000000000e+00 +1.9999996345791622e+00 +1.8856732518677127e-03 +9.9987498710087763e-01 +9.9999875227979562e-01 +9.9999885910568131e-01 +9.9999867206012305e-01 +9.9999840297556497e-01 +3.1943408436592011e-05 +3.0016766639110205e-05 +2.2851487310829081e-05 +2.2174236107214876e-05 +2.3340555111642796e-05
 21.50000000 +5.0000000000000000e+00 +1.9999992656847374e+00 +1.8902043214111693e-03 +9.9986901890110969e-01 +9.9999902754299530e-01 +9.9999852508345377e-01 +9.9999863661559185e-01 +9.9999871229206660e-01 +2.8639631705843828e-05 +2.3855089631009820e-05 +1.1441521752418511e-05 +3.2492037720051901e-05 +3.9651399356581608e-05
 22.00000000 +5.0000000000000000e+00 +1.9999999854376187e+00 +1.9035251578468431e-03 +9.9984042965479369e-01 +9.9999893597869915e-01 +9.9999885622619167e-01 +9.9999854157018919e-01 +9.9999838835159283e-01 +2.3661594255840871e-05 +2.1849538848123850e-05 +2.7792550846374571e-05 +3.5476381370195702e-05 +5.6067998866862714e-05
 22.50000000 +5.0000000000000000e+00 +1.9999990670279491e+00 +1.9288181008284163e-03 +9.9977896251856135e-01 +9.9999911922854623e-01 +9.9999881336511398e-01 +9.9999904243103332e-01 +9.9999858660324459e-01 +2.3395877724120082e-05 +3.9783682899706275e-05 +3.9816422652272785e-05 +5.4329325409080650e-05 +6.8150708408633827e-05
 23.00000000 +5.0000000000000000e+00 +1.9999968842493334e+00 +1.9536477729587484e-03 +9.9971621631879171e-01 +9.9999880979889411e-01 +9.9999859713734174e-01 +9.9999871646496785e-01 +9.9999862831165409e-01 +3.1693345874301194e-05 +3.6962291175516806e-05 +6.1827772843352346e-05 +7.4177257938371608e-05 +8.4371409581298330e-05
 23.50000000 +5.0000000000000000e+00 +1.9999981915100735e+00 +1.9799482318865694e-03 +9.9964733639437453e-01 +9.9999917243691316e-01 +9.9999881974721838e-01 +9.9999895920053494e-01 +9.9999847939502529e-01 +5.9704903941438442e-05 +5.1843246631903510e-05 +7.3916037905173847e-05 +8.8905759652955235e-05 +8.2862842687162909e-05
 24.00000000 +5.0000000000000000e+00 +1.9999970334840835e+00 +2.0019403821139657e-03 +9.9958699864403233e-01 +9.9999879475179165e-01 +9.9999903148154512e-01 +9.9999869279707143e-01 +9.9999867725855363e-01 +6.4292923761528968e-05 +9.0650766462750779e-05 +7.7980238868502989e-05 +9.1483554318070318e-05 +9.3397594353009274e-05
 24.50000000 +5.0000000000000000e+00 +1.9999971578294800e+00 +2.0053620966836894e-03 +9.9957159084949432e-01 +9.9999908402093129e-01 +9.9999895551938967e-01 +9.9999825849076884e-01 +9.9999839992749073e-01 +7.8739226096317889e-05 +1.0091914830334637e-04 +9.8453901970658008e-05 +9.1794439057765821e-05 +6.3804385121993054e-05
 25.00000000 +5.0000000000000000e+00 +1.9999989163500611e+00 +2.0077241075399333e-03 +9.9956105963153508e-01 +9.9999893119453431e-01 +9.9999877567864215e-01 +9.9999841571681702e-01 +9.9999848626626076e-01 +1.0105991164942945e-04 +1.0195065737985071e-04 +9.1824779482539638e-05 +8.8093407013039874e-05 +6.1402786732648679e-05
 25.50000000 +5.0000000000000000e+00 +1.9999984943167590e+00 +1.9811534319655552e-03 +9.9962374287551325e-01 +9.9999890500124178e-01 +9.9999884893180802e-01 +9.9999821938422462e-01 +9.9999842718883503e-01 +9.6758613840262390e-05 +9.6006023922265158e-05 +7.9332666059249467e-05 +7.4503112964563079e-05 +3.5256258749995709e-05
 26.00000000 +5.0000000000000000e+00 +2.0000001315648555e+00 +1.9681626820700015e-03 +9.9965421311780844e-01 +9.9999907665483467e-01 +9.9999944724594081e-01 +9.9999805618062765e-01 +9.9999816904254690e-01 +9.4788037751030317e-05 +8.8486943231128558e-05 +8.0914010651115764e-05 +5.6107102124394834e-05 +3.0741667929142567e-05
 26.50000000 +5.0000000000000000e+00 +1.9999985716647359e+00 +1.9492326247692352e-03 +9.9970164311399723e-01 +9.9999908132712390e-01 +9.9999865936591548e-01 +9.9999826924077873e-01 +9.9999788258494193e-01 +9.4084292972744171e-05 +7.1574384207978708e-05 +6.0131995426937287e-05 +4.8981753770760704e-05 +2.9692023379828733e-05
 27.00000000 +5.0000000000000000e+00 +1.9999988157821977e+00 +1.9181691330096694e-03 +9.9978265941736499e-01 +9.9999904394469941e-01 +9.9999871913296612e-01 +9.9999816891980220e-01 +9.9999786840016125e-01 +8.4226091506548788e-05 +4.9553622556107961e-05 +5.1521367625042235e-05 +1.8932517651690617e-05 +1.9306680885284994e-05
 27.50000000 +5.0000000000000000e+00 +1.9999981180448940e+00 +1.8993747233362868e-03 +9.9983408697375897e-01 +9.9999876655372255e-01 +9.9999839463720075e-01 +9.9999807952000352e-01 +9.9999791527468007e-01 +4.4936915023228199e-05 +5.0746652887541351e-05 +3.5448960320159531e-05 +2.7206002338141647e-05 +1.4418488312474567e-05
 28.00000000 +5.0000000000000000e+00 +1.9999983078023282e+00 +1.8993239899288241e-03 +9.9983892067348057e-01 +9.9999875676684424e-01 +9.9999767897443581e-01 +9.9999783109915852e-01 +9.9999794800243336e-01 +5.4073484768856983e-05 +3.4313547318120074e-05 +2.5250458351954322e-05 +1.8601605838297197e-05 +3.6625502974639961e-05
 28.50000000 +5.0000000000000000e+00 +1.9999977445082786e+00 +1.8938459276975211e-03 +9.9985976619866257e-01 +9.9999862710663956e-01 +9.9999825495272288e-01 +9.9999776716862743e-01 +9.9999778350015545e-01 +3.7497807574494870e-05 +3.4406693004611449e-05 +2.4755609591257232e-05 +1.0831049501223575e-05 +4.0309796853945035e-05
 29.00000000 +5.0000000000000000e+00 +1.9999972142638052e+00 +1.9052164766679375e-03 +9.9983388884423097e-01 +9.9999899556056204e-01 +9.9999836004584697e-01 +9.9999761522137576e-01 +9.9999775627125764e-01 +2.9493688609162795e-05 +3.4334737295277593e-05 +2.5688356610829562e-05 +3.3586918738664925e-05 +5.0280327102517950e-05
 29.50000000 +5.0000000000000000e+00 +1.9999968462552531e+00 +1.9215692792792197e-03 +9.9979462038259614e-01 +9.9999889289486432e-01 +9.9999870242389899e-01 +9.9999766328937589e-01 +9.9999794864586433e-01 +2.4508348102757394e-05 +2.9122055846498423e-05 +4.8094124146370258e-05 +4.5588109609151783e-05 +6.4859813527249699e-05
 30.00000000 +5.0000000000000000e+00 +1.9999957260987700e+00 +1.9572245469485113e-03 +9.9970456451479528e-01 +9.9999901446000861e-01 +9.9999859351525555e-01 +9.9999769316928311e-01 +9.9999779737515770e-01 +3.4952840841595312e-05 +5.4220945805797280e-05 +7.2529033978918105e-05 +7.0410493126444367e-05 +7.0223739226375393e-05
 30.50000000 +5.0000000000000000e+00 +1.9999930828263255e+00 +1.9667822354060885e-03 +9.9967697499949348e-01 +9.9999900220596272e-01 +9.9999817363636190e-01 +9.9999834443148250e-01 +9.9999700263536484e-01 +4.3530544687999679e-05 +5.7575119341453668e-05 +5.7880359131058145e-05 +8.0504815881028767e-05 +9.1011241539966955e-05
 31.00000000 +5.0000000000000000e+00 +1.9999957978536735e+00 +1.9725351559844785e-03 +9.9966104531341382e-01 +9.9999870054114881e-01 +9.9999837334048047e-01 +9.9999781613600147e-01 +9.9999713848040306e-01 +5.3464432942763910e-05 +8.0524668866591904e-05 +6.6773652520441887e-05 +8.4079425844289308e-05 +6.2084005157814236e-05
 31.50000000 +5.0000000000000000e+00 +1.9999946449424058e+00 +1.9852725288022556e-03 +9.9962300738420851e-01 +9.9999837911609579e-01 +9.9999830146711877e-01 +9.9999807326035661e-01 +9.9999775940225344e-01 +7.4834072384395416e-05 +7.9916938914203017e-05 +8.0748774580275388e-05 +8.4004680745431668e-05 +6.4974918549972959e-05
 32.00000000 +5.0000000000000000e+00 +1.9999937023100183e+00 +1.9817565535519472e-03 +9.9962784611835964e-01 +9.9999842579160614e-01 +9.9999860130474993e-01 +9.9999790947617451e-01 +9.9999719178144375e-01 +8.3523200422497195e-05 +7.7060035956161182e-05 +6.6418587887414070e-05 +1.0226940181102768e-04 +5.0754261143364585e-05
 32.50000000 +5.0000000000000000e+00 +1.9999960842143329e+00 +1.9621902442310112e-03 +9.9967518709334913e-01 +9.9999951625174677e-01 +9.9999870407323199e-01 +9.9999805937408759e-01 +9.9999751153025784e-01 +6.5396401973076944e-05 +7.5519749668715648e-05 +8.8234339340596010e-05 +5.4257079642749480e-05 +4.7614023732481422e-05
 33.00000000 +5.0000000000000000e+00 +1.9999957889292650e+00 +1.9594622414999593e-03 +9.9967967843760963e-01 +9.9999867271316945e-01 +9.9999828666117696e-01 +9.9999864557048179e-01 +9.9999752567910671e-01 +9.0018890405753731e-05 +7.1075237449877042e-05 +6.7494627178176907e-05 +5.0382810280554452e-05 +4.8219467719436315e-05
 33.50000000 +5.0000000000000000e+00 +1.9999945247368198e+00 +1.9346984903957762e-03 +9.9974084555005593e-01 +9.9999889003514542e-01 +9.9999816064587710e-01 +9.9999744288727599e-01 +9.9999777692989844e-01 +8.6607993252345124e-05 +7.8911629092067600e-05 +5.7069873465737942e-05 +2.3541714185259550e-05 +2.0752726362116238e-05
 34.00000000 +5.0000000000000000e+00 +1.9999986329765878e+00 +1.9554498325140891e-03 +9.9969193019351443e-01 +9.9999869662414476e-01 +9.9999865507945596e-01 +9.9999660459897455e-01 +9.9999750689499878e-01 +7.9522161594281334e-05 +7.8433346707187576e-05 +7.0852440400561307e-05 +3.3542472263787327e-05 +5.4256257020478234e-05
 34.50000000 +5.0000000000000000e+00 +1.9999957390502519e+00 +1.9247890625007523e-03 +9.9976998031489273e-01 +9.9999790462508742e-01 +9.9999758140565809e-01 +9.9999695508311426e-01 +9.9999787645496208e-01 +6.4842543319679503e-05 +5.0445506348139906e-05 +3.7427060154763663e-05 +3.3914146103717992e-05 +5.3072889150719675e-05
 35.00000000 +5.0000000000000000e+00 +1.9999979195643991e+00 +1.9228116972190522e-03 +9.9978040755671316e-01 +9.9999933121354834e-01 +9.9999841037349957e-01 +9.9999724088948849e-01 +9.9999684023024138e-01 +7.6386028546322665e-05 +3.9081038128154836e-05 +2.9686784148538189e-05 +3.5502214525905788e-05 +4.7113741756470259e-05
 35.50000000 +5.0000000000000000e+00 +1.9999977403564666e+00 +1.9100133314110812e-03 +9.9981507771174127e-01 +9.9999935216437730e-01 +9.9999921107922407e-01 +9.9999667590723973e-01 +9.9999687787666547e-01 +5.6753628495886482e-05 +3.0357630347380844e-05 +3.3855343683012652e-05 +2.7331080083639271e-05 +4.4507561842873366e-05
 36.00000000 +5.0000000000000000e+00 +1.9999965550352394e+00 +1.9252364003800352e-03 +9.9977914866444284e-01 +9.9999902925522921e-01 +9.9999816443578482e-01 +9.9999781976875224e-01 +9.9999626405259701e-01 +5.8025077280376272e-05 +2.7576163872284820e-05 +2.5529272650982763e-05 +5.5228527342647516e-05 +6.3214845860658556e-05
 36.50000000 +5.0000000000000000e+00 +1.9999988093322545e+00 +1.9204051527802763e-03 +9.9979570152529729e-01 +9.9999809056138833e-01 +9.9999708600644177e-01 +9.9999719839427204e-01 +9.9999695452879978e-01 +3.2201150251594944e-05 +3.0797812372965213e-05 +3.5562557353089756e-05 +3.7026124825470565e-05 +7.9381404599475618e-05
 37.00000000 +5.0000000000000000e+00 +1.9999989619899730e+00 +1.9596082503475151e-03 +9.9969539808126640e-01 +9.9999911826570764e-01 +9.9999853337275835e-01 +9.9999757817771429e-01 +9.9999680785497580e-01 +3.9426764043122300e-05 +3.2559547816565498e-05 +6.6223189727006545e-05 +8.2370941435336439e-05 +9.1983732845827171e-05
 37.50000000 +5.0000000000000000e+00 +1.9999998118592723e+00 +1.9511048710201743e-03 +9.9971656789169305e-01 +9.9999877625665501e-01 +9.9999836596605296e-01 +9.9999760958236650e-01 +9.9999589801834587e-01 +3.5102760118929764e-05 +5.2042441966332124e-05 +5.7144319144494124e-05 +7.4531800817176889e-05 +7.3960959032436422e-05
 38.00000000 +5.0000000000000000e+00 +1.9999985373453377e+00 +1.9696298218761458e-03 +9.9966554626164894e-01 +9.9999877333617537e-01 +9.9999890651644219e-01 +9.9999606320962775e-01 +9.9999589390979726e-01 +7.5439466711054156e-05 +5.8810138775782391e-05 +7.4974633930923059e-05 +5.3765853770046100e-05 +8.1826689762477602e-05
 38.50000000 +5.0000000000000000e+00 +2.0000014649016449e+00 +1.9572422882362466e-03 +9.9969668865117978e-01 +9.9999975357275139e-01 +9.9999910642208312e-01 +9.9999738443521224e-01 +9.9999759750905459e-01 +7.5426447729625733e-05 +4.7364209520819310e-05 +6.7746984160665423e-05 +7.1939768849383549e-05 +4.6991953347439584e-05
 39.00000000 +5.0000000000000000e+00 +2.0000077305462183e+00 +1.9672502796456702e-03 +9.9966929520972780e-01 +9.9999923231522181e-01 +9.9999682562447090e-01 +9.9999721336602798e-01 +9.9999565171767824e-01 +8.6875485989651094e-05 +8.3019072762233941e-05 +7.3155363925875424e-05 +4.4567545700285993e-05 +5.4164317255528535e-05
 39.50000000 +5.0000000000000000e+00 +2.0000003333503398e+00 +1.9829641148953283e-03 +9.9962390388001154e-01 +9.9999961157878481e-01 +9.9999807498578697e-01 +9.9999767320041000e-01 +9.9999677738654602e-01 +1.0048675373419966e-04 +7.9733393298912607e-05 +8.7563033449367301e-05 +5.0935302789198228e-05 +6.5240435832866222e-05
 40.00000000 +5.0000000000000000e+00 +2.0000011851065227e+00 +1.9558312559302461e-03 +9.9969016677385014e-01 +9.9999919434579954e-01 +9.9999858273780817e-01 +9.9999749577155894e-01 +9.9999726197533434e-01 +1.0155738204804156e-04 +4.4851056849866172e-05 +8.6372028409654341e-05 +4.6119819049064265e-05 +3.8398184237625434e-05
 40.50000000 +5.0000000000000000e+00 +2.0000021324796533e+00 +1.9466462148145546e-03 +9.9971239551783075e-01 +1.0000002495559897e+00 +9.9999781322217962e-01 +9.9999464736343013e-01 +9.9999574157306659e-01 +9.4208331822948991e-05 +6.5625368038735700e-05 +5.4878751031740411e-05 +3.3863518446548520e-05 +5.0576815098132685e-05
 41.00000000 +5.0000000000000000e+00 +2.0000045986849058e+00 +1.9492672752432058e-03 +9.9970977506084269e-01 +1.0000002193857378e+00 +9.9999720701551309e-01 +9.9999791979274399e-01 +9.9999751099026224e-01 +9.7009057650702577e-05 +5.6229145714433175e-05 +6.3317360161121511e-05 +2.7964400983264888e-05 +5.2847775633288531e-05
 41.50000000 +5.0000000000000000e+00 +1.9999999023051402e+00 +1.9383199244026785e-03 +9.9973623937138389e-01 +9.9999711722233253e-01 +9.9999998639337528e-01 +9.9999967996884531e-01 +9.9999805020851129e-01 +8.9249863089869863e-05 +6.4504058225012490e-05 +4.9958681679205784e-05 +4.8538214505179639e-05 +1.6676048585640483e-05
 42.00000000 +5.0000000000000000e+00 +2.0000007974755833e+00 +1.9227328251359196e-03 +9.9977780840879782e-01 +9.9999916424574342e-01 +9.9999857978119233e-01 +9.9999820719489696e-01 +9.9999792050204472e-01 +6.8390634042463552e-05 +4.3993114941871719e-05 +4.8006945228982990e-05 +4.1154837725412578e-05 +2.6774417743329340e-05
 42.50000000 +5.0000000000000000e+00 +1.9999972505562671e+00 +1.9386216278862991e-03 +9.9973969308900756e-01 +1.0000009384927355e+00 +9.9999649990682504e-01 +9.9999662160759251e-01 +9.9999493854946675e-01 +6.1587292403118108e-05 +5.9362394426902670e-05 +4.4050893650817273e-05 +5.8389176887555601e-05 +4.7918516115919816e-05
 43.00000000 +5.0000000000000000e+00 +2.0000032365060716e+00 +1.9195297608107370e-03 +9.9979296260647332e-01 +9.9999649825895964e-01 +9.9999758746921164e-01 +9.9999755365709031e-01 +9.9999455877380150e-01 +3.1008463813359381e-05 +5.7444408576158211e-05 +2.7751896715703565e-05 +5.6546571370085167e-05 +4.8087896242940345e-05
 43.50000000 +5.0000000000000000e+00 +2.0000087238817890e+00 +1.9384527940296352e-03 +9.9974844280960418e-01 +1.0000001924524831e+00 +9.9999679248150730e-01 +9.9999809946493778e-01 +9.9999546402850603e-01 +4.9207159915949154e-05 +2.8623664348704501e-05 +5.0033998004428109e-05 +7.1913432069947489e-05 +6.1230575258432816e-05
 44.00000000 +5.0000000000000000e+00 +2.0000074262142826e+00 +1.9390379910888243e-03 +9.9974570983536626e-01 +9.9999941740498111e-01 +9.9999681144043362e-01 +9.9999800160764230e-01 +9.9999603721730934e-01 +4.7948331536060231e-05 +3.4024745188248535e-05 +5.5851645390296569e-05 +7.0725481735500758e-05 +5.5472341826961553e-05
 44.50000000 +5.0000000000000000e+00 +2.0000061286865165e+00 +1.9396231251310246e-03 +9.9974297715542904e-01 +9.9999864244094050e-01 +9.9999683039731890e-01 +9.9999790376088504e-01 +9.9999661034438914e-01 +4.6689638713200080e-05 +3.9425244411996213e-05 +6.1668666302368809e-05 +6.9537659325575143e-05 +4.9714728471290403e-05
 45.00000000 +5.0000000000000000e+00 +2.0000048312984657e+00 +1.9402081961664129e-03 +9.9974024476974443e-01 +9.9999786756034659e-01 +9.9999684935216204e-01 +9.9999780592466292e-01 +9.9999718340975441e-01 +4.5431081425473636e-05 +4.4825162113889436e-05 +6.7485060841832137e-05 +6.8349964819508377e-05 +4.3957735091265344e-05
 45.50000000 +5.0000000000000000e+00 +2.0000035340501103e+00 +1.9407932042051677e-03 +9.9973751267826549e-01 +9.9999709276318738e-01 +9.9999686830496481e-01 +9.9999770809897581e-01 +9.9999775641341604e-01 +4.4172659650990620e-05 +5.0224498387849977e-05 +7.3300829109852191e-05 +6.7162398196642724e-05 +3.8201361586754024e-05
 46.00000000 +5.0000000000000000e+00 +2.0000022369414263e+00 +1.9413781492574609e-03 +9.9973478088094458e-01 +9.9999631804944855e-01 +9.9999688725572677e-01 +9.9999761028382128e-01 +9.9999832935538358e-01 +4.2914373367865430e-05 +5.5623253327779312e-05 +7.9115971207572729e-05 +6.5974959436324810e-05 +3.2445607857645578e-05
 46.50000000 +5.0000000000000000e+00 +2.0000021215483388e+00 +1.9401268043183584e-03 +9.9973702875143555e-01 +9.9999723021781761e-01 +9.9999688563977551e-01 +9.9999753804634062e-01 +9.9999652388549487e-01 +4.9746998082859390e-05 +6.0295220189817955e-05 +7.1061189040212645e-05 +6.3764060974750715e-05 +2.9925971470460295e-05
 47.00000000 +5.0000000000000000e+00 +2.0000020061777843e+00 +1.9388757037264032e-03 +9.9973927618299041e-01 +9.9999814220806993e-01 +9.9999688402413989e-01 +9.9999746582296567e-01 +9.9999471876815593e-01 +5.6578288607491475e-05 +6.4966274768009859e-05 +6.3007979710990599e-05 +6.1553594230055812e-05 +2.7406827086673914e-05
 47.50000000 +5.0000000000000000e+00 +2.0000018908297559e+00 +1.9376248474100332e-03 +9.9974152317573761e-01 +9.9999905402025746e-01 +9.9999688240881968e-01 +9.9999739361369266e-01 +9.9999291400326373e-01 +6.3408245332509814e-05 +6.9636417329538191e-05 +5.4956342759265076e-05 +5.9343559075801954e-05 +2.4888174562192022e-05
 48.00000000 +5.0000000000000000e+00 +2.0000017755042458e+00 +1.9363742352977117e-03 +9.9974376972980505e-01 +9.9999996565443183e-01 +9.9999688079381455e-01 +9.9999732141851605e-01 +9.9999110959071424e-01 +7.0236868648509889e-05 +7.4305648141481729e-05 +4.6906277724574289e-05 +5.7133955385600300e-05 +2.2370013752976420e-05
 48.50000000 +5.0000000000000000e+00 +2.0000016602012494e+00 +1.9351238673179342e-03 +9.9974601584532197e-01 +1.0000008771106463e+00 +9.9999687917912472e-01 +9.9999724923743349e-01 +9.9998930553040544e-01 +7.7064158945934803e-05 +7.8973967470815094e-05 +3.8857784146636381e-05 +5.4924783033111494e-05 +1.9852344515045204e-05
 49.00000000 +5.0000000000000000e+00 +1.9999997230032858e+00 +1.9381899627095567e-03 +9.9973982006179840e-01 +1.0000009517867614e+00 +9.9999693716719784e-01 +9.9999812368658425e-01 +9.9999102156447539e-01 +7.2250318996943289e-05 +6.2180673940484587e-05 +4.8317236142089998e-05 +5.6633889639677943e-05 +3.3763569758295517e-05
 49.50000000 +5.0000000000000000e+00 +1.9999977854496802e+00 +1.9412566209927608e-03 +9.9973362314081704e-01 +1.0000010264765864e+00 +9.9999699516591711e-01 +9.9999899829627170e-01 +9.9999273791358534e-01 +6.7435595295284970e-05 +4.5384297399896299e-05 +5.7778424758622895e-05 +5.8343310013951163e-05 +4.7677348904986281e-05
 50.00000000 +5.0000000000000000e+00 +1.9999958475403348e+00 +1.9443238423225674e-03 +9.9972742508206425e-01 +1.0000011011801242e+00 +9.9999705317528464e-01 +9.9999987306653970e-01 +9.9999445457782110e-01 +6.2619987597570812e-05 +2.8584836999976939e-05 +6.7241350474507369e-05 +6.0053044242343976e-05 +6.1593682658472615e-05
 50.50000000 +5.0000000000000000e+00 +1.9999939092751513e+00 +1.9473916268540577e-03 +9.9972122588522727e-01 +1.0000011758973792e+00 +9.9999711119530410e-01 +1.0000007479974324e+00 +9.9999617155727005e-01 +5.7803495660322453e-05 +1.1782291891341376e-05 +7.6706013768191496e-05 +6.1763092411301035e-05 +7.5512571722368061e-05
 51.00000000 +5.0000000000000000e+00 +1.9999919706540317e+00 +1.9504599747423672e-03 +9.9971502554999203e-01 +1.0000012506283551e+00 +9.9999716922597814e-01 +1.0000016230889945e+00 +9.9999788885201901e-01 +5.2986119239972087e-05 -5.0233387757074449e-06 +8.6172415118298962e-05 +6.3473454607298671e-05 +8.9434016800544460e-05
 51.50000000 +5.0000000000000000e+00 +1.9999937764164004e+00 +1.9423860534319888e-03 +9.9973500632661683e-01 +1.0000012201581994e+00 +9.9999646289016197e-01 +1.0000001615571295e+00 +9.9999784978513173e-01 +4.1735208283150553e-05 +4.8080486419027602e-06 +8.9399975439310205e-05 +4.9218000460249300e-05 +8.4138053990728094e-05
 52.00000000 +5.0000000000000000e+00 +1.9999955821125424e+00 +1.9343124282389314e-03 +9.9975498637043114e-01 +1.0000011896891616e+00 +9.9999575658025175e-01 +9.9999870007886760e-01 +9.9999781071967753e-01 +3.0484709962206366e-05 +1.4639075485761379e-05 +9.2627417387045749e-05 +3.4963069143026906e-05 +7.8842285414451474e-05
 52.50000000 +5.0000000000000000e+00 +1.9999973877424595e+00 +1.9262390991469035e-03 +9.9977496568147528e-01 +1.0000011592212408e+00 +9.9999505029624514e-01 +9.9999723865420542e-01 +9.9999777165565595e-01 +1.9234624254439315e-05 +2.4469741775704526e-05 +9.5854740968017596e-05 +2.0708660626869214e-05 +7.3546711061029261e-05
 53.00000000 +5.0000000000000000e+00 +1.9999991933061569e+00 +1.9181660661396172e-03 +9.9979494425978988e-01 +1.0000011287544379e+00 +9.9999434403814136e-01 +9.9999577728314026e-01 +9.9999773259306712e-01 +7.9849511371508802e-06 +3.4300047531566865e-05 +9.9081946188737328e-05 +6.4547748830160928e-06 +6.8251330919776981e-05
 53.50000000 +5.0000000000000000e+00 +2.0000009988036371e+00 +1.9100933292007839e-03 +9.9981492210541467e-01 +1.0000010982887522e+00 +9.9999363780593864e-01 +9.9999431596566890e-01 +9.9999769353191081e-01 -3.2643094123558069e-06 +4.4129992773181612e-05 +1.0230903305571599e-04 -7.7985881172904977e-06 +6.2956144980010864e-05
 54.00000000 +5.0000000000000000e+00 +1.9999973995566751e+00 +1.9250079447097146e-03 +9.9977593890143257e-01 +1.0000012714313322e+00 +9.9999374054405521e-01 +9.9999512590811290e-01 +9.9999646028945244e-01 +1.8801564671076135e-05 +3.3282707799141858e-05 +9.5375681141516021e-05 +1.1475270359076384e-05 +7.8527673509876602e-05
 54.50000000 +5.0000000000000000e+00 +1.9999938011534537e+00 +1.9399190639118799e-03 +9.9973696483595198e-01 +1.0000014445333238e+00 +9.9999384325808782e-01 +9.9999593566068912e-01 +9.9999522733609258e-01 +4.0862266038872392e-05 +2.2437965662080940e-05 +8.8443954554176825e-05 +3.0744610628336499e-05 +9.4095551738431214e-05
 55.00000000 +5.0000000000000000e+00 +1.9999902035936770e+00 +1.9548266880365503e-03 +9.9969799990576036e-01 +1.0000016175947413e+00 +9.9999394594804480e-01 +9.9999674522346393e-01 +9.9999399467172978e-01 +6.2917796509713540e-05 +1.1595765467960121e-05 +8.1513852722248000e-05 +5.0009434279051097e-05 +1.0965978094908799e-04
 55.50000000 +5.0000000000000000e+00 +1.9999866068770471e+00 +1.9697308183124185e-03 +9.9965904410764550e-01 +1.0000017906155989e+00 +9.9999404861393426e-01 +9.9999755459650430e-01 +9.9999276229626188e-01 +8.4968157901427695e-05 +7.5610632315970331e-07 +7.4585375074546988e-05 +6.9269742899036779e-05 +1.2522036242465867e-04
 56.00000000 +5.0000000000000000e+00 +1.9999830110032695e+00 +1.9846314559676041e-03 +9.9962009743839808e-01 +1.0000019635959112e+00 +9.9999415125576563e-01 +9.9999836377987694e-01 +9.9999153020958809e-01 +1.0701335203099099e-04 -1.0081012665521173e-05 +6.7658521040159011e-05 +8.8525538075366012e-05 +1.4077729744735383e-04
 56.50000000 +5.0000000000000000e+00 +1.9999853531721679e+00 +1.9813009693016720e-03 +9.9963027576712282e-01 +1.0000012554298334e+00 +9.9999530014568361e-01 +9.9999796872882429e-01 +9.9999224715773027e-01 +1.0954927426329180e-04 +2.0232950985270705e-06 +6.2437827508204035e-05 +8.1546732887699416e-05 +1.2739562452092430e-04
 57.00000000 +5.0000000000000000e+00 +1.9999876952752771e+00 +1.9779705761857678e-03 +9.9964045380994837e-01 +1.0000005472836471e+00 +9.9999644900333007e-01 +9.9999757368886777e-01 +9.9999296408573368e-01 +1.1208512526408137e-04 +1.4127262864714549e-05 +5.7217280620292402e-05 +7.4568123727668649e-05 +1.1401432747226134e-04
 57.50000000 +5.0000000000000000e+00 +1.9999900373125994e+00 +1.9746402766159508e-03 +9.9965063156688694e-01 +9.9999983915735136e-01 +9.9999759782870690e-01 +9.9999717866000737e-01 +9.9999368099359953e-01 +1.1462090503636093e-04 +2.6230890647366356e-05 +5.1996880370245591e-05 +6.7589710587014502e-05 +1.0063340628552815e-04
 58.00000000 +5.0000000000000000e+00 +1.9999923792841381e+00 +1.9713100705882804e-03 +9.9966080903795063e-01 +9.9999913105094584e-01 +9.9999874662181532e-01 +9.9999678364224298e-01 +9.9999439788132904e-01 +1.1715661358313152e-04 +3.8334178460806797e-05 +4.6776626751885397e-05 +6.0611493457478248e-05 +8.7252860944888797e-05
 58.50000000 +5.0000000000000000e+00 +1.9999947211898961e+00 +1.9679799580988150e-03 +9.9967098622315131e-01 +9.9999842296442942e-01 +9.9999989538265655e-01 +9.9999638863557339e-01 +9.9999511474892244e-01 +1.1969225090739397e-04 +5.0437126319359329e-05 +4.1556519759033996e-05 +5.3633472330801593e-05 +7.3872691434508241e-05
 59.00000000 +5.0000000000000000e+00 +1.9999953118484226e+00 +1.9746194249332305e-03 +9.9965306861029635e-01 +9.9999950671563143e-01 +9.9999865219190609e-01 +9.9999663459991428e-01 +9.9999572568459438e-01 +1.0962954560371156e-04 +5.6502305953269381e-05 +5.2493175680550152e-05 +6.7561804312732586e-05 +7.0225372029008836e-05
 59.50000000 +5.0000000000000000e+00 +1.9999959024322158e+00 +1.9812580517027316e-03 +9.9963515326448438e-01 +1.0000005903297104e+00 +9.9999740915845170e-01 +9.9999688053313440e-01 +9.9999633654296716e-01 +9.9568113493476721e-05 +6.2566718184504390e-05 +6.3428447831177933e-05 +8.1488373999089988e-05 +6.6578514104098213e-05
 60.00000000 +5.0000000000000000e+00 +1.9999964929412892e+00 +1.9878958385667425e-03 +9.9961724018528553e-01 +1.0000016738066932e+00 +9.9999616628226318e-01 +9.9999712643523941e-01 +9.9999694732405509e-01 +8.9507954335066696e-05 +6.8630363158699671e-05 +7.4362336473525112e-05 +9.5413181724316845e-05 +6.2932117572197990e-05
 60.50000000 +5.0000000000000000e+00 +1.9999970833756577e+00 +1.9945327856846491e-03 +9.9959932937226925e-01 +1.0000027571466050e+00 +9.9999492356331110e-01 +9.9999737230623542e-01 +9.9999755802787338e-01 +7.9449067886919859e-05 +7.4693241021453715e-05 +8.5294841870133068e-05 +1.0933622782277161e-04 +5.9286182345751970e-05
 61.00000000 +5.0000000000000000e+00 +1.9999976737353347e+00 +2.0011688932157949e-03 +9.9958142082500578e-01 +1.0000038403494724e+00 +9.9999368100156516e-01 +9.9999761814612809e-01 +9.9999816865443625e-01 +6.9391453907535758e-05 +8.0755351918328160e-05 +9.6225964283476698e-05 +1.2325751262872808e-04 +5.5640708337226089e-05
 61.50000000 +5.0000000000000000e+00 +1.9999930705533264e+00 +1.9881144623643382e-03 +9.9961325770946274e-01 +1.0000010397031478e+00 +9.9999352544942410e-01 +9.9999846093008049e-01 +9.9999724086971853e-01 +6.3411995755164420e-05 +9.2956100057000902e-05 +8.1778023075817138e-05 +1.0545642178382469e-04 +5.2872770420347362e-05
 62.00000000 +5.0000000000000000e+00 +1.9999884666612213e+00 +1.9750580177068573e-03 +9.9964509950514979e-01 +9.9999823862478920e-01 +9.9999336987328713e-01 +9.9999930384404256e-01 +9.9999631294187885e-01 +5.7431615198056600e-05 +1.0515873031067221e-04 +6.7327853096074442e-05 +8.7652584902392315e-05 +5.0104405515106195e-05
 62.50000000 +5.0000000000000000e+00 +1.9999838620588541e+00 +1.9619995587773346e-03 +9.9967694621320258e-01 +9.9999543711429661e-01 +9.9999321427314858e-01 +1.0000001468880442e+00 +9.9999538487088369e-01 +5.1450312022757468e-05 +1.1736324311488458e-04 +5.2875453828485694e-05 +6.9846001348967292e-05 +4.7335613522692658e-05
 63.00000000 +5.0000000000000000e+00 +1.9999792567460606e+00 +1.9489390851096082e-03 +9.9970879783475852e-01 +9.9999263517156944e-01 +9.9999305864900290e-01 +1.0000009900621158e+00 +9.9999445665669984e-01 +4.5468086015746343e-05 +1.2956963890531497e-04 +3.8420824757128818e-05 +5.2036670487889731e-05 +4.4566394344266368e-05
 63.50000000 +5.0000000000000000e+00 +1.9999746507226770e+00 +1.9358765962373744e-03 +9.9974065437095516e-01 +9.9998983279650877e-01 +9.9999290300084509e-01 +1.0000018333662877e+00 +9.9999352829929478e-01 +3.9484936963436657e-05 +1.4177791811777492e-04 +2.3963965365922577e-05 +3.4224591683303755e-05 +4.1796747880956435e-05
 64.00000000 +5.0000000000000000e+00 +1.9999801380737738e+00 +1.9409026403583243e-03 +9.9973092650519779e-01 +9.9999144256566552e-01 +9.9999365874383273e-01 +1.0000007002547391e+00 +9.9999259466791202e-01 +4.8568199225492325e-05 +1.1979883792841380e-04 +3.5236221403177624e-05 +4.7148681682748826e-05 +3.9925322609588899e-05
 64.50000000 +5.0000000000000000e+00 +1.9999856266309357e+00 +1.9459297891548119e-03 +9.9972119650134972e-01 +9.9999305268863314e-01 +9.9999441465292516e-01 +9.9999956689414338e-01 +9.9999166083132596e-01 +5.7653457900111212e-05 +9.7814926951329871e-05 +4.6510954972504239e-05 +6.0075612271279490e-05 +3.8053486017176641e-05
 65.00000000 +5.0000000000000000e+00 +1.9999911163945630e+00 +1.9509580429910736e-03 +9.9971146435870728e-01 +9.9999466316552987e-01 +9.9999517072817801e-01 +9.9999843328441906e-01 +9.9999072678946943e-01 +6.6740713645553759e-05 +7.5826183593708015e-05 +5.7788166890798364e-05 +7.3005384385499433e-05 +3.6181237968098268e-05
 65.50000000 +5.0000000000000000e+00 +1.9999966073650510e+00 +1.9559874022315035e-03 +9.9970173007656393e-01 +9.9999627399647095e-01 +9.9999592696964457e-01 +9.9999729942548332e-01 +9.9998979254227416e-01 +7.5829967120369732e-05 +5.3832606262032671e-05 +6.9067857975314988e-05 +8.5937998962424053e-05 +3.4308578326672654e-05
 66.00000000 +5.0000000000000000e+00 +2.0000020995427996e+00 +1.9610178672406589e-03 +9.9969199365421468e-01 +9.9999788518157395e-01 +9.9999668337738079e-01 +9.9999616531725433e-01 +9.9998885808967297e-01 +8.4921218983398535e-05 +3.1834193362087688e-05 +8.0350029043668622e-05 +9.8873456939480855e-05 +3.2435506957159104e-05
 66.50000000 +5.0000000000000000e+00 +1.9999999846822412e+00 +1.9609886081221454e-03 +9.9969264943219427e-01 +9.9999906218274437e-01 +9.9999676809172955e-01 +9.9999729073764132e-01 +9.9998838929963896e-01 +8.4297133374287983e-05 +5.9485218340033327e-05 +5.6714711027454504e-05 +8.5185584529885275e-05 +4.0157626331367178e-05
 67.00000000 +5.0000000000000000e+00 +1.9999978701396623e+00 +1.9609593534028898e-03 +9.9969330511157417e-01 +1.0000002390069469e+00 +9.9999685279334116e-01 +9.9999841598881589e-01 +9.9998792058009001e-01 +8.3673141599628395e-05 +8.7132085845495011e-05 +3.3082946701723165e-05 +7.1499770161644489e-05 +4.7878584645584100e-05
 67.50000000 +5.0000000000000000e+00 +1.9999957559149923e+00 +1.9609301030818994e-03 +9.9969396069237659e-01 +1.0000014156542210e+00 +9.9999693748221807e-01 +9.9999954107081568e-01 +9.9998745193101013e-01 +8.3049243638258640e-05 +1.1477479681604795e-04 +9.4547352650616053e-06 +5.7816013370637866e-05 +5.5598382161647114e-05
 68.00000000 +5.0000000000000000e+00 +1.9999936420081590e+00 +1.9609008571581832e-03 +9.9969461617462430e-01 +1.0000025921246065e+00 +9.9999702215836406e-01 +1.0000006659836795e+00 +9.9998698335238356e-01 +8.2425439469023941e-05 +1.4241335218898558e-04 -1.4169924083702163e-05 +4.4134313692884373e-05 +6.3317019141314744e-05
 68.50000000 +5.0000000000000000e+00 +1.9999915284190903e+00 +1.9608716156307481e-03 +9.9969527155833893e-01 +1.0000037684181440e+00 +9.9999710682178089e-01 +1.0000017907274448e+00 +9.9998651484419421e-01 +8.1801729070775863e-05 +1.7004775290131946e-04 -3.7791032145499253e-05 +3.0454670664542416e-05 +7.1034495846266781e-05
 69.00000000 +5.0000000000000000e+00 +1.9999884949607036e+00 +1.9609675373480490e-03 +9.9969300126358795e-01 +1.0000030302251548e+00 +9.9999638401095570e-01 +1.0000003853012969e+00 +9.9998803773196532e-01 +6.5435323459667457e-05 +1.5449676739516237e-04 -2.1391925904005064e-05 +5.7931842156304394e-05 +6.2689451586411856e-05
 69.50000000 +5.0000000000000000e+00 +1.9999854625186340e+00 +1.9610634269281602e-03 +9.9969073172946676e-01 +1.0000022922794867e+00 +9.9999566144229790e-01 +9.9999898034601653e-01 +9.9998956010951512e-01 +4.9074401176997246e-05 +1.3895099202268363e-04 -4.9983139468242160e-06 +8.5399807817572993e-05 +5.4347203213423919e-05
 70.00000000 +5.0000000000000000e+00 +1.9999824310923697e+00 +1.9611592843872304e-03 +9.9968846295559255e-01 +1.0000015545810150e+00 +9.9999493911568571e-01 +9.9999757586136773e-01 +9.9999108197709952e-01 +3.2718959467561473e-05 +1.2341042416595140e-04 +1.1389806486752029e-05 +1.1285857227399465e-04 +4.6007749322455886e-05
 70.50000000 +5.0000000000000000e+00 +1.9999794006814016e+00 +1.9612551097413955e-03 +9.9968619494158417e-01 +1.0000008171296162e+00 +9.9999421703099756e-01 +9.9999617184711354e-01 +9.9999260333497508e-01 +1.6368995578001929e-05 +1.0787506120878756e-04 +2.7772438155583197e-05 +1.4030814014811741e-04 +3.7671088509601699e-05
 71.00000000 +5.0000000000000000e+00 +1.9999763712852185e+00 +1.9613509030067824e-03 +9.9968392768705927e-01 +1.0000000799251654e+00 +9.9999349518811209e-01 +9.9999476830301759e-01 +9.9999412418339739e-01 +2.4506756804452992e-08 +9.2344900536765989e-05 +4.4149583816681048e-05 +1.6774851605939331e-04 +2.9337219371895544e-05
 71.50000000 +5.0000000000000000e+00 +1.9999770895958633e+00 +1.9520061552962733e-03 +9.9970774334508217e-01 +1.0000013356620649e+00 +9.9999554527965484e-01 +9.9999245914239498e-01 +9.9999428301265403e-01 -7.4016168789707506e-06 +7.8749856926049733e-05 +4.4374727221671708e-05 +1.5498751868255701e-04 +3.7923084255691321e-05
 72.00000000 +5.0000000000000000e+00 +1.9999778078600985e+00 +1.9426620113376391e-03 +9.9973155746440623e-01 +1.0000025913178332e+00 +9.9999759523874399e-01 +9.9999015013096404e-01 +9.9999444183164898e-01 -1.4827260722652188e-05 +6.5155691673243808e-05 +4.4599856080442691e-05 +1.4222734577699946e-04 +4.6508394418034633e-05
 72.50000000 +5.0000000000000000e+00 +1.9999785260779295e+00 +1.9333184710723704e-03 +9.9975537004518134e-01 +1.0000038468924781e+00 +9.9999964506539196e-01 +9.9998784126871088e-01 +9.9999460064038292e-01 -2.2252424820736463e-05 +5.1562404693226696e-05 +4.4824970394403690e-05 +1.2946799726282120e-04 +5.5093149912683493e-05
 73.00000000 +5.0000000000000000e+00 +1.9999792442493609e+00 +1.9239755344419660e-03 +9.9977918108755637e-01 +1.0000051023860070e+00 +1.0000016947596122e+00 +9.9998553255562050e-01 +9.9999475943885752e-01 -2.9677109219714182e-05 +3.7969995900887780e-05 +4.5050070164964182e-05 +1.1670947306013314e-04 +6.3677350793388959e-05
 73.50000000 +5.0000000000000000e+00 +1.9999799623743957e+00 +1.9146332013879298e-03 +9.9980299059167987e-01 +1.0000063577984277e+00 +1.0000037443214169e+00 +9.9998322399167816e-01 +9.9999491822707298e-01 -3.7101313966069908e-05 +2.4378465211127487e-05 +4.5275155393533472e-05 +1.0395177308905646e-04 +7.2260997113895103e-05
 74.00000000 +5.0000000000000000e+00 +1.9999844437925896e+00 +1.9390279211683834e-03 +9.9974213583162730e-01 +1.0000059119387108e+00 +9.9999987454724015e-01 +9.9998478910015487e-01 +9.9999409948809814e-01 -7.1710766618844978e-06 +3.6051046446816097e-05 +5.4673796608285910e-05 +1.0425998593833875e-04 +8.5375347137994512e-05
 74.50000000 +5.0000000000000000e+00 +1.9999889252606007e+00 +1.9634229121415353e-03 +9.9968128039505988e-01 +1.0000054660740370e+00 +9.9999600473004313e-01 +9.9998635422603011e-01 +9.9999328074002103e-01 +2.2759493372577083e-05 +4.7723757444963254e-05 +6.4072542306422648e-05 +1.0456820221398025e-04 +9.8489842952495117e-05
 75.00000000 +5.0000000000000000e+00 +1.9999934067784340e+00 +1.9878181743119101e-03 +9.9962042428196807e-01 +1.0000050202044066e+00 +9.9999213486982608e-01 +9.9998791936930520e-01 +9.9999246198284220e-01 +5.2690396142863235e-05 +5.9396598207732846e-05 +7.3471392489686031e-05 +1.0487642191603822e-04 +1.1160448455982809e-04
 75.50000000 +5.0000000000000000e+00 +1.9999978883460872e+00 +2.0122137076840287e-03 +9.9955956749233943e-01 +1.0000045743298196e+00 +9.9998826496658766e-01 +9.9998948452997982e-01 +9.9999164321656120e-01 +8.2621631654522491e-05 +7.1069568737288716e-05 +8.2870347159818373e-05 +1.0518464504456973e-04 +1.2471927196242453e-04
 76.00000000 +5.0000000000000000e+00 +2.0000023699635623e+00 +2.0366095122624130e-03 +9.9949871002616320e-01 +1.0000041284502756e+00 +9.9998439502032732e-01 +9.9999104970805430e-01 +9.9999082444117771e-01 +1.1255319991310349e-04 +8.2742669035794811e-05 +9.2269406318562028e-05 +1.0549287159963195e-04 +1.3783420516271571e-04
 76.50000000 +5.0000000000000000e+00 +2.0000020692365110e+00 +2.0184661453089702e-03 +9.9954788189237875e-01 +1.0000020181445963e+00 +9.9998583947884023e-01 +9.9999477148380944e-01 +9.9999179927850190e-01 +1.2002353533318259e-04 +7.0679597181428242e-05 +9.4140255472144853e-05 +7.0260678035844411e-05 +1.2258565386978623e-04
 77.00000000 +5.0000000000000000e+00 +2.0000017684921603e+00 +2.0003217346600886e-03 +9.9959705658720077e-01 +9.9999990771752134e-01 +9.9998728402044523e-01 +9.9999849347365921e-01 +9.9999277417190291e-01 +1.2749430048358793e-04 +5.8615831400013912e-05 +9.6011212246145192e-05 +3.5026457743512128e-05 +1.0733622540541080e-04
 77.50000000 +5.0000000000000000e+00 +2.0000014677305091e+00 +1.9821762802257089e-03 +9.9964623411087417e-01 +9.9999779716904114e-01 +9.9998872864514976e-01 +1.0000022156776223e+00 +9.9999374912138661e-01 +1.3496549540140086e-04 +4.6551371631673022e-05 +9.7882276649849631e-05 -2.0978945225095061e-07 +9.2085919693898468e-05
 78.00000000 +5.0000000000000000e+00 +2.0000011669515554e+00 +1.9640297819157595e-03 +9.9969541446364218e-01 +9.9999568649914450e-01 +9.9999017335296092e-01 +1.0000059380957171e+00 +9.9999472412695711e-01 +1.4243712012370702e-04 +3.4486217816519820e-05 +9.9753448692545797e-05 -3.5448063726351063e-05 +7.6834736659549553e-05
 78.50000000 +5.0000000000000000e+00 +2.0000008661552977e+00 +1.9458822396401598e-03 +9.9974459764574963e-01 +9.9999357570782144e-01 +9.9999161814388593e-01 +1.0000096607279620e+00 +9.9999569918861964e-01 +1.4990917468759633e-04 +2.2420369894661669e-05 +1.0162472838352236e-04 -7.0688365253714479e-05 +6.1582676226655666e-05
 79.00000000 +5.0000000000000000e+00 +1.9999996040699513e+00 +1.9157696466791966e-03 +9.9981505615725141e-01 +9.9999832307707281e-01 +9.9999491405147589e-01 +1.0000045797374078e+00 +9.9999810853414883e-01 +9.8574933689879517e-05 +1.6899882782297195e-05 +9.0840182481434495e-05 -5.9617416224038669e-05 +4.2320857445272487e-05
 79.50000000 +5.0000000000000000e+00 +1.9999983418333065e+00 +1.8856534438185500e-03 +9.9988552311532430e-01 +1.0000030710154393e+00 +9.9999821035417946e-01 +9.9999949813774425e-01 +1.0000005181685108e+00 +4.7234538739875494e-05 +1.1378733873563839e-05 +8.0054343727253532e-05 -4.8545140008243453e-05 +2.3056729555749367e-05
 80.00000000 +5.0000000000000000e+00 +1.9999970794453354e+00 +1.8555336304090482e-03 +9.9995599852148731e-01 +1.0000078195230226e+00 +1.0000015070520678e+00 +9.9999441592886140e-01 +1.0000029280917568e+00 -4.1120112690863761e-06 +5.8569230494501775e-06 +6.9267211888484771e-05 -3.7471536367659767e-05 +3.7902921428373624e-06
 80.50000000 +5.0000000000000000e+00 +1.9999958169060108e+00 +1.8254102058013644e-03 +1.0000264823772598e+00 +1.0000125685999259e+00 +1.0000048041452114e+00 +9.9998933311064997e-01 +1.0000053383039393e+00 -5.5464717443942162e-05 +3.3445019091624410e-07 +5.8478786732577696e-05 -2.6396605063561340e-05 -1.5478455208812064e-05
 81.00000000 +5.0000000000000000e+00 +1.9999945542153055e+00 +1.7952831693460159e-03 +1.0000969746841610e+00 +1.0000173182462513e+00 +1.0000081016336824e+00 +9.9998424968300026e-01 +1.0000077488051102e+00 -1.0682358089189329e-04 -5.1886848211064609e-06 +4.7689068026926103e-05 -1.5320345857164650e-05 -3.4749512914647016e-05
 81.50000000 +5.0000000000000000e+00 +2.0000015411861827e+00 +1.7958735759498895e-03 +1.0000970507380365e+00 +1.0000186393858153e+00 +1.0000076600625074e+00 +9.9998676740723913e-01 +1.0000022126254602e+00 -8.7639300779958658e-05 -1.3927205195155617e-05 +3.5581093362848835e-05 -3.7364635754115083e-06 -4.2608346095669060e-05
 82.00000000 +5.0000000000000000e+00 +2.0000085278468718e+00 +1.7964639563425595e-03 +1.0000971267885355e+00 +1.0000199604667270e+00 +1.0000072185109363e+00 +9.9998928501970363e-01 +9.9999667669159009e-01 -6.8455872357469784e-05 -2.2665337621075852e-05 +2.3473656234408611e-05 +7.8469044378768927e-06 -5.0466830382427825e-05
 82.50000000 +5.0000000000000000e+00 +2.0000155141973948e+00 +1.7970543105257722e-03 +1.0000972028356585e+00 +1.0000212814889911e+00 +1.0000067769789678e+00 +9.9999180252040065e-01 +9.9999114100348341e-01 -4.9273295567711596e-05 -3.1403082124701134e-05 +1.1366756605810238e-05 +1.9429758216946347e-05 -5.8324965798156638e-05
 83.00000000 +5.0000000000000000e+00 +2.0000225002377698e+00 +1.7976446385012700e-03 +1.0000972788794051e+00 +1.0000226024526100e+00 +1.0000063354665996e+00 +9.9999431990933718e-01 +9.9998560556112293e-01 -3.0091570353973981e-05 -4.0140438731863107e-05 -7.3960555873831470e-07 +3.1012097796039605e-05 -6.6182752366086706e-05
 83.50000000 +5.0000000000000000e+00 +2.0000294859680205e+00 +1.7982349402708017e-03 +1.0000973549197762e+00 +1.0000239233575889e+00 +1.0000058939738317e+00 +9.9999683718652188e-01 +9.9998007036449377e-01 -1.0910696659551997e-05 -4.8877407468391181e-05 -1.2845430295025858e-05 +4.2593923209396406e-05 -7.4040190109447271e-05
 84.00000000 +5.0000000000000000e+00 +2.0000200177302641e+00 +1.7855377599197719e-03 +1.0001230721542349e+00 +1.0000174080284026e+00 +1.0000109468892129e+00 +1.0000008666198199e+00 +9.9997915241259416e-01 -2.7327883858056983e-05 -4.1808639145238549e-05 -3.3550352653375749e-05 +6.1781192810082553e-05 -9.0540422346451429e-05
 84.50000000 +5.0000000000000000e+00 +2.0000105517173816e+00 +1.7728435631872419e-03 +1.0001487833455875e+00 +1.0000108942302068e+00 +1.0000159986172468e+00 +1.0000048951062714e+00 +9.9997823467639824e-01 -4.3741213300582350e-05 -3.4741531860785060e-05 -5.4250409711898710e-05 +8.0963953733177385e-05 -1.0703677731332354e-04
 85.00000000 +5.0000000000000000e+00 +2.0000010879285868e+00 +1.7601523490216853e-03 +1.0001744884959625e+00 +1.0000043819624613e+00 +1.0000210491583506e+00 +1.0000089226462088e+00 +9.9997731715582883e-01 -6.0150686346727531e-05 -2.7676085029626251e-05 -7.4945603185285609e-05 +1.0014220756768639e-04 -1.2352925637654043e-04
 85.50000000 +5.0000000000000000e+00 +1.9999916263630964e+00 +1.7474641163720719e-03 +1.0002001876074895e+00 +9.9999787122462680e-01 +1.0000260985129430e+00 +1.0000129492399656e+00 +9.9997639985081010e-01 -7.6556304355453251e-05 -2.0612298066632796e-05 -9.5635934787421747e-05 +1.1931595590186858e-04 -1.4001786090193699e-04
 86.00000000 +5.0000000000000000e+00 +1.9999821670201277e+00 +1.7347788641878647e-03 +1.0002258806822959e+00 +9.9999136201616434e-01 +1.0000311466814424e+00 +1.0000169748878760e+00 +9.9997548276126635e-01 -9.2958068685081697e-05 -1.3550170386950237e-05 -1.1632140623138718e-04 +1.3848520032323674e-04 -1.5650259225470647e-04
 86.50000000 +5.0000000000000000e+00 +1.9999826129876686e+00 +1.8163845844833028e-03 +1.0000258822774573e+00 +9.9999136922442966e-01 +1.0000242518657405e+00 +1.0000105737456424e+00 +9.9997605069533091e-01 -6.7312966795298355e-05 +9.4562736532316504e-06 -4.4705670775024317e-05 +1.4377509705969734e-04 -6.9340549173816824e-05
 87.00000000 +5.0000000000000000e+00 +1.9999830587107976e+00 +1.8979455808953553e-03 +9.9982599348142143e-01 +9.9999137642874425e-01 +1.0000173608287311e+00 +1.0000041761115441e+00 +9.9997661831814011e-01 -4.1681919662242576e-05 +3.2450109048864546e-05 +2.6870815793031115e-05 +1.4906209467678360e-04 +1.7773724889946470e-05
 87.50000000 +5.0000000000000000e+00 +1.9999835041897158e+00 +1.9794618901802291e-03 +9.9962621420410736e-01 +9.9999138362911211e-01 +1.0000104735673092e+00 +9.9999778198269873e-01 +9.9997718562994997e-01 -1.6064915735049469e-05 +5.5431346162329851e-05 +9.8408085729374904e-05 +1.5434619555712922e-04 +1.0484026919542475e-04
 88.00000000 +5.0000000000000000e+00 +1.9999839494246237e+00 +2.0609335490538623e-03 +9.9942654435553180e-01 +9.9999139082553545e-01 +1.0000035900783717e+00 +9.9999139135622583e-01 +9.9997775263101563e-01 +9.5380565244919953e-06 +7.8399995344657057e-05 +1.6990617125526593e-04 +1.5962740208075765e-04 +1.9185912295845140e-04
 88.50000000 +5.0000000000000000e+00 +1.9999843944157216e+00 +2.1423605941919849e-03 +9.9922698384580999e-01 +9.9999139801801840e-01 +9.9999671035882098e-01 +9.9998500422924852e-01 +9.9997831932159242e-01 +3.5127008641956160e-05 +1.0135606693553918e-04 +2.4136510455667433e-04 +1.6490571662508576e-04 +2.7883032535191076e-04
 89.00000000 +5.0000000000000000e+00 +1.9999862797557155e+00 +2.1303485251742511e-03 +9.9925900388957378e-01 +9.9999263430232532e-01 +9.9999447574775779e-01 +9.9998184957232805e-01 +9.9997860020795415e-01 +4.4678027566896663e-05 +1.3217934977838693e-04 +2.1844693797205003e-04 +1.5010222429769781e-04 +2.4802973582990415e-04
 89.50000000 +5.0000000000000000e+00 +1.9999881651246711e+00 +2.1183362716336225e-03 +9.9929102442521200e-01 +9.9999387060562339e-01 +9.9999224110236795e-01 +9.9997869486694724e-01 +9.9997888109863076e-01 +5.4229193209413656e-05 +1.6300310611180088e-04 +1.9552841933097128e-04 +1.3529850456708365e-04 +2.1722867316593389e-04
 90.00000000 +5.0000000000000000e+00 +1.9999900505225889e+00 +2.1063238335658481e-03 +9.9932304545273642e-01 +9.9999510692791305e-01 +9.9999000642265001e-01 +9.9997554011310519e-01 +9.9997916199362202e-01 +6.3780505572887838e-05 +1.9382733594669124e-04 +1.7260954862532591e-04 +1.2049455742800325e-04 +1.8642713734909764e-04
 90.50000000 +5.0000000000000000e+00 +1.9999919359494696e+00 +2.0943112109666753e-03 +9.9935506697215770e-01 +9.9999634326919473e-01 +9.9998777170860398e-01 +9.9997238531080079e-01 +9.9997944289292862e-01 +7.3331964660700054e-05 +2.2465203929396881e-04 +1.4969032584700147e-04 +1.0569038287521662e-04 +1.5562512836849281e-04
 91.00000000 +5.0000000000000000e+00 +1.9999938214053132e+00 +2.0822984038318523e-03 +9.9938708898348760e-01 +9.9999757962946856e-01 +9.9998553696022829e-01 +9.9996923046003294e-01 +9.9997972379654998e-01 +8.2883570476231208e-05 +2.5547721616454443e-04 +1.2677075098788519e-04 +9.0885980903483487e-05 +1.2482264621321645e-04
 91.50000000 +5.0000000000000000e+00 +1.9999957068901217e+00 +2.0702854121571273e-03 +9.9941911148673768e-01 +9.9999881600873552e-01 +9.9998330217752274e-01 +9.9996607556080042e-01 +9.9998000470448667e-01 +9.2435323022862356e-05 +2.8630286656932964e-04 +1.0385082403986419e-04 +7.6081351507563486e-05 +9.4019690872365171e-05
 92.00000000 +5.0000000000000000e+00 +1.9999975924038951e+00 +2.0582722359382471e-03 +9.9945113448191869e-01 +1.0000000524069959e+00 +9.9998106736048642e-01 +9.9996292061310221e-01 +9.9998028561673880e-01 +1.0198722230397462e-04 +3.1712899051923604e-04 +8.0930544994825256e-05 +6.1276494682216076e-05 +6.3216262335035394e-05
 92.50000000 +5.0000000000000000e+00 +1.9999994779466341e+00 +2.0462588751709605e-03 +9.9948315796904252e-01 +1.0000012888242498e+00 +9.9997883250911845e-01 +9.9995976561693722e-01 +9.9998056653330625e-01 +1.1153926832294927e-04 +3.4795558802517575e-04 +5.8009913844654842e-05 +4.6471410422200521e-05 +3.2412360590323050e-05
 93.00000000 +5.0000000000000000e+00 +2.0000013635183387e+00 +2.0342453298510125e-03 +9.9951518194811984e-01 +1.0000025252604978e+00 +9.9997659762341773e-01 +9.9995661057230423e-01 +9.9998084745418914e-01 +1.2109146108316759e-04 +3.7878265909806083e-04 +3.5088930581239312e-05 +3.1666098722275944e-05 +1.6079856273238973e-06
 93.50000000 +5.0000000000000000e+00 +2.0000032491190107e+00 +2.0222315999741535e-03 +9.9954720641916284e-01 +1.0000037617157407e+00 +9.9997436270338413e-01 +9.9995345547920211e-01 +9.9998112837938768e-01 +1.3064380058801106e-04 +4.0961020374880426e-04 +1.2167595196464708e-05 +1.6860559577201336e-05 -2.9196862564866741e-05
 94.00000000 +5.0000000000000000e+00 +2.0000016545101102e+00 +2.0156238437121460e-03 +9.9955961211306321e-01 +1.0000068645285289e+00 +9.9997141565570857e-01 +9.9995360877292128e-01 +9.9997939124741819e-01 +1.3481808782225919e-04 +4.0019426514982737e-04 +9.7961315113910622e-06 +2.0808311684196269e-05 -3.6509119470852128e-05
 94.50000000 +5.0000000000000000e+00 +2.0000000602892278e+00 +2.0090176953283896e-03 +9.9957201478826219e-01 +1.0000099665863036e+00 +9.9996846932514372e-01 +9.9995376202933917e-01 +9.9997765453814846e-01 +1.3899135931903257e-04 +3.9078061774960095e-04 +7.4252448792128555e-06 +2.4755103176951923e-05 -4.3819597071066838e-05
 95.00000000 +5.0000000000000000e+00 +1.9999984664562243e+00 +2.0024131542360846e-03 +9.9958441444586099e-01 +1.0000130678893402e+00 +9.9996552371142822e-01 +9.9995391524846944e-01 +9.9997591825142407e-01 +1.4316361544902822e-04 +3.8136926071194379e-04 +5.0549350893325996e-06 +2.8700934406047850e-05 -5.1128296014874792e-05
 95.50000000 +5.0000000000000000e+00 +1.9999968730109561e+00 +1.9958102198487141e-03 +9.9959681108696097e-01 +1.0000161684379147e+00 +9.9996257881430028e-01 +9.9995406843032564e-01 +9.9997418238709102e-01 +1.4733485658276270e-04 +3.7196019320108166e-04 +2.6852019312552640e-06 +3.2645805721893037e-05 -5.8435216951323977e-05
 96.00000000 +5.0000000000000000e+00 +1.9999952799532830e+00 +1.9892088915800495e-03 +9.9960920471266257e-01 +1.0000192682323017e+00 +9.9995963463349846e-01 +9.9995422157492164e-01 +9.9997244694499532e-01 +1.5150508309057239e-04 +3.6255341438164710e-04 +3.1604519458822824e-07 +3.6589717474726018e-05 -6.5740360529146634e-05
 96.50000000 +5.0000000000000000e+00 +1.9999936872830637e+00 +1.9826091688441455e-03 +9.9962159532406591e-01 +1.0000223672727766e+00 +9.9995669116876140e-01 +9.9995437468227077e-01 +9.9997071192498255e-01 +1.5567429534261361e-04 +3.5314892341867867e-04 -2.0525353309587916e-06 +4.0532670014614913e-05 -7.3043727396759374e-05
 97.00000000 +5.0000000000000000e+00 +1.9999920950001548e+00 +1.9760110510553407e-03 +9.9963398292227046e-01 +1.0000254655596139e+00 +9.9995374841982776e-01 +9.9995452775238602e-01 +9.9996897732689882e-01 +1.5984249370886230e-04 +3.4374671947762106e-04 -4.4205398555737984e-06 +4.4474663691457622e-05 -8.0345318202263520e-05
 97.50000000 +5.0000000000000000e+00 +1.9999905031044174e+00 +1.9694145376282623e-03 +9.9964636750837532e-01 +1.0000285630930894e+00 +9.9995080638643663e-01 +9.9995468078528227e-01 +9.9996724315059016e-01 +1.6400967855911494e-04 +3.3434680172432502e-04 -6.7879685893425820e-06 +4.8415698854981876e-05 -8.7645133593445204e-05
 98.00000000 +5.0000000000000000e+00 +1.9999889115957101e+00 +1.9628196279778197e-03 +9.9965874908347929e-01 +1.0000316598734775e+00 +9.9994786506832745e-01 +9.9995483378097216e-01 +9.9996550939590345e-01 +1.6817585026298804e-04 +3.2494916932504709e-04 -9.1548217422487747e-06 +5.2355775854745375e-05 -9.4943174217775543e-05
 98.50000000 +5.0000000000000000e+00 +1.9999873204738909e+00 +1.9562263215192055e-03 +9.9967112764867994e-01 +1.0000347559010527e+00 +9.9994492446523875e-01 +9.9995498673946970e-01 +9.9996377606268438e-01 +1.7234100918991818e-04 +3.1555382144644851e-04 -1.1521099524173920e-05 +5.6294895040135811e-05 -1.0223944072241089e-04
 99.00000000 +5.0000000000000000e+00 +1.9999719211333482e+00 +1.9805099672597589e-03 +9.9960643547576677e-01 +1.0000241769331821e+00 +9.9995791172691084e-01 +9.9998879124732099e-01 +9.9995531864812293e-01 +1.5915283498326918e-04 +2.6255952283030118e-04 +2.1683613516090686e-05 +8.1521686892578387e-05 -5.7551687291696555e-05
 99.50000000 +5.0000000000000000e+00 +1.9999565115829536e+00 +2.0048097131973438e-03 +9.9954170041157009e-01 +1.0000135909513950e+00 +9.9997090759921170e-01 +1.0000226181677554e+00 +9.9994685562624674e-01 +1.4595591694114014e-04 +2.0953008868885548e-04 +5.4910341472403123e-05 +1.0676520425335811e-04 -1.2834305622998317e-05
100.00000000 +5.0000000000000000e+00 +1.9999410918125513e+00 +2.0291255753490550e-03 +9.9947692241342057e-01 +1.0000029979487137e+00 +9.9998391209070880e-01 +1.0000564675230708e+00 +9.9993838699147808e-01 +1.3275024636482766e-04 +1.5646548406794060e-04 +8.8159106246048018e-05 +1.3202546376165353e-04 +3.1912733758993685e-05
