#PATCH_CHECK: SepMBpoisson v0.60 fullmb-kondo adaptive-t500 active
#discretizing the bath:
#     0 0.0000000000000000e+00 -9.1873305439137479e-02
#     1 3.6514837167011074e-03 -2.5724525522958491e-01
#     2 3.6514837167011074e-03 -2.3762529571440641e-01
#     3 3.6514837167011074e-03 -2.1696245329841327e-01
#     4 3.6514837167011074e-03 -1.9530693167859475e-01
#     5 3.6514837167011074e-03 -1.7270231030974789e-01
#     6 3.6514837167011074e-03 -1.4918688520136411e-01
#     7 3.6514837167011074e-03 -1.2479465781854315e-01
#     8 3.6514837167011074e-03 -9.9556082659148060e-02
#     9 3.6514837167011074e-03 -7.3498644351309927e-02
#adaptive measurement: gap=7.6827772200105809e-03 period_steps=1636 nmeas=300 nwf=300 tmax=1.5000000000000000e+02 forced_stride=1
  0.00000000 +5.0000000000000000e+00 +1.9999999999999998e+00 +1.8374661879283106e-03 +1.0000000000000000e+00 +1.0000000000000000e+00 +1.0000000000000000e+00 +1.0000000000000000e+00 +1.0000000000000000e+00 +0.0000000000000000e+00 +0.0000000000000000e+00 +0.0000000000000000e+00 +0.0000000000000000e+00 +0.0000000000000000e+00
  0.50000000 +5.0000000000000000e+00 +1.9999999999259022e+00 +1.8441686846158772e-03 +9.9998298397683916e-01 +9.9999999999167855e-01 +9.9999999999167855e-01 +9.9999999999167855e-01 +9.9999999999167855e-01 +3.4185442264041127e-06 +3.4029705225101119e-06 +3.4380694671070400e-06 +3.3848399418573940e-06 +3.3715906713804082e-06
  1.00000000 +5.0000000000000000e+00 +2.0000000002141074e+00 +1.8641457797443587e-03 +9.9993225563658350e-01 +9.9999999992432265e-01 +9.9999999990905575e-01 +9.9999999992824851e-01 +9.9999999991996069e-01 +1.3579860804413166e-05 +1.3542734208863520e-05 +1.3576882964279110e-05 +1.3570276008765346e-05 +1.3474848282315580e-05
  1.50000000 +5.0000000000000000e+00 +2.0000000012550183e+00 +1.8968813401938533e-03 +9.9984909204947858e-01 +9.9999999948565732e-01 +9.9999999942642059e-01 +9.9999999945951135e-01 +9.9999999944342077e-01 +3.0477923509684998e-05 +3.0226863589623581e-05 +3.0208756460933789e-05 +3.0130134293018571e-05 +2.9866512626366010e-05
  2.00000000 +5.0000000000000000e+00 +2.0000000079403710e+00 +1.9416217912666422e-03 +9.9973535188182827e-01 +9.9999999796998873e-01 +9.9999999778461024e-01 +9.9999999783504268e-01 +9.9999999780759108e-01 +5.3771456786768042e-05 +5.3290885731173931e-05 +5.2701493121814720e-05 +5.2953186586766504e-05 +5.1939730291688916e-05
  2.50000000 +5.0000000000000000e+00 +1.9999999855663741e+00 +1.9967202057284031e-03 +9.9959514863910992e-01 +9.9999999417435959e-01 +9.9999999393264816e-01 +9.9999999414327012e-01 +9.9999999400443129e-01 +8.2623773395159680e-05 +8.1763641909741042e-05 +8.0557348540156908e-05 +8.0961775805200653e-05 +7.8968636288849958e-05
  3.00000000 +5.0000000000000000e+00 +1.9999999677462648e+00 +2.0604601704392505e-03 +9.9943275343172266e-01 +9.9999998732009143e-01 +9.9999998680782276e-01 +9.9999998715747895e-01 +9.9999998686908331e-01 +1.1683709372049308e-04 +1.1500716851935591e-04 +1.1301288093986163e-04 +1.1296489823057862e-04 +1.0947638631792007e-04
  3.50000000 +5.0000000000000000e+00 +1.9999999248489513e+00 +2.1310446709543224e-03 +9.9925264183367124e-01 +9.9999997510528527e-01 +9.9999997499475390e-01 +9.9999997543001784e-01 +9.9999997434264742e-01 +1.5521547451068343e-04 +1.5187639224600313e-04 +1.4917748929677149e-04 +1.4818441949147526e-04 +1.4300451964361201e-04
  4.00000000 +5.0000000000000000e+00 +1.9999999012028618e+00 +2.2064761866870137e-03 +9.9905979526940769e-01 +9.9999995681280418e-01 +9.9999995632711491e-01 +9.9999995746566095e-01 +9.9999995601011293e-01 +1.9741420834609917e-04 +1.9235510763810387e-04 +1.8782529508577431e-04 +1.8498839658866273e-04 +1.7779510771446678e-04
  4.50000000 +5.0000000000000000e+00 +1.9999998467679758e+00 +2.2839242222346735e-03 +9.9886132519422355e-01 +9.9999992934487225e-01 +9.9999992956032191e-01 +9.9999993062527159e-01 +9.9999993001449183e-01 +2.4182158642949646e-04 +2.3470991526394487e-04 +2.2718346641735629e-04 +2.2266699516841886e-04 +2.1257328325875922e-04
  5.00000000 +5.0000000000000000e+00 +1.9999997297029772e+00 +2.3611378379400270e-03 +9.9866285642083841e-01 +9.9999989254929234e-01 +9.9999989264822309e-01 +9.9999989465517181e-01 +9.9999989353144358e-01 +2.8825645668505314e-04 +2.7729476072730930e-04 +2.6730381928469178e-04 +2.5902893645403364e-04 +2.4568626240787636e-04
  5.50000000 +5.0000000000000000e+00 +1.9999995467672849e+00 +2.4357992812909924e-03 +9.9847025699140457e-01 +9.9999984317491797e-01 +9.9999984379782325e-01 +9.9999984656986107e-01 +9.9999984470526893e-01 +3.3506745242875351e-04 +3.2057060799402270e-04 +3.0561448753309349e-04 +2.9336702882847780e-04 +2.7574515750013011e-04
  6.00000000 +5.0000000000000000e+00 +1.9999992810941529e+00 +2.5049218959891486e-03 +9.9829104078501352e-01 +9.9999978197739758e-01 +9.9999978201794393e-01 +9.9999978428228053e-01 +9.9999978474354057e-01 +3.8144538542548494e-04 +3.6161056479692646e-04 +3.4196398608697220e-04 +3.2361853963350657e-04 +3.0118770310951225e-04
  6.50000000 +5.0000000000000000e+00 +1.9999990203709934e+00 +2.5663527103910026e-03 +9.9813068612143974e-01 +9.9999970275866057e-01 +9.9999970521590842e-01 +9.9999970895833656e-01 +9.9999971120596798e-01 +4.2443371326927485e-04 +3.9957365938017076e-04 +3.7423480237371151e-04 +3.5125257533773609e-04 +3.2099101208054822e-04
  7.00000000 +5.0000000000000000e+00 +1.9999986062441422e+00 +2.6212787092916015e-03 +9.9798627413679430e-01 +9.9999961091471878e-01 +9.9999961051593811e-01 +9.9999962019020594e-01 +9.9999962202216963e-01 +4.6667572671341232e-04 +4.3520950721774495e-04 +4.0403066286822981e-04 +3.7243990560580434e-04 +3.3690646551460385e-04
  7.50000000 +5.0000000000000000e+00 +1.9999981146910653e+00 +2.6643139789362586e-03 +9.9787150361326271e-01 +9.9999950169177776e-01 +9.9999950206843036e-01 +9.9999950913986257e-01 +9.9999951900977679e-01 +5.0594170396147753e-04 +4.6488684251181516e-04 +4.2573688767877778e-04 +3.8802037437776294e-04 +3.4587872040099009e-04
  8.00000000 +5.0000000000000000e+00 +1.9999975755753610e+00 +2.6933088362636275e-03 +9.9779188673470476e-01 +9.9999938057114435e-01 +9.9999937889666779e-01 +9.9999938203914596e-01 +9.9999939749633759e-01 +5.3829864678275614e-04 +4.8882698160375437e-04 +4.4185764182812367e-04 +3.9708872824965267e-04 +3.4450224398825457e-04
  8.50000000 +5.0000000000000000e+00 +1.9999970347327987e+00 +2.7139033662886250e-03 +9.9773336838779270e-01 +9.9999922995476831e-01 +9.9999924194601630e-01 +9.9999925056306027e-01 +9.9999925960408542e-01 +5.6866615636824692e-04 +5.0921461019995146e-04 +4.5335449113332866e-04 +3.9748146105579411e-04 +3.4093282945780589e-04
  9.00000000 +5.0000000000000000e+00 +1.9999964220350772e+00 +2.7163188984197172e-03 +9.9772084879910039e-01 +9.9999908236809099e-01 +9.9999908016053818e-01 +9.9999908849860042e-01 +9.9999910401426007e-01 +5.8715864790378819e-04 +5.2141054508118454e-04 +4.5683541120545489e-04 +3.9029063934568583e-04 +3.2710090056277906e-04
  9.50000000 +5.0000000000000000e+00 +1.9999957116338101e+00 +2.7102460104556836e-03 +9.9772999862384504e-01 +9.9999890515524070e-01 +9.9999891667955065e-01 +9.9999891289826837e-01 +9.9999894603024009e-01 +6.0463316082262576e-04 +5.3002443978011991e-04 +4.5059727774478860e-04 +3.8113070943380362e-04 +3.0793498985848988e-04
 10.00000000 +5.0000000000000000e+00 +1.9999953764481311e+00 +2.6891549077543396e-03 +9.9777750400091425e-01 +9.9999872516505317e-01 +9.9999872549867308e-01 +9.9999875027349627e-01 +9.9999877930760628e-01 +6.1237180373062210e-04 +5.2500538614335941e-04 +4.4346576910414927e-04 +3.6193888032306110e-04 +2.8473390524476572e-04
 10.50000000 +5.0000000000000000e+00 +1.9999946787934799e+00 +2.6585079511335335e-03 +9.9784988965709687e-01 +9.9999850543344571e-01 +9.9999852814855550e-01 +9.9999852417970436e-01 +9.9999859017562187e-01 +6.1466691683442428e-04 +5.1768086901945629e-04 +4.2872923307591478e-04 +3.3583738016130556e-04 +2.5904801017452117e-04
 11.00000000 +5.0000000000000000e+00 +1.9999938229448435e+00 +2.6177661490506049e-03 +9.9794852640021636e-01 +9.9999829868746237e-01 +9.9999831214168899e-01 +9.9999834327002957e-01 +9.9999839120135792e-01 +6.1461993217020935e-04 +5.0289892748682237e-04 +4.0477635137457226e-04 +3.0855324221405273e-04 +2.2727989127679051e-04
 11.50000000 +5.0000000000000000e+00 +1.9999936829385134e+00 +2.5698574142455225e-03 +9.9806631636423049e-01 +9.9999807588080636e-01 +9.9999810927114663e-01 +9.9999811687515128e-01 +9.9999820410575335e-01 +6.0147268442114739e-04 +4.8271349523351876e-04 +3.8129817865676334e-04 +2.8193705875030416e-04 +1.9375608686131597e-04
 12.00000000 +5.0000000000000000e+00 +1.9999924880501407e+00 +2.5111722863747901e-03 +9.9821260906266562e-01 +9.9999783059786529e-01 +9.9999787819886610e-01 +9.9999789993257193e-01 +9.9999798107453552e-01 +5.8324038923889953e-04 +4.5561393508098601e-04 +3.4975490996385104e-04 +2.4814706756511425e-04 +1.5904486065817768e-04
 12.50000000 +5.0000000000000000e+00 +1.9999919071653480e+00 +2.4452811871503739e-03 +9.9837824245087625e-01 +9.9999759338490335e-01 +9.9999764657051327e-01 +9.9999767620879632e-01 +9.9999780237364200e-01 +5.5924577965768660e-04 +4.2644324544148223e-04 +3.0654780657131197e-04 +2.0884885129819961e-04 +1.2995335791188541e-04
 13.00000000 +5.0000000000000000e+00 +1.9999918752516159e+00 +2.3868333015831895e-03 +9.9852668263124666e-01 +9.9999736314789556e-01 +9.9999743313910816e-01 +9.9999747741536371e-01 +9.9999760514092007e-01 +5.3439455775770861e-04 +3.9403988642992577e-04 +2.7624104392438565e-04 +1.7628123338899287e-04 +1.0248183707882593e-04
 13.50000000 +5.0000000000000000e+00 +1.9999906925163262e+00 +2.3205362612723369e-03 +9.9869635350082409e-01 +9.9999715454496185e-01 +9.9999721717506895e-01 +9.9999726890283047e-01 +9.9999738984270869e-01 +5.0069635504680708e-04 +3.5727590019550451e-04 +2.3629249859390326e-04 +1.3992841443980479e-04 +8.0422836898762283e-05
 14.00000000 +5.0000000000000000e+00 +1.9999911989639017e+00 +2.2565018432419487e-03 +9.9886160805510738e-01 +9.9999693582290927e-01 +9.9999703418259700e-01 +9.9999712297645160e-01 +9.9999722806748970e-01 +4.6217106611913164e-04 +3.2116948838128040e-04 +1.9942938932866408e-04 +1.1157895444349683e-04 +5.5722011493688162e-05
 14.50000000 +5.0000000000000000e+00 +1.9999912866522735e+00 +2.1969777629797598e-03 +9.9901702444718044e-01 +9.9999669540187575e-01 +9.9999682424955316e-01 +9.9999690576840738e-01 +9.9999710372475348e-01 +4.2524405420042672e-04 +2.7571626845789010e-04 +1.6585545205748337e-04 +8.9052804397624221e-05 +3.9577812773219561e-05
 15.00000000 +5.0000000000000000e+00 +1.9999913553767801e+00 +2.1457052253933181e-03 +9.9915288418377002e-01 +9.9999648180550860e-01 +9.9999663507463732e-01 +9.9999668432272493e-01 +9.9999687639411772e-01 +3.8430674140899843e-04 +2.3526086619422623e-04 +1.3572211043152803e-04 +7.2634350959279294e-05 +3.2514164505070143e-05
 15.50000000 +5.0000000000000000e+00 +1.9999923707250999e+00 +2.1047442143330842e-03 +9.9926378821771100e-01 +9.9999631610634399e-01 +9.9999649485407438e-01 +9.9999652439738418e-01 +9.9999667639050238e-01 +3.4628179258141477e-04 +2.0794637627082836e-04 +1.0834757691810522e-04 +5.7973585302919022e-05 +2.9650716558280945e-05
 16.00000000 +5.0000000000000000e+00 +1.9999917624279944e+00 +2.0647842740539259e-03 +9.9937308148464310e-01 +9.9999616367710942e-01 +9.9999625990763230e-01 +9.9999635381384455e-01 +9.9999663567848351e-01 +3.0055353235995116e-04 +1.7116996886549888e-04 +8.4677298139652901e-05 +4.6993865693262750e-05 +3.8110804163102305e-05
 16.50000000 +5.0000000000000000e+00 +1.9999932444078592e+00 +2.0381536655906395e-03 +9.9944928517040310e-01 +9.9999596793619094e-01 +9.9999618866394369e-01 +9.9999626674111430e-01 +9.9999660295662274e-01 +2.7181964755587369e-04 +1.4225543119916013e-04 +7.1805534855269741e-05 +3.7965938883752888e-05 +4.1841936539340655e-05
 17.00000000 +5.0000000000000000e+00 +1.9999939155621402e+00 +2.0153014110145945e-03 +9.9951695984641653e-01 +9.9999596401324431e-01 +9.9999596192656015e-01 +9.9999616313792195e-01 +9.9999637098261418e-01 +2.2940161593432837e-04 +1.1898631011440138e-04 +5.2919615824335698e-05 +4.0562489321490705e-05 +5.6710095804867157e-05
 17.50000000 +5.0000000000000000e+00 +1.9999953189091855e+00 +2.0136792725116617e-03 +9.9953054146681963e-01 +9.9999575794161100e-01 +9.9999586942328311e-01 +9.9999606706002053e-01 +9.9999625386653201e-01 +1.9965347581090055e-04 +9.7404614149439262e-05 +4.7466174269255096e-05 +5.6181309756476690e-05 +8.4804693628726243e-05
 18.00000000 +5.0000000000000000e+00 +1.9999964097497880e+00 +2.0115217508133664e-03 +9.9954650269744061e-01 +9.9999581763620726e-01 +9.9999589367513642e-01 +9.9999580968980362e-01 +9.9999625985892171e-01 +1.6506677192786135e-04 +7.7751903898775674e-05 +5.7608530241955562e-05 +7.3569406908267551e-05 +9.5719830316252734e-05
 18.50000000 +5.0000000000000000e+00 +1.9999971946726045e+00 +2.0403675873980885e-03 +9.9948106690324501e-01 +9.9999557142756224e-01 +9.9999565895827347e-01 +9.9999580060532578e-01 +9.9999615718336965e-01 +1.4348100322528613e-04 +6.9898610471892412e-05 +7.4336255958772706e-05 +9.5917603459626247e-05 +1.5211141981725032e-04
 19.00000000 +5.0000000000000000e+00 +1.9999991282785574e+00 +2.0529246381516572e-03 +9.9945885122404299e-01 +9.9999564378143457e-01 +9.9999567186822103e-01 +9.9999578007988799e-01 +9.9999617953557851e-01 +1.1820060743427970e-04 +7.7588002368211004e-05 +7.4729669211584865e-05 +1.1391719538873271e-04 +1.7343798003451193e-04
 19.50000000 +5.0000000000000000e+00 +1.9999996277283594e+00 +2.0765411909225550e-03 +9.9940641422688903e-01 +9.9999555702868792e-01 +9.9999567095987307e-01 +9.9999590770709901e-01 +9.9999613133370924e-01 +1.1020395395229613e-04 +6.7152765977803114e-05 +8.9726007839972555e-05 +1.4550321768893413e-04 +1.9773280297513975e-04
 20.00000000 +5.0000000000000000e+00 +2.0000002869949105e+00 +2.1422410376146926e-03 +9.9924610564517002e-01 +9.9999544215619252e-01 +9.9999573344116388e-01 +9.9999568427298913e-01 +9.9999602850149916e-01 +1.1510784846161121e-04 +8.7204603103511617e-05 +1.2139507278748555e-04 +1.9249127246618561e-04 +2.5480719946448666e-04
 20.50000000 +5.0000000000000000e+00 +2.0000006329209712e+00 +2.1603246300092626e-03 +9.9920563196207179e-01 +9.9999562770840600e-01 +9.9999557615749302e-01 +9.9999577036381093e-01 +9.9999588691908115e-01 +9.8197131642719534e-05 +1.0656774815902689e-04 +1.4362435779551619e-04 +2.0569134321260694e-04 +2.5742635433113870e-04
 21.00000000 +5.0000000000000000e+00 +2.0000019399805669e+00 +2.2040185676441486e-03 +9.9909866261366398e-01 +9.9999555794890627e-01 +9.9999565369521692e-01 +9.9999579048655862e-01 +9.9999600422447565e-01 +1.0968467639232628e-04 +1.2340591392084310e-04 +1.5929013682909653e-04 +2.4225745275482523e-04 +2.8369287677253320e-04
 21.50000000 +5.0000000000000000e+00 +2.0000021522820606e+00 +2.2733154165721745e-03 +9.9892548028672989e-01 +9.9999560721290981e-01 +9.9999535312567478e-01 +9.9999577137191853e-01 +9.9999596418681647e-01 +1.2727988906226681e-04 +1.5587346974526366e-04 +2.1967680979997125e-04 +2.7959171339171673e-04 +3.0940193486655239e-04
 22.00000000 +5.0000000000000000e+00 +2.0000038639168323e+00 +2.3107787344577918e-03 +9.9882998125288858e-01 +9.9999522770019489e-01 +9.9999563510488054e-01 +9.9999565920659184e-01 +9.9999562804368292e-01 +1.2735285407937532e-04 +1.7195238574423599e-04 +2.5375077911414144e-04 +3.0780687648674276e-04 +3.2700579583492319e-04
 22.50000000 +5.0000000000000000e+00 +2.0000025898923144e+00 +2.3693740494374962e-03 +9.9868054447686638e-01 +9.9999570960087270e-01 +9.9999567865542538e-01 +9.9999570899902535e-01 +9.9999564627043069e-01 +1.5176014296073166e-04 +2.1288491801961190e-04 +2.8799682890341438e-04 +3.3692735541942224e-04 +3.4714274608411267e-04
 23.00000000 +5.0000000000000000e+00 +2.0000001034235133e+00 +2.4126962036034203e-03 +9.9856661420434589e-01 +9.9999581982369867e-01 +9.9999586454919243e-01 +9.9999567337841255e-01 +9.9999581492404943e-01 +1.7203128240670605e-04 +2.3312144873236749e-04 +3.2095278207958713e-04 +3.6359546001760596e-04 +3.6051213139520131e-04
 23.50000000 +5.0000000000000000e+00 +2.0000002653974995e+00 +2.4607382592683191e-03 +9.9844024138366572e-01 +9.9999582465781656e-01 +9.9999610110133996e-01 +9.9999567024917568e-01 +9.9999514887586138e-01 +2.0075668113129835e-04 +2.9889064844174209e-04 +3.4664111045691598e-04 +3.8269467798706481e-04 +3.4803057382613433e-04
 24.00000000 +5.0000000000000000e+00 +1.9999981717838864e+00 +2.4957969713255432e-03 +9.9834512661512176e-01 +9.9999587201896312e-01 +9.9999572243599899e-01 +9.9999558858258575e-01 +9.9999528986605535e-01 +2.4994017270198881e-04 +3.0830426196712759e-04 +3.9210199486507135e-04 +3.7427115676854185e-04 +3.4778288960019834e-04
 24.50000000 +5.0000000000000000e+00 +1.9999963416565514e+00 +2.5356594356391892e-03 +9.9823619489869364e-01 +9.9999577389762428e-01 +9.9999614315543151e-01 +9.9999548675730865e-01 +9.9999532779247269e-01 +2.9332394650877328e-04 +3.4971881102457253e-04 +4.0869535397924635e-04 +4.0596150749136982e-04 +3.2337385119566545e-04
 25.00000000 +5.0000000000000000e+00 +1.9999954158303141e+00 +2.5430361707848115e-03 +9.9820974368914261e-01 +9.9999590960619467e-01 +9.9999601637119928e-01 +9.9999538025559565e-01 +9.9999514847004989e-01 +3.1322653801385309e-04 +3.7822954158232998e-04 +4.1394317125509203e-04 +3.9413398218560543e-04 +3.0826839687800908e-04
 25.50000000 +5.0000000000000000e+00 +1.9999906650546344e+00 +2.5855843114247420e-03 +9.9809214497927334e-01 +9.9999633516904141e-01 +9.9999510378796930e-01 +9.9999510267097735e-01 +9.9999541093488398e-01 +3.6239444740154727e-04 +4.2481492138434179e-04 +4.2811862853500617e-04 +4.2689086906906473e-04 +2.8368362036045763e-04
 26.00000000 +5.0000000000000000e+00 +1.9999872895854558e+00 +2.5788470715783717e-03 +9.9809895120275538e-01 +9.9999628220085002e-01 +9.9999545575794180e-01 +9.9999493925314109e-01 +9.9999453516206949e-01 +3.7815804155118379e-04 +4.3478511020614069e-04 +4.5092746510341444e-04 +3.9107617097474832e-04 +2.6488967296079546e-04
 26.50000000 +5.0000000000000000e+00 +1.9999850667164687e+00 +2.6032236458159554e-03 +9.9802807402002591e-01 +9.9999602136993249e-01 +9.9999588318881094e-01 +9.9999457390698487e-01 +9.9999455240261415e-01 +4.2322514969870851e-04 +4.8414496553289820e-04 +4.5282049952884780e-04 +3.6576814325186950e-04 +2.6493634822909406e-04
 27.00000000 +5.0000000000000000e+00 +1.9999811536674745e+00 +2.5822705751327342e-03 +9.9807303041928930e-01 +9.9999615077175608e-01 +9.9999552299116379e-01 +9.9999469018069032e-01 +9.9999486085656575e-01 +4.5657871992128710e-04 +4.8011569359751371e-04 +4.4783562172797612e-04 +3.4273714296084371e-04 +2.1847760097412714e-04
 27.50000000 +5.0000000000000000e+00 +1.9999780143653276e+00 +2.5827218445815020e-03 +9.9806261684196207e-01 +9.9999609697341907e-01 +9.9999548775673242e-01 +9.9999464316174547e-01 +9.9999404802693881e-01 +4.8064503087397756e-04 +4.8331369907207396e-04 +4.6436036705084515e-04 +3.4266852173726111e-04 +1.8611959812995922e-04
 28.00000000 +5.0000000000000000e+00 +1.9999777400938561e+00 +2.5760911267889955e-03 +9.9807176236909678e-01 +9.9999602915325714e-01 +9.9999557256447291e-01 +9.9999462793275196e-01 +9.9999389309378961e-01 +5.2704025124348033e-04 +5.3403885098557934e-04 +4.2072459069247847e-04 +2.9732437982796461e-04 +1.6898683297067891e-04
 28.50000000 +5.0000000000000000e+00 +1.9999731716278943e+00 +2.5619578300837545e-03 +9.9810046092431748e-01 +9.9999596425162252e-01 +9.9999488060271235e-01 +9.9999403513284768e-01 +9.9999309574204387e-01 +5.4078352694736549e-04 +5.2076611253964924e-04 +4.2733537559452308e-04 +2.8906434161438864e-04 +1.4361398907004468e-04
 29.00000000 +5.0000000000000000e+00 +1.9999714395700439e+00 +2.5556955767480870e-03 +9.9810984223922672e-01 +9.9999568472517464e-01 +9.9999602323301773e-01 +9.9999401308617686e-01 +9.9999313352405850e-01 +5.5867409586592121e-04 +5.2100868034702340e-04 +4.1126572558339861e-04 +2.6028580257888190e-04 +1.6006891108686196e-04
 29.50000000 +5.0000000000000000e+00 +1.9999697453829250e+00 +2.5354897418913129e-03 +9.9815739098938883e-01 +9.9999628427847986e-01 +9.9999559482522349e-01 +9.9999410791249477e-01 +9.9999288917925266e-01 +5.7831660594964912e-04 +5.1356396675732944e-04 +4.0720574966110994e-04 +2.3729474624587413e-04 +1.2735176703501403e-04
 30.00000000 +5.0000000000000000e+00 +1.9999653418010559e+00 +2.5012994203235180e-03 +9.9823738586842747e-01 +9.9999615147525278e-01 +9.9999477207978305e-01 +9.9999279104780758e-01 +9.9999251400361977e-01 +6.0832900624974888e-04 +5.0452165859903497e-04 +3.6533904113845127e-04 +1.9688637300328954e-04 +1.1130942660482314e-04
 30.50000000 +5.0000000000000000e+00 +1.9999653832148754e+00 +2.5054495008246581e-03 +9.9822769003020451e-01 +9.9999561410762594e-01 +9.9999438156002229e-01 +9.9999280926774226e-01 +9.9999140295402267e-01 +6.3869133222761905e-04 +5.0524697581657272e-04 +3.3938549204336833e-04 +2.0730571880390208e-04 +1.0747252391194569e-04
 31.00000000 +5.0000000000000000e+00 +1.9999649820165089e+00 +2.4946786413393720e-03 +9.9825407036641767e-01 +9.9999647835279259e-01 +9.9999469302512545e-01 +9.9999321315757972e-01 +9.9999137284894102e-01 +6.4353320322958914e-04 +4.8998785327713352e-04 +3.2431520188516553e-04 +2.1675928110393363e-04 +9.5576671242475429e-05
 31.50000000 +5.0000000000000000e+00 +1.9999585844757148e+00 +2.4478823556044714e-03 +9.9837053178555191e-01 +9.9999702903356280e-01 +9.9999487868787296e-01 +9.9999396530671880e-01 +9.9999208363335845e-01 +6.3636278206057550e-04 +4.5195731400325483e-04 +2.7872314036140504e-04 +1.5815213797744203e-04 +1.2631617742389463e-04
 32.00000000 +5.0000000000000000e+00 +1.9999605720883920e+00 +2.3874098023621160e-03 +9.9852540090159525e-01 +9.9999548338281119e-01 +9.9999442697934082e-01 +9.9999210933367733e-01 +9.9999103951690538e-01 +6.0133555401942489e-04 +4.2939152545009923e-04 +2.5072901436771366e-04 +1.3913730696324484e-04 +8.0946471866982480e-05
 32.50000000 +5.0000000000000000e+00 +1.9999614590053811e+00 +2.4121130073026125e-03 +9.9846773258490462e-01 +9.9999685337979660e-01 +9.9999438313020417e-01 +9.9999135782027471e-01 +9.9999127255718068e-01 +5.9542794740644750e-04 +4.3766541218180020e-04 +2.4960686373279176e-04 +1.3998920130618394e-04 +1.3571111917910352e-04
 33.00000000 +5.0000000000000000e+00 +1.9999572582491298e+00 +2.4015082455632647e-03 +9.9849784910554440e-01 +9.9999710624161986e-01 +9.9999396586551459e-01 +9.9999169556499035e-01 +9.9999043363178930e-01 +6.0320683118373416e-04 +3.9892371882663605e-04 +2.1205824822523770e-04 +1.8106262057534416e-04 +1.3369816172919139e-04
 33.50000000 +5.0000000000000000e+00 +1.9999596131819792e+00 +2.4064933602215188e-03 +9.9848868289435833e-01 +9.9999592066230769e-01 +9.9999385366705695e-01 +9.9999157358740021e-01 +9.9998947210107048e-01 +6.1821675124747177e-04 +3.7042704994048111e-04 +2.2799955536704738e-04 +1.5460272628110556e-04 +1.6925104167231665e-04
 34.00000000 +5.0000000000000000e+00 +1.9999664461913707e+00 +2.3830414781408280e-03 +9.9855447248356766e-01 +9.9999576192330941e-01 +9.9999318058066888e-01 +9.9999241883586376e-01 +9.9998857997494517e-01 +5.2392193266999039e-04 +3.9781314973000358e-04 +2.0919161660625427e-04 +1.6099456837248644e-04 +1.8366495328269502e-04
 34.50000000 +5.0000000000000000e+00 +1.9999634070275976e+00 +2.3642218236586982e-03 +9.9860992973228890e-01 +9.9999579643658365e-01 +9.9999332995094481e-01 +9.9999210515754344e-01 +9.9998958522432346e-01 +5.2997926996526420e-04 +3.3714363157309307e-04 +2.0512595407166099e-04 +1.5290832878817726e-04 +1.9409630214701598e-04
 35.00000000 +5.0000000000000000e+00 +1.9999656143171025e+00 +2.3325470874514514e-03 +9.9869330482190521e-01 +9.9999541199167219e-01 +9.9999358042914510e-01 +9.9999144959450537e-01 +9.9999030800164690e-01 +4.9072355112371685e-04 +2.7700764483229830e-04 +1.9831510019246475e-04 +1.8865133233733617e-04 +1.8124751866027577e-04
 35.50000000 +5.0000000000000000e+00 +1.9999686627546940e+00 +2.3882366587515201e-03 +9.9855770043300784e-01 +9.9999559322951603e-01 +9.9999191496535844e-01 +9.9999098650894447e-01 +9.9998929472912412e-01 +4.5651651052287405e-04 +3.2282233651814880e-04 +2.4343757200088393e-04 +2.0028210650290071e-04 +2.5145164351858898e-04
 36.00000000 +5.0000000000000000e+00 +1.9999649880429240e+00 +2.3899140761021024e-03 +9.9855891276065034e-01 +9.9999611610166561e-01 +9.9999337735254601e-01 +9.9999062474922040e-01 +9.9998882096475927e-01 +4.5188970271547790e-04 +2.8729640156447111e-04 +2.0537746469879393e-04 +2.1032345131918480e-04 +3.1726103097885473e-04
 36.50000000 +5.0000000000000000e+00 +1.9999678477623586e+00 +2.3791985739413670e-03 +9.9858933771243230e-01 +9.9999545061951167e-01 +9.9999314687108243e-01 +9.9999118771077822e-01 +9.9998862772274266e-01 +4.5002317319927504e-04 +2.9785352351760123e-04 +1.8372278940601336e-04 +2.1303683090038118e-04 +2.9761305082775597e-04
 37.00000000 +5.0000000000000000e+00 +1.9999700033178034e+00 +2.3963985077670256e-03 +9.9854991178090136e-01 +9.9999643904077651e-01 +9.9999221810891592e-01 +9.9999099603502428e-01 +9.9998895473917626e-01 +4.0971085593941882e-04 +2.8461743761775408e-04 +2.2943072429161603e-04 +2.8348606750470316e-04 +2.7423521505997743e-04
 37.50000000 +5.0000000000000000e+00 +1.9999647532537614e+00 +2.3610004708566343e-03 +9.9864476373450362e-01 +9.9999672654624205e-01 +9.9999340122019809e-01 +9.9999059309357952e-01 +9.9998881930944461e-01 +3.8286405260779324e-04 +2.1676993643114428e-04 +2.1661771142087932e-04 +2.7074094448669935e-04 +2.9870343405836487e-04
 38.00000000 +5.0000000000000000e+00 +1.9999722995350186e+00 +2.3940918663885500e-03 +9.9856508358999385e-01 +9.9999679351505755e-01 +9.9999277707321266e-01 +9.9999170967821693e-01 +9.9998829787459242e-01 +3.4598617546772846e-04 +2.3911847303655808e-04 +2.4432459346610674e-04 +3.2115391252977664e-04 +3.1475512147560714e-04
 38.50000000 +5.0000000000000000e+00 +1.9999762728134234e+00 +2.4524456941164034e-03 +9.9842341535251000e-01 +9.9999516566017821e-01 +9.9999399729222471e-01 +9.9998867272596548e-01 +9.9998695014210714e-01 +3.8166748525023423e-04 +3.1121729552284564e-04 +2.6644023062060302e-04 +3.0422968627932877e-04 +3.4824413045353946e-04
 39.00000000 +5.0000000000000000e+00 +1.9999783386981838e+00 +2.4354647320814701e-03 +9.9847113467900361e-01 +9.9999681715912947e-01 +9.9999363992669965e-01 +9.9998969291319328e-01 +9.9998844446195578e-01 +3.4679635589310683e-04 +2.7526724456247107e-04 +2.6734117368092206e-04 +3.1045052571259621e-04 +3.6041554914762613e-04
 39.50000000 +5.0000000000000000e+00 +1.9999713100621799e+00 +2.4462471316099312e-03 +9.9843750206804072e-01 +9.9999568559889374e-01 +9.9999176986522287e-01 +9.9998997172323600e-01 +9.9998814568839056e-01 +3.4975991819303771e-04 +2.5293203522209481e-04 +3.6353235210924786e-04 +3.3665191927973441e-04 +2.9404884593501029e-04
 40.00000000 +5.0000000000000000e+00 +1.9999726838571299e+00 +2.4607643315964663e-03 +9.9840677934430655e-01 +9.9999728267265331e-01 +9.9999192617241228e-01 +9.9998773909701422e-01 +9.9998850908015868e-01 +3.3326318661081207e-04 +2.8729260640194914e-04 +3.4403218022373798e-04 +3.5740153057872248e-04 +3.0577415099588363e-04
 40.50000000 +5.0000000000000000e+00 +1.9999713478896108e+00 +2.4719003798537075e-03 +9.9837903770688441e-01 +9.9999409417373974e-01 +9.9999239254812766e-01 +9.9998975031079640e-01 +9.9998632138298316e-01 +3.4915560548098813e-04 +2.8478953280620863e-04 +3.3304602544581596e-04 +3.8165055465511045e-04 +3.0976217505798861e-04
 41.00000000 +5.0000000000000000e+00 +1.9999716318032297e+00 +2.4711474645068522e-03 +9.9838316600744326e-01 +9.9999520723793589e-01 +9.9999031730250865e-01 +9.9999081882751828e-01 +9.9998565892480273e-01 +3.3832567140129757e-04 +2.9568849068859398e-04 +3.3461122335406372e-04 +3.7097369376119376e-04 +3.1523262014383194e-04
 41.50000000 +5.0000000000000000e+00 +1.9999648608715412e+00 +2.5222317261378961e-03 +9.9824913935079795e-01 +9.9999562281942744e-01 +9.9999268903414151e-01 +9.9999278973593386e-01 +9.9998766331912781e-01 +3.4619623842567282e-04 +3.5168068673140931e-04 +3.4704619618308383e-04 +4.2139861813770126e-04 +3.1577399547539817e-04
 42.00000000 +5.0000000000000000e+00 +1.9999613874969280e+00 +2.5096161471012284e-03 +9.9827507587786368e-01 +9.9999595919483264e-01 +9.9999317235735441e-01 +9.9998945803535944e-01 +9.9998444283012544e-01 +3.2103358463229182e-04 +4.3943844065312657e-04 +3.7320482008927999e-04 +3.9241110311030752e-04 +2.3580377155752277e-04
 42.50000000 +5.0000000000000000e+00 +1.9999639067480344e+00 +2.5057354263432904e-03 +9.9828536448965044e-01 +9.9999497746505595e-01 +9.9999302503904275e-01 +9.9999017131937229e-01 +9.9998686036488904e-01 +3.5643413894721320e-04 +3.9845432636003656e-04 +3.8762654986683589e-04 +3.2179980346124719e-04 +2.8528647894870496e-04
 43.00000000 +5.0000000000000000e+00 +1.9999654260941402e+00 +2.5557415894017959e-03 +9.9815466922724183e-01 +9.9999380471006094e-01 +9.9999519059955144e-01 +9.9999156920662835e-01 +9.9998793664940067e-01 +3.9156987230406804e-04 +4.0187266014220089e-04 +4.5860256602557229e-04 +3.6032611721673687e-04 +2.6445839486396522e-04
 43.50000000 +5.0000000000000000e+00 +1.9999508179030996e+00 +2.5771882153782389e-03 +9.9809208835539065e-01 +9.9999297770227846e-01 +9.9999140670357967e-01 +9.9998884081317951e-01 +9.9998237586990857e-01 +3.9199411527467902e-04 +4.3887896747731931e-04 +4.7239745653507949e-04 +3.8870020922550337e-04 +2.6033980456707762e-04
 44.00000000 +5.0000000000000000e+00 +1.9999435841520077e+00 +2.5630964612601967e-03 +9.9812556856286860e-01 +9.9999665910062019e-01 +9.9999373917032908e-01 +9.9998841150638640e-01 +9.9998830153082074e-01 +4.1255591928331413e-04 +4.2937995670430461e-04 +4.6113399902947006e-04 +3.5413852808602173e-04 +2.5011172647132918e-04
 44.50000000 +5.0000000000000000e+00 +1.9999558702579219e+00 +2.5264192665412077e-03 +9.9821996578263317e-01 +9.9999724210648233e-01 +9.9999337491830309e-01 +9.9999009035296427e-01 +9.9998487101351630e-01 +4.2232027589798041e-04 +4.0303922477504927e-04 +4.3191648587796266e-04 +3.4107176860092295e-04 +2.1610806660888563e-04
 45.00000000 +5.0000000000000000e+00 +1.9999536425441953e+00 +2.5780743558831065e-03 +9.9809126183980423e-01 +9.9999404444207773e-01 +9.9999161452099672e-01 +9.9999345621594471e-01 +9.9998935445382653e-01 +3.8639030754562278e-04 +4.8725694998351323e-04 +4.4416415842429531e-04 +4.0646531135083910e-04 +2.1599179475766846e-04
 45.50000000 +5.0000000000000000e+00 +1.9999372987751274e+00 +2.4863627046221299e-03 +9.9831521562997716e-01 +9.9999503912116594e-01 +9.9999181082044042e-01 +9.9998749875507575e-01 +9.9998782157654398e-01 +4.5358237679755535e-04 +4.8843839430230847e-04 +3.8366569179403844e-04 +2.6553628073641120e-04 +1.3139132600998834e-04
 46.00000000 +5.0000000000000000e+00 +1.9999488887123049e+00 +2.5224837734562472e-03 +9.9822511403223246e-01 +9.9999418395454720e-01 +9.9998939944471421e-01 +9.9999162455780233e-01 +9.9998380348682459e-01 +4.6825980174214333e-04 +3.7542779717581343e-04 +4.6289360839839517e-04 +2.7262118466048581e-04 +2.3667213773003961e-04
 46.50000000 +5.0000000000000000e+00 +1.9999412660506324e+00 +2.5807496484116597e-03 +9.9807651133974451e-01 +9.9999691720388040e-01 +9.9999246524333218e-01 +9.9999099910698330e-01 +9.9998406240188609e-01 +4.9315267989886167e-04 +5.7788746309389322e-04 +4.0147648785925582e-04 +2.3458029468883580e-04 +2.5194779912268727e-04
 47.00000000 +5.0000000000000000e+00 +1.9999406667432034e+00 +2.5588275854710536e-03 +9.9812994808083932e-01 +9.9999618646721655e-01 +9.9999159172070018e-01 +9.9998839329453748e-01 +9.9998575613124818e-01 +5.3333101861359337e-04 +5.2822255664860835e-04 +3.8382421821017232e-04 +2.5731391219131197e-04 +2.0543258429348612e-04
 47.50000000 +5.0000000000000000e+00 +1.9999354938052261e+00 +2.5796296576419348e-03 +9.9807586267335513e-01 +1.0000021441916815e+00 +9.9999307766087464e-01 +9.9998795327602319e-01 +9.9998435336494751e-01 +5.1534165770866726e-04 +5.3043614192902118e-04 +3.9125689111723847e-04 +3.1390779357373346e-04 +2.0566634011828588e-04
 48.00000000 +5.0000000000000000e+00 +1.9999330084939273e+00 +2.5749090630224299e-03 +9.9808102293791534e-01 +9.9999241887615198e-01 +9.9999185384159239e-01 +9.9998538620385691e-01 +9.9998550347223325e-01 +6.1808936572717028e-04 +4.6166206244620917e-04 +3.7063150030065784e-04 +3.1866200369383473e-04 +1.9476974194802664e-04
 48.50000000 +5.0000000000000000e+00 +1.9999446693071343e+00 +2.5717597837451598e-03 +9.9809947599158466e-01 +9.9998890207104829e-01 +9.9999671515575683e-01 +9.9998810604547417e-01 +9.9998813796798180e-01 +5.4136913883653004e-04 +5.1594268280532923e-04 +3.5534775692230836e-04 +2.5474800984544516e-04 +2.7125516011189442e-04
 49.00000000 +5.0000000000000000e+00 +1.9999201258394386e+00 +2.6224350829412834e-03 +9.9796024579580567e-01 +9.9999739525281883e-01 +9.9999244216826944e-01 +9.9998828971545217e-01 +9.9998604612433162e-01 +5.5751965226116850e-04 +5.1871943080574953e-04 +3.5609493648265531e-04 +2.9720810173127323e-04 +3.4603884010292040e-04
 49.50000000 +5.0000000000000000e+00 +1.9999304306269763e+00 +2.5865326672334216e-03 +9.9805642415770890e-01 +9.9999219846026777e-01 +9.9999319764067562e-01 +9.9999031971287444e-01 +9.9998063292691208e-01 +5.5917199713292898e-04 +4.6929032530403119e-04 +3.7450585414394732e-04 +2.4764028881487727e-04 +3.3661861904371717e-04
 50.00000000 +5.0000000000000000e+00 +1.9999015913493765e+00 +2.6828374939596509e-03 +9.9779106970363740e-01 +9.9999953649725737e-01 +9.9999582701350764e-01 +9.9999005329312662e-01 +9.9998536998990306e-01 +6.3998888889179424e-04 +5.3735481175957230e-04 +4.0201258107250808e-04 +2.5360706426703488e-04 +4.0518017455536972e-04
 50.50000000 +5.0000000000000000e+00 +1.9999409268581128e+00 +2.5826047278503651e-03 +9.9806798417557274e-01 +1.0000001108457222e+00 +9.9999465119429032e-01 +9.9998838866821427e-01 +9.9998294314078717e-01 +5.5437979600094357e-04 +5.1269462559664020e-04 +5.2085843830469009e-04 +2.2242501611773727e-04 +1.5556410385052135e-04
 51.00000000 +5.0000000000000000e+00 +1.9999191464739634e+00 +2.6466455560917174e-03 +9.9789537258552252e-01 +9.9999769548069128e-01 +9.9999317345603422e-01 +9.9998570838136680e-01 +9.9998231057787390e-01 +6.1353272733885458e-04 +4.6916618592300483e-04 +4.3841174883194902e-04 +3.2047844839991688e-04 +3.0415043115266104e-04
 51.50000000 +5.0000000000000000e+00 +1.9999295374835528e+00 +2.5502236897557234e-03 +9.9814678526135181e-01 +9.9999278605640374e-01 +9.9999088483699028e-01 +9.9998888670624186e-01 +9.9998330048274719e-01 +4.7800482184776869e-04 +4.4834839021680407e-04 +3.1424455094300382e-04 +3.5434945182223875e-04 +3.0240944013919057e-04
 52.00000000 +5.0000000000000000e+00 +1.9998988418966492e+00 +2.5670284969258527e-03 +9.9808734405935573e-01 +9.9999838348916892e-01 +9.9999701416483588e-01 +9.9998598050791465e-01 +9.9998205540927509e-01 +6.6783092956468381e-04 +4.1842945995581996e-04 +3.3590667403168997e-04 +2.3797968159518058e-04 +2.8907564634072451e-04
 52.50000000 +5.0000000000000000e+00 +1.9999187711264461e+00 +2.6223253275969335e-03 +9.9795748013284102e-01 +9.9999637860183144e-01 +9.9999245288521199e-01 +9.9998779057180875e-01 +9.9998396302159143e-01 +5.8179943132057694e-04 +4.7820245148838178e-04 +3.0299666020080915e-04 +3.5117247036636068e-04 +3.6776377460041079e-04
 53.00000000 +5.0000000000000000e+00 +1.9999165102041367e+00 +2.5860695161042434e-03 +9.9805503205008939e-01 +9.9999672118570493e-01 +9.9999746251125143e-01 +9.9998990260254550e-01 +9.9998711298748433e-01 +6.2357488511454113e-04 +4.8389411219362566e-04 +3.0178943760893678e-04 +2.9124304805811467e-04 +2.7326719069648724e-04
 53.50000000 +5.0000000000000000e+00 +1.9998951638042837e+00 +2.5934782541347737e-03 +9.9801594402547544e-01 +9.9999377002328149e-01 +9.9999595337245906e-01 +9.9998224865869900e-01 +9.9998099042168631e-01 +6.9702487447368745e-04 +4.4426551125272668e-04 +2.6296301136142602e-04 +2.0743413280787523e-04 +4.1940598381163928e-04
 54.00000000 +5.0000000000000000e+00 +1.9999213252441637e+00 +2.6036620076229050e-03 +9.9801255143785428e-01 +9.9999834110999453e-01 +9.9999847112221396e-01 +9.9998130797499574e-01 +9.9997097217847430e-01 +5.9855322694540381e-04 +3.8131208708004318e-04 +4.3949719336792184e-04 +3.5576305515539424e-04 +2.6323062006142564e-04
 54.50000000 +5.0000000000000000e+00 +1.9999087650075134e+00 +2.6469386482998853e-03 +9.9790127019551100e-01 +9.9999920660051911e-01 +9.9998979723472115e-01 +9.9999418582019706e-01 +9.9998382445843303e-01 +6.6960708323085419e-04 +3.3934968718572620e-04 +3.3646671404584838e-04 +4.2857995982371774e-04 +3.5771223580385820e-04
 55.00000000 +5.0000000000000000e+00 +1.9999183361921744e+00 +2.6083864512499817e-03 +9.9800201023171564e-01 +9.9999183096197986e-01 +9.9999033081658406e-01 +9.9998521663266116e-01 +9.9998033433628741e-01 +5.4850521370634171e-04 +3.2296738599719971e-04 +3.7634827575732711e-04 +4.3143051163740698e-04 +3.7102563183961305e-04
 55.50000000 +5.0000000000000000e+00 +1.9999130880453460e+00 +2.5874293245280841e-03 +9.9804509076535008e-01 +1.0000017249934814e+00 +9.9999120790220575e-01 +9.9998666890067001e-01 +9.9998561918672391e-01 +6.0386029997264038e-04 +4.0077820159855411e-04 +3.1472642501371116e-04 +3.5593037417550532e-04 +3.1439296221501067e-04
 56.00000000 +5.0000000000000000e+00 +1.9999004063182835e+00 +2.5715376191995901e-03 +9.9809308348739123e-01 +9.9999161734314945e-01 +9.9999766749896479e-01 +9.9998771538864606e-01 +9.9998175854492499e-01 +6.5816830463277527e-04 +3.5425251459260903e-04 +3.7477848311503071e-04 +3.3000475366546159e-04 +2.3095369661762385e-04
 56.50000000 +5.0000000000000000e+00 +1.9998832087628180e+00 +2.6330759995298590e-03 +9.9791918838133897e-01 +9.9999142044770606e-01 +9.9999229900032893e-01 +9.9999478238180550e-01 +9.9998409123059873e-01 +6.1138821516166988e-04 +4.7130560477721793e-04 +3.1869678588537835e-04 +3.5877376476613589e-04 +3.5805419694911371e-04
 57.00000000 +5.0000000000000000e+00 +1.9998919321785862e+00 +2.7218301164874817e-03 +9.9770225807292812e-01 +9.9999386685585601e-01 +9.9999513971407894e-01 +9.9998724921933446e-01 +9.9997681486335499e-01 +7.3043586216954765e-04 +4.6424918577240209e-04 +4.2133283001136428e-04 +4.1308509044224532e-04 +3.1556831216620295e-04
 57.50000000 +5.0000000000000000e+00 +1.9998950826518667e+00 +2.5881067030425818e-03 +9.9804609904959551e-01 +9.9999220996062921e-01 +9.9998693365648816e-01 +9.9998463160299345e-01 +9.9997665312829509e-01 +5.7977029600753171e-04 +3.8045096804352577e-04 +3.7253922126113915e-04 +3.6011924517938867e-04 +3.2059287154068188e-04
 58.00000000 +5.0000000000000000e+00 +1.9998853348642400e+00 +2.5298263059682583e-03 +9.9819186863870002e-01 +9.9999465209034899e-01 +9.9998651502103120e-01 +9.9998852375528602e-01 +9.9996974329361121e-01 +5.3881577362852138e-04 +3.9661034873141049e-04 +3.3474126604936759e-04 +3.4561190238935709e-04 +2.5291792840351966e-04
 58.50000000 +5.0000000000000000e+00 +1.9999013439020070e+00 +2.6054907227335733e-03 +9.9801715270866920e-01 +1.0000022259699586e+00 +9.9999710769722139e-01 +9.9998644941469816e-01 +9.9997777199902560e-01 +5.4317476021040765e-04 +4.8598217635726553e-04 +3.1722086806058826e-04 +3.6990949142806873e-04 +3.0300489815085832e-04
 59.00000000 +5.0000000000000000e+00 +1.9998857024857031e+00 +2.6026596730776932e-03 +9.9800438504797162e-01 +9.9999263571689712e-01 +9.9999552631171351e-01 +9.9998904069993833e-01 +9.9997475459327145e-01 +4.8027371792947420e-04 +5.2800656521756559e-04 +2.6724685252292542e-04 +3.4066396269404173e-04 +4.2746652889644930e-04
 59.50000000 +5.0000000000000000e+00 +1.9998881969894349e+00 +2.5925396409037069e-03 +9.9803830326804022e-01 +9.9999664634636409e-01 +1.0000025038894655e+00 +9.9998628107595744e-01 +9.9997909819481545e-01 +4.7605101893730958e-04 +5.3751505296803926e-04 +3.4285746979243755e-04 +3.3135752313446441e-04 +3.0938615201746500e-04
 60.00000000 +5.0000000000000000e+00 +1.9998697272758870e+00 +2.7182930705636809e-03 +9.9771074269170235e-01 +1.0000005663450375e+00 +9.9999570401589610e-01 +9.9997841173635760e-01 +9.9998930167264566e-01 +5.9090517702482218e-04 +5.1387274672986204e-04 +4.7627923552728363e-04 +4.1603447829278252e-04 +3.2818190927089771e-04
 60.50000000 +5.0000000000000000e+00 +1.9998716949819315e+00 +2.6082779797823035e-03 +9.9799297134916654e-01 +9.9999401778214381e-01 +9.9999858197578739e-01 +9.9998919953691967e-01 +9.9997257358247404e-01 +4.8708235733088982e-04 +5.7390462693761757e-04 +3.5062505105661014e-04 +3.1366670021067329e-04 +3.2737703801690463e-04
 61.00000000 +5.0000000000000000e+00 +1.9998716972149486e+00 +2.5951893397500869e-03 +9.9802508026017611e-01 +9.9998874106965541e-01 +9.9999809942897211e-01 +9.9998282078671674e-01 +9.9998622764159883e-01 +6.2093127384876888e-04 +3.4439290397871264e-04 +4.3428158195947330e-04 +3.7346446425951083e-04 +2.4596058914373649e-04
 61.50000000 +5.0000000000000000e+00 +1.9998810673486076e+00 +2.6764066796596867e-03 +9.9782952313714057e-01 +1.0000052797721886e+00 +9.9999210464145227e-01 +9.9998052249667235e-01 +9.9998000336992632e-01 +5.9978237753924692e-04 +5.4008538793844216e-04 +3.8118970248559046e-04 +3.4968665002347812e-04 +3.4182247232989637e-04
 62.00000000 +5.0000000000000000e+00 +1.9998605562038696e+00 +2.7446193639030919e-03 +9.9764485867876973e-01 +9.9999551392881803e-01 +9.9999029027519237e-01 +9.9999455376400692e-01 +9.9997893316005881e-01 +5.7875915701094589e-04 +5.4097859410225796e-04 +4.1775430171643574e-04 +4.7586650145817498e-04 +3.8249162407292907e-04
 62.50000000 +5.0000000000000000e+00 +1.9998749573182080e+00 +2.5750407557815123e-03 +9.9808204931720457e-01 +9.9999669471316111e-01 +9.9999812909842889e-01 +9.9998345889054030e-01 +9.9996651626434951e-01 +4.8872197571559806e-04 +3.7780062182188372e-04 +5.0456040876522342e-04 +4.2971532285766600e-04 +1.7235337442888474e-04
 63.00000000 +5.0000000000000000e+00 +1.9998736739442813e+00 +2.7885269146505020e-03 +9.9755396597325285e-01 +9.9999909666201514e-01 +9.9999429565945563e-01 +9.9999032977809199e-01 +9.9997571846537558e-01 +6.2713551141508348e-04 +5.2914448411105956e-04 +5.1894243588961075e-04 +3.4591581205819220e-04 +4.6545521985997792e-04
 63.50000000 +5.0000000000000000e+00 +1.9998948957358009e+00 +2.8264110411811466e-03 +9.9747548550336207e-01 +9.9999995147934195e-01 +9.9998920249274181e-01 +9.9999018564895148e-01 +9.9997565998105264e-01 +6.7044086136126282e-04 +6.3651722214131876e-04 +5.4794641919856627e-04 +3.5139542595187789e-04 +3.6321497426455000e-04
 64.00000000 +5.0000000000000000e+00 +1.9998579438430928e+00 +2.6448221201498317e-03 +9.9789582021954260e-01 +1.0000069104325366e+00 +9.9999076852488467e-01 +9.9999397321356642e-01 +9.9998403045992945e-01 +4.9713297604473609e-04 +6.9624589571829084e-04 +3.2915127923081281e-04 +2.8877372042889664e-04 +3.1719327007028055e-04
 64.50000000 +5.0000000000000000e+00 +1.9998542296864545e+00 +2.7482877587980833e-03 +9.9764010008674131e-01 +1.0000033018440884e+00 +1.0000000253397348e+00 +9.9998971663213287e-01 +9.9997236413191093e-01 +5.6727046045972681e-04 +5.4670724727697950e-04 +4.0355685424740969e-04 +5.2892635228553764e-04 +3.4803104965455158e-04
 65.00000000 +5.0000000000000000e+00 +1.9998600232780097e+00 +2.8447000741761608e-03 +9.9740849382288044e-01 +1.0000001954060955e+00 +1.0000021464915587e+00 +9.9998381109439083e-01 +9.9997777433054891e-01 +7.8653569182774753e-04 +5.3568817127898881e-04 +5.8978374308445787e-04 +4.5546896033364350e-04 +2.6010228776853194e-04
 65.50000000 +5.0000000000000000e+00 +1.9998621782082724e+00 +2.7439084143133599e-03 +9.9766098591681707e-01 +9.9999743870697855e-01 +9.9998035643299532e-01 +9.9998897800969910e-01 +9.9998308368572553e-01 +5.5176401770783438e-04 +4.3785207234336586e-04 +5.5122727321187137e-04 +3.9820362519117592e-04 +4.5011025932695611e-04
 66.00000000 +5.0000000000000000e+00 +1.9998777950894449e+00 +2.6820130558060555e-03 +9.9781954333940248e-01 +1.0000019782225877e+00 +9.9999816866430069e-01 +9.9999827625156457e-01 +9.9997924107677949e-01 +5.4547047163001710e-04 +4.8448604049213483e-04 +5.7920224635207970e-04 +3.8285827504041359e-04 +2.1077539967675975e-04
 66.50000000 +5.0000000000000000e+00 +1.9998145961692604e+00 +2.7802716431552230e-03 +9.9754359273569015e-01 +9.9999724654801780e-01 +9.9999466177738461e-01 +9.9997675309007861e-01 +9.9998258241082827e-01 +6.7087206459764644e-04 +6.5221510819306989e-04 +4.6017183200861543e-04 +2.8994220647711005e-04 +4.3196223186277793e-04
 67.00000000 +5.0000000000000000e+00 +1.9998653278479046e+00 +2.7098218817154969e-03 +9.9775367933468939e-01 +9.9999237556365239e-01 +9.9998987989134303e-01 +9.9997168359630517e-01 +9.9998465445923390e-01 +5.7569434754991893e-04 +5.0845067762624941e-04 +7.4484853888557038e-04 +3.0510418347126596e-04 +1.7362941264033132e-04
 67.50000000 +5.0000000000000000e+00 +1.9998425971911455e+00 +2.7422738273711195e-03 +9.9766133057981876e-01 +1.0000213555468007e+00 +9.9998528309149348e-01 +9.9998821988547559e-01 +9.9995382186382731e-01 +7.6419259355777847e-04 +5.5853248413387875e-04 +2.2351695142388937e-04 +5.0767593285526175e-04 +3.3607107590450871e-04
 68.00000000 +5.0000000000000000e+00 +1.9998491582034816e+00 +2.8185384695886676e-03 +9.9745757827231896e-01 +9.9998384919197947e-01 +9.9999719818039245e-01 +9.9998380940922704e-01 +9.9999601011774253e-01 +7.4126096690913857e-04 +6.6292731322756292e-04 +3.6688881771495733e-04 +3.1013424698785340e-04 +5.0034347705003759e-04
 68.50000000 +5.0000000000000000e+00 +1.9998511152337877e+00 +2.9047836858897653e-03 +9.9726964611377600e-01 +1.0000092379740293e+00 +9.9999731621163102e-01 +9.9998608397972932e-01 +9.9998666126156144e-01 +6.3106493745593273e-04 +6.3444064196497055e-04 +5.7924827256023012e-04 +5.0209840678970162e-04 +4.0420220123728870e-04
 69.00000000 +5.0000000000000000e+00 +1.9998429099996033e+00 +2.7553665565521286e-03 +9.9761705224462227e-01 +1.0000010898517959e+00 +1.0000023418733464e+00 +9.9998560853230523e-01 +9.9995890050145420e-01 +7.0084122818249580e-04 +6.1383740013943612e-04 +4.3521191881485950e-04 +4.2047668851963820e-04 +2.6463975683861364e-04
 69.50000000 +5.0000000000000000e+00 +1.9998335607181830e+00 +2.8273475087999956e-03 +9.9745273061765338e-01 +9.9999844255320214e-01 +9.9999536635118591e-01 +9.9999813740298293e-01 +9.9997189712955536e-01 +7.3113024349068148e-04 +7.9881218328744521e-04 +4.0910620745747146e-04 +3.3045208349155917e-04 +3.1392522936304722e-04
 70.00000000 +5.0000000000000000e+00 +1.9997810302036436e+00 +2.8259437945828947e-03 +9.9740219403270924e-01 +9.9998684428061568e-01 +9.9999497502497492e-01 +9.9999799593058536e-01 +9.9997063282092191e-01 +9.0639592218982954e-04 +6.9129407588409096e-04 +2.6841254563821499e-04 +2.5240973797390571e-04 +5.2884562315124502e-04
 70.50000000 +5.0000000000000000e+00 +1.9998000455404805e+00 +2.8401914162868346e-03 +9.9739839786301265e-01 +9.9999554256716494e-01 +9.9998772250057533e-01 +9.9999226220647097e-01 +9.9997479925375443e-01 +6.2930633309841880e-04 +6.9011239286220186e-04 +4.0849579376164456e-04 +4.9825224473633268e-04 +4.2510884619928566e-04
 71.00000000 +5.0000000000000000e+00 +1.9997909372956959e+00 +2.7698295234644568e-03 +9.9757634817824437e-01 +9.9999305290126206e-01 +9.9997361519062800e-01 +9.9999062716040166e-01 +9.9997280539916489e-01 +5.4509221912036959e-04 +6.0384580032132862e-04 +6.0057137608368399e-04 +4.8982037959666408e-04 +2.5422140016342454e-04
 71.50000000 +5.0000000000000000e+00 +1.9998118119327088e+00 +2.7042922937189975e-03 +9.9775251301451706e-01 +9.9998930546441289e-01 +9.9996903310389940e-01 +9.9997461311354174e-01 +9.9995715243957817e-01 +7.6301999303450064e-04 +4.4421649944239460e-04 +5.3426690319918345e-04 +3.3620016455174017e-04 +2.7967929859567284e-04
 72.00000000 +5.0000000000000000e+00 +1.9998123722151562e+00 +2.8141348480306993e-03 +9.9746616361013429e-01 +1.0000027213826723e+00 +9.9997266067345725e-01 +9.9998538962875438e-01 +9.9995898346770284e-01 +6.2628299094927926e-04 +6.0615178043675762e-04 +4.2624524862248063e-04 +5.3904517069904782e-04 +4.1635605699195542e-04
 72.50000000 +5.0000000000000000e+00 +1.9997651295831571e+00 +3.0122032151631553e-03 +9.9696025377774156e-01 +9.9998267772533855e-01 +9.9997828867548855e-01 +9.9998458168714355e-01 +9.9996806353924927e-01 +8.1207166401049712e-04 +5.0886837929865563e-04 +6.2576537281207952e-04 +6.1573012098128433e-04 +5.6369906175196267e-04
 73.00000000 +5.0000000000000000e+00 +1.9998751379323148e+00 +2.5945052016088889e-03 +9.9804223653796043e-01 +9.9997841264856968e-01 +1.0000032223332393e+00 +9.9999522119923612e-01 +9.9995207312035828e-01 +6.7853433461541649e-04 +6.4866934963429986e-04 +3.8472024344300796e-04 +1.3981206392720875e-04 +1.7709816538364552e-04
 73.50000000 +5.0000000000000000e+00 +1.9998152027334708e+00 +2.7324208701503638e-03 +9.9766968201113471e-01 +1.0000020272343471e+00 +1.0000028787437281e+00 +1.0000162278461742e+00 +9.9997952578861948e-01 +5.9904954159874246e-04 +3.7757561338915176e-04 +5.3597987470830786e-04 +6.3968381249531251e-04 +1.7736954003699109e-04
 74.00000000 +5.0000000000000000e+00 +1.9997891606603742e+00 +2.9252480376331380e-03 +9.9718141029344853e-01 +1.0000101770130274e+00 +9.9997179570875483e-01 +9.9999237981616751e-01 +9.9998393317304746e-01 +7.2941344347086077e-04 +4.9757005976800112e-04 +7.2752051440652654e-04 +5.0144860824388867e-04 +4.0435137089002800e-04
 74.50000000 +5.0000000000000000e+00 +1.9998295982023602e+00 +2.6472580099316896e-03 +9.9791607203061616e-01 +1.0000011244791533e+00 +9.9999840926107186e-01 +1.0000101463312752e+00 +9.9998721077960429e-01 +8.2277895667470693e-04 +3.2410648251314609e-04 +2.9406070983972244e-04 +3.4880476449043193e-04 +2.9728620773159160e-04
 75.00000000 +5.0000000000000000e+00 +1.9997569195845220e+00 +2.9896838126418782e-03 +9.9702480898158108e-01 +9.9998669573904519e-01 +1.0000082706683682e+00 +9.9998590978930191e-01 +9.9995550882600603e-01 +8.0234561681211244e-04 +4.3099345023329510e-04 +6.9485108628148697e-04 +5.8662100521309098e-04 +5.2399483218277306e-04
 75.50000000 +5.0000000000000000e+00 +1.9997951656183108e+00 +2.8225689322061002e-03 +9.9746319375355685e-01 +9.9998489457639295e-01 +1.0000081776926066e+00 +9.9999558448052950e-01 +9.9995855449142335e-01 +6.0687720305701014e-04 +4.6477862055544525e-04 +4.7854035902576887e-04 +5.3117584496987125e-04 +5.0822298607757930e-04
 76.00000000 +5.0000000000000000e+00 +1.9997058442343383e+00 +2.8577575222246683e-03 +9.9732219714371961e-01 +1.0000051009157900e+00 +9.9996820924187046e-01 +9.9999085450923120e-01 +9.9995837709526192e-01 +5.8363410086848108e-04 +5.4614591891556695e-04 +8.7766632252836820e-04 +3.7698522310119836e-04 +3.7082953371343937e-04
 76.50000000 +5.0000000000000000e+00 +1.9998171337911024e+00 +2.6648678715332553e-03 +9.9786286217510001e-01 +9.9999885670638322e-01 +9.9999217664240614e-01 +9.9997738552810145e-01 +9.9997030845736579e-01 +5.3558269382641141e-04 +6.9667596303404249e-04 +3.6557374793681584e-04 +4.4786544130176183e-04 +1.5271265289092719e-04
 77.00000000 +5.0000000000000000e+00 +1.9997614732647138e+00 +2.9920142498140682e-03 +9.9701695845935567e-01 +1.0000096157040073e+00 +1.0000227645033819e+00 +1.0000049185388991e+00 +9.9997374863212896e-01 +9.1427290903957348e-04 +4.8332157515520340e-04 +5.1544453596830521e-04 +7.1037781956283567e-04 +3.4857732587195548e-04
 77.50000000 +5.0000000000000000e+00 +1.9997911535042543e+00 +2.8804651134233107e-03 +9.9728838024494593e-01 +9.9999244476642779e-01 +9.9997087212312441e-01 +9.9996704200974473e-01 +9.9998037996653188e-01 +7.0651961711105558e-04 +6.4054588520927151e-04 +4.8318028120200032e-04 +5.3315549153711928e-04 +4.3747961460213037e-04
 78.00000000 +5.0000000000000000e+00 +1.9997775582454962e+00 +2.7442678927407094e-03 +9.9766608303711291e-01 +1.0000106709161589e+00 +9.9998990220437989e-01 +9.9999220207533390e-01 +9.9998361840042227e-01 +5.0364613432856635e-04 +5.4120198552634212e-04 +5.8355057327717319e-04 +5.8021856089227172e-04 +1.4890611387632425e-04
 78.50000000 +5.0000000000000000e+00 +1.9997538439515339e+00 +3.0101154442172874e-03 +9.9696920316062998e-01 +1.0000168158700780e+00 +9.9998968481476680e-01 +9.9996387895461891e-01 +9.9994868474643439e-01 +9.4882318095723401e-04 +7.7827086150300355e-04 +5.6047169932263332e-04 +4.0551956464310600e-04 +4.1864714293786962e-04
 79.00000000 +5.0000000000000000e+00 +1.9997322176666301e+00 +3.0207010761307950e-03 +9.9693577732213434e-01 +9.9999544018361619e-01 +9.9998175308175186e-01 +9.9999901724994900e-01 +9.9996066691587937e-01 +8.2218893529969973e-04 +6.4490787036415641e-04 +3.5421356024995486e-04 +7.1920329026681229e-04 +5.8683158571427179e-04
 79.50000000 +5.0000000000000000e+00 +1.9996802275382946e+00 +2.9287155639832253e-03 +9.9713600264907598e-01 +9.9999487880996873e-01 +1.0000281366470929e+00 +9.9998543927068551e-01 +9.9996032743856300e-01 +7.3530300516190625e-04 +7.0369272961946241e-04 +5.0070623440319657e-04 +3.6596978763765806e-04 +5.8954342825662319e-04
 80.00000000 +5.0000000000000000e+00 +1.9996745185463920e+00 +3.0428410638820144e-03 +9.9683568753495733e-01 +9.9997655362418958e-01 +9.9996708464846307e-01 +1.0000033590865873e+00 +9.9996439827082551e-01 +9.4782519819223662e-04 +5.7525037111972092e-04 +8.5398035203535394e-04 +6.7978724453734269e-04 +1.9607367074370074e-04
 80.50000000 +5.0000000000000000e+00 +1.9996867394140705e+00 +3.1241974120399443e-03 +9.9670892915010867e-01 +9.9996538175495464e-01 +9.9997148010738057e-01 +9.9997882800501003e-01 +9.9996219887223603e-01 +8.6525823564718302e-04 +6.9213482225113357e-04 +6.0685939425247535e-04 +8.0158264440937808e-04 +4.4734701253911754e-04
 81.00000000 +5.0000000000000000e+00 +1.9996872350300658e+00 +3.1076285704816106e-03 +9.9673025268591231e-01 +1.0000169763990330e+00 +1.0000013272537072e+00 +9.9996447119372900e-01 +9.9995827833042061e-01 +1.0662251595003611e-03 +8.4465931427959605e-04 +7.8740126489785850e-04 +2.3406535476557346e-04 +3.9634304050366120e-04
 81.50000000 +5.0000000000000000e+00 +1.9997779133354787e+00 +2.8725455351165550e-03 +9.9735241818484588e-01 +9.9998367812587996e-01 +1.0000036551935214e+00 +9.9998934761772751e-01 +9.9997912167474368e-01 +8.0531220086052285e-04 +5.0753500623004007e-04 +6.7693733133157726e-04 +1.8769739736068831e-04 +5.1429727151534627e-04
 82.00000000 +5.0000000000000000e+00 +1.9997013834712478e+00 +3.1823926805824685e-03 +9.9655535554437391e-01 +9.9999351935471903e-01 +1.0000094298033722e+00 +1.0000109118649252e+00 +9.9994261112877036e-01 +8.2447813103521622e-04 +6.5896951228615536e-04 +7.6133683475416221e-04 +6.9724041624071877e-04 +5.4614741113583141e-04
 82.50000000 +5.0000000000000000e+00 +1.9996706854774784e+00 +3.2872312608700511e-03 +9.9625555709397873e-01 +1.0000100537063958e+00 +9.9999790323451021e-01 +9.9996997414378985e-01 +9.9994721241443685e-01 +1.1075320021240317e-03 +4.8118702272977726e-04 +7.5289739040249927e-04 +6.9506935282449291e-04 +7.8261363783231315e-04
 83.00000000 +5.0000000000000000e+00 +1.9996843326441560e+00 +2.8794350044153232e-03 +9.9728630831723430e-01 +1.0000236270360487e+00 +1.0000190308289936e+00 +1.0000290151419731e+00 +9.9995896973833143e-01 +8.8461544720448270e-04 +6.8009860776682685e-04 +4.5659569713596431e-04 +2.5985669037505133e-04 +4.0188248955428459e-04
 83.50000000 +5.0000000000000000e+00 +1.9996586536543004e+00 +2.7118898667386751e-03 +9.9766791089404683e-01 +9.9999206704241117e-01 +1.0000217071329089e+00 +1.0000090058479727e+00 +9.9998869982979566e-01 +8.0167922037680569e-04 +4.4779010507902105e-04 +1.1016031820930347e-04 +7.0516509576570082e-04 +2.5581451257667131e-04
 84.00000000 +5.0000000000000000e+00 +1.9997455433861804e+00 +2.6069008431255964e-03 +9.9799416028037813e-01 +9.9997525114047980e-01 +1.0000292872089982e+00 +1.0000045012353491e+00 +1.0000006932196175e+00 +4.7108725347099048e-04 +3.8080124044200892e-04 +3.2091952041324101e-04 +4.7934158940366687e-04 +3.4395731167057150e-04
 84.50000000 +5.0000000000000000e+00 +1.9996569654251775e+00 +3.0071428760659060e-03 +9.9693589269772975e-01 +9.9996269516977088e-01 +1.0000106917738774e+00 +9.9999087637320494e-01 +9.9996650163380907e-01 +8.4187709115658834e-04 +8.8961691073357121e-04 +4.4809561429254822e-04 +4.2867140246832965e-04 +5.2508133626284325e-04
 85.00000000 +5.0000000000000000e+00 +1.9996261658773509e+00 +2.9856239786423934e-03 +9.9698664818848537e-01 +9.9998619061301852e-01 +9.9995597677718961e-01 +9.9996760118800732e-01 +9.9997785165343844e-01 +7.9911989048297104e-04 +7.3705948362333775e-04 +5.1889377511950524e-04 +1.7051401587775920e-04 +9.0014440939390047e-04
 85.50000000 +5.0000000000000000e+00 +1.9997064612267219e+00 +2.9988904430567368e-03 +9.9698992020247834e-01 +9.9995840754759824e-01 +1.0000053256107653e+00 +1.0000031537057563e+00 +9.9995161993951276e-01 +6.2055932151543626e-04 +9.5381970357885388e-04 +5.8557747783934187e-04 +6.5618261665668508e-04 +2.7543387298305531e-04
 86.00000000 +5.0000000000000000e+00 +1.9997442871956916e+00 +2.8519181097369853e-03 +9.9741137215353803e-01 +9.9998524712193892e-01 +1.0000360539627691e+00 +9.9996285126362727e-01 +1.0000186519670384e+00 +3.1777574403289341e-04 +5.3201950787591331e-04 +9.4300195014283719e-04 +3.9263908792595858e-04 +4.0038723979458917e-04
 86.50000000 +5.0000000000000000e+00 +1.9995840776127694e+00 +3.1651100115594570e-03 +9.9654926292683155e-01 +9.9998222281345917e-01 +9.9998065500230493e-01 +9.9997694454358299e-01 +9.9992354006244510e-01 +8.4532391239068919e-04 +1.0892375748808812e-03 +7.9207630132754393e-04 +7.1244667482565146e-04 +1.4829018577120509e-04
 87.00000000 +5.0000000000000000e+00 +1.9995778628450223e+00 +3.2632985960106323e-03 +9.9631323108972070e-01 +9.9995946582923068e-01 +9.9999001075666072e-01 +1.0000067937379598e+00 +9.9995130386058650e-01 +1.1953209237045531e-03 +8.2810394610204551e-04 +2.6677572616765879e-04 +7.7135345436787786e-04 +7.1764068102177995e-04
 87.50000000 +5.0000000000000000e+00 +1.9995936400246388e+00 +3.0343305902020105e-03 +9.9690075934236888e-01 +9.9994334279884134e-01 +9.9996849709913804e-01 +9.9995396625902999e-01 +9.9997183863485717e-01 +1.0780593047227348e-03 +4.9234916801952895e-04 +5.7151501149622442e-04 +2.3059914942640344e-04 +8.8907323189159359e-04
 88.00000000 +5.0000000000000000e+00 +1.9996621252667364e+00 +3.2455959948151877e-03 +9.9637152718557720e-01 +1.0000506802481883e+00 +1.0000509931350436e+00 +9.9998026766851522e-01 +9.9993050361179947e-01 +1.0707287149866128e-03 +8.6019015174220359e-04 +5.5506713099649785e-04 +5.7828382000645203e-04 +5.5175832659149643e-04
 88.50000000 +5.0000000000000000e+00 +1.9996435009124622e+00 +2.7071990430619125e-03 +9.9775143347850348e-01 +9.9998885045262098e-01 +1.0000140325971498e+00 +9.9995221490376984e-01 +9.9993400944374022e-01 +8.3524273367620587e-04 +5.5855581177561935e-04 +3.1098071179975871e-04 +5.7017170689791538e-04 +8.4508166367068692e-05
 89.00000000 +5.0000000000000000e+00 +1.9994915083962765e+00 +3.1496284059271680e-03 +9.9651776392528890e-01 +9.9996057215958911e-01 +1.0000434370190305e+00 +1.0000043645567334e+00 +9.9991524634134432e-01 +1.0707226178267213e-03 +1.1120638473156163e-03 +3.5024269070443723e-04 +5.6122844504966313e-04 +4.6435839846326185e-04
 89.50000000 +5.0000000000000000e+00 +1.9995394337925174e+00 +3.2287217332104532e-03 +9.9639648939647474e-01 +9.9997521535260336e-01 +9.9998674433917700e-01 +1.0000088593255194e+00 +9.9997843551081134e-01 +1.1915455165531167e-03 +6.1088088095433125e-04 +1.0356611079616977e-03 +5.2299936727671871e-04 +2.9316919804725776e-04
 90.00000000 +5.0000000000000000e+00 +1.9996832292398330e+00 +3.0012317387450010e-03 +9.9703827851053073e-01 +9.9989679349818172e-01 +9.9992803300491351e-01 +9.9997196720591475e-01 +9.9995975074090848e-01 +1.0143031664861092e-03 +6.2081601989578614e-04 +1.1849313465744800e-04 +7.0905226156316918e-04 +7.4251246138141004e-04
 90.50000000 +5.0000000000000000e+00 +1.9995454029734299e+00 +3.2426722024888129e-03 +9.9634429977401728e-01 +9.9997038694727147e-01 +1.0000221886757099e+00 +9.9999345049390953e-01 +9.9995940568356301e-01 +1.3797172906200872e-03 +5.2843734258138696e-04 +4.2891665593238750e-04 +1.0162196649688947e-03 +3.5697747577141952e-04
 91.00000000 +5.0000000000000000e+00 +1.9995285222650994e+00 +3.0658694909471754e-03 +9.9679497956432594e-01 +1.0000218056882419e+00 +1.0000003410639264e+00 +9.9996052665759494e-01 +9.9994871067081714e-01 +1.0682345464907606e-03 +6.3770491657931592e-04 +4.6667134320793673e-04 +8.8898507241926418e-04 +2.1204047894890859e-04
 91.50000000 +5.0000000000000000e+00 +1.9995121838133274e+00 +3.3305661982024597e-03 +9.9616215369849903e-01 +9.9997379581749424e-01 +9.9999893192319145e-01 +9.9995320006107247e-01 +9.9991611927984569e-01 +1.0007314897972817e-03 +7.3071337703413419e-04 +8.3931799927091538e-04 +8.4068976811005238e-04 +5.8434659024032907e-04
 92.00000000 +5.0000000000000000e+00 +1.9996587582720566e+00 +3.2400283273382436e-03 +9.9641412392368445e-01 +1.0000111420399651e+00 +1.0000195109061008e+00 +1.0000253700075423e+00 +9.9999842139449713e-01 +9.7605052414079859e-04 +6.9328851359415345e-04 +9.2297959632582801e-04 +6.8064898347737208e-04 +2.5846410748060718e-04
 92.50000000 +5.0000000000000000e+00 +1.9996236298602208e+00 +2.9597388162664892e-03 +9.9709563629846720e-01 +9.9999264056340675e-01 +9.9994778703164489e-01 +9.9995818653211266e-01 +9.9993922349245323e-01 +6.4710654869542833e-04 +7.8531081921187488e-04 +5.9378227748453812e-04 +5.4697925602598043e-04 +4.9334718042508502e-04
 93.00000000 +5.0000000000000000e+00 +1.9994777721055268e+00 +3.4503802357213850e-03 +9.9583459277071174e-01 +9.9998963535931129e-01 +9.9999480101467597e-01 +9.9995492882512482e-01 +9.9994399573461601e-01 +9.6012768342139800e-04 +5.7189243225937462e-04 +1.0631305508081322e-03 +7.0188359447226237e-04 +9.8501203841074090e-04
 93.50000000 +5.0000000000000000e+00 +1.9993790342830255e+00 +4.0610234406680060e-03 +9.9426360481711162e-01 +9.9995269134909059e-01 +1.0000189487414184e+00 +9.9999900998574265e-01 +9.9995078183039854e-01 +9.6139787543340969e-04 +1.3048150281792196e-03 +1.1958631466049941e-03 +7.5759069672813172e-04 +1.5952965335669484e-03
 94.00000000 +5.0000000000000000e+00 +1.9994201434387149e+00 +3.5621331786205566e-03 +9.9549227942887042e-01 +1.0000533536886527e+00 +9.9996487137000611e-01 +9.9998670707729898e-01 +9.9990172885982764e-01 +1.4684005427504942e-03 +7.5381032130598079e-04 +1.0912977659610123e-03 +6.8654935459479911e-04 +6.0100159384756594e-04
 94.50000000 +5.0000000000000000e+00 +1.9993851005773335e+00 +3.6194049305969399e-03 +9.9537831093637807e-01 +9.9995080883624643e-01 +1.0000187325859389e+00 +9.9991911440067105e-01 +9.9993658448782041e-01 +8.6946995557974185e-04 +9.8824964239009215e-04 +1.2424542794751954e-03 +1.2257337043460298e-03 +4.7054116872117250e-04
 95.00000000 +5.0000000000000000e+00 +1.9993980481721776e+00 +3.6504158327527883e-03 +9.9529080053643848e-01 +9.9993637587095630e-01 +9.9996591424145109e-01 +1.0000213396664548e+00 +9.9990828668984388e-01 +1.5512386335159696e-03 +8.7777412105911152e-04 +7.9620546150297735e-04 +1.3286471137866488e-03 +3.2341766248059084e-04
 95.50000000 +5.0000000000000000e+00 +1.9996600687951331e+00 +3.0710619524304773e-03 +9.9685755513150731e-01 +1.0000070268406633e+00 +9.9997441662043318e-01 +1.0000804514689587e+00 +9.9996134805218884e-01 +3.9461487491752265e-04 +4.6970586362602210e-04 +7.5852083755860824e-04 +8.1156214397874824e-04 +6.8479816909303940e-04
 96.00000000 +5.0000000000000000e+00 +1.9996190834936030e+00 +2.9540585915997838e-03 +9.9715447111021538e-01 +9.9999393699810091e-01 +1.0000079960237618e+00 +1.0000587443311357e+00 +9.9995928008084356e-01 +1.4862612825580909e-03 +8.3065578589063276e-04 -3.5884695287503914e-04 +5.1822722784060132e-04 +3.4927411027052714e-04
 96.50000000 +5.0000000000000000e+00 +1.9995918528562551e+00 +2.8098896073781702e-03 +9.9750733080872933e-01 +9.9997051898576050e-01 +9.9992947415919886e-01 +1.0000337596849767e+00 +9.9991937365209405e-01 +5.3131350545063745e-04 +6.6922178667250221e-04 +7.9948551953264461e-04 +6.2389340458931760e-04 +1.5628497679899343e-05
 97.00000000 +5.0000000000000000e+00 +1.9995246502480126e+00 +3.0669320668310347e-03 +9.9677548459508214e-01 +1.0000296765855190e+00 +9.9997271364606344e-01 +9.9994562713867663e-01 +9.9996206307717439e-01 +5.2419342507391210e-04 +6.9428232276949121e-04 +5.9379515573097200e-04 +7.7285039185279495e-04 +7.2931365848293635e-04
 97.50000000 +5.0000000000000000e+00 +1.9995372306615278e+00 +3.0981127980924681e-03 +9.9670947776789320e-01 +9.9999381351052341e-01 +9.9998266103341538e-01 +9.9997435008864399e-01 +9.9992054940506614e-01 +9.6645125077774775e-04 +8.0444985694476769e-04 +6.7342254378933910e-04 +7.3321406039970189e-04 +2.4161048704794607e-04
 98.00000000 +5.0000000000000000e+00 +1.9992926752743527e+00 +3.8089374431003443e-03 +9.9484640937929958e-01 +9.9993460446719118e-01 +9.9999051069465261e-01 +1.0000419229063187e+00 +9.9990982159248354e-01 +1.3415471813228665e-03 +1.1963608992314769e-03 +4.7650757877701068e-04 +1.0607396894814719e-03 +1.2015756113519800e-03
 98.50000000 +5.0000000000000000e+00 +1.9994928592393004e+00 +3.2179322748448380e-03 +9.9646031474892094e-01 +9.9994246970250811e-01 +1.0000143207721290e+00 +9.9996654026403486e-01 +9.9996449447377089e-01 +1.1660835927400381e-03 +6.8978558999460400e-04 +9.2895745636197501e-04 +5.7255716720424222e-04 +2.9447623062612703e-04
 99.00000000 +5.0000000000000000e+00 +1.9994483221178914e+00 +2.9558858238545979e-03 +9.9707805451880671e-01 +9.9991824220308900e-01 +1.0000179645556500e+00 +1.0000370487297654e+00 +9.9983945971074717e-01 +8.8551712322468387e-04 +8.7130487999929418e-04 +6.1323377008661994e-04 +5.0096976737749280e-04 +2.3820473946123473e-04
 99.50000000 +5.0000000000000000e+00 +1.9996005087497950e+00 +2.7285133844775094e-03 +9.9767038940800468e-01 +9.9994740832855755e-01 +1.0000229951516404e+00 +9.9995828257115404e-01 +9.9994147956823853e-01 +5.2459594558175709e-04 +6.6101556923580166e-04 +2.4109484504954612e-05 +1.5618599708193108e-04 +1.0935379800828605e-03
100.00000000 +5.0000000000000000e+00 +1.9993878445881317e+00 +3.6789176154955125e-03 +9.9530510445406972e-01 +9.9994798043010713e-01 +1.0001062898150141e+00 +9.9986936572795138e-01 +9.9996331286450180e-01 +9.4965255018608944e-04 +1.5355548077401080e-03 +7.8885734507068124e-04 +6.9848841390344064e-04 +8.3539359341590152e-04
100.50000000 +5.0000000000000000e+00 +1.9995760485505865e+00 +2.8380358026231785e-03 +9.9748408100202735e-01 +1.0000771263099655e+00 +1.0000011006412635e+00 +9.9988945303245058e-01 +1.0000350642750127e+00 +4.9325857715322940e-04 +4.5911977522433825e-04 +8.0748057382867548e-05 +1.3234384842583948e-03 +1.5660984166220544e-04
101.00000000 +5.0000000000000000e+00 +1.9993108463516600e+00 +3.3410792589533226e-03 +9.9607575605472531e-01 +9.9995345397290458e-01 +1.0000171181153212e+00 +9.9997102366093915e-01 +9.9990715942415687e-01 +8.3917065114119476e-04 +3.1591179413357232e-04 +1.2325233086123372e-03 +8.8633870157938397e-04 +8.0154431813113294e-04
101.50000000 +5.0000000000000000e+00 +1.9994647720858703e+00 +3.0815893848179566e-03 +9.9675895108989421e-01 +9.9993360206505932e-01 +9.9996753275051531e-01 +9.9990218404133957e-01 +9.9993514319701327e-01 +1.1184145262112298e-03 +4.7706985137130217e-04 +6.5488851219913863e-04 +6.7807319497798012e-04 +5.7414076795505144e-04
102.00000000 +5.0000000000000000e+00 +1.9992902052873853e+00 +3.4540550767866657e-03 +9.9581818307422931e-01 +1.0000393877487197e+00 +9.9995443239007842e-01 +9.9998887964057570e-01 +9.9995036788995406e-01 +1.0349664417773591e-03 +9.0944275127952091e-04 +2.8022136836983836e-04 +3.0431855306141533e-04 +1.7198001418069825e-03
102.50000000 +5.0000000000000000e+00 +1.9994188045000305e+00 +2.9900305696582523e-03 +9.9703887915915523e-01 +9.9989658810200155e-01 +9.9995394194583509e-01 +1.0000462360902558e+00 +9.9992967996514692e-01 +7.8823975727029556e-04 +9.2612946790645852e-04 +9.2185931769255621e-04 +4.4154710860444166e-04 +5.6899087512023776e-05
103.00000000 +5.0000000000000000e+00 +1.9994636468044313e+00 +2.9405022505321547e-03 +9.9714636107983556e-01 +1.0000069776031035e+00 +1.0000823667162639e+00 +9.9996145167497952e-01 +9.9998827769627141e-01 +3.2668034718425529e-04 +9.8940414630135053e-04 -1.9661735844611592e-04 +4.6497323012132058e-04 +1.2301248631443034e-03
103.50000000 +5.0000000000000000e+00 +1.9993072034029464e+00 +3.2815360653995363e-03 +9.9628559700971842e-01 +9.9995481552891941e-01 +9.9986995735999851e-01 +1.0000075632893295e+00 +9.9996713535607362e-01 +1.3620843509345546e-03 +6.3370611032790864e-04 +2.7458683754430057e-04 -9.9251101169562124e-05 +1.7438052569421355e-03
104.00000000 +5.0000000000000000e+00 +1.9994040769338979e+00 +3.4239152371142636e-03 +9.9578542225018818e-01 +1.0000835430184980e+00 +1.0000784190032617e+00 +1.0000037868298601e+00 +9.9993438973489568e-01 +1.1940747906915047e-03 +1.2566813129975219e-03 +5.7817974528778663e-04 +5.2407627243761018e-04 +5.6142703882878370e-04
104.50000000 +5.0000000000000000e+00 +1.9993428156207149e+00 +3.6970364548439497e-03 +9.9527117632029227e-01 +1.0000955701408181e+00 +9.9998166536981692e-01 +9.9994051106962001e-01 +9.9996520381183207e-01 +1.7972233379684325e-03 +4.1747374243057206e-04 +6.6183136396498628e-04 +1.2884760693058013e-03 +5.8086877392928699e-04
105.00000000 +5.0000000000000000e+00 +1.9992417494591701e+00 +4.1079174971400626e-03 +9.9411690346725201e-01 +1.0001048391609890e+00 +1.0000222670413836e+00 +9.9994459017956627e-01 +9.9992229073638716e-01 +7.3142640598870443e-04 +1.3154840640852150e-03 +1.6665145643005130e-03 +1.3255030735565270e-03 +8.5018130504763958e-04
105.50000000 +5.0000000000000000e+00 +1.9993337163227198e+00 +3.6396307370153910e-03 +9.9535177231969096e-01 +9.9996733781411318e-01 +9.9996752656781596e-01 +1.0000920105615132e+00 +1.0000450703147914e+00 +1.1929716719785975e-03 +1.4519620573297117e-03 +7.1822400444665967e-04 +6.9519467883602331e-04 +5.1793000648340452e-04
106.00000000 +5.0000000000000000e+00 +1.9994268879397834e+00 +3.4692419502444071e-03 +9.9584356603220792e-01 +9.9997545066423565e-01 +9.9997760679472369e-01 +9.9996612030799192e-01 +9.9992209815054378e-01 +1.4291653915353248e-03 +5.1457991783752119e-04 +1.1839325729498904e-03 +5.7536949169507306e-04 +6.1211067909066415e-04
106.50000000 +5.0000000000000000e+00 +1.9993720783886602e+00 +2.6375678711173765e-03 +9.9782748448540648e-01 +1.0000014188359132e+00 +9.9996068710341157e-01 +9.9995250613879216e-01 +1.0000323015262476e+00 +1.4063851891166622e-03 +4.2797050470702315e-04 +5.1211751594123437e-04 -9.2977674199895051e-05 -2.7893624292574056e-05
107.00000000 +5.0000000000000000e+00 +1.9994324696410333e+00 +3.2104715247905469e-03 +9.9647694864664516e-01 +9.9997628985459197e-01 +1.0000321932862810e+00 +9.9990249115985985e-01 +9.9994112674731117e-01 +1.1991268935252237e-03 +4.4576124990654698e-04 +1.0974934010924664e-04 +1.2373352399352164e-03 +6.7897758036441504e-04
107.50000000 +5.0000000000000000e+00 +1.9993087517001606e+00 +2.7422489808401440e-03 +9.9756253706404741e-01 +1.0000324496847823e+00 +9.9996765872376814e-01 +1.0000472890183925e+00 +9.9996438603461824e-01 +2.5073594703652799e-03 +3.0365262801009712e-04 -4.5807702445320035e-04 +2.9990435895497700e-04 -2.2715996114810465e-04
108.00000000 +5.0000000000000000e+00 +1.9992226524481906e+00 +3.9519642558045066e-03 +9.9462535771699290e-01 +9.9993157494135898e-01 +9.9999943462413443e-01 +9.9995100911033996e-01 +9.9997278508762955e-01 +1.5425516894752016e-03 +2.3774909132729082e-03 +7.3517745220371680e-04 -5.1842459185163147e-04 +1.3830430534918646e-03
108.50000000 +5.0000000000000000e+00 +1.9991749975809565e+00 +3.1388211886286582e-03 +9.9660866281217408e-01 +1.0000305678731425e+00 +9.9997258665492395e-01 +1.0000299495314799e+00 +9.9997836488889991e-01 +7.3855718363071191e-04 +9.7342344942222161e-04 +8.9498700594617408e-04 +1.0008340403636154e-03 -2.2793344037179308e-04
109.00000000 +5.0000000000000000e+00 +1.9994732990773056e+00 +3.2805287755762217e-03 +9.9626831665383742e-01 +1.0000171137715843e+00 +1.0000465772437028e+00 +9.9995602219555957e-01 +9.9987863029810820e-01 +3.7736151213238212e-04 +8.6934917722999560e-04 +7.7859342277212292e-04 +8.2753532738404100e-04 +9.8050039725376009e-04
109.50000000 +5.0000000000000000e+00 +1.9989677096426990e+00 +4.4565597582900901e-03 +9.9326987016417490e-01 +9.9998112936449579e-01 +9.9994166956553088e-01 +1.0000648104392822e+00 +9.9988993105074075e-01 +1.9662624099589768e-03 +2.9089825428776691e-03 +2.1088172280454824e-05 +1.0131498399854138e-03 +9.4310645118170569e-04
110.00000000 +5.0000000000000000e+00 +1.9991949075918589e+00 +3.4851420300837802e-03 +9.9587204189268952e-01 +1.0000053384555905e+00 +9.9993193253668211e-01 +9.9994007944035967e-01 +9.9992704516755460e-01 +1.7904852174287173e-03 +6.2396332285965357e-04 +1.1315225813374801e-03 +7.1103138190810691e-04 +6.6560001651908983e-05
110.50000000 +5.0000000000000000e+00 +1.9991446774596313e+00 +3.2309786571596078e-03 +9.9642546998571691e-01 +1.0000574041985224e+00 +1.0000339306837800e+00 +1.0000642448640256e+00 +9.9994131019523425e-01 +6.2449389599548944e-04 +3.8045143296839358e-04 +1.6465375941483857e-03 +8.0289402660839915e-04 +2.3263123078685255e-05
111.00000000 +5.0000000000000000e+00 +1.9993097612324988e+00 +2.3561162524608314e-03 +9.9854712809056401e-01 +9.9988060539672796e-01 +9.9989801944182777e-01 +9.9986049518271036e-01 +9.9998595334341578e-01 +1.1902235980679379e-03 +8.9033023066672188e-04 -5.1420995627996912e-04 +1.6001671726622013e-04 +1.0143795614692762e-04
111.50000000 +5.0000000000000000e+00 +1.9989029640525517e+00 +3.9470787906962712e-03 +9.9440532935765868e-01 +1.0000557295971009e+00 +9.9994380294916174e-01 +1.0001902823448503e+00 +9.9999595415664122e-01 +1.3005912213842590e-03 +1.9251361319230444e-03 +4.5012946952029744e-04 +1.5717485600586487e-03 +1.6129621230167609e-04
112.00000000 +5.0000000000000000e+00 +1.9990771401466763e+00 +3.6909541852213202e-03 +9.9505054184626407e-01 +1.0002713273453081e+00 +9.9979820464180813e-01 +9.9996411333697399e-01 +9.9987943257026135e-01 +1.5850602324713075e-03 +1.7976101309558083e-03 +3.5042794956082564e-04 +1.1271414610644021e-03 +1.7614048533332328e-04
112.50000000 +5.0000000000000000e+00 +1.9992731070339784e+00 +3.9223754464626833e-03 +9.9470286593988488e-01 +1.0001534693364809e+00 +9.9999473308399967e-01 +9.9977389280256179e-01 +9.9994815048752361e-01 +1.5014992148389720e-03 +2.0251427836433665e-03 +6.4310839798245676e-04 +7.7829798504871800e-04 +4.7883996674301566e-04
113.00000000 +5.0000000000000000e+00 +1.9985783455693751e+00 +5.0165002825057281e-03 +9.9175365064277643e-01 +1.0001841242081917e+00 +1.0000147734865337e+00 +1.0001532932713268e+00 +9.9999407050616984e-01 +2.4917879939206516e-03 +1.1375198916933826e-03 +1.8207788531982873e-03 +1.1302092704936185e-03 +1.3197918751953303e-03
113.50000000 +5.0000000000000000e+00 +1.9992042486376538e+00 +3.3599980560910336e-03 +9.9613342051209264e-01 +1.0000731153912295e+00 +9.9994526704565434e-01 +9.9985605746476336e-01 +9.9993672858375171e-01 +2.0833700626047085e-03 +1.4343487728467400e-03 -1.4611379948834691e-04 +9.0078212281076073e-04 -2.1697615671655406e-04
114.00000000 +5.0000000000000000e+00 +1.9984422655605123e+00 +5.1650453510411571e-03 +9.9134101867916868e-01 +9.9999010385725684e-01 +9.9992574010372404e-01 +1.0001340328800883e+00 +9.9994062513810622e-01 +2.3352861612866605e-03 +2.5159533642835118e-03 +1.8256046345190699e-03 +1.6513691701336621e-03 +3.4026600923624402e-04
114.50000000 +5.0000000000000000e+00 +1.9993746073113245e+00 +2.6836524568058756e-03 +9.9786455501202453e-01 +9.9998750773051048e-01 +9.9983950309846992e-01 +9.9987413505935718e-01 +9.9974567572829631e-01 +7.9370764688337786e-04 -3.4834297694944600e-04 +7.0831366722123542e-04 +1.5959234336881624e-03 -6.0978398422130057e-05
115.00000000 +5.0000000000000000e+00 +1.9989162648906280e+00 +4.0525642508625502e-03 +9.9436049485255174e-01 +9.9988001064799936e-01 +9.9994938916448828e-01 +9.9991135306970036e-01 +9.9980631652142393e-01 +2.3276914150563120e-03 +7.8923193559206513e-04 +1.0345619486024722e-03 +1.7474460176942575e-03 +1.9350442812734995e-04
115.50000000 +5.0000000000000000e+00 +1.9995953430403872e+00 +2.4763375757116523e-03 +9.9838393149575388e-01 +9.9993959200932170e-01 +1.0000010558730346e+00 +1.0000084730521690e+00 +1.0000007831592996e+00 +6.2311977666662055e-04 -3.1972030596568896e-05 -1.8077611367045806e-04 +6.8712971729003593e-05 +1.1870798060380136e-03
116.00000000 +5.0000000000000000e+00 +1.9993142691016719e+00 +2.5289807833674205e-03 +9.9814066337621254e-01 +1.0002010106547867e+00 +9.9988433484711936e-01 +9.9999178196953220e-01 +1.0001665189480449e+00 +1.2153902017617054e-03 +1.4192526179167314e-03 -7.5260220818388441e-04 -2.3375154371882748e-04 -3.2598861416227041e-05
116.50000000 +5.0000000000000000e+00 +1.9985911696496628e+00 +4.5077621395594979e-03 +9.9313132523810987e-01 +1.0000871980270034e+00 +1.0000010260508818e+00 +9.9988825005681869e-01 +9.9986058741753003e-01 +1.8948203400897354e-03 +1.9343985926840539e-03 +4.1256279913242907e-04 +1.8562652988961450e-03 +9.3356617796335058e-04
117.00000000 +5.0000000000000000e+00 +1.9986208048921879e+00 +3.6119911798420806e-03 +9.9518846076683065e-01 +1.0001203336417055e+00 +9.9981169090046629e-01 +9.9995000377994725e-01 +9.9979449878329540e-01 +2.1783017011800551e-03 +2.1248477995217279e-03 -9.2192151436886697e-04 +1.0940277797166840e-03 +6.5975636137789522e-04
117.50000000 +5.0000000000000000e+00 +1.9989415124294425e+00 +3.0435087176870958e-03 +9.9686559177176326e-01 +9.9991210445580947e-01 +9.9993767313890081e-01 +1.0001194946853329e+00 +9.9981606682773250e-01 +2.5645474509820602e-03 +1.2374598097353298e-03 -4.7340549509796668e-04 +5.8456077601996804e-04 -5.6409342042300652e-04
118.00000000 +5.0000000000000000e+00 +1.9987860062914526e+00 +4.1130465639746998e-03 +9.9406523362329102e-01 +9.9991721032887249e-01 +9.9999456767484163e-01 +9.9975649404710543e-01 +9.9989077802472504e-01 +2.7090818019548796e-03 -2.3711991953321223e-04 +1.3469225212112983e-03 +1.4427196898193697e-03 +1.1141122065722534e-03
118.50000000 +5.0000000000000000e+00 +1.9988439758831378e+00 +3.6726275694085055e-03 +9.9503584860925653e-01 +9.9985545531314046e-01 +9.9990557200644881e-01 +1.0001926270005608e+00 +1.0000735299858969e+00 +1.1593910554420041e-03 +1.8812126017863234e-03 +9.8027685189955240e-04 +1.8082336073940765e-04 +7.3526321485540777e-04
119.00000000 +5.0000000000000000e+00 +1.9990833223327011e+00 +4.3802351657219506e-03 +9.9352450034341955e-01 +1.0000872290568716e+00 +1.0000694320873658e+00 +1.0000245861053321e+00 +1.0001091590228417e+00 +8.1537062732492144e-04 +1.9840242782947007e-03 +1.0095491437420688e-03 +1.5435125395269630e-03 +8.3263679426088752e-04
119.50000000 +5.0000000000000000e+00 +1.9987834413507037e+00 +4.3538038240420844e-03 +9.9370179287234450e-01 +9.9963499049174831e-01 +9.9979118087262175e-01 +1.0000105651347206e+00 +9.9988647302328437e-01 +2.0632253554967550e-03 +1.8186487754152153e-03 +8.2104675086436274e-04 +1.0171416869956256e-03 +1.2549350358593522e-03
120.00000000 +5.0000000000000000e+00 +1.9992357796337730e+00 +1.8301010064220836e-03 +9.9975597607564826e-01 +1.0002492709377013e+00 +9.9998469726138683e-01 +1.0002064283519181e+00 +1.0000114255754722e+00 -1.8449907787615257e-04 +1.5748843657918813e-03 +3.1265669683687002e-04 -3.5031750894348698e-05 -1.8758084344027758e-03
120.50000000 +5.0000000000000000e+00 +1.9992153738695566e+00 +2.7047259530763026e-03 +9.9764012419603965e-01 +9.9995926761653720e-01 +9.9992270708910935e-01 +9.9981303883923356e-01 +1.0000147736231126e+00 +1.4859127340714458e-03 -4.3053809157958870e-04 +1.1116884585554180e-03 +9.3273879665148069e-04 -4.4971326235670518e-04
121.00000000 +5.0000000000000000e+00 +1.9984908698455017e+00 +4.1465673010736160e-03 +9.9391899239506754e-01 +9.9986237727519089e-01 +9.9987350691627830e-01 +9.9975832976599222e-01 +9.9978784919742880e-01 +1.8679434926443393e-03 +1.6069535676713417e-03 +1.6483127494651977e-03 +1.3966448903830555e-03 +2.7908974933917561e-04
121.50000000 +5.0000000000000000e+00 +1.9988927695512073e+00 +3.1051732064604439e-03 +9.9666571269220572e-01 +9.9990831084155574e-01 +9.9990097131087941e-01 +9.9986968670200915e-01 +9.9979575422710187e-01 +1.4981587242640637e-03 +1.1536952130357277e-03 +1.1826319941626070e-03 -4.4484783653666162e-04 +4.6992612971403580e-04
122.00000000 +5.0000000000000000e+00 +1.9988999050329890e+00 +3.3348128269641134e-03 +9.9602405527981408e-01 +9.9993909703527939e-01 +1.0000886116178507e+00 +1.0001479299196487e+00 +1.0000065572919257e+00 +7.8773010738711932e-04 +1.6882856393747681e-03 +6.4224037418057268e-04 +1.3330058160580002e-03 -6.5751308112333969e-04
122.50000000 +5.0000000000000000e+00 +1.9986336364500754e+00 +4.1456258245526094e-03 +9.9407695675755614e-01 +1.0000802258670816e+00 +1.0000008493563559e+00 +9.9981521670735829e-01 +9.9971218973640374e-01 +2.1296423108506401e-03 +5.4841973958526160e-04 +2.2822035885346572e-03 +2.3325811581709640e-03 -9.7828522319003586e-04
123.00000000 +5.0000000000000000e+00 +1.9987522860034759e+00 +3.0166062283196759e-03 +9.9696848700468654e-01 +9.9992407981968956e-01 +9.9973908159017444e-01 +9.9998335828940299e-01 +1.0001503559794418e+00 +1.3806615557436241e-03 -6.7596924154281473e-04 +1.9568628451720446e-04 +1.0869198482279018e-04 +2.2255667338200724e-03
123.50000000 +5.0000000000000000e+00 +1.9991559001158001e+00 +2.6630466032572723e-03 +9.9792891262797501e-01 +9.9988209149504337e-01 +9.9979729229559011e-01 +9.9999944859758649e-01 +9.9979313595564234e-01 -1.2497710381903480e-03 +8.6544007876583704e-04 -3.2338326280491032e-04 +1.8399093342477114e-03 +1.4669239174947453e-03
124.00000000 +5.0000000000000000e+00 +1.9991209582912060e+00 +2.6859146315190495e-03 +9.9772849916039086e-01 +1.0000681377098881e+00 +9.9987379193544779e-01 +1.0001543644558328e+00 +9.9997248773966529e-01 -9.1052568361936449e-05 +6.1730290103294500e-04 +8.8662930049766484e-04 +1.0291428588785881e-03 -2.3930349408455510e-04
124.50000000 +5.0000000000000000e+00 +1.9984930920910202e+00 +3.0340754948473452e-03 +9.9662696130027684e-01 +9.9995373622493156e-01 +1.0001669411470462e+00 +9.9989113046195177e-01 +9.9965735574814318e-01 +1.3554077946439148e-03 +3.6300888363221883e-04 +1.4732605064329309e-03 -4.2291046827046475e-04 +9.3510840251432995e-04
125.00000000 +5.0000000000000000e+00 +1.9979279684217359e+00 +6.2272951068166743e-03 +9.8878880332104568e-01 +1.0000660310189413e+00 +1.0000352741240210e+00 +1.0002014581588028e+00 +9.9990406624526529e-01 +3.2678009157610360e-03 +2.5067156341954202e-03 +2.1699564497009043e-03 +1.2888792549607120e-03 +1.7710148758023922e-03
125.50000000 +5.0000000000000000e+00 +1.9978245819191689e+00 +6.1234675133234858e-03 +9.8879736723222211e-01 +9.9993629416006780e-01 +1.0000175648263692e+00 +9.9997761827637799e-01 +9.9999964062212188e-01 +3.8121899366080547e-03 +7.4888164301727123e-04 +3.4448020624857109e-03 +9.8546361979132352e-04 +2.2801776215058728e-03
126.00000000 +5.0000000000000000e+00 +1.9982888151139921e+00 +4.6833755040121168e-03 +9.9276882240420694e-01 +9.9986887342220843e-01 +9.9994103452737682e-01 +9.9997992250859713e-01 +9.9974105068808206e-01 +3.0278175620138191e-04 +2.5304360965699045e-03 +2.6704936779487431e-03 +6.6898906354045668e-04 +1.5275958565487220e-03
126.50000000 +5.0000000000000000e+00 +1.9987918180923783e+00 +3.1483333822118396e-03 +9.9663046562431312e-01 +1.0001199930006317e+00 +9.9997374657304094e-01 +9.9976475931802455e-01 +9.9975118421838804e-01 +9.9057204162101859e-04 +1.8171571157525592e-03 +8.9000131946937746e-04 -9.3037867438198747e-04 +9.9249946278596470e-04
127.00000000 +5.0000000000000000e+00 +1.9987768543144495e+00 +3.6778263528477475e-03 +9.9531442101675771e-01 +1.0001923978170477e+00 +9.9995296300046199e-01 +1.0003600727385873e+00 +1.0000023739958546e+00 +1.5022654899797187e-03 +2.0766459405699936e-03 +2.3892080749844219e-04 -6.3534283744133839e-05 +4.2347347748563350e-04
127.50000000 +5.0000000000000000e+00 +1.9989214824731611e+00 +2.4527294716218009e-03 +9.9830912190674392e-01 +9.9972845081036577e-01 +1.0000965164043016e+00 +1.0000644756002737e+00 +1.0000315450968729e+00 -1.7284315023668282e-04 +1.7344634185918577e-03 -1.0940739608609337e-03 +2.8907848761446555e-03 -1.5884410017566011e-03
128.00000000 +5.0000000000000000e+00 +1.9987885477515406e+00 +3.4229096850590252e-03 +9.9579840981902590e-01 +9.9993379055070797e-01 +9.9990085075280433e-01 +9.9991451398378894e-01 +9.9999532480416509e-01 +6.8938205806771957e-04 +1.6498935258606620e-03 -2.7283105689419499e-04 +2.3893110751777124e-03 +1.3544877380590506e-06
128.50000000 +5.0000000000000000e+00 +1.9976657053766098e+00 +5.2238245289937361e-03 +9.9096251889489995e-01 +9.9999301529579443e-01 +1.0000101754326780e+00 +9.9996221592032086e-01 +1.0000662220440553e+00 +1.2776263837529723e-03 +3.3430252210852824e-03 +2.1026843412205688e-03 +1.8150316930193977e-03 +4.6748477388126050e-04
129.00000000 +5.0000000000000000e+00 +1.9988067233894173e+00 +3.0466538619874791e-03 +9.9688605625261739e-01 +1.0000768170033278e+00 +9.9975127502229255e-01 +9.9990115735248020e-01 +1.0000110298496823e+00 +1.2909544532575680e-03 +2.1453079220760587e-03 +8.0003908679351053e-04 -6.0585256328894298e-04 -2.5678438071288486e-04
129.50000000 +5.0000000000000000e+00 +1.9984158949079578e+00 +4.2671855229442493e-03 +9.9378889755112254e-01 +9.9987138377934837e-01 +9.9975913403981209e-01 +9.9977406701800053e-01 +1.0001001633662330e+00 +1.0106000205811229e-03 -5.7561030863034108e-06 +9.2626485011958778e-04 +1.4486030803457285e-03 +3.3266423968277567e-03
130.00000000 +5.0000000000000000e+00 +1.9982922197291162e+00 +4.1335157124965521e-03 +9.9390031847853089e-01 +9.9993915959738977e-01 +1.0000894526797675e+00 +1.0001633187341747e+00 +1.0001813645025541e+00 +2.2708374523430397e-03 +1.1291469159437776e-03 +1.7412345425517446e-03 -1.5425908099183220e-03 +2.1277579073750584e-03
130.50000000 +5.0000000000000000e+00 +1.9976433703366148e+00 +5.5482914528518987e-03 +9.9022958634445857e-01 +9.9994334307529020e-01 +1.0001068205927846e+00 +9.9980821388310337e-01 +9.9993682444423237e-01 +2.1734840519636420e-03 +3.1384122202779271e-03 +1.5549277745463097e-03 +3.1281008693862346e-04 +2.7955775267631067e-03
131.00000000 +5.0000000000000000e+00 +1.9988695755573240e+00 +3.6396278459519611e-03 +9.9534837694666645e-01 +1.0001330546340299e+00 +1.0002648851367348e+00 +9.9974227114075886e-01 +1.0001128375216393e+00 +2.7234813426237859e-03 +2.1586436937843343e-03 -1.4418553464191051e-04 -1.6848336272334030e-04 -1.7088151958085838e-04
131.50000000 +5.0000000000000000e+00 +1.9993289913037107e+00 +2.4846274619160853e-03 +9.9834760842160930e-01 +1.0002594442846440e+00 +9.9992638763800967e-01 +9.9998225514788619e-01 +1.0000883612596498e+00 +1.2425479824785999e-03 -3.0159296200431762e-04 -1.2349337487864767e-04 +7.2096720730813906e-04 -1.4248560474996002e-04
132.00000000 +5.0000000000000000e+00 +1.9987175572916427e+00 +3.5277200331891097e-03 +9.9541696810364111e-01 +1.0001332983578992e+00 +1.0000786706066052e+00 +1.0004341405236985e+00 +1.0002563888201270e+00 +1.6851644692694688e-03 -6.7907122848887014e-04 +1.9214705481792862e-03 +2.2718898207874450e-03 -1.5189200214370503e-03
132.50000000 +5.0000000000000000e+00 +1.9979967722431267e+00 +4.6082055445136926e-03 +9.9298250602067506e-01 +9.9981974307523214e-01 +1.0002520033215725e+00 +1.0000593212546218e+00 +9.9972261271330987e-01 +1.4975503537596007e-03 +2.4932853891560351e-03 +1.7257470066026808e-03 +1.5117794437159383e-03 -6.4548578522157716e-05
133.00000000 +5.0000000000000000e+00 +1.9981743812561923e+00 +3.1435145476880629e-03 +9.9665442875302057e-01 +9.9971990092453711e-01 +9.9976582504370803e-01 +1.0002453416049935e+00 +9.9948015207019969e-01 +2.2450026460801337e-03 +3.4517101455460336e-04 +1.7472177045346514e-03 -3.3246986343833310e-04 +1.2943010248250272e-04
133.50000000 +5.0000000000000000e+00 +1.9983958588745008e+00 +5.2082290470146153e-03 +9.9161476852331709e-01 +1.0000901425368989e+00 +1.0001164756349779e+00 +1.0000220214476605e+00 +1.0002120091975970e+00 +4.1312575911552091e-03 +1.6572526546626332e-03 -7.6356335712804684e-04 -2.1949459705667584e-04 +3.1391303669247427e-03
134.00000000 +5.0000000000000000e+00 +1.9978344878002443e+00 +4.8834873146122119e-03 +9.9192284334905800e-01 +1.0002421943877928e+00 +1.0002545362573030e+00 +1.0002597627558081e+00 +9.9986233667343161e-01 +1.1207787524305515e-03 +8.2043715271387391e-04 +1.5352630114921330e-03 +2.7846812803087157e-03 +1.1971663784437331e-03
134.50000000 +5.0000000000000000e+00 +1.9979749926602632e+00 +6.5990858485341286e-03 +9.8805484512972752e-01 +1.0000246980921805e+00 +1.0005341575848201e+00 +9.9961507941236560e-01 +9.9975941923636380e-01 +3.5153709216406708e-03 +2.1578437863059570e-03 +6.2774114201592562e-04 +3.1129605979763357e-03 +2.5978840970428047e-03
135.00000000 +5.0000000000000000e+00 +1.9982140009358984e+00 +5.7661259508652273e-03 +9.9002796757355604e-01 +1.0005123418190298e+00 +1.0001626132504233e+00 +1.0004508882368046e+00 +9.9997461502268559e-01 +3.2095403347583928e-03 +2.0511324732802759e-03 +1.1934818187889717e-03 +9.6870110208291892e-04 +1.4487183691322496e-03
135.50000000 +5.0000000000000000e+00 +1.9971820422167266e+00 +5.6104262201747456e-03 +9.9018963196640397e-01 +9.9986286310917194e-01 +1.0000492308308042e+00 +1.0000806796342061e+00 +1.0003770985009506e+00 +2.6433113657984173e-03 +3.0453521018394812e-03 +2.1827613622483217e-03 -1.6696389848940068e-03 +3.2387101130728667e-03
136.00000000 +5.0000000000000000e+00 +1.9979912677068139e+00 +2.6443901224394890e-03 +9.9722363970022199e-01 +9.9968762215191442e-01 +1.0002266510199405e+00 +1.0002939992021802e+00 +9.9975719270192331e-01 -1.8939033697374995e-03 +2.7607364242617765e-03 -2.4205231221711038e-04 +1.7332660164688758e-03 +4.5284846541856669e-04
136.50000000 +5.0000000000000000e+00 +1.9980064591898921e+00 +5.3057581337374437e-03 +9.9109058147534279e-01 +1.0001412742002833e+00 +1.0000974373031870e+00 +9.9974122255087750e-01 +9.9962537439264143e-01 +3.6312885085176150e-03 -8.3715252347268314e-04 +3.6272420269189919e-03 +2.5945657677289933e-03 +2.8816629700785659e-04
137.00000000 +5.0000000000000000e+00 +1.9980812620116928e+00 +5.4807690784749964e-03 +9.9075807021141227e-01 +9.9983884144642732e-01 +1.0004891427479718e+00 +9.9930516612441644e-01 +9.9956895498485554e-01 +2.4553009462225878e-03 +2.8482548089968957e-03 +4.0230017202911791e-03 -1.4448394585859304e-03 +2.1581064684254086e-03
137.50000000 +5.0000000000000000e+00 +1.9970588508295024e+00 +6.4882879927927089e-03 +9.8830527498214549e-01 +9.9981002196740176e-01 +9.9974506285211062e-01 +1.0003760641679402e+00 +9.9982742578405337e-01 +2.2758733141745946e-03 +1.8036597841698653e-03 +2.3717661693119512e-03 +2.8157386650252232e-03 +2.6691123141088869e-03
138.00000000 +5.0000000000000000e+00 +1.9978172217776067e+00 +5.4567422315121780e-03 +9.9064878202794937e-01 +9.9981022093137784e-01 +1.0002959163324245e+00 +9.9958104940279047e-01 +9.9988254171353774e-01 +2.8985169101046530e-03 +4.1645018664212387e-03 +9.7597602606947691e-04 +7.2895187361150479e-04 +1.0135429156268487e-03
138.50000000 +5.0000000000000000e+00 +1.9980513546781107e+00 +4.7356411394347759e-03 +9.9234439248110051e-01 +1.0004259783343721e+00 +1.0000070997845685e+00 +9.9972379419630009e-01 +9.9998215347921615e-01 +2.5602020072435861e-03 +1.5254174055227738e-03 +3.1393515587372208e-03 -3.1223840820640142e-03 +3.4139948359568971e-03
139.00000000 +5.0000000000000000e+00 +1.9981981512241103e+00 +2.6639767960703270e-03 +9.9746830035196077e-01 +1.0002112213133432e+00 +9.9973650021736782e-01 +9.9979037516988767e-01 +9.9961560211745359e-01 +1.8431401387626397e-03 +4.1246199937998431e-03 +9.6166697751926943e-04 -1.1036150853149819e-03 -2.6478111952348954e-03
139.50000000 +5.0000000000000000e+00 +1.9980324965040672e+00 +4.5595157113736693e-03 +9.9291741045207249e-01 +9.9992559233684286e-01 +1.0002701060851464e+00 +1.0000862509292512e+00 +9.9956813668494982e-01 +2.8174653064210655e-03 +2.0812990416163094e-04 +2.3379025939697018e-03 +3.6998463975465698e-04 +1.4990210674146163e-03
140.00000000 +5.0000000000000000e+00 +1.9981025897331668e+00 +3.3622661742688789e-03 +9.9624419691711397e-01 +9.9978531323565178e-01 +9.9953627538977197e-01 +1.0002955075669460e+00 +9.9998230465097526e-01 -2.2042011833389846e-04 +1.9687649796419743e-03 +2.6074689208493884e-03 +1.6237688116590696e-03 -1.8231803542965725e-03
140.50000000 +5.0000000000000000e+00 +1.9974319056714964e+00 +4.5664696242801485e-03 +9.9329679693794337e-01 +9.9964386337778710e-01 +1.0006424792359365e+00 +9.9962315370617172e-01 +9.9944824163803803e-01 +2.0533213266221181e-03 -5.1005867128604138e-04 +3.1381425632362341e-03 +2.6069632989297585e-03 +5.7096585754144987e-05
141.00000000 +5.0000000000000000e+00 +1.9977769123438003e+00 +5.0245581104166491e-03 +9.9196733168303686e-01 +9.9983623697132129e-01 +9.9979821458124007e-01 +9.9955056944546117e-01 +9.9946239375094770e-01 +1.9918724357268218e-03 +3.4857022803266519e-03 +1.1380376335106909e-03 +3.0073679537699453e-03 -2.3772673585597417e-04
141.50000000 +5.0000000000000000e+00 +1.9962863324077329e+00 +7.3977543201608738e-03 +9.8565463985390478e-01 +1.0004168068908077e+00 +9.9988089890363141e-01 +1.0005170879403840e+00 +9.9986880813001611e-01 +4.3533942457544004e-03 +5.6215445075744851e-03 +2.0161974223175137e-06 +1.9285727733226738e-03 +1.7562305580934761e-03
142.00000000 +5.0000000000000000e+00 +1.9977201753744085e+00 +3.1157731737149336e-03 +9.9618120122885201e-01 +9.9974970858435819e-01 +1.0001577100548615e+00 +1.0003108761895223e+00 +9.9979502666014120e-01 +5.0092017591257983e-04 +2.1715949463058898e-03 -8.1018733840293585e-04 +7.8067013327292809e-04 +1.1624793643066711e-03
142.50000000 +5.0000000000000000e+00 +1.9978922622725421e+00 +4.5334162369000701e-03 +9.9320280206407074e-01 +9.9946543345752759e-01 +9.9998942344720898e-01 +9.9982374053143741e-01 +9.9951185431237011e-01 +2.6571936569852626e-03 +5.3963235721781594e-04 +1.0525517348594624e-03 +3.0069761223831246e-03 +7.5039231605160872e-04
143.00000000 +5.0000000000000000e+00 +1.9959730400573088e+00 +6.9860637972175548e-03 +9.8661065195388609e-01 +1.0000150093310416e+00 +1.0002144013355376e+00 +1.0004001141337153e+00 +9.9981467174628980e-01 +4.7324737931601227e-03 +1.1905145585110214e-03 +3.4994718716915788e-03 +1.5843455843171175e-03 +1.9383456917327340e-03
143.50000000 +5.0000000000000000e+00 +1.9982739460898280e+00 +5.4773893286555108e-03 +9.9074409215572856e-01 +1.0002156093698080e+00 +9.9997795830869318e-01 +1.0000540369713502e+00 +1.0001082397445267e+00 +3.1609206782583234e-03 +2.7342316315029564e-03 +3.6798405795849952e-03 -1.4021229336905047e-03 +7.2719349459071723e-04
144.00000000 +5.0000000000000000e+00 +1.9993548058096469e+00 +2.6941047788245176e-03 +9.9817101733100777e-01 +1.0004688103287862e+00 +1.0005045536604149e+00 +1.0001602180745799e+00 +1.0004667742451532e+00 +4.8762886143857570e-03 -1.3807145821870517e-03 -1.5183307634564765e-03 -7.1019781562758487e-04 -1.0384190935105616e-03
144.50000000 +5.0000000000000000e+00 +1.9957531476198833e+00 +7.3778351910173713e-03 +9.8566349550776267e-01 +9.9984029630203497e-01 +9.9994744788183798e-01 +9.9985027481925293e-01 +9.9994302143055147e-01 +7.4983943049547149e-04 +4.9654625687305925e-03 +3.1026505715608775e-04 +4.2756789200141436e-03 +4.4542180813694956e-03
145.00000000 +5.0000000000000000e+00 +1.9973261653268786e+00 +5.2292962218407797e-03 +9.9137526919230745e-01 +9.9986429750571293e-01 +1.0000120734018552e+00 +1.0000169053095465e+00 +9.9992482651898651e-01 +4.8520340211092021e-04 +2.2292214894962495e-03 +1.4843983619785201e-03 +3.3877118044882068e-03 +1.2200930130539989e-03
145.50000000 +5.0000000000000000e+00 +1.9965231130490049e+00 +4.0725166368443368e-03 +9.9337102817842338e-01 +9.9978874011604646e-01 +1.0005572635599007e+00 +9.9988747618202323e-01 +1.0007769682756769e+00 +3.1872312980844230e-03 -1.5111693707624298e-03 -6.7085939870998925e-05 +6.5308664278251947e-04 +3.3564610576815785e-03
146.00000000 +5.0000000000000000e+00 +1.9973248980052425e+00 +4.8055979406902219e-03 +9.9205038034371740e-01 +9.9979875609561653e-01 +9.9970619886374079e-01 +1.0001638728721136e+00 +9.9980319551609176e-01 +1.2404772956451579e-03 +1.3578543077816039e-03 +6.2829280793770372e-03 -1.3183373259755687e-03 +9.1467395215653218e-04
146.50000000 +5.0000000000000000e+00 +1.9961528321963571e+00 +7.5160714618566224e-03 +9.8551862420847691e-01 +9.9973329173157688e-01 +1.0006493441560356e+00 +1.0002112803578616e+00 +1.0007653387230808e+00 +1.4719065425368682e-04 +1.5760701422330597e-03 +7.2379575891156041e-03 +2.6332655472252687e-03 +1.5276368902183233e-03
147.00000000 +5.0000000000000000e+00 +1.9949070789386723e+00 +9.3677693217710974e-03 +9.7995510544949616e-01 +1.0002038959076860e+00 +9.9987863739696448e-01 +1.0002741153256116e+00 +1.0007002903552171e+00 +3.0025864340841486e-03 +1.0135601089722139e-02 -9.6258089401241010e-04 +4.5002477294398468e-03 +2.3121012055326495e-03
147.50000000 +5.0000000000000000e+00 +1.9974000701351624e+00 +6.3155983978762280e-03 +9.8866880870204155e-01 +1.0007059742192459e+00 +1.0008589165373547e+00 +1.0003879284385346e+00 +9.9941708675888230e-01 +5.3324484953333950e-03 -1.1988683290820731e-03 +4.1095368833351442e-03 -1.3514449601667421e-04 +1.8533127900734450e-03
148.00000000 +5.0000000000000000e+00 +1.9975237238456665e+00 +2.1855355917847260e-03 +9.9901686753264085e-01 +9.9976360371811135e-01 +1.0002080841275522e+00 +1.0006240798966701e+00 +9.9952681572162183e-01 +1.7821112717735486e-03 -8.4501979347505272e-04 +1.4830076038250765e-03 -9.9507158660809753e-04 -5.6447849206170864e-04
148.50000000 +5.0000000000000000e+00 +1.9968940942430118e+00 +5.0581593993190887e-03 +9.9164464633907778e-01 +9.9997096137813746e-01 +1.0000691296517843e+00 +9.9980596789179887e-01 +9.9916282943479562e-01 +2.7143286398186640e-03 +7.8334706917035455e-03 -1.5279753105260090e-03 -1.4524686109943035e-03 +1.7791098937015614e-03
149.00000000 +5.0000000000000000e+00 +1.9971197921696271e+00 +6.9403873582804905e-03 +9.8702525700659904e-01 +9.9920715542910699e-01 +9.9994319099911799e-01 +1.0003758783704280e+00 +1.0000766927186004e+00 +5.4205119137262659e-03 -2.4230498998809597e-03 +4.4073510592474927e-03 +1.4078056522836065e-03 +4.5592067510050105e-03
149.50000000 +5.0000000000000000e+00 +1.9952337989003333e+00 +7.5502610044577475e-03 +9.8526288204369072e-01 +1.0001197638433796e+00 +9.9987860644576765e-01 +9.9966273800151406e-01 +9.9896654842114718e-01 -4.4600330374127475e-04 +2.6827774513646526e-03 +3.8285393559697053e-03 +3.1814969520137263e-03 +6.8626507893088922e-03
150.00000000 +5.0000000000000000e+00 +1.9967209503367604e+00 +5.9637013195049261e-03 +9.8945399961614078e-01 +9.9976360907796680e-01 +9.9996956200356923e-01 +9.9975779466725678e-01 +1.0001451847077472e+00 +2.8446430402775972e-03 +6.7080080055273092e-04 +2.1782937718753891e-03 +3.0496965660647651e-03 +2.1664157480418772e-03
