#PATCH_CHECK: SepMBpoisson v0.60 fullmb-kondo adaptive-t500 active
#discretizing the bath:
#     0 0.0000000000000000e+00 -9.1873305439137479e-02
#     1 2.4944382578492943e-03 -1.7051685489503915e-01
#     2 2.4944382578492943e-03 -1.6924019966679846e-01
#     3 2.4944382578492943e-03 -1.6796079818217943e-01
#     4 2.4944382578492943e-03 -1.6667865632346282e-01
#     5 2.4944382578492943e-03 -1.6539377993529217e-01
#     6 2.4944382578492943e-03 -1.6410617482507353e-01
#     7 2.4944382578492943e-03 -1.6281584676336919e-01
#     8 2.4944382578492943e-03 -1.6152280148428563e-01
#     9 2.4944382578492943e-03 -1.6022704468585575e-01
#adaptive measurement: gap=1.2848763881706526e-03 period_steps=9781 nmeas=300 nwf=300 tmax=1.5000000000000000e+02 forced_stride=1
  0.00000000 +5.0000000000000000e+00 +1.9999999999999998e+00 +1.8374661879283106e-03 +1.0000000000000000e+00 +1.0000000000000000e+00 +1.0000000000000000e+00 +1.0000000000000000e+00 +1.0000000000000000e+00 +0.0000000000000000e+00 +0.0000000000000000e+00 +0.0000000000000000e+00 +0.0000000000000000e+00 +0.0000000000000000e+00
  0.50000000 +5.0000000000000000e+00 +1.9999999999566520e+00 +1.8405584782082011e-03 +9.9999214941591219e-01 +9.9999999999160127e-01 +9.9999999999160127e-01 +9.9999999999160127e-01 +9.9999999999160127e-01 +1.5760822732143461e-06 +1.5546132037875484e-06 +1.5737143611452140e-06 +1.5945519873535767e-06 +1.5516138484999808e-06
  1.00000000 +5.0000000000000000e+00 +2.0000000001716396e+00 +1.8498027546322697e-03 +9.9996867574916348e-01 +9.9999999998100064e-01 +9.9999999998120126e-01 +9.9999999998340783e-01 +9.9999999998120126e-01 +6.2643574072334938e-06 +6.2809308013213555e-06 +6.2308420460579413e-06 +6.3200815316563225e-06 +6.2280864518596925e-06
  1.50000000 +5.0000000000000000e+00 +1.9999999975852647e+00 +1.8649987734219624e-03 +9.9993007366764386e-01 +9.9999999989498856e-01 +9.9999999989613197e-01 +9.9999999989383925e-01 +9.9999999989675914e-01 +1.3967372915553028e-05 +1.4030654459544654e-05 +1.3935402933937160e-05 +1.4063689994308574e-05 +1.3929672646031209e-05
  2.00000000 +5.0000000000000000e+00 +1.9999999914196840e+00 +1.8858006240758428e-03 +9.9987719872850911e-01 +9.9999999953475593e-01 +9.9999999957399943e-01 +9.9999999956900654e-01 +9.9999999956642172e-01 +2.4504156089416536e-05 +2.4649856093014330e-05 +2.4536768208121448e-05 +2.4660152886011530e-05 +2.4452132937498756e-05
  2.50000000 +5.0000000000000000e+00 +1.9999999839713054e+00 +1.9117138090341945e-03 +9.9981127627666444e-01 +9.9999999875454182e-01 +9.9999999881845658e-01 +9.9999999880580692e-01 +9.9999999875016377e-01 +3.7642703110903175e-05 +3.7931297428809764e-05 +3.7668479510383846e-05 +3.7875139740928348e-05 +3.7610960488289951e-05
  3.00000000 +5.0000000000000000e+00 +1.9999999736982177e+00 +1.9421403938268500e-03 +9.9973379022310249e-01 +9.9999999728422073e-01 +9.9999999736848577e-01 +9.9999999735436440e-01 +9.9999999723757038e-01 +5.3155382109807488e-05 +5.3438535680092615e-05 +5.3154727849170264e-05 +5.3428645827757739e-05 +5.3043220629662923e-05
  3.50000000 +5.0000000000000000e+00 +1.9999999517261260e+00 +1.9762261487827758e-03 +9.9964686839464756e-01 +9.9999999484338065e-01 +9.9999999498661674e-01 +9.9999999477733292e-01 +9.9999999460638478e-01 +7.0510809657810023e-05 +7.0807857023332647e-05 +7.0508506102570385e-05 +7.0833845828247155e-05 +7.0491353522915802e-05
  4.00000000 +5.0000000000000000e+00 +1.9999999385527440e+00 +2.0129783409410041e-03 +9.9955298972437567e-01 +9.9999999094063696e-01 +9.9999999107982596e-01 +9.9999999075628221e-01 +9.9999999073371582e-01 +8.9174911601682010e-05 +8.9484648157123648e-05 +8.9244476194667413e-05 +8.9858693857491800e-05 +8.9284032414826094e-05
  4.50000000 +5.0000000000000000e+00 +1.9999999402927673e+00 +2.0515536728359434e-03 +9.9945425697584056e-01 +9.9999998530747114e-01 +9.9999998549753644e-01 +9.9999998481880126e-01 +9.9999998491784847e-01 +1.0890812190634442e-04 +1.0949554756275354e-04 +1.0917067695816699e-04 +1.0942206636558289e-04 +1.0880609241222479e-04
  5.00000000 +5.0000000000000000e+00 +1.9999999018488182e+00 +2.0912227278127725e-03 +9.9935246847482306e-01 +9.9999997761122150e-01 +9.9999997771553384e-01 +9.9999997702036691e-01 +9.9999997676790842e-01 +1.2926505641895356e-04 +1.3006837449182107e-04 +1.2934142314293987e-04 +1.2986953399875490e-04 +1.2907794244513480e-04
  5.50000000 +5.0000000000000000e+00 +1.9999998771514544e+00 +2.1307928840272054e-03 +9.9925064765289950e-01 +9.9999996756156484e-01 +9.9999996800464708e-01 +9.9999996694556936e-01 +9.9999996637595134e-01 +1.4982568856505897e-04 +1.5052077356895262e-04 +1.4953358405433873e-04 +1.5001880178770987e-04 +1.4958466585998645e-04
  6.00000000 +5.0000000000000000e+00 +1.9999997438132904e+00 +2.1689822296341423e-03 +9.9915199761014328e-01 +9.9999995426925981e-01 +9.9999995492004057e-01 +9.9999995401553154e-01 +9.9999995295767585e-01 +1.6974153340383258e-04 +1.7011028798785972e-04 +1.6943616288723102e-04 +1.6951943890765935e-04 +1.6937883330233645e-04
  6.50000000 +5.0000000000000000e+00 +1.9999997709856403e+00 +2.2053567786720074e-03 +9.9905762211005511e-01 +9.9999993826844180e-01 +9.9999993850594826e-01 +9.9999993736958681e-01 +9.9999993680485377e-01 +1.8819351673316450e-04 +1.8955080276178643e-04 +1.8898279923053603e-04 +1.8820095158682203e-04 +1.8769886762659018e-04
  7.00000000 +5.0000000000000000e+00 +1.9999996116826766e+00 +2.2387876272046015e-03 +9.9897040447606467e-01 +9.9999991949571332e-01 +9.9999991894384221e-01 +9.9999991817942646e-01 +9.9999991726190096e-01 +2.0630711332014843e-04 +2.0730223264828025e-04 +2.0583301791572749e-04 +2.0557829078578162e-04 +2.0490101542661109e-04
  7.50000000 +5.0000000000000000e+00 +1.9999996821421409e+00 +2.2676421785545004e-03 +9.9889444659630444e-01 +9.9999989565851688e-01 +9.9999989580105020e-01 +9.9999989501970987e-01 +9.9999989405514078e-01 +2.2167341047314650e-04 +2.2229873081006422e-04 +2.2120651723951730e-04 +2.2050768329365903e-04 +2.2028655986596119e-04
  8.00000000 +5.0000000000000000e+00 +1.9999994499954739e+00 +2.2934851765483489e-03 +9.9882586252208994e-01 +9.9999987002510793e-01 +9.9999986928361650e-01 +9.9999986768859617e-01 +9.9999986706381205e-01 +2.3625624920714866e-04 +2.3680246092093148e-04 +2.3475991707719697e-04 +2.3366298707726759e-04 +2.3318179969038734e-04
  8.50000000 +5.0000000000000000e+00 +1.9999991091882423e+00 +2.3128907446524271e-03 +9.9877332243924088e-01 +9.9999983920442770e-01 +9.9999983893298172e-01 +9.9999983791066605e-01 +9.9999983570283468e-01 +2.4779134685096990e-04 +2.4717984180530384e-04 +2.4583487533273956e-04 +2.4418185086874894e-04 +2.4233783074335713e-04
  9.00000000 +5.0000000000000000e+00 +1.9999988761490932e+00 +2.3276293934380520e-03 +9.9873244728881783e-01 +9.9999980675214506e-01 +9.9999980652486276e-01 +9.9999980477463490e-01 +9.9999980266169097e-01 +2.5618621561533477e-04 +2.5623228124446880e-04 +2.5222146784815172e-04 +2.5247408031960506e-04 +2.5121794912310989e-04
  9.50000000 +5.0000000000000000e+00 +1.9999987086981426e+00 +2.3352236809935354e-03 +9.9870955034106002e-01 +9.9999976982847094e-01 +9.9999977402426732e-01 +9.9999976789003853e-01 +9.9999976673074220e-01 +2.6126270738842578e-04 +2.6222566107537602e-04 +2.5660362421619663e-04 +2.5602329132428216e-04 +2.5525590582157944e-04
 10.00000000 +5.0000000000000000e+00 +1.9999982289908205e+00 +2.3351022386164651e-03 +9.9870613707325095e-01 +9.9999972966733741e-01 +9.9999972937273285e-01 +9.9999972676976479e-01 +9.9999972649759516e-01 +2.6374023297078415e-04 +2.6075404923157826e-04 +2.5858115142607553e-04 +2.5637903705668893e-04 +2.5549611152073413e-04
 10.50000000 +5.0000000000000000e+00 +1.9999982488601160e+00 +2.3332797092259936e-03 +9.9870722248932831e-01 +9.9999969170655922e-01 +9.9999969209791473e-01 +9.9999968974496201e-01 +9.9999968496666680e-01 +2.6265155579360377e-04 +2.6133624583239695e-04 +2.5738652968995777e-04 +2.5689620749532073e-04 +2.5574851580388130e-04
 11.00000000 +5.0000000000000000e+00 +1.9999978009574075e+00 +2.3218285854164976e-03 +9.9873278960850775e-01 +9.9999964735173907e-01 +9.9999964241144201e-01 +9.9999963818492754e-01 +9.9999964596553192e-01 +2.5953120246482254e-04 +2.5704668570893725e-04 +2.5166791714394246e-04 +2.4977258462502335e-04 +2.5061806955248311e-04
 11.50000000 +5.0000000000000000e+00 +1.9999973681371315e+00 +2.3055220952239728e-03 +9.9877095604081711e-01 +9.9999959445204256e-01 +9.9999960088046069e-01 +9.9999958933725053e-01 +9.9999958733429495e-01 +2.5165043323878715e-04 +2.5024703965446926e-04 +2.4505543665822102e-04 +2.4123713764381596e-04 +2.4248190703990855e-04
 12.00000000 +5.0000000000000000e+00 +1.9999971054593215e+00 +2.2870572861060918e-03 +9.9881488223416048e-01 +9.9999955003939323e-01 +9.9999956143393776e-01 +9.9999954664280055e-01 +9.9999954891358045e-01 +2.4411924969702000e-04 +2.4171609787285330e-04 +2.3749838215862310e-04 +2.3329338251065973e-04 +2.3028363892177477e-04
 12.50000000 +5.0000000000000000e+00 +1.9999967151376381e+00 +2.2623335136206604e-03 +9.9887523842235659e-01 +9.9999951763077588e-01 +9.9999950795796755e-01 +9.9999950048444131e-01 +9.9999951218065941e-01 +2.3142410499897548e-04 +2.2956989341903385e-04 +2.2293735779236912e-04 +2.2315561722872543e-04 +2.1963636729474816e-04
 13.00000000 +5.0000000000000000e+00 +1.9999964048023757e+00 +2.2330355843736501e-03 +9.9894770405097544e-01 +9.9999946214699753e-01 +9.9999946659971706e-01 +9.9999945136019164e-01 +9.9999946764620662e-01 +2.1742259489344727e-04 +2.1717714968358428e-04 +2.0822773510971440e-04 +2.0574763065379426e-04 +2.0587301704148237e-04
 13.50000000 +5.0000000000000000e+00 +1.9999957758788103e+00 +2.1996703302709550e-03 +9.9903102433087887e-01 +9.9999940023254541e-01 +9.9999941809240966e-01 +9.9999940760313211e-01 +9.9999941508570001e-01 +2.0059123689868222e-04 +1.9776653610501668e-04 +1.9365447066943845e-04 +1.9034823529801405e-04 +1.8897421338589387e-04
 14.00000000 +5.0000000000000000e+00 +1.9999956514896480e+00 +2.1679700107096076e-03 +9.9911081328767859e-01 +9.9999935715585198e-01 +9.9999937469241984e-01 +9.9999936962085323e-01 +9.9999938090583795e-01 +1.8385139979843398e-04 +1.8365308514865352e-04 +1.7709998835671169e-04 +1.7483264323702965e-04 +1.7226723058220807e-04
 14.50000000 +5.0000000000000000e+00 +1.9999958187226969e+00 +2.1317389658605758e-03 +9.9920302250597381e-01 +9.9999931577183832e-01 +9.9999932978862605e-01 +9.9999933977429212e-01 +9.9999933426786769e-01 +1.7188362952768498e-04 +1.6269536510747862e-04 +1.5849741377042286e-04 +1.5569468841923406e-04 +1.5088675977645004e-04
 15.00000000 +5.0000000000000000e+00 +1.9999955494847688e+00 +2.0963594269020219e-03 +9.9929368775400174e-01 +9.9999927854143955e-01 +9.9999930406430360e-01 +9.9999929186231262e-01 +9.9999928450983178e-01 +1.4939194320545235e-04 +1.4668602040760262e-04 +1.4351189397828390e-04 +1.3577651210812649e-04 +1.3378693460186584e-04
 15.50000000 +5.0000000000000000e+00 +1.9999957848520786e+00 +2.0599151050558267e-03 +9.9938797521565370e-01 +9.9999924831875686e-01 +9.9999925944485490e-01 +9.9999925846601689e-01 +9.9999925535005596e-01 +1.2797093990106077e-04 +1.3268134375430275e-04 +1.2187532851939205e-04 +1.1823296399496580e-04 +1.1424262841655453e-04
 16.00000000 +5.0000000000000000e+00 +1.9999958862000611e+00 +2.0297125229435335e-03 +9.9946708130936968e-01 +9.9999920658614416e-01 +9.9999921662023195e-01 +9.9999919258849257e-01 +9.9999923086906084e-01 +1.1562773565322766e-04 +1.1144825191732395e-04 +1.0210719614889681e-04 +1.0581605651757417e-04 +1.0107273561165577e-04
 16.50000000 +5.0000000000000000e+00 +1.9999963404011518e+00 +1.9989818004265128e-03 +9.9954865371448876e-01 +9.9999917341013045e-01 +9.9999917983669306e-01 +9.9999919970602613e-01 +9.9999920152596322e-01 +9.1282087769047629e-05 +9.6400312790748745e-05 +9.2050628880786613e-05 +8.7190380051530296e-05 +8.7668366642557787e-05
 17.00000000 +5.0000000000000000e+00 +1.9999960258296119e+00 +1.9753618375019442e-03 +9.9961235984551411e-01 +9.9999914685261404e-01 +9.9999913356687964e-01 +9.9999916102321107e-01 +9.9999912591267848e-01 +8.1560366278670736e-05 +7.8066697829808011e-05 +8.2050804123696275e-05 +7.2549264007374813e-05 +7.6845697359640208e-05
 17.50000000 +5.0000000000000000e+00 +1.9999964658883786e+00 +1.9500074693528694e-03 +9.9968144994358177e-01 +9.9999911886216963e-01 +9.9999914332779039e-01 +9.9999913505599303e-01 +9.9999912463846297e-01 +7.1518717716058909e-05 +6.2694730677969186e-05 +6.3228222059352960e-05 +6.4533461752327333e-05 +6.0053042990975142e-05
 18.00000000 +5.0000000000000000e+00 +1.9999963985112426e+00 +1.9307886727642192e-03 +9.9973530979226910e-01 +9.9999909963424505e-01 +9.9999913226721715e-01 +9.9999909400607123e-01 +9.9999912329813434e-01 +5.9110671100322139e-05 +4.9191418668556756e-05 +5.1932743290260115e-05 +5.4311513213512177e-05 +5.3694601076077113e-05
 18.50000000 +5.0000000000000000e+00 +1.9999975697773200e+00 +1.9181087582953458e-03 +9.9977331483635912e-01 +9.9999909122623809e-01 +9.9999912501123245e-01 +9.9999913983702393e-01 +9.9999912966885940e-01 +5.0012624861990087e-05 +5.1261248067069615e-05 +4.2287499620350846e-05 +4.4013535966381296e-05 +4.2624558053746419e-05
 19.00000000 +5.0000000000000000e+00 +1.9999975069023570e+00 +1.9057870674224629e-03 +9.9981037048847410e-01 +9.9999907338761840e-01 +9.9999908620822298e-01 +9.9999908382898350e-01 +9.9999905923551180e-01 +3.9133561167544222e-05 +4.0660720626017308e-05 +4.4772476710027495e-05 +3.6350889747707947e-05 +3.2409169665413657e-05
 19.50000000 +5.0000000000000000e+00 +1.9999979837893764e+00 +1.9057874693869208e-03 +9.9981648971559645e-01 +9.9999905818224477e-01 +9.9999911518339879e-01 +9.9999910566061734e-01 +9.9999907454773629e-01 +3.8945400516010183e-05 +3.7013122977562459e-05 +3.5789349205940815e-05 +4.1390514585742908e-05 +3.4018336918334938e-05
 20.00000000 +5.0000000000000000e+00 +1.9999991056762967e+00 +1.9096259108742008e-03 +9.9981290887163754e-01 +9.9999900807300357e-01 +9.9999904790450522e-01 +9.9999903243832822e-01 +9.9999905592406790e-01 +4.2925773056629405e-05 +3.8174551930513626e-05 +3.7078726773927728e-05 +3.7892139503271798e-05 +3.4875615928695241e-05
 20.50000000 +5.0000000000000000e+00 +1.9999989148536867e+00 +1.9113649073151228e-03 +9.9981456709417837e-01 +9.9999907272317534e-01 +9.9999900720420998e-01 +9.9999902898947979e-01 +9.9999901873274621e-01 +3.9813379602966322e-05 +3.6784326676608167e-05 +3.5823850927229428e-05 +4.1097980996794990e-05 +3.5785657242992889e-05
 21.00000000 +5.0000000000000000e+00 +1.9999997308689155e+00 +1.9219386505444315e-03 +9.9979321478112915e-01 +9.9999901255160917e-01 +9.9999903302251214e-01 +9.9999903696091708e-01 +9.9999900927065899e-01 +4.2346313079989889e-05 +3.8695485918630950e-05 +3.9936781983151421e-05 +4.5366163860338342e-05 +4.4348622006352779e-05
 21.50000000 +5.0000000000000000e+00 +1.9999999985164938e+00 +1.9456923029498956e-03 +9.9973827318936270e-01 +9.9999895317980680e-01 +9.9999904418878083e-01 +9.9999894786783849e-01 +9.9999905617737384e-01 +5.4385341011400570e-05 +5.2861905289906692e-05 +4.5039066854801128e-05 +6.0455270874748118e-05 +5.2983752631896954e-05
 22.00000000 +5.0000000000000000e+00 +2.0000009325722670e+00 +1.9594616202901864e-03 +9.9970779108188679e-01 +9.9999888770230849e-01 +9.9999903045701877e-01 +9.9999900818233256e-01 +9.9999901243310452e-01 +5.7109687058132038e-05 +5.9741955396327734e-05 +6.1527012819253982e-05 +5.8306152408317243e-05 +5.9585349018591182e-05
 22.50000000 +5.0000000000000000e+00 +2.0000008489562857e+00 +1.9905941027292813e-03 +9.9963269556697210e-01 +9.9999898848700886e-01 +9.9999903375149701e-01 +9.9999899069544795e-01 +9.9999895808381645e-01 +7.5551787252988191e-05 +7.1209956238169663e-05 +7.2202133806621095e-05 +7.5554514730122351e-05 +7.6815050210871392e-05
 23.00000000 +5.0000000000000000e+00 +2.0000018339641632e+00 +2.0173970762012669e-03 +9.9956756056325557e-01 +9.9999888037829687e-01 +9.9999894511688692e-01 +9.9999887293230860e-01 +9.9999891904799287e-01 +8.7082973981444451e-05 +8.3199962846029280e-05 +8.6676349572365624e-05 +8.8642115449742549e-05 +9.1220563079754356e-05
 23.50000000 +5.0000000000000000e+00 +2.0000017705580295e+00 +2.0506955623046013e-03 +9.9948539529994418e-01 +9.9999885225104879e-01 +9.9999893401202045e-01 +9.9999880809710406e-01 +9.9999887181282399e-01 +9.8301977134314440e-05 +1.0908631271153798e-04 +1.0774019278181591e-04 +9.8705603066262968e-05 +1.0530439379790964e-04
 24.00000000 +5.0000000000000000e+00 +2.0000017047963699e+00 +2.0722719216196301e-03 +9.9943182911204964e-01 +9.9999887339984983e-01 +9.9999887718494096e-01 +9.9999880314132172e-01 +9.9999873123609406e-01 +1.0823450234550414e-04 +1.1597507393382641e-04 +1.1621212234216579e-04 +1.1663707915745116e-04 +1.1582713463001233e-04
 24.50000000 +5.0000000000000000e+00 +2.0000008698782321e+00 +2.0959806934850904e-03 +9.9937058350514596e-01 +9.9999882598376211e-01 +9.9999885794735865e-01 +9.9999875795729065e-01 +9.9999866426471029e-01 +1.2717485148306261e-04 +1.2248618170462982e-04 +1.3073014037049397e-04 +1.2318498752225508e-04 +1.3073414672506230e-04
 25.00000000 +5.0000000000000000e+00 +2.0000022642960333e+00 +2.1302044709839429e-03 +9.9928368871492690e-01 +9.9999867454914881e-01 +9.9999874515738552e-01 +9.9999877375796120e-01 +9.9999863930105681e-01 +1.3686875791110573e-04 +1.4130914865070193e-04 +1.4700753082408626e-04 +1.4432762504323836e-04 +1.5196544439337282e-04
 25.50000000 +5.0000000000000000e+00 +2.0000019517049998e+00 +2.1637156008136485e-03 +9.9919639932249305e-01 +9.9999856662970354e-01 +9.9999880341144498e-01 +9.9999869784615869e-01 +9.9999880463719437e-01 +1.5215872598518107e-04 +1.5808366123874838e-04 +1.7130072652183403e-04 +1.6225350267728967e-04 +1.6493151847772036e-04
 26.00000000 +5.0000000000000000e+00 +2.0000003003023097e+00 +2.1902831980449610e-03 +9.9912431741908636e-01 +9.9999861383134014e-01 +9.9999856102467233e-01 +9.9999853025614327e-01 +9.9999870714560635e-01 +1.7143952329817851e-04 +1.7775154811438176e-04 +1.7572803842471260e-04 +1.8416045029726039e-04 +1.7219072258514142e-04
 26.50000000 +5.0000000000000000e+00 +2.0000005768954274e+00 +2.2073930207667774e-03 +9.9907822205980168e-01 +9.9999844491574941e-01 +9.9999850420457437e-01 +9.9999848518237244e-01 +9.9999859691436210e-01 +1.8466201403037993e-04 +1.7878916428703897e-04 +1.8536281252701936e-04 +1.8585715351039116e-04 +1.9307560709874870e-04
 27.00000000 +5.0000000000000000e+00 +1.9999991040961200e+00 +2.2383564116895019e-03 +9.9899466682030202e-01 +9.9999838682683873e-01 +9.9999835699956363e-01 +9.9999845483011751e-01 +9.9999841521947086e-01 +2.0112230236296854e-04 +2.0278563233890485e-04 +2.0355883374781455e-04 +1.9921250683101779e-04 +2.0503999997483515e-04
 27.50000000 +5.0000000000000000e+00 +1.9999979283409515e+00 +2.2538549702599904e-03 +9.9894979438149856e-01 +9.9999829969233800e-01 +9.9999827519588236e-01 +9.9999839802678459e-01 +9.9999829884220337e-01 +2.0625006830010654e-04 +2.0782462548116229e-04 +2.1801626049855512e-04 +2.1551319469267731e-04 +2.0932975921547371e-04
 28.00000000 +5.0000000000000000e+00 +1.9999966968110607e+00 +2.2726251966517755e-03 +9.9889557588405908e-01 +9.9999825231190309e-01 +9.9999829059488587e-01 +9.9999820569559572e-01 +9.9999815392579672e-01 +2.1790296238398589e-04 +2.2124379245909369e-04 +2.2860435609916099e-04 +2.2306658829277860e-04 +2.2070393197569447e-04
 28.50000000 +5.0000000000000000e+00 +1.9999944845511841e+00 +2.2845130574684538e-03 +9.9885885940291330e-01 +9.9999806545687542e-01 +9.9999813572214080e-01 +9.9999812613724715e-01 +9.9999810760427388e-01 +2.2774864066779678e-04 +2.2629343300529999e-04 +2.3364554284884426e-04 +2.2310227876798434e-04 +2.3791576282996304e-04
 29.00000000 +5.0000000000000000e+00 +1.9999944199981461e+00 +2.2952634815730736e-03 +9.9882485603097704e-01 +9.9999809653521088e-01 +9.9999793556091054e-01 +9.9999802323852194e-01 +9.9999797220231423e-01 +2.3996586668291223e-04 +2.3401629884657146e-04 +2.3886895211790808e-04 +2.3288503334703231e-04 +2.3738027985161032e-04
 29.50000000 +5.0000000000000000e+00 +1.9999923909052084e+00 +2.2896524438001781e-03 +9.9883200006524220e-01 +9.9999784907565847e-01 +9.9999789580705156e-01 +9.9999792832165890e-01 +9.9999799676086920e-01 +2.3725220339993714e-04 +2.4449182783440254e-04 +2.2170141816861647e-04 +2.3890425896860824e-04 +2.3398022499745007e-04
 30.00000000 +5.0000000000000000e+00 +1.9999905233303459e+00 +2.2903414334634838e-03 +9.9882289651449885e-01 +9.9999781582677771e-01 +9.9999815037414386e-01 +9.9999771665623338e-01 +9.9999774747890058e-01 +2.4466728800254483e-04 +2.4959028091631799e-04 +2.3346056057589693e-04 +2.2891922859765760e-04 +2.2903584078995330e-04
 30.50000000 +5.0000000000000000e+00 +1.9999866371532788e+00 +2.2807357703429369e-03 +9.9883937006388845e-01 +9.9999766011636482e-01 +9.9999783155626232e-01 +9.9999772467299264e-01 +9.9999758039476250e-01 +2.3365425789968709e-04 +2.4601559735990442e-04 +2.2904537111627897e-04 +2.2814174439274643e-04 +2.3297619853108876e-04
 31.00000000 +5.0000000000000000e+00 +1.9999866832777939e+00 +2.2818585267021167e-03 +9.9883086554018552e-01 +9.9999770021273071e-01 +9.9999763619457704e-01 +9.9999763227262828e-01 +9.9999743078176084e-01 +2.4248565550825075e-04 +2.3314216221881587e-04 +2.4096639885598135e-04 +2.3831181296075614e-04 +2.2382896748945538e-04
 31.50000000 +5.0000000000000000e+00 +1.9999867101878968e+00 +2.2621237354309314e-03 +9.9887592546223991e-01 +9.9999744460836115e-01 +9.9999754815441078e-01 +9.9999741477732340e-01 +9.9999743616654713e-01 +2.2253579877281070e-04 +2.3544016594508377e-04 +2.3296922777821943e-04 +2.2644020784184498e-04 +2.1684541551629039e-04
 32.00000000 +5.0000000000000000e+00 +1.9999834463003676e+00 +2.2524580545441957e-03 +9.9889554338412467e-01 +9.9999727000798944e-01 +9.9999747137613237e-01 +9.9999740274209459e-01 +9.9999730081559191e-01 +2.4346571949485131e-04 +2.1874852812220583e-04 +2.1333734193872386e-04 +2.2319780681732710e-04 +2.1626225275039055e-04
 32.50000000 +5.0000000000000000e+00 +1.9999840770045607e+00 +2.2309581769284549e-03 +9.9894695929595934e-01 +9.9999723902578275e-01 +9.9999728378337405e-01 +9.9999709821681149e-01 +9.9999713325316453e-01 +2.2171213528450140e-04 +2.1967302578849849e-04 +2.1545188277260824e-04 +2.0899186183827341e-04 +1.9845754595244940e-04
 33.00000000 +5.0000000000000000e+00 +1.9999803569469738e+00 +2.2273224487345212e-03 +9.9895049686481796e-01 +9.9999743273210517e-01 +9.9999699507730633e-01 +9.9999703025394737e-01 +9.9999712559285103e-01 +2.2410418968663785e-04 +2.1769472323765810e-04 +2.0931204600864762e-04 +1.9491237287042049e-04 +2.1489615444523783e-04
 33.50000000 +5.0000000000000000e+00 +1.9999791016360244e+00 +2.2051124083495043e-03 +9.9900494058054978e-01 +9.9999673937021638e-01 +9.9999734228696369e-01 +9.9999718537469107e-01 +9.9999694759647861e-01 +1.9849083001684259e-04 +1.9677647169584711e-04 +2.0538525085766473e-04 +2.0413782964379788e-04 +2.0205436932048455e-04
 34.00000000 +5.0000000000000000e+00 +1.9999772378029210e+00 +2.1791072836416627e-03 +9.9906906799812023e-01 +9.9999670078383429e-01 +9.9999696438661034e-01 +9.9999699965689037e-01 +9.9999679040296852e-01 +2.0907019036290386e-04 +1.9571938350738651e-04 +1.7732668646025309e-04 +1.8715126178961452e-04 +1.7420920029406414e-04
 34.50000000 +5.0000000000000000e+00 +1.9999787747656737e+00 +2.1669321384620685e-03 +9.9910065458417807e-01 +9.9999674047597809e-01 +9.9999680448292794e-01 +9.9999678290713656e-01 +9.9999669119979095e-01 +1.8239998982030300e-04 +1.8187953306570933e-04 +1.9781774362021953e-04 +1.7848507511668963e-04 +1.7174405129188663e-04
 35.00000000 +5.0000000000000000e+00 +1.9999797061403310e+00 +2.1388227574229424e-03 +9.9917377702151333e-01 +9.9999674106864711e-01 +9.9999688663072506e-01 +9.9999680002580593e-01 +9.9999710870791614e-01 +1.7331942662479345e-04 +1.7121925711826273e-04 +1.6902595872411201e-04 +1.6504180600448480e-04 +1.6008009295172913e-04
 35.50000000 +5.0000000000000000e+00 +1.9999803019972444e+00 +2.1388959447846238e-03 +9.9917483716028122e-01 +9.9999639715699129e-01 +9.9999671043922567e-01 +9.9999684215397366e-01 +9.9999678710441298e-01 +1.7163117002237329e-04 +1.7929865526880931e-04 +1.5906760441420197e-04 +1.7325186142236250e-04 +1.5517667428314070e-04
 36.00000000 +5.0000000000000000e+00 +1.9999786044153296e+00 +2.1047509818173751e-03 +9.9926330405509922e-01 +9.9999646464569181e-01 +9.9999654899610102e-01 +9.9999656456989783e-01 +9.9999644445588243e-01 +1.6166523295696239e-04 +1.6650848687258381e-04 +1.5104882878492319e-04 +1.3406875239950022e-04 +1.3738201958727231e-04
 36.50000000 +5.0000000000000000e+00 +1.9999779444667325e+00 +2.0995298064237981e-03 +9.9928176387399092e-01 +9.9999694679134821e-01 +9.9999649927230194e-01 +9.9999634748586108e-01 +9.9999612460709009e-01 +1.6316370260122608e-04 +1.5457790437440304e-04 +1.3415196605769342e-04 +1.3130978433021314e-04 +1.4911457039079517e-04
 37.00000000 +5.0000000000000000e+00 +1.9999781054290866e+00 +2.0713227602909964e-03 +9.9935689030512453e-01 +9.9999659406305430e-01 +9.9999645346251220e-01 +9.9999611621103557e-01 +9.9999626508769845e-01 +1.4467527308822118e-04 +1.3636421933117688e-04 +1.2394288688694909e-04 +1.3867618532769133e-04 +1.1402233251392194e-04
 37.50000000 +5.0000000000000000e+00 +1.9999776828645510e+00 +2.0697087323541161e-03 +9.9936500740006107e-01 +9.9999637662248064e-01 +9.9999624160951295e-01 +9.9999622735464300e-01 +9.9999621459098109e-01 +1.3243481230019587e-04 +1.4048594897095082e-04 +1.3429335586231771e-04 +1.1795663758126450e-04 +1.2476162534439953e-04
 38.00000000 +5.0000000000000000e+00 +1.9999833631517530e+00 +2.0504295781933928e-03 +9.9942205932882811e-01 +9.9999607789294309e-01 +9.9999619649654226e-01 +9.9999644081418626e-01 +9.9999609455621141e-01 +1.1117194431664037e-04 +1.2830670648760888e-04 +1.1666923642522798e-04 +1.1251868961070973e-04 +1.2446433460358203e-04
 38.50000000 +5.0000000000000000e+00 +1.9999784595726395e+00 +2.0375945477556288e-03 +9.9945916756230369e-01 +9.9999602601958548e-01 +9.9999591851141001e-01 +9.9999586542848085e-01 +9.9999605317745099e-01 +1.1244216931878961e-04 +7.9572681357005501e-05 +1.3359266175580557e-04 +1.1835170414818341e-04 +1.1301010729034229e-04
 39.00000000 +5.0000000000000000e+00 +1.9999809061709124e+00 +2.0365216255520758e-03 +9.9946957598287323e-01 +9.9999571145472232e-01 +9.9999599913457726e-01 +9.9999588418511876e-01 +9.9999581611238308e-01 +1.1134604651102879e-04 +1.1585515164542249e-04 +9.6389482395308799e-05 +1.0978292576483746e-04 +1.1363951902067410e-04
 39.50000000 +5.0000000000000000e+00 +1.9999790977425320e+00 +2.0586031127069033e-03 +9.9941698929951794e-01 +9.9999572599074549e-01 +9.9999602552536571e-01 +9.9999587823794389e-01 +9.9999615456940638e-01 +1.2350528154112826e-04 +1.2714996805819801e-04 +1.2235104125333715e-04 +1.0497496115260652e-04 +1.2124512373646059e-04
 40.00000000 +5.0000000000000000e+00 +1.9999823526188207e+00 +2.0499951089545938e-03 +9.9944423089748768e-01 +9.9999586684861907e-01 +9.9999551556746469e-01 +9.9999522253673778e-01 +9.9999561462988218e-01 +1.2236650630331438e-04 +1.2676730107328036e-04 +9.0704005052103136e-05 +1.0647840785156459e-04 +1.2723329866952545e-04
 40.50000000 +5.0000000000000000e+00 +1.9999856334840196e+00 +2.0434731557792112e-03 +9.9947001535577751e-01 +9.9999541206711606e-01 +9.9999564276944186e-01 +9.9999552584402962e-01 +9.9999536384745513e-01 +9.7593809355952212e-05 +1.1049005525879799e-04 +1.0836906791603322e-04 +1.1527503048909666e-04 +1.1631214888905891e-04
 41.00000000 +5.0000000000000000e+00 +1.9999856691151146e+00 +2.0704198179473726e-03 +9.9940717432383830e-01 +9.9999592910550583e-01 +9.9999585768224308e-01 +9.9999564005473629e-01 +9.9999590097865421e-01 +1.4313662906802096e-04 +1.1858515721641369e-04 +1.0958491817696056e-04 +1.1701480205704891e-04 +1.2117638435150969e-04
 41.50000000 +5.0000000000000000e+00 +1.9999839423106383e+00 +2.0644636144955563e-03 +9.9942608650013298e-01 +9.9999516051250892e-01 +9.9999539144786131e-01 +9.9999527061802596e-01 +9.9999555555041286e-01 +1.1075020531171877e-04 +1.1482480674361749e-04 +1.3182380290259355e-04 +1.1801530795772791e-04 +1.1712123226736706e-04
 42.00000000 +5.0000000000000000e+00 +1.9999846301907764e+00 +2.0839224441923333e-03 +9.9937883017321572e-01 +9.9999465545910970e-01 +9.9999549468095617e-01 +9.9999534171928128e-01 +9.9999518374598240e-01 +1.2476385236306781e-04 +1.4648974730587736e-04 +1.2785540433033824e-04 +1.0663385100228292e-04 +1.3475138492429603e-04
 42.50000000 +5.0000000000000000e+00 +1.9999871900010606e+00 +2.1076618146731391e-03 +9.9932276148527044e-01 +9.9999515063908273e-01 +9.9999437020620474e-01 +9.9999536976462289e-01 +9.9999455391268632e-01 +1.2003335395485666e-04 +1.2386691708274851e-04 +1.4443234507330099e-04 +1.5343295199439779e-04 +1.5602838513676764e-04
 43.00000000 +5.0000000000000000e+00 +1.9999872561828844e+00 +2.1051399411068945e-03 +9.9933235573299117e-01 +9.9999513500733561e-01 +9.9999529167129642e-01 +9.9999460298940990e-01 +9.9999489143241072e-01 +1.3387082472432712e-04 +1.3866969829091824e-04 +1.2771883075029091e-04 +1.4754150060463400e-04 +1.3992229835002254e-04
 43.50000000 +5.0000000000000000e+00 +1.9999870164366476e+00 +2.1444517086656005e-03 +9.9923292048807821e-01 +9.9999500251442874e-01 +9.9999566613872548e-01 +9.9999481534035850e-01 +9.9999541598415431e-01 +1.5567674941169499e-04 +1.5242547296717782e-04 +1.7241385171924689e-04 +1.7259525116122078e-04 +1.3306822262292242e-04
 44.00000000 +5.0000000000000000e+00 +1.9999880491583628e+00 +2.1245622029308041e-03 +9.9928451153614362e-01 +9.9999464812988548e-01 +9.9999519547876248e-01 +9.9999545068830731e-01 +9.9999459581623074e-01 +1.5432582258881659e-04 +1.5950521453322617e-04 +1.5609794898770323e-04 +1.3228484787739263e-04 +1.3338448489071247e-04
 44.50000000 +5.0000000000000000e+00 +1.9999850058415856e+00 +2.1673410617623272e-03 +9.9917658132677212e-01 +9.9999391113736380e-01 +9.9999483676686729e-01 +9.9999491358108916e-01 +9.9999457884280130e-01 +1.6790627826389947e-04 +1.7809788472826786e-04 +1.6794727202011634e-04 +1.5033951747363278e-04 +1.8088737554013308e-04
 45.00000000 +5.0000000000000000e+00 +1.9999888573724349e+00 +2.1642452113548594e-03 +9.9918579929807172e-01 +9.9999425083198956e-01 +9.9999486753027367e-01 +9.9999485930135523e-01 +9.9999476991645930e-01 +1.4530591852792826e-04 +1.4836505478166203e-04 +1.9531265071415251e-04 +1.9953985626874185e-04 +1.4692960383163800e-04
 45.50000000 +5.0000000000000000e+00 +1.9999859818583698e+00 +2.1897525168937584e-03 +9.9911910193662579e-01 +9.9999459455528039e-01 +9.9999537273270256e-01 +9.9999429216033531e-01 +9.9999500907221905e-01 +1.6744708342263378e-04 +1.8450478564320519e-04 +1.8167273950589927e-04 +2.0069520495838192e-04 +1.6730974644932694e-04
 46.00000000 +5.0000000000000000e+00 +1.9999871215905913e+00 +2.1844781093705887e-03 +9.9913010782871314e-01 +9.9999421211929673e-01 +9.9999482921539362e-01 +9.9999425924915153e-01 +9.9999428407825564e-01 +1.6848661917356542e-04 +1.7908383071953122e-04 +1.5472543771566464e-04 +1.8591365126844581e-04 +2.0409796539101453e-04
 46.50000000 +5.0000000000000000e+00 +1.9999899143955671e+00 +2.2094495419703818e-03 +9.9906705035826049e-01 +9.9999362856555474e-01 +9.9999468513606993e-01 +9.9999354859946665e-01 +9.9999485636195307e-01 +1.9584645661708589e-04 +2.0176419151026869e-04 +1.8654373422233582e-04 +1.9156428074536215e-04 +1.8051229450902190e-04
 47.00000000 +5.0000000000000000e+00 +1.9999785647047281e+00 +2.2146005430414362e-03 +9.9904342287620795e-01 +9.9999311036252281e-01 +9.9999451816365048e-01 +9.9999377515749699e-01 +9.9999365344631663e-01 +1.7420554263010510e-04 +2.1601451919939034e-04 +2.2013882684511913e-04 +1.7022068308678712e-04 +2.0094039311733384e-04
 47.50000000 +5.0000000000000000e+00 +1.9999849129280229e+00 +2.2171237321429614e-03 +9.9903814223723775e-01 +9.9999331180119011e-01 +9.9999347325956256e-01 +9.9999423530207898e-01 +9.9999375251459532e-01 +1.9408888278281644e-04 +2.1294743030396415e-04 +2.1213076620146465e-04 +1.7051122162607826e-04 +1.9740656710698796e-04
 48.00000000 +5.0000000000000000e+00 +1.9999837836812693e+00 +2.2288186158297774e-03 +9.9900238460087565e-01 +9.9999327218935297e-01 +9.9999346768874053e-01 +9.9999481010489810e-01 +9.9999363578359080e-01 +1.8318610096541084e-04 +2.0705522692969949e-04 +1.9543734647832654e-04 +2.1627560813986985e-04 +2.2047534960389123e-04
 48.50000000 +5.0000000000000000e+00 +1.9999787985311714e+00 +2.2464862257221526e-03 +9.9895236384654507e-01 +9.9999264919401121e-01 +9.9999362116986135e-01 +9.9999415562025340e-01 +9.9999386945967350e-01 +1.8662170558619327e-04 +2.1567451693268842e-04 +2.3000370908268395e-04 +2.2485059615641201e-04 +2.1619017216307042e-04
 49.00000000 +5.0000000000000000e+00 +1.9999771906201786e+00 +2.2461980779001378e-03 +9.9895079783905094e-01 +9.9999474944555677e-01 +9.9999307571215768e-01 +9.9999344019801650e-01 +9.9999362667788083e-01 +2.2446456318193721e-04 +2.3491145313842582e-04 +2.0163017744098810e-04 +2.0368338633320530e-04 +2.0962055112985496e-04
 49.50000000 +5.0000000000000000e+00 +1.9999713897096323e+00 +2.2499669354109257e-03 +9.9893393017418430e-01 +9.9999429591951039e-01 +9.9999161955193616e-01 +9.9999357139655842e-01 +9.9999288083802518e-01 +2.3623926794437094e-04 +2.2416612651009825e-04 +2.4028473616425516e-04 +1.9716776490560155e-04 +1.9584425956889278e-04
 50.00000000 +5.0000000000000000e+00 +1.9999725169875944e+00 +2.2591065142923404e-03 +9.9890793538304212e-01 +9.9999324364530229e-01 +9.9999357219280505e-01 +9.9999177575153897e-01 +9.9999249177931970e-01 +2.1240996254551648e-04 +2.4169630540560154e-04 +2.4026384436512749e-04 +2.0160293998839376e-04 +2.2500819536663361e-04
 50.50000000 +5.0000000000000000e+00 +1.9999648282164084e+00 +2.2670673104940287e-03 +9.9887876094106676e-01 +9.9999213448651536e-01 +9.9999261668460504e-01 +9.9999370599062731e-01 +9.9999313520865407e-01 +2.1583747174480628e-04 +2.3196941235453369e-04 +2.2546556574516263e-04 +2.0171003479882774e-04 +2.7466420821308603e-04
 51.00000000 +5.0000000000000000e+00 +1.9999666872223150e+00 +2.2512300741070225e-03 +9.9891711190842913e-01 +9.9999147367424823e-01 +9.9999326552039347e-01 +9.9999315196182481e-01 +9.9999282144165602e-01 +2.0679377058456850e-04 +2.3727847730430120e-04 +2.3946254380713798e-04 +2.1009618731352044e-04 +2.1854452972426184e-04
 51.50000000 +5.0000000000000000e+00 +1.9999690336062905e+00 +2.2280053647965752e-03 +9.9897680876967665e-01 +9.9999208084235014e-01 +9.9999240398697231e-01 +9.9999313254941335e-01 +9.9999205175874284e-01 +2.0839282593632815e-04 +1.9178779896150450e-04 +2.0845674317202534e-04 +2.3629246596079892e-04 +2.0859228911571014e-04
 52.00000000 +5.0000000000000000e+00 +1.9999625805992045e+00 +2.2724446675404177e-03 +9.9885502535312753e-01 +9.9999298817721072e-01 +9.9999151784539930e-01 +9.9999223386788538e-01 +9.9999169765997409e-01 +2.4555358204138056e-04 +2.4899744789379024e-04 +2.6209316632350269e-04 +1.8959666609494712e-04 +2.3029624224304206e-04
 52.50000000 +5.0000000000000000e+00 +1.9999614575599909e+00 +2.2217641124440118e-03 +9.9898284459245712e-01 +9.9999228295817644e-01 +9.9999310518719386e-01 +9.9999221936110017e-01 +9.9999271190079309e-01 +2.2327427305627288e-04 +2.3195279550002277e-04 +2.0074201100808334e-04 +1.9682138407226167e-04 +1.9404554196332158e-04
 53.00000000 +5.0000000000000000e+00 +1.9999643725390974e+00 +2.2225122583606110e-03 +9.9898325947701572e-01 +9.9999298098099432e-01 +9.9999124926162164e-01 +9.9999156011686097e-01 +9.9999260995566841e-01 +2.1406331820395075e-04 +2.1902515027519262e-04 +1.7142332754676361e-04 +2.1528932296045823e-04 +2.2853910146136214e-04
 53.50000000 +5.0000000000000000e+00 +1.9999624448814632e+00 +2.1900376893197356e-03 +9.9905981953331302e-01 +9.9999316847381137e-01 +9.9999169249354947e-01 +9.9999171094121519e-01 +9.9999209132212263e-01 +2.1083108911318349e-04 +1.7888551702724333e-04 +2.0126776408575857e-04 +1.7365811775753884e-04 +2.0687472592692316e-04
 54.00000000 +5.0000000000000000e+00 +1.9999606085290842e+00 +2.2184309937198056e-03 +9.9899163892009835e-01 +9.9999211934784249e-01 +9.9999221139359618e-01 +9.9999074399188070e-01 +9.9999168103130798e-01 +2.3913509710653174e-04 +2.1512385267527897e-04 +2.1420009059065396e-04 +2.0210484472203130e-04 +1.7104141825467333e-04
 54.50000000 +5.0000000000000000e+00 +1.9999467670865794e+00 +2.1779350706991325e-03 +9.9908647753743796e-01 +9.9999059186743977e-01 +9.9999165811667923e-01 +9.9999072982707804e-01 +9.9999180146096966e-01 +2.0535374495308869e-04 +2.0816986816172149e-04 +1.9818352697194169e-04 +1.4895506422785170e-04 +1.8807896279648270e-04
 55.00000000 +5.0000000000000000e+00 +1.9999560630488735e+00 +2.1828366431740276e-03 +9.9907855655880062e-01 +9.9999148019661388e-01 +9.9999233330122828e-01 +9.9999057577639394e-01 +9.9999200351114037e-01 +1.8977231897365139e-04 +2.0463331347038237e-04 +2.3358809159894594e-04 +1.5270138977351168e-04 +1.7435553050593666e-04
 55.50000000 +5.0000000000000000e+00 +1.9999582064866974e+00 +2.2053819390794316e-03 +9.9902320250611865e-01 +9.9999261184606913e-01 +9.9999141565313110e-01 +9.9999158310436864e-01 +9.9998964177956273e-01 +2.0079448649877482e-04 +2.1305173148380819e-04 +1.8826447200624960e-04 +2.1882379835986771e-04 +1.9061063446122295e-04
 56.00000000 +5.0000000000000000e+00 +1.9999572809115957e+00 +2.2093853234498419e-03 +9.9901720694868101e-01 +9.9999111619347114e-01 +9.9998980799608528e-01 +9.9999124753713386e-01 +9.9998944388570510e-01 +2.1385383070313349e-04 +2.2044277321446053e-04 +2.2872651358586964e-04 +2.1774873768808770e-04 +1.4040558977873387e-04
 56.50000000 +5.0000000000000000e+00 +1.9999559127590092e+00 +2.2080664073534516e-03 +9.9901951732684335e-01 +9.9999077099969846e-01 +9.9998875281919364e-01 +9.9999022493632117e-01 +9.9998977464875682e-01 +1.8579549557967860e-04 +2.0084723680129703e-04 +2.1353478905184771e-04 +2.4219355765291918e-04 +1.7858822153930383e-04
 57.00000000 +5.0000000000000000e+00 +1.9999511738868947e+00 +2.1506125049197931e-03 +9.9916655301032631e-01 +9.9999126081810230e-01 +9.9999036972283917e-01 +9.9998999593429616e-01 +9.9998917268074972e-01 +1.9440093846014600e-04 +1.9764780728623687e-04 +1.7386386402114490e-04 +1.4357974770579817e-04 +1.6315546553783989e-04
 57.50000000 +5.0000000000000000e+00 +1.9999576878843750e+00 +2.1383700997518193e-03 +9.9920050949609418e-01 +9.9998928289795685e-01 +9.9999000895463419e-01 +9.9999022996947606e-01 +9.9998868997946944e-01 +2.0034638998615411e-04 +1.6141724294899235e-04 +1.7290936809170730e-04 +1.6800500426432627e-04 +1.3860070571518449e-04
 58.00000000 +5.0000000000000000e+00 +1.9999475435852259e+00 +2.2334620852418165e-03 +9.9895838462593967e-01 +9.9999133341640178e-01 +9.9999131281780107e-01 +9.9999108615159849e-01 +9.9999031855176623e-01 +2.3278213389728628e-04 +2.0579322897211456e-04 +1.9854271920643468e-04 +2.3244795955540068e-04 +2.0799840518943342e-04
 58.50000000 +5.0000000000000000e+00 +1.9999437237917654e+00 +2.1983145407624299e-03 +9.9904851291081365e-01 +9.9998985752133351e-01 +9.9999021598939464e-01 +9.9999071681836105e-01 +9.9998994713981360e-01 +2.2748956327735517e-04 +1.8400827329365289e-04 +1.7506203587983431e-04 +1.9107480898615460e-04 +2.1311493985988161e-04
 59.00000000 +5.0000000000000000e+00 +1.9999483367428030e+00 +2.1915304278227275e-03 +9.9907364548034416e-01 +9.9999239908472981e-01 +9.9998964666979107e-01 +9.9999216503599686e-01 +9.9998949105512902e-01 +1.8405998823768074e-04 +2.1928862004807036e-04 +2.0859233659975245e-04 +2.0339150840879090e-04 +1.4732023286077972e-04
 59.50000000 +5.0000000000000000e+00 +1.9999555801560140e+00 +2.1739228539253514e-03 +9.9912143123937480e-01 +9.9998864994516423e-01 +9.9998990501915463e-01 +9.9998922189815631e-01 +9.9998990368796736e-01 +1.6737764102451029e-04 +2.0855110458221858e-04 +1.9539456079646400e-04 +1.7930837046342254e-04 +1.7025652202787099e-04
 60.00000000 +5.0000000000000000e+00 +1.9999462693951005e+00 +2.1746480815787064e-03 +9.9911683863061396e-01 +9.9998865416967342e-01 +9.9999111109337868e-01 +9.9998998957484198e-01 +9.9999014402075725e-01 +2.0700589353021942e-04 +2.1503715455382512e-04 +1.6212267103130133e-04 +1.6950313252356346e-04 +1.6959364908075388e-04
 60.50000000 +5.0000000000000000e+00 +1.9999529711897996e+00 +2.1508405155721841e-03 +9.9918417046936148e-01 +9.9999021429683344e-01 +9.9998730788242252e-01 +9.9998830494168733e-01 +9.9998767993757620e-01 +1.9503121531763828e-04 +1.9913465463945957e-04 +1.4185696184794872e-04 +1.5809721648280933e-04 +1.6820242353582683e-04
 61.00000000 +5.0000000000000000e+00 +1.9999475801319095e+00 +2.2274036780683356e-03 +9.9898852943307426e-01 +9.9998937266142773e-01 +9.9998870976720289e-01 +9.9999035105822887e-01 +9.9998918865056485e-01 +2.2551873337129535e-04 +2.2420562292373343e-04 +1.8676699994383717e-04 +2.2573434234195009e-04 +1.9162270513404473e-04
 61.50000000 +5.0000000000000000e+00 +1.9999628576065251e+00 +2.1873354409767702e-03 +9.9910442740476746e-01 +9.9998938139989335e-01 +9.9998909001394232e-01 +9.9998904690172430e-01 +9.9998791894212302e-01 +1.7903901519687724e-04 +2.0943821482544473e-04 +2.1908940698032317e-04 +1.5473764793847816e-04 +1.7783105724825368e-04
 62.00000000 +5.0000000000000000e+00 +1.9999509133871642e+00 +2.2179509691287098e-03 +9.9901677652199694e-01 +9.9998911936558055e-01 +9.9998841139025407e-01 +9.9998788198580268e-01 +9.9998807196396677e-01 +2.4724179780275478e-04 +1.9241331722661008e-04 +1.7552441885004946e-04 +2.0190615320857315e-04 +2.1265309544947017e-04
 62.50000000 +5.0000000000000000e+00 +1.9999483281312140e+00 +2.2266324854543179e-03 +9.9899369898216750e-01 +9.9998962271948266e-01 +9.9998766209058043e-01 +9.9998840144526557e-01 +9.9998855603425507e-01 +2.5477439547273104e-04 +2.1396538497837295e-04 +2.2289564343610092e-04 +1.8061586525112974e-04 +1.7980742963534996e-04
 63.00000000 +5.0000000000000000e+00 +1.9999466594195432e+00 +2.2317485206461486e-03 +9.9898735590712240e-01 +9.9998626781933209e-01 +9.9998731867944624e-01 +9.9998779809474592e-01 +9.9998563912388660e-01 +2.2463817301098148e-04 +2.3146597644021423e-04 +1.9858030170974861e-04 +2.1519230946754611e-04 +1.9574361518121387e-04
 63.50000000 +5.0000000000000000e+00 +1.9999506241003369e+00 +2.1939999871953917e-03 +9.9908548511319539e-01 +9.9998865710091955e-01 +9.9998927155062511e-01 +9.9999054588064840e-01 +9.9998778330903226e-01 +2.0334864874315783e-04 +1.8225984455075427e-04 +2.1243551900624087e-04 +1.6376400766924824e-04 +1.9644903406515566e-04
 64.00000000 +5.0000000000000000e+00 +1.9999454993223480e+00 +2.2682754107985741e-03 +9.9889503039635330e-01 +9.9998620895015367e-01 +9.9998606741635521e-01 +9.9998795137809338e-01 +9.9998889944926206e-01 +2.2480400593567876e-04 +2.3385607109574469e-04 +2.2016613037516286e-04 +2.3631459961877624e-04 +2.4070161751782042e-04
 64.50000000 +5.0000000000000000e+00 +1.9999515757428246e+00 +2.2315902109698556e-03 +9.9898889910391897e-01 +9.9998537125901543e-01 +9.9998658698350085e-01 +9.9998779436071938e-01 +9.9998581904963735e-01 +1.8210425021724847e-04 +1.7700028666697040e-04 +2.2426034247025975e-04 +2.5708307172657549e-04 +2.2508131950924138e-04
 65.00000000 +5.0000000000000000e+00 +1.9999489642837998e+00 +2.1912241636299896e-03 +9.9909545287661250e-01 +9.9998648230835174e-01 +9.9998761640468670e-01 +9.9998514391104043e-01 +9.9998500624176168e-01 +1.5902788250438368e-04 +1.7931892866955069e-04 +1.9847610288940780e-04 +2.0982788338279088e-04 +2.1364746969300316e-04
 65.50000000 +5.0000000000000000e+00 +1.9999458226675173e+00 +2.2318798843906297e-03 +9.9898678010021447e-01 +9.9998787547999768e-01 +9.9998907737612319e-01 +9.9998575809017320e-01 +9.9998822670427778e-01 +2.0287658867470024e-04 +2.4245627640277588e-04 +1.7938016214854094e-04 +2.3394391957193397e-04 +2.0362529457289838e-04
 66.00000000 +5.0000000000000000e+00 +1.9999419030883290e+00 +2.2204859470820273e-03 +9.9901305629322001e-01 +9.9998917241824270e-01 +9.9998529612862863e-01 +9.9998451366030017e-01 +9.9998329802792363e-01 +1.8478222078525773e-04 +2.2032747378271278e-04 +1.9396743638036104e-04 +2.4655698434686551e-04 +1.9902938376000333e-04
 66.50000000 +5.0000000000000000e+00 +1.9999401060125062e+00 +2.2734414146372141e-03 +9.9888255384199010e-01 +9.9998605266366647e-01 +9.9998835278224896e-01 +9.9998846857303014e-01 +9.9998856109478207e-01 +2.1127958964779016e-04 +2.0498700374773726e-04 +2.5209613560042693e-04 +2.9987119749346467e-04 +1.9777713278437985e-04
 67.00000000 +5.0000000000000000e+00 +1.9999509973925969e+00 +2.2244273534379883e-03 +9.9900671369159921e-01 +9.9998417935349282e-01 +9.9998581515360241e-01 +9.9998483098036395e-01 +9.9998496636349476e-01 +1.5870833359718961e-04 +2.0784798922948410e-04 +2.9541591685068504e-04 +1.7580116186451130e-04 +2.1572106155572028e-04
 67.50000000 +5.0000000000000000e+00 +1.9999439226669002e+00 +2.2688151572765607e-03 +9.9888742616289905e-01 +9.9998650155221624e-01 +9.9998507611353959e-01 +9.9998625386167128e-01 +9.9998511420678304e-01 +2.4721336029084439e-04 +2.4088699963670024e-04 +2.4995984096405069e-04 +1.9600433569372922e-04 +2.3556356643342758e-04
 68.00000000 +5.0000000000000000e+00 +1.9999335834818137e+00 +2.2146508457296316e-03 +9.9901540837922165e-01 +9.9998579378820429e-01 +9.9998679368327326e-01 +9.9998646113720890e-01 +9.9998573775972266e-01 +2.0568719828236042e-04 +2.2414509703194018e-04 +1.7307523059783130e-04 +2.0111608859602829e-04 +2.3578164015925016e-04
 68.50000000 +5.0000000000000000e+00 +1.9999320138151824e+00 +2.2697175550229647e-03 +9.9888486674906063e-01 +9.9998392869938124e-01 +9.9998445370528777e-01 +9.9998950559443522e-01 +9.9998470166302034e-01 +2.0036392205050266e-04 +2.6879586186407105e-04 +2.2282740869284716e-04 +2.3879182666467359e-04 +2.4176456224371193e-04
 69.00000000 +5.0000000000000000e+00 +1.9999321551803155e+00 +2.2782913802936069e-03 +9.9885559512551270e-01 +9.9998475772254003e-01 +9.9998889979084193e-01 +9.9998665486648475e-01 +9.9998529938590419e-01 +2.9607977146910408e-04 +2.3717113294223943e-04 +1.7055805703718819e-04 +2.1952251347726260e-04 +2.7546162563140298e-04
 69.50000000 +5.0000000000000000e+00 +1.9999434247272581e+00 +2.2689636295517221e-03 +9.9888662616424595e-01 +9.9998362692296450e-01 +9.9998527266091575e-01 +9.9998538589244979e-01 +9.9998563850442335e-01 +2.3153104377360390e-04 +2.8209496724416572e-04 +2.4933468843390974e-04 +2.0617559951508039e-04 +2.0431353483452510e-04
 70.00000000 +5.0000000000000000e+00 +1.9999442516271890e+00 +2.2689143075981890e-03 +9.9889203539730054e-01 +9.9998430331612786e-01 +9.9998100377992616e-01 +9.9998672659605037e-01 +9.9998606366906628e-01 +2.7272312725091358e-04 +2.1787963305332529e-04 +2.0356955105850079e-04 +2.0687065531206880e-04 +2.6882428887592180e-04
 70.50000000 +5.0000000000000000e+00 +1.9999286422288405e+00 +2.3034059687881601e-03 +9.9879354635557283e-01 +9.9998497290634991e-01 +9.9998453849175983e-01 +9.9998393118715245e-01 +9.9998093655214448e-01 +2.5331524531749982e-04 +2.3129162094573123e-04 +3.0549395452757563e-04 +2.3252945663814750e-04 +2.4944423269168513e-04
 71.00000000 +5.0000000000000000e+00 +1.9999172553591940e+00 +2.2392622441844427e-03 +9.9895168663609502e-01 +9.9998417818463303e-01 +9.9998146382072617e-01 +9.9998588320110782e-01 +9.9998341114197808e-01 +2.3494856689523842e-04 +2.7926172483038576e-04 +2.5210702657859355e-04 +1.8316210909142142e-04 +1.6389757851993463e-04
 71.50000000 +5.0000000000000000e+00 +1.9998966859219329e+00 +2.3388210429146068e-03 +9.9869127781444678e-01 +9.9998858137954172e-01 +9.9998210780389685e-01 +9.9998510725477485e-01 +9.9998315241658586e-01 +2.3222516614888308e-04 +2.8754476290197975e-04 +2.7963040161072965e-04 +3.0074311019577261e-04 +2.6962989390200804e-04
 72.00000000 +5.0000000000000000e+00 +1.9999242186123734e+00 +2.2899801436751339e-03 +9.9882796636582172e-01 +9.9998605254304107e-01 +9.9998370628777311e-01 +9.9998334683015522e-01 +9.9998031334343818e-01 +3.1009489786404192e-04 +1.4597698502961845e-04 +2.4931578024004364e-04 +2.5140029652842734e-04 +2.8182667615193207e-04
 72.50000000 +5.0000000000000000e+00 +1.9999328608048281e+00 +2.2996650410700655e-03 +9.9879989119101398e-01 +9.9998061779960956e-01 +9.9998074068072262e-01 +9.9998492206782108e-01 +9.9998725577631975e-01 +2.3981669367129186e-04 +2.3827410221232128e-04 +2.3572027736774964e-04 +2.4568217281634348e-04 +3.0707926057301101e-04
 73.00000000 +5.0000000000000000e+00 +1.9999217501622348e+00 +2.2943336488695110e-03 +9.9880860802645921e-01 +9.9998061953399331e-01 +9.9998033269757702e-01 +9.9998126963046130e-01 +9.9997815427458381e-01 +2.8572860443168722e-04 +2.2740402355233633e-04 +2.2163777806060857e-04 +3.0535588817764812e-04 +2.3088954976303785e-04
 73.50000000 +5.0000000000000000e+00 +1.9999013621335588e+00 +2.3464545472617767e-03 +9.9867622196506212e-01 +9.9998095143588972e-01 +9.9998103556731621e-01 +9.9997772313371447e-01 +9.9998516137804438e-01 +2.9799554372355198e-04 +2.3720142911361683e-04 +2.8671053884232175e-04 +3.0890967836263452e-04 +2.6808931219330588e-04
 74.00000000 +5.0000000000000000e+00 +1.9999072832204123e+00 +2.2566282527003486e-03 +9.9889912407353743e-01 +9.9997708455592671e-01 +9.9998023554294935e-01 +9.9998046198578361e-01 +9.9997984001804641e-01 +2.4195474249006786e-04 +2.0275281432096108e-04 +2.4216778779041255e-04 +2.4920888925819199e-04 +2.4716961298915888e-04
 74.50000000 +5.0000000000000000e+00 +1.9998994640994892e+00 +2.2838657717789627e-03 +9.9883317992619081e-01 +9.9998210063992687e-01 +9.9998177270137012e-01 +9.9998189129877280e-01 +9.9998013677665365e-01 +2.3645246085378420e-04 +2.3861264985568744e-04 +3.2603636466544024e-04 +2.2401977944335450e-04 +2.1579741957054071e-04
 75.00000000 +5.0000000000000000e+00 +1.9999124315336760e+00 +2.2599637627712791e-03 +9.9889346678324298e-01 +9.9998219860259596e-01 +9.9998218773418179e-01 +9.9998087098846000e-01 +9.9998084895809958e-01 +2.1407969483632923e-04 +2.7221745749774184e-04 +2.6058000026551607e-04 +2.5744108614087331e-04 +1.7610868807027568e-04
 75.50000000 +5.0000000000000000e+00 +1.9998931485650731e+00 +2.2269740829456851e-03 +9.9896884478257075e-01 +9.9998221067153636e-01 +9.9998291143666418e-01 +9.9997997786846404e-01 +9.9997969534482589e-01 +2.8347152989412872e-04 +1.8897963146925363e-04 +2.2748832262771635e-04 +1.9535301105840799e-04 +2.1106739949386627e-04
 76.00000000 +5.0000000000000000e+00 +1.9999046305119836e+00 +2.2665191127592544e-03 +9.9887332124483785e-01 +9.9997956333824933e-01 +9.9997843342919035e-01 +9.9998070400793582e-01 +9.9998415661760787e-01 +2.8664494583445298e-04 +2.9446273855936482e-04 +1.7817881457775228e-04 +2.2336026012234202e-04 +2.2117461444396400e-04
 76.50000000 +5.0000000000000000e+00 +1.9999112930571565e+00 +2.2460915535865104e-03 +9.9892855940923320e-01 +9.9998150091779914e-01 +9.9997683503404666e-01 +9.9998178179613206e-01 +9.9997837149837709e-01 +1.9594196141460262e-04 +3.3905914136461441e-04 +2.4727802357645055e-04 +1.3946287188348802e-04 +2.3120936226315878e-04
 77.00000000 +5.0000000000000000e+00 +1.9999110957115735e+00 +2.2048477190745926e-03 +9.9904536734311344e-01 +9.9998107765728139e-01 +9.9998246418296199e-01 +9.9997869345955037e-01 +9.9997534321933601e-01 +2.0754224287961118e-04 +2.1606438642264971e-04 +2.1915552639901876e-04 +1.5581592165799646e-04 +2.3847607675472470e-04
 77.50000000 +5.0000000000000000e+00 +1.9998959547462685e+00 +2.2625437427699984e-03 +9.9888361853215646e-01 +9.9997962204942337e-01 +9.9997893783789438e-01 +9.9997915172484475e-01 +9.9997724811758648e-01 +2.5766132969916653e-04 +1.8130025548849970e-04 +1.7922928048444805e-04 +3.1034063914448732e-04 +2.7289021152212330e-04
 78.00000000 +5.0000000000000000e+00 +1.9998980244613493e+00 +2.3083631273414606e-03 +9.9876416214393338e-01 +9.9997804310905558e-01 +9.9998040979594549e-01 +9.9997566690979811e-01 +9.9997765160236518e-01 +3.2041039397615522e-04 +2.4851744987603320e-04 +2.4978233311987830e-04 +2.5128956200216201e-04 +2.5406671647998906e-04
 78.50000000 +5.0000000000000000e+00 +1.9998762550950908e+00 +2.3836018861767986e-03 +9.9858673883193327e-01 +9.9997693122164055e-01 +9.9997943412638446e-01 +9.9997530717321237e-01 +9.9997905207148996e-01 +3.6205800210768177e-04 +2.8209329576842041e-04 +3.5979970662470943e-04 +2.2649249731650377e-04 +2.7209308411851651e-04
 79.00000000 +5.0000000000000000e+00 +1.9999113903917767e+00 +2.2538875322897136e-03 +9.9892001664687846e-01 +9.9998022974489387e-01 +9.9998485403019721e-01 +9.9997810747972671e-01 +9.9997604290682285e-01 +2.3533201114059619e-04 +2.4523795971179336e-04 +2.4212430573875812e-04 +2.3552354877633456e-04 +2.0253137554662894e-04
 79.50000000 +5.0000000000000000e+00 +1.9998924326706722e+00 +2.2162233875104818e-03 +9.9900945421530385e-01 +9.9998087260570001e-01 +9.9997440063629073e-01 +9.9997713018104883e-01 +9.9997629803785371e-01 +2.4089863738579429e-04 +2.6729260903835081e-04 +1.6719230301280707e-04 +2.1258763914917838e-04 +1.9387311446896014e-04
 80.00000000 +5.0000000000000000e+00 +1.9998895269206829e+00 +2.3163929400091352e-03 +9.9875762143187763e-01 +9.9997834542983854e-01 +9.9997812887210691e-01 +9.9997496082762138e-01 +9.9997751553004188e-01 +2.4251021289122665e-04 +3.2815343121780710e-04 +2.1086714187474001e-04 +3.0084213389069346e-04 +2.5105497279025309e-04
 80.50000000 +5.0000000000000000e+00 +1.9998937505605159e+00 +2.2353759800580741e-03 +9.9896552110602832e-01 +9.9997849063388622e-01 +9.9997623015430692e-01 +9.9997405761962621e-01 +9.9997805436967435e-01 +3.0686604693349793e-04 +2.0129948061157728e-04 +1.7362429415901333e-04 +1.7044647357286190e-04 +2.7540983133796803e-04
 81.00000000 +5.0000000000000000e+00 +1.9998640619780761e+00 +2.2834886128817976e-03 +9.9882865227983009e-01 +9.9997655341283287e-01 +9.9997551958091779e-01 +9.9997964866104361e-01 +9.9997817012957158e-01 +2.6473416592045872e-04 +2.8730731337325139e-04 +1.7328696354875715e-04 +2.5450330265421885e-04 +2.8162420158195199e-04
 81.50000000 +5.0000000000000000e+00 +1.9998753585950113e+00 +2.2896208498779775e-03 +9.9882626877093228e-01 +9.9997497253221390e-01 +9.9998371100057815e-01 +9.9997891685693663e-01 +9.9998596968694653e-01 +2.3937442459062185e-04 +2.0680187599295453e-04 +2.6597421192367841e-04 +3.3707474070409342e-04 +2.0093590419182424e-04
 82.00000000 +5.0000000000000000e+00 +1.9998884114536211e+00 +2.2347070909888660e-03 +9.9896642194246266e-01 +9.9996792121914413e-01 +9.9998060242904374e-01 +9.9997732982587895e-01 +9.9996843486123144e-01 +3.1668320395615080e-04 +2.6142319137030767e-04 +2.1244964902534001e-04 +2.4485002565013438e-04 +1.0388366057690986e-04
 82.50000000 +5.0000000000000000e+00 +1.9998901968581966e+00 +2.3478057125640769e-03 +9.9868192193829064e-01 +9.9997767514324998e-01 +9.9997751298515680e-01 +9.9997690481938739e-01 +9.9997215650894544e-01 +2.6783191664709498e-04 +2.3995925221687500e-04 +2.7661730753445076e-04 +3.0222968991807823e-04 +3.2719041974063081e-04
 83.00000000 +5.0000000000000000e+00 +1.9998904143323633e+00 +2.1799211617123666e-03 +9.9910489387303159e-01 +9.9997716650628454e-01 +9.9997799978186808e-01 +9.9997467781951521e-01 +9.9996804132733297e-01 +1.7600061954584789e-04 +1.5793247041228612e-04 +1.6895642209718630e-04 +2.6005840268476332e-04 +2.3427278711051242e-04
 83.50000000 +5.0000000000000000e+00 +1.9998633070938792e+00 +2.3384040144323335e-03 +9.9869342986094045e-01 +9.9998064570032141e-01 +9.9997183468844064e-01 +9.9997071854851893e-01 +9.9997551489878100e-01 +1.5597124445860234e-04 +3.4437067625479629e-04 +2.3861697068144793e-04 +3.0454971573851293e-04 +3.6434768026525813e-04
 84.00000000 +5.0000000000000000e+00 +1.9998618784861686e+00 +2.3980639243610510e-03 +9.9855293407439150e-01 +9.9997200520129470e-01 +9.9998636133369290e-01 +9.9997679336713952e-01 +9.9997370259608265e-01 +2.7257189392683169e-04 +2.3157302139420271e-04 +3.3999164386057157e-04 +4.2370094689558733e-04 +2.7036591247413618e-04
 84.50000000 +5.0000000000000000e+00 +1.9998727902507274e+00 +2.4238447273075637e-03 +9.9848651011843981e-01 +9.9996968125205798e-01 +9.9997608252276649e-01 +9.9997826140316493e-01 +9.9996964081547901e-01 +2.5977512820118167e-04 +3.9041902181983276e-04 +3.2967748473502670e-04 +3.3254604074043671e-04 +3.0740622014584711e-04
 85.00000000 +5.0000000000000000e+00 +1.9998837618894321e+00 +2.2378495888101214e-03 +9.9895112562872446e-01 +9.9997260686190159e-01 +9.9997817918791454e-01 +9.9997373396772860e-01 +9.9997038165772556e-01 +2.6665267978015267e-04 +2.7444723328155291e-04 +1.5932843947695367e-04 +2.8598347820804734e-04 +1.6756085478094739e-04
 85.50000000 +5.0000000000000000e+00 +1.9998979710562934e+00 +2.2220977454339686e-03 +9.9900685324795224e-01 +9.9997559337417963e-01 +9.9997723153214080e-01 +9.9996497843164722e-01 +9.9997405680454388e-01 +1.3733926947546990e-04 +2.6058199715900279e-04 +1.8519038707907662e-04 +2.5310952108386156e-04 +2.6506544977356110e-04
 86.00000000 +5.0000000000000000e+00 +1.9998652636792631e+00 +2.2984002499887349e-03 +9.9879760333379575e-01 +9.9997622503470063e-01 +9.9997336340835641e-01 +9.9997157835902428e-01 +9.9997609539671750e-01 +2.2162074015551490e-04 +8.5516421585376946e-05 +3.4714406055157539e-04 +2.8107033706252857e-04 +3.6978291307857025e-04
 86.50000000 +5.0000000000000000e+00 +1.9998865734440121e+00 +2.2845783518710091e-03 +9.9884242311918792e-01 +9.9997677247785399e-01 +9.9996573706424352e-01 +9.9997552298203607e-01 +9.9997584618182322e-01 +2.8315001391267274e-04 +3.0373750377376803e-04 +1.9045552156271906e-04 +1.8537148284053615e-04 +3.0098365041372657e-04
 87.00000000 +5.0000000000000000e+00 +1.9998699893681808e+00 +2.3137054637145582e-03 +9.9876113006206391e-01 +9.9997735125704557e-01 +9.9998322938566919e-01 +9.9997451720844477e-01 +9.9996693481533705e-01 +1.6234831200852531e-04 +2.2022164165514605e-04 +2.9899385945736465e-04 +3.2575658425384280e-04 +3.2951686908266116e-04
 87.50000000 +5.0000000000000000e+00 +1.9998700610559523e+00 +2.3203670606894229e-03 +9.9875326666432707e-01 +9.9997121573094228e-01 +9.9996861830683315e-01 +9.9996971393834866e-01 +9.9997153843341580e-01 +3.2441717205708312e-04 +2.7858514653948755e-04 +2.4810041716551493e-04 +2.7715264368034320e-04 +2.3739154677680967e-04
 88.00000000 +5.0000000000000000e+00 +1.9998668567400477e+00 +2.3526196572865583e-03 +9.9866869188040130e-01 +9.9996869091368257e-01 +9.9997248432694374e-01 +9.9996856592569128e-01 +9.9997742618421448e-01 +1.7507388047201895e-04 +3.1673082192943623e-04 +3.6148898487497127e-04 +2.5792526515245516e-04 +3.3292180639356842e-04
 88.50000000 +5.0000000000000000e+00 +1.9998540427410287e+00 +2.3156677950765961e-03 +9.9876749030084588e-01 +9.9996600525278190e-01 +9.9997265579336736e-01 +9.9996931708718872e-01 +9.9996683395698405e-01 +2.6173661334609607e-04 +3.4022331998913519e-04 +1.9642322985211048e-04 +2.6622863227270232e-04 +2.9308581338063742e-04
 89.00000000 +5.0000000000000000e+00 +1.9998367988942281e+00 +2.4418283265202193e-03 +9.9842342625845304e-01 +9.9996608058582115e-01 +9.9997461942210564e-01 +9.9997591578003453e-01 +9.9996615697419777e-01 +4.2140687252672875e-04 +3.1754221629873584e-04 +3.7636143310487485e-04 +1.7095910936986217e-04 +4.0753135930899416e-04
 89.50000000 +5.0000000000000000e+00 +1.9998548102328311e+00 +2.2836170368831857e-03 +9.9884169622435892e-01 +9.9995654988265625e-01 +9.9997239620181322e-01 +9.9997459133545341e-01 +9.9996803285795732e-01 +2.0514492296653763e-04 +2.2297598350501288e-04 +3.0434621370936627e-04 +2.7595944740307481e-04 +2.7830692850162316e-04
 90.00000000 +5.0000000000000000e+00 +1.9998516028096736e+00 +2.2958021338968107e-03 +9.9881259122864896e-01 +9.9997075343396225e-01 +9.9996959121152773e-01 +9.9997634947273228e-01 +9.9997325396041858e-01 +2.5607258291386473e-04 +3.0067868180818903e-04 +2.5695503910271912e-04 +1.7045124493832121e-04 +3.1330314217300478e-04
 90.50000000 +5.0000000000000000e+00 +1.9998446423102743e+00 +2.3029237042263375e-03 +9.9879626694367496e-01 +9.9996274224500692e-01 +9.9996802576014998e-01 +9.9998219401035204e-01 +9.9997259785774884e-01 +1.5128000409206393e-04 +2.3727307817553847e-04 +2.0494173187585797e-04 +3.5054234897591915e-04 +3.7413601243391253e-04
 91.00000000 +5.0000000000000000e+00 +1.9998712783471337e+00 +2.2829207803091922e-03 +9.9885005900136059e-01 +9.9997111340283773e-01 +9.9997305379461088e-01 +9.9997190625238508e-01 +9.9997642305845846e-01 +2.6677526304045028e-04 +2.9815532146083048e-04 +3.0292653421884681e-04 +1.8524620524147225e-04 +2.0434115754155521e-04
 91.50000000 +5.0000000000000000e+00 +1.9998199886638579e+00 +2.4227630225821940e-03 +9.9848908194953512e-01 +9.9996546301510969e-01 +9.9996659508114127e-01 +9.9997620681912747e-01 +9.9997061562278822e-01 +2.7696399482944281e-04 +3.3020038509596722e-04 +4.3594834844224697e-04 +2.1699543567674391e-04 +3.7192935684623774e-04
 92.00000000 +5.0000000000000000e+00 +1.9998542737589506e+00 +2.1875864627949205e-03 +9.9907880771342406e-01 +9.9995901098046203e-01 +9.9996958351179888e-01 +9.9997177483042998e-01 +9.9996849763183626e-01 +1.6999729870070270e-04 +2.1183928345938304e-04 +2.8256858810785443e-04 +2.6138649611748955e-04 +1.2653365701689669e-04
 92.50000000 +5.0000000000000000e+00 +1.9998735912122725e+00 +2.2985359049151580e-03 +9.9882321614300007e-01 +9.9996997557686262e-01 +9.9996779316547946e-01 +9.9996825109096654e-01 +9.9996088855686638e-01 +2.3104078355749432e-04 +2.9170399539608683e-04 +3.0076054505351156e-04 +2.8279130031773852e-04 +2.0357883319464202e-04
 93.00000000 +5.0000000000000000e+00 +1.9997992037914851e+00 +2.3954986807964984e-03 +9.9854870409534935e-01 +9.9996649709061991e-01 +9.9996520491572694e-01 +9.9997303176829089e-01 +9.9997299307517529e-01 +3.2292944932219405e-04 +2.7246498154441263e-04 +2.6739905465502598e-04 +3.5352981678088457e-04 +3.5724573977898022e-04
 93.50000000 +5.0000000000000000e+00 +1.9998421712782024e+00 +2.2780589723096684e-03 +9.9883881908971739e-01 +9.9997113009604965e-01 +9.9995995285101924e-01 +9.9996655179698646e-01 +9.9997153752315204e-01 +2.4392774322344734e-04 +2.1235116410593831e-04 +2.5900869551141503e-04 +1.8684521489322023e-04 +3.8987583365368588e-04
 94.00000000 +5.0000000000000000e+00 +1.9998298696179122e+00 +2.3150792174196399e-03 +9.9876126414419875e-01 +9.9996652769088312e-01 +9.9997236831246306e-01 +9.9996650323868363e-01 +9.9996441799768887e-01 +2.9714371378581250e-04 +4.1965645805093976e-04 +3.0655273989565091e-04 +2.0699368418045170e-04 +1.3857201500205196e-04
 94.50000000 +5.0000000000000000e+00 +1.9998393729352066e+00 +2.3530864218968281e-03 +9.9866910094123706e-01 +9.9996543699202645e-01 +9.9995970240493415e-01 +9.9996447287223922e-01 +9.9996136279288239e-01 +3.9716121639603693e-04 +3.4791706436046850e-04 +2.1101611519341721e-04 +2.5944863627509290e-04 +2.6438097646855184e-04
 95.00000000 +5.0000000000000000e+00 +1.9998135389413134e+00 +2.4351034855166591e-03 +9.9846194432076252e-01 +9.9997583695775083e-01 +9.9996865228755927e-01 +9.9995971907255832e-01 +9.9996557615405413e-01 +3.3228484274699699e-04 +2.9790932470570293e-04 +4.0415876477818561e-04 +3.6953845258340769e-04 +2.6437983073940513e-04
 95.50000000 +5.0000000000000000e+00 +1.9998336303446991e+00 +2.2709507658834394e-03 +9.9886975242089160e-01 +9.9997068692415314e-01 +9.9997072810083509e-01 +9.9997275491892945e-01 +9.9995851283516413e-01 +2.6436063272187017e-04 +2.8161791011931732e-04 +2.1923651976769624e-04 +2.5932270587441906e-04 +2.3302703148806781e-04
 96.00000000 +5.0000000000000000e+00 +1.9998164214961494e+00 +2.3269609559821796e-03 +9.9873179202396101e-01 +9.9996576635064016e-01 +9.9995863015626407e-01 +9.9996265873357870e-01 +9.9996416510107100e-01 +2.8247383242584482e-04 +2.9825122111506151e-04 +2.9472583855341217e-04 +2.4112055582563939e-04 +3.0041619927332150e-04
 96.50000000 +5.0000000000000000e+00 +1.9998118310791138e+00 +2.4168514481574745e-03 +9.9849568827188617e-01 +9.9997365211801181e-01 +9.9996314373436990e-01 +9.9997344813114597e-01 +9.9996812698296544e-01 +3.1910039358493505e-04 +2.7086598552558753e-04 +3.4488537884593587e-04 +4.0761605355866311e-04 +2.8347295009569049e-04
 97.00000000 +5.0000000000000000e+00 +1.9998272708083162e+00 +2.3449981899209332e-03 +9.9869503410073601e-01 +9.9994859294824923e-01 +9.9995573436892216e-01 +9.9996030080539322e-01 +9.9996205843882469e-01 +3.4357345744979924e-04 +3.5017141998724011e-04 +3.7907265973728286e-04 +2.0824292657117282e-04 +1.9721886784465373e-04
 97.50000000 +5.0000000000000000e+00 +1.9997651042236746e+00 +2.3890415749768137e-03 +9.9854027236584397e-01 +9.9996468639777458e-01 +9.9995303358758081e-01 +9.9997068409186307e-01 +9.9994538003698608e-01 +2.3695662261593624e-04 +4.8861449068812485e-04 +3.3428836811950414e-04 +2.9784837703279672e-04 +2.6823565395403933e-04
 98.00000000 +5.0000000000000000e+00 +1.9997890790082649e+00 +2.3939507643254958e-03 +9.9855081705093474e-01 +9.9995503340100611e-01 +9.9997514658957098e-01 +9.9997333913499986e-01 +9.9996786920402758e-01 +3.5168434642583556e-04 +3.2365730554037282e-04 +2.7061109908964375e-04 +3.2002296348759580e-04 +3.1181890490407442e-04
 98.50000000 +5.0000000000000000e+00 +1.9997871427804235e+00 +2.3534915735625929e-03 +9.9865088720049555e-01 +9.9995972908773356e-01 +9.9996557673993236e-01 +9.9997065518868089e-01 +9.9995782779568732e-01 +3.4475254528665988e-04 +2.3470176150773678e-04 +3.3840958387004695e-04 +1.6717067209303974e-04 +4.1028942524369636e-04
 99.00000000 +5.0000000000000000e+00 +1.9997740257735372e+00 +2.3750467244902569e-03 +9.9858979285114113e-01 +9.9996954228259427e-01 +9.9995190103731668e-01 +9.9996250733011249e-01 +9.9996175686450761e-01 +1.8963404000961766e-04 +3.7378725334003611e-04 +3.2496076933911049e-04 +3.6946232620107839e-04 +3.0665525084465903e-04
 99.50000000 +5.0000000000000000e+00 +1.9997479405466421e+00 +2.5031645198618693e-03 +9.9828068142133575e-01 +9.9997374882925316e-01 +9.9997130590550887e-01 +9.9994794040501334e-01 +9.9996793860391964e-01 +3.8901954807121742e-04 +4.1671732097912169e-04 +4.1370066229098461e-04 +4.1786272158452181e-04 +2.2108458242416291e-04
100.00000000 +5.0000000000000000e+00 +1.9997830645634942e+00 +2.2787738903736299e-03 +9.9881571962722460e-01 +9.9996817551977657e-01 +9.9994631234776710e-01 +9.9996278808169126e-01 +9.9994839871174601e-01 +1.4661734044525072e-04 +3.3822263424032617e-04 +4.8153917764746305e-04 +1.9028424907413822e-04 +2.0194230986579235e-04
100.50000000 +5.0000000000000000e+00 +1.9997555853127160e+00 +2.3905255499728959e-03 +9.9855583708197959e-01 +9.9997046300248182e-01 +9.9996052855984741e-01 +9.9995739955681462e-01 +9.9995880051561559e-01 +3.0611527581883888e-04 +3.0261151122437104e-04 +2.3614557384873659e-04 +3.6046150290437788e-04 +3.9163741936152100e-04
101.00000000 +5.0000000000000000e+00 +1.9997837091783286e+00 +2.3936426333153243e-03 +9.9853066048317629e-01 +9.9995407786721013e-01 +9.9995650114993806e-01 +9.9996308244998866e-01 +9.9996324417394056e-01 +3.7053654340656522e-04 +4.6629795598078440e-04 +2.9715169580495066e-04 +1.4134526669102858e-04 +3.5710240361722502e-04
101.50000000 +5.0000000000000000e+00 +1.9997751253302283e+00 +2.3079033711078611e-03 +9.9876537155016354e-01 +9.9996380191763379e-01 +9.9995372346635769e-01 +9.9994074101571573e-01 +9.9996828113896774e-01 +3.8080029776503018e-04 +2.7640852224806539e-04 +2.0048052626193930e-04 +3.5662943280042871e-04 +1.9376213359105843e-04
102.00000000 +5.0000000000000000e+00 +1.9997838619154362e+00 +2.3191756357929484e-03 +9.9875882815327355e-01 +9.9996738116625894e-01 +9.9995886722086713e-01 +9.9994918131664456e-01 +9.9995070215124815e-01 +1.3218804143629110e-04 +3.2232605864824051e-04 +3.4093648350497257e-04 +2.7722212141073155e-04 +3.4236729270802118e-04
102.50000000 +5.0000000000000000e+00 +1.9997708444092848e+00 +2.3627824264954873e-03 +9.9864862153359113e-01 +9.9995642787239403e-01 +9.9996952260168659e-01 +9.9996054774015286e-01 +9.9995520042173269e-01 +2.5372624511901375e-04 +1.4934613664615675e-04 +3.8503974060483619e-04 +3.8821008253229095e-04 +3.3335762051798514e-04
103.00000000 +5.0000000000000000e+00 +1.9997596190222493e+00 +2.2994670803312147e-03 +9.9879534446639440e-01 +9.9994547447018278e-01 +9.9995175562680971e-01 +9.9995871354981813e-01 +9.9993959843147506e-01 +2.8164431161818997e-04 +5.4635902420110212e-04 +1.7078965554107864e-04 +2.3499957842498597e-04 +1.7532087735215484e-04
103.50000000 +5.0000000000000000e+00 +1.9996955182987073e+00 +2.5522158475990413e-03 +9.9816238712974326e-01 +9.9995339736340738e-01 +9.9995940694859275e-01 +9.9995616317902791e-01 +9.9995875487601371e-01 +3.6193572930870579e-04 +4.0283243433843170e-04 +4.8416465820012860e-04 +4.3328248627256052e-04 +3.2767518396256581e-04
104.00000000 +5.0000000000000000e+00 +1.9997243167328749e+00 +2.3260201707305680e-03 +9.9871459909432769e-01 +9.9995131733999332e-01 +9.9997274317466156e-01 +9.9996559681602959e-01 +9.9994232896505508e-01 +3.8031430177473484e-04 +2.2407854244564052e-04 +3.5111027978667356e-04 +2.6257581050950833e-04 +2.3533566626465302e-04
104.50000000 +5.0000000000000000e+00 +1.9997398003856084e+00 +2.2913615622481161e-03 +9.9878580769081304e-01 +9.9995006091614091e-01 +9.9996257901412522e-01 +9.9995918458943589e-01 +9.9993699095239752e-01 +2.1129627999482819e-04 +2.2855422999222707e-04 +2.7142322405044515e-04 +3.8394662775388818e-04 +3.1015647233173293e-04
105.00000000 +5.0000000000000000e+00 +1.9997466322423612e+00 +2.3487450658456845e-03 +9.9866091412569413e-01 +9.9996906178081646e-01 +9.9996082221237603e-01 +9.9994756150648823e-01 +9.9994218003844360e-01 +2.9937272346958535e-04 +4.2095925433206462e-04 +2.7571365080009938e-04 +2.7242394995177880e-04 +2.5099076818374099e-04
105.50000000 +5.0000000000000000e+00 +1.9997890177818693e+00 +2.3386505004272893e-03 +9.9872893407343299e-01 +9.9994805907774076e-01 +9.9995825247468606e-01 +9.9995485847075671e-01 +9.9994574174299855e-01 +4.1563859906676296e-04 +3.0857215900286590e-04 +2.1907740918240690e-04 +2.1961967197496604e-04 +3.0124632969640697e-04
106.00000000 +5.0000000000000000e+00 +1.9997294467300670e+00 +2.4397752218841239e-03 +9.9843654017881645e-01 +9.9995472943576957e-01 +9.9996805673868538e-01 +9.9995417097677441e-01 +9.9995469959210026e-01 +3.3778906202730946e-04 +5.0714013025730407e-04 +3.4160885166890459e-04 +3.1576882703762926e-04 +2.2949621173979495e-04
106.50000000 +5.0000000000000000e+00 +1.9997504112189930e+00 +2.2783425998576840e-03 +9.9884348221022490e-01 +9.9995849620667265e-01 +9.9995501913364959e-01 +9.9995263790387112e-01 +9.9994728735155736e-01 +3.2764020464213025e-04 +2.8497300039067208e-04 +1.8976474620833938e-04 +3.0122218387458100e-04 +2.3947706127326130e-04
107.00000000 +5.0000000000000000e+00 +1.9997198817534971e+00 +2.5967699920618802e-03 +9.9804657411270625e-01 +9.9996938904523081e-01 +9.9995022406450174e-01 +9.9996720433545006e-01 +9.9995367559036219e-01 +4.1914668242960937e-04 +3.2993571158274808e-04 +4.1708511143661843e-04 +5.4861657556615033e-04 +3.9814877070467616e-04
107.50000000 +5.0000000000000000e+00 +1.9997219235268380e+00 +2.3341292834137156e-03 +9.9868748884777980e-01 +9.9992431860857911e-01 +9.9993724193633016e-01 +9.9994513167326682e-01 +9.9995192489557372e-01 +1.9299594381152281e-04 +1.6306843044501876e-04 +2.4256616473038501e-04 +5.2079950453480159e-04 +4.3446399323528878e-04
108.00000000 +5.0000000000000000e+00 +1.9997661016242143e+00 +2.3755073139552652e-03 +9.9859452108307922e-01 +9.9995160183786402e-01 +9.9996282192584729e-01 +9.9995282670042984e-01 +9.9995539146177770e-01 +3.3638776869784074e-04 +2.5278784689486378e-04 +3.4897685161340461e-04 +2.7386345127682998e-04 +3.7082106993698932e-04
108.50000000 +5.0000000000000000e+00 +1.9996774297604896e+00 +2.6925955969778785e-03 +9.9779337715702732e-01 +9.9994793890858402e-01 +9.9996616981922737e-01 +9.9992924142133754e-01 +9.9994359310469838e-01 +4.4124885014784106e-04 +4.8604540393636797e-04 +2.8042945505180283e-04 +4.3776533567207895e-04 +7.7419054813796537e-04
109.00000000 +5.0000000000000000e+00 +1.9997490545810475e+00 +2.3825568909278867e-03 +9.9858415211747831e-01 +9.9994947278224378e-01 +9.9995854387098571e-01 +9.9992374378704096e-01 +9.9995552533150156e-01 +5.5964729723106575e-04 +4.3757558158435652e-04 +1.3289882835782835e-04 +1.8917257972399151e-04 +3.0926783088738288e-04
109.50000000 +5.0000000000000000e+00 +1.9996445742059956e+00 +2.5458397963852896e-03 +9.9813330236464182e-01 +9.9995671052950241e-01 +9.9997231511358620e-01 +9.9995124189870666e-01 +9.9995426505049800e-01 +3.5543664904227635e-04 +4.0307137114593724e-04 +2.6356100407172266e-04 +4.9748756002669864e-04 +5.1260845727619695e-04
110.00000000 +5.0000000000000000e+00 +1.9996880182253494e+00 +2.5170209105397278e-03 +9.9820793497973814e-01 +9.9994939543589467e-01 +9.9994728673083988e-01 +9.9995292261180857e-01 +9.9995788402993824e-01 +3.7959783137330832e-04 +4.2888150180625615e-04 +5.8321819569728036e-04 +3.5353201470846772e-04 +2.3934666177480990e-04
110.50000000 +5.0000000000000000e+00 +1.9996734818695230e+00 +2.4960736536297013e-03 +9.9828360525852189e-01 +9.9994795984765261e-01 +9.9995546165162297e-01 +9.9996101181140307e-01 +9.9992914712839265e-01 +5.2029016634621173e-04 +3.8594411978659442e-04 +2.9908757275916797e-04 +3.6712597417694353e-04 +3.5036647561746475e-04
111.00000000 +5.0000000000000000e+00 +1.9996640155544194e+00 +2.6180197826830422e-03 +9.9798642009688532e-01 +9.9994613796069221e-01 +9.9996944605329074e-01 +9.9993410899535740e-01 +9.9993273095176161e-01 +4.2385296007891931e-04 +2.6709670005815731e-04 +5.1963581748246254e-04 +3.2636823297897916e-04 +6.9420222511882830e-04
111.50000000 +5.0000000000000000e+00 +1.9997263083497883e+00 +2.4707526283783074e-03 +9.9837657612599184e-01 +9.9996914356182520e-01 +9.9992850619948448e-01 +9.9994653734059491e-01 +9.9991788110638957e-01 +4.5058523719084778e-04 +4.0663111283017182e-04 +3.9563700666972869e-04 +4.5717460347996589e-04 +1.5132771161131556e-04
112.00000000 +5.0000000000000000e+00 +1.9997180711226128e+00 +2.2565756783698501e-03 +9.9889840452256085e-01 +9.9994169722508031e-01 +9.9993506236623553e-01 +9.9993303080668872e-01 +9.9994838308604228e-01 +2.4977605330187789e-04 +1.4391970906286894e-04 +3.3774515185704715e-04 +4.1687377579692221e-04 +1.9510730171684064e-04
112.50000000 +5.0000000000000000e+00 +1.9997133505709710e+00 +2.5065658876891896e-03 +9.9826056228431459e-01 +9.9996737238677547e-01 +9.9994654132365268e-01 +9.9995759952356911e-01 +9.9993595617366715e-01 +5.8438919772392929e-04 +3.8075025522847563e-04 +4.7879384465915906e-04 +1.8791624392827997e-04 +3.0011876539042312e-04
113.00000000 +5.0000000000000000e+00 +1.9996467003465430e+00 +2.2973177246672777e-03 +9.9876692745154116e-01 +9.9993187288271634e-01 +9.9994458059018076e-01 +9.9991950405857966e-01 +9.9994714184137179e-01 +5.0033313801192518e-04 +3.6705540484849596e-04 +1.8333073248858912e-04 +2.9831106085928018e-04 +1.4094284184657690e-04
113.50000000 +5.0000000000000000e+00 +1.9996913468617461e+00 +2.4304101962730209e-03 +9.9846781270111451e-01 +9.9994411459362464e-01 +9.9994478268606835e-01 +9.9995603813703593e-01 +9.9991856807596524e-01 +1.5695009282505048e-04 +3.5308788236602988e-04 +3.5746298730359469e-04 +5.5160746989068785e-04 +3.4957538017484926e-04
114.00000000 +5.0000000000000000e+00 +1.9996448596770104e+00 +2.4793187602187858e-03 +9.9830366255511016e-01 +9.9994754882401493e-01 +9.9993731095761285e-01 +9.9996838834906310e-01 +9.9992005173373177e-01 +6.5924405106648862e-04 +2.9092981676413435e-04 +1.6360329951866720e-04 +3.0211261796200768e-04 +5.0714779877396191e-04
114.50000000 +5.0000000000000000e+00 +1.9996062905785401e+00 +2.7253470745787507e-03 +9.9771189333094301e-01 +9.9994524700496479e-01 +9.9993821584310771e-01 +9.9995523984706103e-01 +9.9994759665732846e-01 +4.7755604993441085e-04 +5.5758934074441298e-04 +6.1004308121147299e-04 +3.8983739216404383e-04 +4.6678146133393854e-04
115.00000000 +5.0000000000000000e+00 +1.9996145336096298e+00 +2.6576082581297473e-03 +9.9787859118736721e-01 +9.9991606569344260e-01 +9.9993860364677156e-01 +9.9997289925750732e-01 +9.9993469305405602e-01 +2.4266258279247591e-04 +4.6079653039945621e-04 +5.9014604546588588e-04 +5.9886055245742789e-04 +4.6668145385616320e-04
115.50000000 +5.0000000000000000e+00 +1.9996854529754327e+00 +2.4403523365926368e-03 +9.9843755853910476e-01 +9.9994195750359705e-01 +9.9993391406745513e-01 +9.9997286347293801e-01 +9.9990304754270165e-01 +1.4446260509101499e-04 +4.2375169364179248e-04 +4.7612291997216360e-04 +2.1077694848812989e-04 +5.5554470513373053e-04
116.00000000 +5.0000000000000000e+00 +1.9996834989211512e+00 +2.4412547450872123e-03 +9.9843307665449621e-01 +9.9994234556341044e-01 +9.9996539244702598e-01 +9.9994213072888172e-01 +9.9991628533114640e-01 +4.9355425987417318e-04 +2.6649929412311341e-04 +2.5791628541665251e-04 +5.2150769369730115e-04 +2.6129173882301565e-04
116.50000000 +5.0000000000000000e+00 +1.9995814339681806e+00 +2.6833045519092016e-03 +9.9779692954608268e-01 +9.9991772481740071e-01 +9.9994730229534690e-01 +9.9994297408138599e-01 +9.9992391201547781e-01 +3.7583578940994153e-04 +3.7936087590571523e-04 +4.3945930824532516e-04 +6.5661849902032320e-04 +6.1988276586193841e-04
117.00000000 +5.0000000000000000e+00 +1.9996061103652658e+00 +2.4689813379748285e-03 +9.9834795055716641e-01 +9.9992615584436018e-01 +9.9990731261720600e-01 +9.9992910701070470e-01 +9.9993834155371752e-01 +5.0930938923646012e-04 +8.6759933871897714e-05 +4.6379455817829017e-04 +3.9173452543142366e-04 +4.9953400987928157e-04
117.50000000 +5.0000000000000000e+00 +1.9996117046479494e+00 +2.4197952910859264e-03 +9.9847589595330322e-01 +9.9994039649565081e-01 +9.9989795419795702e-01 +9.9994166874354962e-01 +9.9993030921305248e-01 +3.9445102227366380e-04 +3.5746875194254469e-04 +4.5151672218612395e-04 +2.5385275762031717e-04 +3.5648614284590615e-04
118.00000000 +5.0000000000000000e+00 +1.9997036651114115e+00 +2.5584728292980131e-03 +9.9817947946218843e-01 +9.9993504183219428e-01 +9.9993065533809267e-01 +9.9993785658249057e-01 +9.9994051656576299e-01 +3.2113961054225213e-04 +6.3921228627078291e-04 +3.9336964328919992e-04 +4.3037472743423819e-04 +2.9235394694676598e-04
118.50000000 +5.0000000000000000e+00 +1.9996034085170564e+00 +2.6736157199341803e-03 +9.9784269491750410e-01 +9.9991907235339073e-01 +9.9995275217621871e-01 +9.9992811128509229e-01 +9.9990404659123511e-01 +4.2341135954627996e-04 +5.0760184375458638e-04 +5.4094412505347898e-04 +4.8123813825041100e-04 +5.0012721701528124e-04
119.00000000 +5.0000000000000000e+00 +1.9996788220782247e+00 +2.4676836147764624e-03 +9.9840915996732815e-01 +9.9992882400617322e-01 +9.9993236193762192e-01 +9.9992481521083165e-01 +9.9994034563234313e-01 +4.0642344105366282e-04 +5.3460469155881178e-04 +2.1571375346415993e-04 +3.6515195145244355e-04 +3.4259941247919318e-04
119.50000000 +5.0000000000000000e+00 +1.9996082518123144e+00 +2.7669578686650887e-03 +9.9762301171162759e-01 +9.9992573596097101e-01 +9.9994837312944751e-01 +9.9991782841396959e-01 +9.9992203099566523e-01 +4.5764326046126213e-04 +6.1040009275157583e-04 +6.9648504194065293e-04 +2.3080268138890947e-04 +6.6768870736035946e-04
120.00000000 +5.0000000000000000e+00 +1.9996798631494874e+00 +2.5289361948011325e-03 +9.9822558856201804e-01 +9.9992019577128310e-01 +9.9993007019990165e-01 +9.9990299926237247e-01 +9.9992170398784852e-01 +5.3033229811172867e-04 +4.0518042532760771e-04 +2.8382608311720424e-04 +3.9422205779448909e-04 +4.8588135242293179e-04
120.50000000 +5.0000000000000000e+00 +1.9994921560408401e+00 +2.8964746076584167e-03 +9.9727010737055588e-01 +9.9994053545008277e-01 +9.9996471872323833e-01 +9.9992322597081351e-01 +9.9994796755833881e-01 +7.9521227319798550e-04 +6.0327735135594569e-04 +6.5999270344845203e-04 +3.1831915892549040e-04 +5.7664344808824408e-04
121.00000000 +5.0000000000000000e+00 +1.9996239880738325e+00 +2.7301840330394888e-03 +9.9771043997720632e-01 +9.9994661049493849e-01 +9.9994891034526123e-01 +9.9995663009741464e-01 +9.9993506885513883e-01 +3.8949456721294897e-04 +6.6715364372974819e-04 +4.7142776182713811e-04 +5.1485473113177418e-04 +4.5940952851861172e-04
121.50000000 +5.0000000000000000e+00 +1.9995829187436145e+00 +2.5434547125657123e-03 +9.9816195528303508e-01 +9.9992783814749675e-01 +9.9995595492881773e-01 +9.9996393893657354e-01 +9.9994168319190713e-01 +5.9326826117772527e-04 +4.1622318650537718e-04 +1.8771411448378501e-04 +5.9090283385872743e-04 +2.6052111605771595e-04
122.00000000 +5.0000000000000000e+00 +1.9995954012417414e+00 +2.4391575257332867e-03 +9.9842186854235371e-01 +9.9992454480832826e-01 +9.9997418099178148e-01 +9.9994241757123714e-01 +9.9993299297157712e-01 +3.1471673290637647e-04 +3.9904313391440059e-04 +2.9539282301534208e-04 +6.4748248640613684e-04 +1.4735994269053499e-04
122.50000000 +5.0000000000000000e+00 +1.9995379550084929e+00 +2.6987500438215911e-03 +9.9773964339148580e-01 +9.9994045629995365e-01 +9.9991987483298084e-01 +9.9991853864112645e-01 +9.9989018513933725e-01 +5.1117558201380900e-04 +7.8603506246363044e-04 +4.9707432842816663e-04 +4.5398607050972894e-04 +3.4303064649811581e-04
123.00000000 +5.0000000000000000e+00 +1.9995508320578854e+00 +2.4695229323478595e-03 +9.9833644859592297e-01 +9.9990952053652327e-01 +9.9991257056618132e-01 +9.9989736300456278e-01 +9.9990394611169808e-01 +3.1563759127143450e-04 +3.4432859124136866e-04 +4.9820083733567646e-04 +4.9674412061821325e-04 +3.8524005228245426e-04
123.50000000 +5.0000000000000000e+00 +1.9995860144231401e+00 +2.5473298843918316e-03 +9.9814976786106713e-01 +9.9989413034618257e-01 +9.9991354692433720e-01 +9.9990637858244824e-01 +9.9996783301098713e-01 +2.3652715179105986e-04 +5.7279869243702592e-04 +2.2813845815634033e-04 +5.7844182834679639e-04 +5.5243714244183244e-04
124.00000000 +5.0000000000000000e+00 +1.9995456972136167e+00 +2.6205392967472625e-03 +9.9799733989817530e-01 +9.9994449347881165e-01 +9.9995550510193920e-01 +9.9989847874559623e-01 +9.9992914117690446e-01 +7.1268291031974576e-04 +3.4775799759476783e-04 +2.6665802842325910e-04 +4.0319354072344517e-04 +5.4474911452666297e-04
124.50000000 +5.0000000000000000e+00 +1.9994782927577655e+00 +2.4866289873907372e-03 +9.9827783628196010e-01 +9.9993569867027099e-01 +9.9994960931672527e-01 +9.9994212238311297e-01 +9.9992571362798555e-01 +3.5547010502611306e-04 +3.3902299708636581e-04 +2.2767125495410100e-04 +3.4957196337691309e-04 +6.9728339518034411e-04
125.00000000 +5.0000000000000000e+00 +1.9996469649741322e+00 +2.2630901637966877e-03 +9.9886960316296280e-01 +9.9994536955922719e-01 +9.9994293752663632e-01 +9.9992853269402637e-01 +9.9989986323620705e-01 +1.7159096865297066e-04 +6.8541834863848844e-04 +1.2740265359442851e-04 +1.9174095278634166e-04 +2.3754089159743418e-04
125.50000000 +5.0000000000000000e+00 +1.9996004110668057e+00 +2.4062538600140453e-03 +9.9850427334413860e-01 +9.9988558612068379e-01 +9.9993012588409513e-01 +9.9994973195361669e-01 +9.9992645331584107e-01 +5.6836405244054932e-04 +2.1212755697521817e-04 +1.0644337434772749e-05 +5.0539688824611715e-04 +5.0729654726561907e-04
126.00000000 +5.0000000000000000e+00 +1.9996151497052930e+00 +2.7178300219286413e-03 +9.9776069837323056e-01 +9.9991535903452577e-01 +9.9991170787542816e-01 +9.9993477572318745e-01 +9.9989720738766985e-01 +9.2919877312381345e-04 +2.7116862701224807e-04 +5.5107048525502461e-04 +4.1107385054351021e-04 +4.1773987354380249e-04
126.50000000 +5.0000000000000000e+00 +1.9995515333719098e+00 +2.4894763480730392e-03 +9.9829006573291101e-01 +9.9994971363888352e-01 +9.9994739289791013e-01 +9.9992299472755430e-01 +9.9992609485213924e-01 +4.5147682244854912e-04 +5.6390171120554900e-04 +4.3832900512393388e-04 +1.4604920190047402e-04 +3.6398140769415067e-04
127.00000000 +5.0000000000000000e+00 +1.9996454623724349e+00 +2.4108504736794789e-03 +9.9850065969196444e-01 +9.9993226523550560e-01 +9.9995844169253911e-01 +9.9991788655651326e-01 +9.9993304465025545e-01 +1.4330541806535803e-04 +1.4245169167348488e-04 +4.3868218499256985e-04 +4.1466676598141876e-04 +6.1859610770216165e-04
127.50000000 +5.0000000000000000e+00 +1.9995496919944853e+00 +2.5322961251093190e-03 +9.9821049237518089e-01 +9.9991183991345911e-01 +9.9991874165676775e-01 +9.9993664808688010e-01 +9.9995761397257110e-01 +9.9335741571982095e-05 +6.9460514034393336e-04 +3.9976217783209780e-04 +6.2068200537755073e-04 +2.5027893099258374e-04
128.00000000 +5.0000000000000000e+00 +1.9994995428401490e+00 +2.7602592073288548e-03 +9.9762533331313419e-01 +9.9995910581038383e-01 +9.9990523003480725e-01 +9.9993755821056474e-01 +9.9994234840055118e-01 +6.5030033748331834e-04 +1.7852529500268647e-04 +5.6171618867968101e-04 +7.3208830592631216e-04 +5.0779410464904301e-04
128.50000000 +5.0000000000000000e+00 +1.9994946654349228e+00 +2.5057784683656815e-03 +9.9823002348076950e-01 +9.9991189979386952e-01 +9.9992351901092813e-01 +9.9992123102323727e-01 +9.9990907723852840e-01 +5.8265153168101768e-04 +2.7070392692212772e-04 +4.5874060272414329e-04 +5.3128870718048863e-04 +2.6086468411868946e-04
129.00000000 +5.0000000000000000e+00 +1.9995319858812755e+00 +2.5190426192489533e-03 +9.9822421641964509e-01 +9.9997006989249571e-01 +9.9989280059799202e-01 +9.9989955449229251e-01 +9.9991335431528416e-01 +1.5596993357723593e-05 +6.8762502857956545e-04 +3.7161681458060540e-04 +2.4838558632875221e-04 +7.7677986443459011e-04
129.50000000 +5.0000000000000000e+00 +1.9994750449928975e+00 +2.5637827956692737e-03 +9.9809951087682836e-01 +9.9990853109448530e-01 +9.9993099745860714e-01 +9.9993088281129816e-01 +9.9993021222097500e-01 +2.4568204663867187e-04 +3.9205150790929869e-04 +6.9284412932048398e-04 +3.7453945387475512e-04 +4.9474839678571359e-04
130.00000000 +5.0000000000000000e+00 +1.9994146261098236e+00 +2.5959236752308521e-03 +9.9799291660751510e-01 +9.9993319519207569e-01 +9.9990129876846667e-01 +9.9990776944641768e-01 +9.9988702160881804e-01 +5.9514818599086668e-04 +4.1999761476960238e-04 +4.5049255384432629e-04 +3.0961573945803995e-04 +6.0254428087620185e-04
130.50000000 +5.0000000000000000e+00 +1.9994873156962885e+00 +2.7876884111001322e-03 +9.9752675732877938e-01 +9.9992557065378962e-01 +9.9993161815519593e-01 +9.9988145500844228e-01 +9.9988709359154326e-01 +6.7025321466017667e-04 +7.3846338919387328e-04 +7.2185327998321831e-04 +6.2007419643918699e-05 +6.5492795390695107e-04
131.00000000 +5.0000000000000000e+00 +1.9995790724556544e+00 +2.7187067863101034e-03 +9.9774987371485713e-01 +9.9991870657182003e-01 +9.9996154244988300e-01 +9.9992155427592222e-01 +9.9989581190507226e-01 +6.0943332913072652e-04 +4.5319498393336433e-04 -1.9909684404253894e-05 +4.3040118044459158e-04 +1.0793912705562695e-03
131.50000000 +5.0000000000000000e+00 +1.9994626317137720e+00 +2.6135707399842717e-03 +9.9797885362967720e-01 +9.9990059913519302e-01 +9.9994929111823816e-01 +9.9991257289056446e-01 +9.9989648160875921e-01 +5.4037666203296043e-04 +4.8137803266737491e-04 +3.1991257278756566e-05 +4.8043443218960698e-04 +8.2802123039070724e-04
132.00000000 +5.0000000000000000e+00 +1.9994087030012397e+00 +2.9239828514926337e-03 +9.9720691312928267e-01 +9.9995348791807936e-01 +9.9990488488953111e-01 +9.9995283456429107e-01 +9.9991915382578644e-01 +6.0449447367722951e-04 +6.1505228562770556e-04 +5.6247079123797686e-04 +6.0253698791705229e-04 +6.7817113143423436e-04
132.50000000 +5.0000000000000000e+00 +1.9996737414890546e+00 +2.4622774209832341e-03 +9.9839332176162343e-01 +9.9998576400542971e-01 +9.9988986802904922e-01 +9.9993155075236717e-01 +9.9992480894667646e-01 +4.2187548069553648e-04 +4.2898470047609107e-04 +4.7166272423276265e-04 +3.1426600013779137e-04 +2.3789759923173237e-04
133.00000000 +5.0000000000000000e+00 +1.9993769796356136e+00 +2.8188004168525280e-03 +9.9745377770301202e-01 +9.9991062555182708e-01 +9.9989831083526748e-01 +9.9989655523212773e-01 +9.9990326842270283e-01 +4.0546839110983053e-04 +1.0600732531927982e-03 +3.7253982763919255e-04 +3.8602848304466580e-04 +7.1335230050916551e-04
133.50000000 +5.0000000000000000e+00 +1.9994633533243904e+00 +2.6285711474098960e-03 +9.9797362075330853e-01 +9.9991516790398460e-01 +9.9996937250498275e-01 +9.9993609687702179e-01 +9.9994151335323245e-01 +4.0758604745696705e-04 +2.4340020724956111e-04 +4.6105239114228256e-04 +8.1495145958737321e-04 +3.3723850367847763e-04
134.00000000 +5.0000000000000000e+00 +1.9995122745036591e+00 +2.5023171058144796e-03 +9.9824242153817244e-01 +9.9992016008660811e-01 +9.9991884069011527e-01 +9.9993602495972989e-01 +9.9994531500622075e-01 +2.4624080995546641e-04 +5.1893682643788395e-04 +4.8045712367284280e-04 +4.6035140075353470e-04 +3.3125155877151117e-04
134.50000000 +5.0000000000000000e+00 +1.9993979256865000e+00 +2.7067816910016605e-03 +9.9770877770100530e-01 +9.9992101528542499e-01 +9.9986692101654195e-01 +9.9988542461358954e-01 +9.9989389276499641e-01 +7.8092664172560802e-04 +5.5977851212803673e-04 +4.0498383107921693e-04 +5.7507519408390214e-04 +4.0320444485733456e-04
135.00000000 +5.0000000000000000e+00 +1.9994588364189805e+00 +2.7569090987884220e-03 +9.9764870438881081e-01 +9.9994310996780422e-01 +9.9990436325748400e-01 +9.9991265913192229e-01 +9.9990099642194363e-01 +7.9810593813249629e-04 +3.4403985191381925e-04 +6.4667154237984604e-04 +5.4524634496089068e-04 +3.5610315585725221e-04
135.50000000 +5.0000000000000000e+00 +1.9994619961984188e+00 +2.8966230095761355e-03 +9.9729643224646347e-01 +9.9987924112243665e-01 +9.9994169819587719e-01 +9.9990414835457320e-01 +9.9988563704315792e-01 +3.4868159117468656e-04 +5.2982306057809583e-04 +3.3770435433253839e-04 +1.1194874908686319e-03 +7.5714654586953544e-04
136.00000000 +5.0000000000000000e+00 +1.9993740404070164e+00 +2.7489762517766986e-03 +9.9760442154720308e-01 +9.9992302697562940e-01 +9.9989905732775086e-01 +9.9990439725043267e-01 +9.9992832912474028e-01 +7.6773159447143140e-04 +5.6188328535891293e-04 +4.8239380675931941e-04 +6.0669525523578387e-04 +3.2206383230203001e-04
136.50000000 +5.0000000000000000e+00 +1.9993018298816190e+00 +2.7027424679492325e-03 +9.9771694724608817e-01 +9.9995325677419211e-01 +9.9988935852373528e-01 +9.9991282640576928e-01 +9.9990607901187412e-01 +3.9763209814058559e-04 +4.1500323584552681e-04 +7.6166167118329586e-04 +4.6573552573050026e-04 +5.8149951016133654e-04
137.00000000 +5.0000000000000000e+00 +1.9994851181289715e+00 +2.4404446497154129e-03 +9.9847470172178454e-01 +9.9990932446910186e-01 +9.9994746943206370e-01 +9.9990538012409147e-01 +9.9990634923334798e-01 +5.7204966173651350e-04 +4.8108742653913192e-04 +2.5031449888331468e-05 +3.8520456262906264e-04 +3.9340191507724394e-04
137.50000000 +5.0000000000000000e+00 +1.9993810254711799e+00 +2.8452313809844438e-03 +9.9737368225194700e-01 +9.9995455646912479e-01 +9.9990561318744475e-01 +9.9987348143012911e-01 +9.9992951964083709e-01 +2.9484041429525987e-04 +8.2156544851375230e-04 +4.2348434237824008e-04 +5.9605116115352239e-04 +8.2720565138523743e-04
138.00000000 +5.0000000000000000e+00 +1.9993185866925780e+00 +2.5603269618091743e-03 +9.9809668626551584e-01 +9.9992212873913444e-01 +9.9986921103003190e-01 +9.9993887015943095e-01 +9.9994294069601919e-01 +4.8546009654281926e-04 +4.1890924020429040e-04 +2.5508127654539741e-04 +3.6451305367063338e-04 +7.0619944508674753e-04
138.50000000 +5.0000000000000000e+00 +1.9995125625898382e+00 +2.3502398466011040e-03 +9.9865807920194305e-01 +9.9983380686218182e-01 +9.9992046546491187e-01 +9.9988924826446512e-01 +9.9991701816925294e-01 +2.4328495255911630e-04 +3.1371280558873039e-04 +5.1031875238619843e-04 +6.0616363064583813e-04 +1.0790189768994582e-04
139.00000000 +5.0000000000000000e+00 +1.9993044555004100e+00 +2.9211347785250462e-03 +9.9725746129062010e-01 +9.9990380500947573e-01 +9.9995509515933489e-01 +9.9991225859393063e-01 +9.9988715880401657e-01 +5.6966955616711797e-04 +5.6103886250350018e-04 +1.0817023903643627e-03 +2.1645917287907548e-04 +6.5535115903428691e-04
139.50000000 +5.0000000000000000e+00 +1.9993289771393641e+00 +3.0697682231199406e-03 +9.9686458436501402e-01 +9.9989153785672302e-01 +9.9995101346268023e-01 +9.9993224703766403e-01 +9.9987615459983692e-01 +6.0098199847281712e-04 +8.5840372178783055e-04 +6.4035103277005083e-04 +6.5581969089879518e-04 +7.2890623251021754e-04
140.00000000 +5.0000000000000000e+00 +1.9994240431301020e+00 +2.6664748659517771e-03 +9.9787205865523565e-01 +9.9988830589050925e-01 +9.9988771841180224e-01 +9.9990151670113103e-01 +9.9996306959360814e-01 +3.9832460452353348e-04 +4.3769379546130318e-04 +4.0981248507815398e-04 +9.3554435750812278e-04 +3.0595550091998183e-04
140.50000000 +5.0000000000000000e+00 +1.9992618456766547e+00 +2.6869445317903714e-03 +9.9769177085208949e-01 +9.9993061403145034e-01 +9.9993159047978919e-01 +9.9989042874856504e-01 +9.9982098870203773e-01 +4.6630737053447984e-04 +2.6026294061345354e-04 +6.9611062325145750e-04 +6.5823340075260518e-04 +6.5369285204701822e-04
141.00000000 +5.0000000000000000e+00 +1.9993748126834452e+00 +2.5356869624069706e-03 +9.9818015913230229e-01 +9.9991479360172086e-01 +9.9988670431934124e-01 +9.9985704785077500e-01 +9.9986896785495516e-01 +4.0903839183337686e-04 +3.8511651485431908e-04 +3.4098442294222412e-04 +1.2077454070199070e-03 -5.0557490991414976e-05
141.50000000 +5.0000000000000000e+00 +1.9994071077126472e+00 +2.5627987930927766e-03 +9.9811268346317861e-01 +9.9991068702096320e-01 +9.9987078972009480e-01 +9.9987904789596271e-01 +9.9987095953881311e-01 +2.5074432297925788e-04 +4.4560285066498585e-04 +6.4254165598457617e-04 +8.4096885503251819e-04 +1.7597467737373896e-04
142.00000000 +5.0000000000000000e+00 +1.9995691421981197e+00 +2.3393312845162570e-03 +9.9871338713566660e-01 +9.9990588713605189e-01 +9.9989652789923400e-01 +9.9988472122830752e-01 +9.9985202983254207e-01 +3.1763246792417010e-04 +7.6573351933127958e-04 +1.3154251436553047e-05 +1.3817665027364376e-05 +6.3710886116745771e-04
142.50000000 +5.0000000000000000e+00 +1.9994808797384933e+00 +2.5878788602099545e-03 +9.9810961940425946e-01 +9.9992136630984474e-01 +9.9992513840599428e-01 +9.9986902784343146e-01 +9.9987094189450865e-01 +5.1861579200526066e-05 +7.8275216176479899e-04 +4.9598321887949230e-04 +9.2058676382204981e-04 +5.2722419647121361e-05
143.00000000 +5.0000000000000000e+00 +1.9993918376528463e+00 +2.5565601498574800e-03 +9.9807443351022651e-01 +9.9987946885264578e-01 +9.9995779730650836e-01 +9.9982745066318524e-01 +9.9987462279701012e-01 +1.3008817249844813e-04 +6.0458852771826783e-04 +8.4849280135869073e-04 +5.6173597065640503e-04 +2.4132139876152870e-04
143.50000000 +5.0000000000000000e+00 +1.9995018266634805e+00 +2.1358391337870201e-03 +9.9916537011120099e-01 +9.9996513010448351e-01 +9.9990657297241237e-01 +9.9988117558099976e-01 +9.9986972962757215e-01 +1.4776876445959602e-04 +1.1150684997025839e-04 +1.4367819002406737e-04 +6.1548894124316422e-04 +1.9357885832270211e-04
144.00000000 +5.0000000000000000e+00 +1.9995853987722989e+00 +2.3659919808647384e-03 +9.9868624980900411e-01 +9.9991370027286908e-01 +9.9989970248461313e-01 +9.9990990961817838e-01 +9.9991958320659868e-01 +2.7900929430040543e-04 +4.6024082496659215e-05 +2.7365086060219249e-04 +4.1667176024007453e-04 +6.5549861105199667e-04
144.50000000 +5.0000000000000000e+00 +1.9992932313485785e+00 +2.4695877160161718e-03 +9.9838065316683133e-01 +9.9992862954159212e-01 +9.9984184179076296e-01 +9.9987317059461767e-01 +9.9987735596347904e-01 +1.4461630706500732e-04 +8.0041237180563318e-04 +4.9345126192388558e-04 +2.1683724730492881e-04 +4.4303175245438979e-04
145.00000000 +5.0000000000000000e+00 +1.9992524666203584e+00 +2.8230247191111885e-03 +9.9740002229793268e-01 +9.9988319034985818e-01 +9.9987841173545045e-01 +9.9986556163802232e-01 +9.9991696086395676e-01 +9.3736173951692041e-04 +8.2146391814685664e-04 +3.9897907205143463e-04 +5.3485759186049564e-04 +3.6319079324288115e-04
145.50000000 +5.0000000000000000e+00 +1.9992298214870128e+00 +2.6450445360950707e-03 +9.9787173442695731e-01 +9.9986538910161493e-01 +9.9984609672249980e-01 +9.9985875686952208e-01 +9.9983184138589343e-01 +1.1711216817003924e-04 +1.0854445008931460e-03 +7.5915366659416944e-04 +8.1718865257276045e-05 +6.8275229291831266e-04
146.00000000 +5.0000000000000000e+00 +1.9994325645669204e+00 +2.4804659838086858e-03 +9.9834522727464980e-01 +9.9989968621179726e-01 +9.9994785630445782e-01 +9.9983359922322812e-01 +9.9987027345406088e-01 +2.0581722859406976e-04 +5.8419412996626248e-04 +1.0118401453567891e-03 +2.8905263548603259e-04 +1.2453393153850490e-05
146.50000000 +5.0000000000000000e+00 +1.9992033611638296e+00 +2.7286218462033015e-03 +9.9765813485057198e-01 +9.9987435374020173e-01 +9.9990210524129985e-01 +9.9993510235624461e-01 +9.9992426619053265e-01 +4.4465616741562063e-04 +2.1645418486624857e-04 +6.6516543367321247e-04 +6.9252044813769965e-04 +6.8724138334876484e-04
147.00000000 +5.0000000000000000e+00 +1.9989862635879507e+00 +3.2703710719539886e-03 +9.9631466654256529e-01 +9.9993678704435951e-01 +9.9991267720421328e-01 +9.9989808600230368e-01 +9.9985548494994292e-01 +4.9125215813727668e-04 +1.5932392371768086e-03 +2.8969953661016047e-04 +6.5778233456631561e-04 +1.0503249900828252e-03
147.50000000 +5.0000000000000000e+00 +1.9991560644904154e+00 +2.7316658417162894e-03 +9.9766434906478341e-01 +9.9988331001510200e-01 +9.9984411769998116e-01 +9.9988560903677337e-01 +9.9983213292910933e-01 +3.7542240164921474e-04 +6.8323666165619440e-04 +8.8660614703821078e-04 +4.9431978194885303e-05 +8.9578406761064240e-04
148.00000000 +5.0000000000000000e+00 +1.9991862036500958e+00 +2.7592310078342762e-03 +9.9753640980056246e-01 +9.9993782193411218e-01 +9.9987576138954015e-01 +9.9996821490355348e-01 +9.9993479383893025e-01 -1.3243267332846621e-04 +4.4586428106965640e-04 +4.9373912316339060e-04 +1.1271481505873780e-03 +8.1267925146094448e-04
148.50000000 +5.0000000000000000e+00 +1.9993597258659730e+00 +2.3993625066198016e-03 +9.9847900381512156e-01 +9.9989072465778328e-01 +9.9985090386036468e-01 +9.9983445162025664e-01 +9.9982378665252603e-01 +8.4549503008030569e-04 +1.3019063869351344e-04 +2.6349036587530955e-04 +4.0137511761924414e-04 +4.8057823854098976e-04
149.00000000 +5.0000000000000000e+00 +1.9992728126306989e+00 +2.6024658562429567e-03 +9.9806337119242017e-01 +9.9982936738118322e-01 +9.9987399529420029e-01 +9.9985976380219088e-01 +9.9984479638305823e-01 +1.8213287683393562e-04 +7.0689589495111877e-04 +7.2208662011071640e-04 +2.4778024589205858e-04 +6.6981030604969021e-04
149.50000000 +5.0000000000000000e+00 +1.9991428009221628e+00 +2.9052039559967647e-03 +9.9721249589250138e-01 +1.0000208807943036e+00 +9.9983573955826233e-01 +9.9986908684768117e-01 +9.9992676815830805e-01 +6.2807380666424066e-04 +4.8627992761305988e-04 +5.6509970579263029e-04 +8.7838208934899232e-04 +5.7719321821746291e-04
150.00000000 +5.0000000000000000e+00 +1.9992690474670336e+00 +2.4103577681768638e-03 +9.9841450533274434e-01 +9.9984912743877463e-01 +9.9989015605360909e-01 +9.9984923393269654e-01 +9.9988100059109419e-01 +7.4900662271042790e-04 +5.0595867783694958e-04 +3.9888655241420400e-04 +3.4000897540873229e-04 +1.2211582435079144e-04
