#PATCH_CHECK: SepMBpoisson v0.61 exact-bernoulli stratified-backward active
#discretizing the bath:
#     0 0.0000000000000000e+00 -6.3189999999999946e-01
#     1 3.9440531887330772e-03 -2.5724525522958491e-01
#     2 3.9440531887330772e-03 -2.3762529571440641e-01
#     3 3.9440531887330772e-03 -2.1696245329841327e-01
#     4 3.9440531887330772e-03 -1.9530693167859475e-01
#     5 3.9440531887330772e-03 -1.7270231030974789e-01
#     6 3.9440531887330772e-03 -1.4918688520136411e-01
#     7 3.9440531887330772e-03 -1.2479465781854315e-01
#     8 3.9440531887330772e-03 -9.9556082659148060e-02
#     9 3.9440531887330772e-03 -7.3498644351309927e-02
#sampling: jump_strength=9.8601329718326948e-03 jump_probability=9.7638600137784793e-03 log_scale=9.8118390575158056e-03 back_replicas=4 stratify_forward=0
#adaptive measurement: gap=2.2604621368846861e-02 period_steps=556 nmeas=89 nwf=150 tmax=7.5000000000000000e+01 forced_stride=0
  0.00000000 +5.0000000000000000e+00 +1.9999999999999998e+00 +1.8374661879283106e-03 +1.0000000000000000e+00 +1.0000000000000000e+00 +1.0000000000000000e+00 +1.0000000000000000e+00 +1.0000000000000000e+00 +0.0000000000000000e+00 +0.0000000000000000e+00 +0.0000000000000000e+00 +0.0000000000000000e+00 +0.0000000000000000e+00
  0.50000000 +5.0000000000000000e+00 +1.9999999999013878e+00 +1.8451156835999467e-03 +9.9998057976763044e-01 +9.9999999998348221e-01 +9.9999999998348221e-01 +9.9999999998348221e-01 +9.9999999998348221e-01 +3.8822508960518018e-06 +3.8772723747693550e-06 +3.7657534980425525e-06 +3.9499587854930775e-06 +3.9449802642106307e-06
  1.00000000 +5.0000000000000000e+00 +1.9999999974845812e+00 +1.8665986190721027e-03 +9.9992600865442105e-01 +9.9999999992144251e-01 +9.9999999993532318e-01 +9.9999999994325495e-01 +9.9999999992342559e-01 +1.4768307996758704e-05 +1.4917068300090040e-05 +1.4531645232238135e-05 +1.4872898608119131e-05 +1.4901755317072979e-05
  1.50000000 +5.0000000000000000e+00 +1.9999999840884897e+00 +1.8971501211953038e-03 +9.9984830410685188e-01 +9.9999999931013495e-01 +9.9999999932813233e-01 +9.9999999938717521e-01 +9.9999999928277994e-01 +3.0581355438916341e-05 +3.0745663570506998e-05 +3.0142803948677853e-05 +3.0256373800508399e-05 +2.9972343207646731e-05
  2.00000000 +5.0000000000000000e+00 +1.9999999566457609e+00 +1.9310834289139904e-03 +9.9976180442598395e-01 +9.9999999742307066e-01 +9.9999999741775814e-01 +9.9999999773681802e-01 +9.9999999747218082e-01 +4.8611638397783224e-05 +4.8897256855697217e-05 +4.7307423346735590e-05 +4.7167602043290035e-05 +4.6221575892514615e-05
  2.50000000 +5.0000000000000000e+00 +1.9999999686907124e+00 +1.9612339153799816e-03 +9.9968463691948473e-01 +9.9999999321475719e-01 +9.9999999304470499e-01 +9.9999999402722339e-01 +9.9999999333778955e-01 +6.5457474582881586e-05 +6.5452830013039225e-05 +6.2782840102140980e-05 +6.1651306314115535e-05 +6.0044925729017399e-05
  3.00000000 +5.0000000000000000e+00 +1.9999999588779107e+00 +1.9819093447354138e-03 +9.9963124485482924e-01 +9.9999998641117815e-01 +9.9999998634451748e-01 +9.9999998753041242e-01 +9.9999998725942263e-01 +7.8753062365929596e-05 +7.7211894515973761e-05 +7.3589928885123390e-05 +7.0964587252931119e-05 +6.8288105051875464e-05
  3.50000000 +5.0000000000000000e+00 +1.9999999356064742e+00 +1.9888830905905796e-03 +9.9961246411730431e-01 +9.9999997659085171e-01 +9.9999997667696150e-01 +9.9999997794785311e-01 +9.9999997817217945e-01 +8.5069275358051703e-05 +8.2295719794013819e-05 +7.7338248872050081e-05 +7.2974806892519688e-05 +6.9948574076661915e-05
  4.00000000 +5.0000000000000000e+00 +1.9999998712433817e+00 +1.9809137768982978e-03 +9.9963162758243418e-01 +9.9999996425620130e-01 +9.9999996568298688e-01 +9.9999996567462057e-01 +9.9999996653130341e-01 +8.4731844384293171e-05 +7.9898580364280478e-05 +7.3064372958777648e-05 +6.8217806803925901e-05 +6.2597738838580374e-05
  4.50000000 +5.0000000000000000e+00 +1.9999997606307292e+00 +1.9585440454765843e-03 +9.9968760111306487e-01 +9.9999994905424650e-01 +9.9999995307311040e-01 +9.9999995404587527e-01 +9.9999995421791898e-01 +7.6126808808571776e-05 +7.0036736854716991e-05 +6.2447142339213231e-05 +5.4775629842793517e-05 +4.9202204799952077e-05
  5.00000000 +5.0000000000000000e+00 +1.9999996327741840e+00 +1.9300819478417525e-03 +9.9975953824869623e-01 +9.9999993592478187e-01 +9.9999994013605686e-01 +9.9999993853370650e-01 +9.9999994198754605e-01 +6.3317958104700331e-05 +5.4656963829055602e-05 +4.7874337767193917e-05 +4.0972799033150334e-05 +3.3883159673891392e-05
  5.50000000 +5.0000000000000000e+00 +1.9999996419957968e+00 +1.8969343308209890e-03 +9.9984406390732516e-01 +9.9999992349775391e-01 +9.9999992950937777e-01 +9.9999992476839428e-01 +9.9999993204910398e-01 +4.4657284354608785e-05 +3.7404091043347723e-05 +3.1547383819833427e-05 +2.4427171504758208e-05 +1.8190384480395746e-05
  6.00000000 +5.0000000000000000e+00 +1.9999996703551171e+00 +1.8669631034567682e-03 +9.9992126316649121e-01 +9.9999991765391516e-01 +9.9999991999865323e-01 +9.9999991696604740e-01 +9.9999992278739447e-01 +2.7927238692534124e-05 +2.1984439616098405e-05 +1.5198834744906895e-05 +8.6944618612725023e-06 +5.2544224237311247e-06
  6.50000000 +5.0000000000000000e+00 +1.9999996080062361e+00 +1.8492441088142411e-03 +9.9996794531967292e-01 +9.9999990602795463e-01 +9.9999991326917981e-01 +9.9999990532289240e-01 +9.9999991747241723e-01 +1.4018695908854392e-05 +8.0824934975670925e-06 +5.8874453443853389e-06 +3.5063431895958733e-06 +9.1763998685019556e-07
  7.00000000 +5.0000000000000000e+00 +1.9999997605916642e+00 +1.8406472898483703e-03 +9.9999187082515495e-01 +9.9999990117238724e-01 +9.9999991014540557e-01 +9.9999991410032329e-01 +9.9999991002100264e-01 +1.8132921841834302e-06 +2.2608720165366394e-06 -5.6362135292836965e-07 +2.0657698016408535e-06 +2.9174458237544858e-06
  7.50000000 +5.0000000000000000e+00 +1.9999998166530555e+00 +1.8509618135290392e-03 +9.9996768229303279e-01 +9.9999990281578965e-01 +9.9999990765491553e-01 +9.9999991157419621e-01 +9.9999991128884158e-01 +2.9366392585458224e-06 +1.7842009123264538e-06 +8.2791909749239325e-06 +5.5337575436183155e-06 +1.4150514325271635e-05
  8.00000000 +5.0000000000000000e+00 +1.9999995717571171e+00 +1.8697735183307294e-03 +9.9992136091467476e-01 +9.9999990974976150e-01 +9.9999991451875314e-01 +9.9999989520930566e-01 +9.9999989827499824e-01 +7.3691421511617575e-06 +1.0391792099988263e-05 +1.6351867998515000e-05 +1.7881806087403041e-05 +2.7026751989158418e-05
  8.50000000 +5.0000000000000000e+00 +1.9999994781722332e+00 +1.8990569882594956e-03 +9.9984786821076610e-01 +9.9999990237619663e-01 +9.9999990954741824e-01 +9.9999990223052693e-01 +9.9999991316520398e-01 +2.0437939249739096e-05 +2.3947734099443522e-05 +3.1227004191005268e-05 +3.5885538978629732e-05 +4.1006224676928199e-05
  9.00000000 +5.0000000000000000e+00 +1.9999995210953116e+00 +1.9266443231508305e-03 +9.9977745555262820e-01 +9.9999991228783625e-01 +9.9999991088469420e-01 +9.9999988730671963e-01 +9.9999989743783202e-01 +3.0195470852595789e-05 +4.2185166497192041e-05 +4.7152159077030809e-05 +4.9204286491501731e-05 +5.4199493734267108e-05
  9.50000000 +5.0000000000000000e+00 +1.9999991234273504e+00 +1.9562401816238498e-03 +9.9970065871092573e-01 +9.9999988602649381e-01 +9.9999989486254315e-01 +9.9999987681243696e-01 +9.9999988831545827e-01 +5.1347310818936427e-05 +5.9387827849032048e-05 +6.0880116159773925e-05 +6.3430578221480469e-05 +6.4749555007199053e-05
 10.00000000 +5.0000000000000000e+00 +1.9999988315697701e+00 +1.9721510610832566e-03 +9.9965792839373535e-01 +9.9999987227935072e-01 +9.9999987707390792e-01 +9.9999986592186252e-01 +9.9999987271731972e-01 +6.5256581977130102e-05 +7.1000945720312667e-05 +6.9495820786716084e-05 +6.7859038939115077e-05 +6.8971270619879290e-05
 10.50000000 +5.0000000000000000e+00 +1.9999993317588207e+00 +1.9772350129491872e-03 +9.9964222023380400e-01 +9.9999988150132391e-01 +9.9999984397573993e-01 +9.9999986764533355e-01 +9.9999987026134640e-01 +7.5562513736502563e-05 +7.8330812934449782e-05 +7.2646367520595400e-05 +7.2708157937465321e-05 +5.9068485780425879e-05
 11.00000000 +5.0000000000000000e+00 +1.9999985242691456e+00 +1.9720832533641026e-03 +9.9965246116976869e-01 +9.9999984223259319e-01 +9.9999980718450687e-01 +9.9999986347778413e-01 +9.9999980398411825e-01 +8.4006670214421459e-05 +7.9096611290483323e-05 +7.1530710767397386e-05 +6.2957509958239347e-05 +5.0630383082723137e-05
 11.50000000 +5.0000000000000000e+00 +1.9999982579122884e+00 +1.9550473951995104e-03 +9.9969367821808330e-01 +9.9999977532089390e-01 +9.9999978713901017e-01 +9.9999979060753785e-01 +9.9999978014618884e-01 +7.6991845894759059e-05 +7.4160603245841404e-05 +6.2412222816598219e-05 +5.3050401553981583e-05 +4.0573566769297922e-05
 12.00000000 +5.0000000000000000e+00 +1.9999987170872735e+00 +1.9276235820958696e-03 +9.9976238614433355e-01 +9.9999981214544187e-01 +9.9999974038892925e-01 +9.9999976886224529e-01 +9.9999972810386406e-01 +7.2832133622420444e-05 +6.2190491815782841e-05 +4.7818078224339443e-05 +3.3989227384779594e-05 +2.1734357250589025e-05
 12.50000000 +5.0000000000000000e+00 +1.9999980742949099e+00 +1.8922383282780578e-03 +9.9985259211125599e-01 +9.9999976424001413e-01 +9.9999967025330183e-01 +9.9999968700118347e-01 +9.9999975961703691e-01 +5.2952193007049691e-05 +3.9829635005744426e-05 +3.1941688772758695e-05 +1.8052702941699002e-05 +5.7505562918032655e-06
 13.00000000 +5.0000000000000000e+00 +1.9999982010082806e+00 +1.8765472390639361e-03 +9.9989435593355380e-01 +9.9999980441144853e-01 +9.9999968111777060e-01 +9.9999963832278116e-01 +9.9999970178719388e-01 +4.1720071018998198e-05 +2.9131233513025847e-05 +1.9416060099673500e-05 +1.3007893349328058e-05 +3.5432323194324894e-06
 13.50000000 +5.0000000000000000e+00 +1.9999983913670709e+00 +1.8630994783059433e-03 +9.9993141821759601e-01 +9.9999975127312091e-01 +9.9999970205027511e-01 +9.9999971507933849e-01 +9.9999970440100772e-01 +2.6723521714639085e-05 +1.8886104620818897e-05 +1.1723048542437173e-05 +6.6292928006688269e-06 +5.7470453164504096e-06
 14.00000000 +5.0000000000000000e+00 +1.9999987167382540e+00 +1.8555528636021443e-03 +9.9995384301341095e-01 +9.9999970071495137e-01 +9.9999965409820202e-01 +9.9999966695432607e-01 +9.9999961278846383e-01 +1.6600713987446318e-05 +1.0022903318294893e-05 +3.6123014335007326e-06 +1.0972308322310026e-05 +6.3141624122252515e-06
 14.50000000 +5.0000000000000000e+00 +1.9999983857700845e+00 +1.8656166721762143e-03 +9.9993129335007003e-01 +9.9999973729184211e-01 +9.9999984391135444e-01 +9.9999974774578848e-01 +9.9999968416191320e-01 +9.6772460580942395e-06 +9.6495745678951187e-06 +8.1923601747326651e-06 +1.4620380386886810e-05 +2.7553896576555571e-05
 15.00000000 +5.0000000000000000e+00 +1.9999973846878281e+00 +1.8814693303398574e-03 +9.9989358963567609e-01 +9.9999971176745406e-01 +9.9999977415121011e-01 +9.9999969044188131e-01 +9.9999965125230039e-01 +8.3592327250804423e-06 +1.4117553937284011e-05 +1.7519972409718400e-05 +2.8323054089713011e-05 +3.9262917992767561e-05
 15.50000000 +5.0000000000000000e+00 +1.9999968234961474e+00 +1.9026561532657802e-03 +9.9984104289900588e-01 +9.9999974205839570e-01 +9.9999964836150568e-01 +9.9999969723105875e-01 +9.9999965636614840e-01 +6.3131394103665876e-06 +2.5997008160088750e-05 +3.8853321070072095e-05 +4.3229155117405488e-05 +4.5820408732867070e-05
 16.00000000 +5.0000000000000000e+00 +1.9999985509899028e+00 +1.9257087670336891e-03 +9.9978187864269097e-01 +9.9999966025074782e-01 +9.9999970295894469e-01 +9.9999969031697289e-01 +9.9999968466874256e-01 +1.9766348671353322e-05 +4.2771140766959572e-05 +4.0746485507412654e-05 +5.5476046646272005e-05 +6.0623078586995715e-05
 16.50000000 +5.0000000000000000e+00 +1.9999978899612734e+00 +1.9537551787474836e-03 +9.9970868387116574e-01 +9.9999969380156672e-01 +9.9999968398165917e-01 +9.9999957969544406e-01 +9.9999971442590707e-01 +4.3849229820681488e-05 +5.5617685884807547e-05 +6.2739243421044792e-05 +6.4866146477295569e-05 +6.5571923239858559e-05
 17.00000000 +5.0000000000000000e+00 +1.9999984976654219e+00 +1.9676033877626315e-03 +9.9967134645357825e-01 +9.9999985647921408e-01 +9.9999967911827747e-01 +9.9999969518744170e-01 +9.9999970415885620e-01 +6.3142474786760240e-05 +6.4203613279186259e-05 +6.7963345296910706e-05 +6.9014211906550386e-05 +6.5395066459981134e-05
 17.50000000 +5.0000000000000000e+00 +1.9999968847766398e+00 +1.9579382725960076e-03 +9.9969121739618727e-01 +9.9999980296878854e-01 +9.9999977774108662e-01 +9.9999970769448365e-01 +9.9999957404546691e-01 +6.0870046310211638e-05 +7.6763293329082185e-05 +5.8559328688086507e-05 +6.6067035138458959e-05 +4.7660429712193753e-05
 18.00000000 +5.0000000000000000e+00 +1.9999977159707198e+00 +1.9645478065127629e-03 +9.9967122627686011e-01 +9.9999968304299047e-01 +9.9999954389596135e-01 +9.9999971516743569e-01 +9.9999949007669531e-01 +8.1457530764542956e-05 +7.7947294480081356e-05 +6.7331341188466690e-05 +5.2668774739366984e-05 +5.0936563644466077e-05
 18.50000000 +5.0000000000000000e+00 +1.9999977958937849e+00 +1.9458719196364951e-03 +9.9971635924190871e-01 +9.9999969004266520e-01 +9.9999972783409219e-01 +9.9999956608976159e-01 +9.9999961872799992e-01 +7.0203456831930905e-05 +7.9002557717300890e-05 +6.5868277837174573e-05 +4.7088340001044877e-05 +2.2875418038348248e-05
 19.00000000 +5.0000000000000000e+00 +1.9999980090457206e+00 +1.9206244813297401e-03 +9.9977917705020591e-01 +9.9999974380236312e-01 +9.9999947183354609e-01 +9.9999958155407120e-01 +9.9999960891596573e-01 +7.4636596205034027e-05 +5.3835364313969260e-05 +4.3555423274256328e-05 +3.6337524287093138e-05 +1.4051952207052378e-05
 19.50000000 +5.0000000000000000e+00 +1.9999974199549377e+00 +1.9042074395968916e-03 +9.9982090569351634e-01 +9.9999973923089380e-01 +9.9999964732275815e-01 +9.9999949654089126e-01 +9.9999934457243633e-01 +7.2003627834693815e-05 +5.1961739524734418e-05 +4.2039971096959412e-05 +1.7355866344759978e-05 -2.4945640685519202e-06
 20.00000000 +5.0000000000000000e+00 +1.9999958466877834e+00 +1.8823130367639283e-03 +9.9987786907980647e-01 +9.9999964387690032e-01 +9.9999958394870780e-01 +9.9999933358987525e-01 +9.9999918164468227e-01 +5.2323265574398573e-05 +3.2690461162772873e-05 +1.5888692657162707e-05 +1.4906932790805322e-05 +8.5784593453400087e-06
 20.50000000 +5.0000000000000000e+00 +1.9999949469547353e+00 +1.8838664656355860e-03 +9.9987752587735779e-01 +9.9999962858818126e-01 +9.9999958537804279e-01 +9.9999924781505289e-01 +9.9999930103083789e-01 +4.5739677375249591e-05 +2.0942031141228478e-05 +2.9192902694123641e-05 +1.2688180979597781e-05 +1.6148428116850515e-05
 21.00000000 +5.0000000000000000e+00 +1.9999949365414622e+00 +1.8809374522216538e-03 +9.9988906196991600e-01 +9.9999948773189962e-01 +9.9999958744127893e-01 +9.9999958202177863e-01 +9.9999927893121188e-01 +3.2206536348910282e-05 +1.9549981093696886e-05 +1.8946555367205025e-05 +2.1514908737844750e-05 +2.0783939408780465e-05
 21.50000000 +5.0000000000000000e+00 +1.9999942970713067e+00 +1.8823112837393033e-03 +9.9988920861735597e-01 +9.9999960970540691e-01 +9.9999933127673946e-01 +9.9999931808046671e-01 +9.9999927535697697e-01 +1.5378510448569349e-05 +2.0041717988070697e-05 +2.1069252029680448e-05 +1.6466101990016697e-05 +4.0301447473441411e-05
 22.00000000 +5.0000000000000000e+00 +1.9999937690784195e+00 +1.8905731467584121e-03 +9.9987038938928019e-01 +9.9999958648912646e-01 +9.9999955754806613e-01 +9.9999945525348466e-01 +9.9999936132833389e-01 +6.0874112066782376e-06 +1.8314053288674923e-05 +3.1130659296545067e-05 +2.4403682022231354e-05 +5.1714135423209295e-05
 22.50000000 +5.0000000000000000e+00 +1.9999943585694899e+00 +1.9053838485893638e-03 +9.9983420486575536e-01 +9.9999952724732788e-01 +9.9999950400564874e-01 +9.9999934607174001e-01 +9.9999925262924327e-01 +2.2745343928358717e-05 +2.0115555495923358e-05 +3.8099657397768603e-05 +3.9669678249689623e-05 +4.7534892990577482e-05
 23.00000000 +5.0000000000000000e+00 +1.9999923136969178e+00 +1.9178668288869884e-03 +9.9980123233959561e-01 +9.9999975610811143e-01 +9.9999960394107268e-01 +9.9999960086370510e-01 +9.9999957692518349e-01 +1.1272486848286493e-05 +3.6736962917563484e-05 +3.9002891573260583e-05 +5.4179224680151428e-05 +5.9038210129623025e-05
 23.50000000 +5.0000000000000000e+00 +1.9999926514011781e+00 +1.9433895469631499e-03 +9.9973503232456629e-01 +9.9999953666190855e-01 +9.9999922264945595e-01 +9.9999959716868680e-01 +9.9999929387438713e-01 +3.1019572166818633e-05 +6.1328148288105827e-05 +5.3061026840479416e-05 +6.9404883564084895e-05 +5.2503718961370265e-05
 24.00000000 +5.0000000000000000e+00 +1.9999940663116988e+00 +1.9387620794423179e-03 +9.9974463538186420e-01 +9.9999964729950852e-01 +9.9999920154643784e-01 +9.9999956517121780e-01 +9.9999900817117393e-01 +4.8615853274951301e-05 +5.9770193343539026e-05 +5.6833795616611950e-05 +6.2175218771277278e-05 +3.0547306511433230e-05
 24.50000000 +5.0000000000000000e+00 +1.9999935171659531e+00 +1.9528129979709951e-03 +9.9970491261590921e-01 +9.9999968068495959e-01 +9.9999944480242786e-01 +9.9999929370363361e-01 +9.9999932787240786e-01 +6.3971098757685014e-05 +7.3806606032741071e-05 +6.7152295912097272e-05 +4.6756082261307843e-05 +4.5654330176913913e-05
 25.00000000 +5.0000000000000000e+00 +1.9999932221491692e+00 +1.9366034048945951e-03 +9.9974225089261914e-01 +9.9999961453896369e-01 +9.9999938977263536e-01 +9.9999973643268503e-01 +9.9999931034352330e-01 +6.3357707091584716e-05 +6.5765185821397133e-05 +5.1874492113053573e-05 +3.3305199956915087e-05 +4.5395405364000316e-05
 25.50000000 +5.0000000000000000e+00 +1.9999943386889338e+00 +1.9260530812954084e-03 +9.9976768174861641e-01 +9.9999936895986963e-01 +9.9999942999738800e-01 +9.9999895377897108e-01 +9.9999899635046408e-01 +7.7684133147100560e-05 +6.6277832269383039e-05 +5.0757659362179008e-05 +2.8433465226237261e-05 +1.2416042034256549e-05
 26.00000000 +5.0000000000000000e+00 +1.9999944689184181e+00 +1.9187398588084272e-03 +9.9978540527882342e-01 +9.9999981313858677e-01 +9.9999957778920923e-01 +9.9999970347866540e-01 +9.9999884170305375e-01 +6.1709181107184237e-05 +6.2104755659786996e-05 +4.1539849851822199e-05 +2.9010464809716532e-05 +2.2294416961538085e-05
 26.50000000 +5.0000000000000000e+00 +1.9999970410078498e+00 +1.9067435486351950e-03 +9.9981646487643527e-01 +9.9999968141161533e-01 +9.9999971056084480e-01 +1.0000001904935385e+00 +9.9999871204196455e-01 +6.3696173261901931e-05 +3.7011409981139656e-05 +4.1478405576197713e-05 +2.5645748618171684e-05 +1.7408831250838978e-05
 27.00000000 +5.0000000000000000e+00 +1.9999956390963363e+00 +1.8947965020911022e-03 +9.9984669746197441e-01 +9.9999991399993882e-01 +9.9999946388373562e-01 +9.9999893554245733e-01 +9.9999893296551756e-01 +4.7657500211312049e-05 +4.2761846238096489e-05 +3.5930140026356494e-05 +1.2154768662729444e-05 +1.7551916083244474e-05
 27.50000000 +5.0000000000000000e+00 +1.9999981428502613e+00 +1.8840901455570264e-03 +9.9987670869226819e-01 +9.9999978971363990e-01 +9.9999905607127393e-01 +9.9999922081660464e-01 +9.9999884480716461e-01 +3.5322282108959408e-05 +2.0627658430222926e-05 +2.1836224745335805e-05 +1.1701036920888000e-05 +3.6892742352676711e-05
 28.00000000 +5.0000000000000000e+00 +1.9999980199840830e+00 +1.8923683505920246e-03 +9.9985973325109878e-01 +9.9999996898387011e-01 +9.9999936310994786e-01 +9.9999896469840288e-01 +9.9999912993774964e-01 +3.1999154854584366e-05 +3.2958977207587004e-05 +1.6496824232567214e-05 +3.8327787982092263e-05 +2.3057329252105794e-05
 28.50000000 +5.0000000000000000e+00 +1.9999950449737325e+00 +1.8897155888670982e-03 +9.9986606500404895e-01 +9.9999933499993399e-01 +9.9999917751718781e-01 +9.9999882608350688e-01 +9.9999860886633041e-01 +5.2665931183243996e-05 +1.9215552416622825e-06 +1.8169816168016426e-05 +2.0084880914905606e-05 +4.5145350118578846e-05
 29.00000000 +5.0000000000000000e+00 +1.9999955167800352e+00 +1.9172001738130939e-03 +9.9980075951553793e-01 +9.9999945398124057e-01 +9.9999877752166400e-01 +9.9999990652694859e-01 +9.9999921159541982e-01 +2.4745484657207102e-05 +4.1206143562472719e-05 +3.2668717724440582e-05 +5.1354567683805342e-05 +5.1915921050420591e-05
 29.50000000 +5.0000000000000000e+00 +1.9999979184729091e+00 +1.9188942128037917e-03 +9.9979838776085772e-01 +9.9999923326947660e-01 +9.9999923415576175e-01 +9.9999945923042743e-01 +9.9999902481748115e-01 +3.7363197821751657e-05 +1.9067350679421607e-05 +4.2000373399321911e-05 +5.1448819527954558e-05 +5.4780995508561457e-05
 30.00000000 +5.0000000000000000e+00 +1.9999951653089627e+00 +1.9269683594308321e-03 +9.9977641083775493e-01 +1.0000002467089468e+00 +9.9999947051434201e-01 +9.9999931734408776e-01 +9.9999930078619625e-01 +2.8609800300298034e-05 -2.3013501853929529e-07 +7.2502128911605909e-05 +4.4658729810564383e-05 +7.9713268061531496e-05
 30.50000000 +5.0000000000000000e+00 +1.9999913281881045e+00 +1.9250851646614221e-03 +9.9977975779290673e-01 +9.9999937488370005e-01 +9.9999959708848252e-01 +9.9999971607086924e-01 +9.9999923976131488e-01 +3.0692158562009893e-05 +3.4200668333624233e-05 +5.5620469220078488e-05 +5.4886034469139249e-05 +4.6915027532741529e-05
 31.00000000 +5.0000000000000000e+00 +1.9999943287081521e+00 +1.9391525216713283e-03 +9.9974192704158193e-01 +9.9999986818908626e-01 +9.9999860068513169e-01 +9.9999940378851648e-01 +9.9999887565487033e-01 +3.9151801906158011e-05 +3.9862474935681297e-05 +8.2911786548369194e-05 +7.0575284205380565e-05 +2.8823278453109984e-05
 31.50000000 +5.0000000000000000e+00 +1.9999977749405726e+00 +1.9076146067527728e-03 +9.9982094958454915e-01 +9.9999935697148956e-01 +1.0000004029340370e+00 +9.9999909530864473e-01 +9.9999931995522851e-01 +2.2683757607004637e-05 +4.6754508040895885e-05 +3.2325128991424672e-05 +5.6780439720450042e-05 +2.2331475688927837e-05
 32.00000000 +5.0000000000000000e+00 +1.9999964858632298e+00 +1.9310874423603020e-03 +9.9975922515008464e-01 +9.9999892882355368e-01 +9.9999914491596031e-01 +9.9999936267138800e-01 +9.9999915632453762e-01 +5.9279529277768375e-05 +5.2216267545589202e-05 +6.5353321275690373e-05 +4.1269379306429630e-05 +2.6063577772792410e-05
 32.50000000 +5.0000000000000000e+00 +1.9999967261338130e+00 +1.9349426766657656e-03 +9.9974523117252823e-01 +9.9999926445979770e-01 +9.9999887178597369e-01 +9.9999869236694516e-01 +9.9999821243199760e-01 +4.5639282759181630e-05 +6.9726313160582199e-05 +5.1073933665325721e-05 +6.1224270975656243e-05 +3.2063946644427595e-05
 33.00000000 +5.0000000000000000e+00 +2.0000027339536075e+00 +1.8736198524958486e-03 +9.9990235563246155e-01 +9.9999989332561023e-01 +9.9999878388774210e-01 +9.9999916664280952e-01 +9.9999969937929101e-01 +5.1524357846182167e-05 +3.7899386087721436e-05 +3.4980816639476339e-05 -3.4653051298540118e-05 +1.0349636802518242e-05
 33.50000000 +5.0000000000000000e+00 +1.9999993533138947e+00 +1.9099444258222707e-03 +9.9981122221080698e-01 +1.0000001393722622e+00 +9.9999928188753284e-01 +9.9999960243095598e-01 +9.9999867610073012e-01 +6.0422576804735023e-05 +4.5264532942970604e-05 +3.0937575447537100e-05 +2.0765096030754117e-05 +3.3688215203905498e-05
 34.00000000 +5.0000000000000000e+00 +2.0000050894417356e+00 +1.9034465196555805e-03 +9.9982833705401408e-01 +9.9999811262447447e-01 +9.9999914736783835e-01 +9.9999974700233296e-01 +9.9999834618287542e-01 +5.5728976787901322e-05 +2.8801646131574583e-05 +1.0388515105029878e-05 +3.9459781053394171e-05 +4.1930817557471924e-05
 34.50000000 +5.0000000000000000e+00 +2.0000001948496884e+00 +1.8735011494875504e-03 +9.9990453649141786e-01 +9.9999918752731143e-01 +9.9999897565848517e-01 +9.9999858355651161e-01 +9.9999807658668338e-01 +2.7897504096386043e-05 +1.9036338137516073e-05 -1.9987497635810465e-05 +2.1583153441582350e-05 +5.2110671574884456e-05
 35.00000000 +5.0000000000000000e+00 +2.0000032056906818e+00 +1.8977532947296145e-03 +9.9984491044852142e-01 +9.9999955544523189e-01 +1.0000000773509923e+00 +9.9999796099939664e-01 +9.9999904077603397e-01 +4.3943227817888892e-05 +2.1228736345924374e-05 +2.5992350438293558e-05 +2.2504979740795701e-05 +4.4785673468882765e-05
 35.50000000 +5.0000000000000000e+00 +2.0000026651947915e+00 +1.8961304217398453e-03 +9.9985038086932387e-01 +9.9999984962015021e-01 +9.9999999179760835e-01 +9.9999818775366134e-01 +9.9999923767242027e-01 +3.6957962731799966e-05 +2.0252806764319655e-05 +2.4292995925472317e-05 +2.5029255134438255e-05 +4.5819255417820557e-05
 36.00000000 +5.0000000000000000e+00 +2.0000021246743538e+00 +1.8945074750461046e-03 +9.9985585153856948e-01 +1.0000001438084287e+00 +9.9999990624033874e-01 +9.9999841451822402e-01 +9.9999943457774887e-01 +2.9972380404755429e-05 +1.9276832860154618e-05 +2.2593564235215017e-05 +2.7553645169905881e-05 +4.6852884307643359e-05
 36.50000000 +5.0000000000000000e+00 +2.0000015841293677e+00 +1.8928844546433712e-03 +9.9986132245627524e-01 +1.0000004380100682e+00 +9.9999982067918336e-01 +9.9999864129308558e-01 +9.9999963149202020e-01 +2.2986480815143203e-05 +1.8300814630409795e-05 +2.0894055362263927e-05 +3.0078149855008569e-05 +4.7886560141549038e-05
 37.00000000 +5.0000000000000000e+00 +2.0000010435598310e+00 +1.8912613605266237e-03 +9.9986679362245789e-01 +1.0000007322250695e+00 +9.9999973511414197e-01 +9.9999886807824678e-01 +9.9999982841523471e-01 +1.6000263941349231e-05 +1.7324752072065417e-05 +1.9194469301360847e-05 +3.2602769197557019e-05 +4.8920282922735708e-05
 37.50000000 +5.0000000000000000e+00 +2.0000012209520697e+00 +1.8887155201959083e-03 +9.9987183077550257e-01 +1.0000001732893844e+00 +9.9999966725087552e-01 +9.9999877471461907e-01 +9.9999935024127040e-01 +2.2558407653486244e-05 +1.8770069454855046e-05 +2.7773213674409492e-05 +3.2646429375753172e-05 +2.8455602148308074e-05
 38.00000000 +5.0000000000000000e+00 +2.0000013983292195e+00 +1.8861698964174147e-03 +9.9987686750008109e-01 +9.9999961440124296e-01 +9.9999959939338134e-01 +9.9999868135893299e-01 +9.9999887210798022e-01 +2.9115993522079550e-05 +2.0215263897220376e-05 +3.6351228329206811e-05 +3.2690085840162385e-05 +7.9926621240904097e-06
 38.50000000 +5.0000000000000000e+00 +2.0000015756912823e+00 +1.8836244891635139e-03 +9.9988190379624775e-01 +9.9999905556063928e-01 +9.9999953154165899e-01 +9.9999858801118746e-01 +9.9999839401535884e-01 +3.5673021618302386e-05 +2.1660335414846924e-05 +4.4928513358854904e-05 +3.2733738591258479e-05 -1.2468537372013274e-05
 39.00000000 +5.0000000000000000e+00 +2.0000017530382594e+00 +1.8810792984065810e-03 +9.9988693966405773e-01 +9.9999849676756714e-01 +9.9999946369570791e-01 +9.9999849467138147e-01 +9.9999791596340115e-01 +4.2229492013315877e-05 +2.3105284023417554e-05 +5.3505068856440030e-05 +3.2777387629515198e-05 -3.2927996562061197e-05
 39.50000000 +5.0000000000000000e+00 +2.0000002534886594e+00 +1.8894346080936307e-03 +9.9986512997722510e-01 +9.9999923784528655e-01 +9.9999931497903505e-01 +9.9999838704950994e-01 +9.9999779272696931e-01 +5.0753287544859973e-05 +3.3515999415442528e-05 +4.2412572088205442e-05 +3.1127428661940310e-05 -1.7671864880284487e-05
 40.00000000 +5.0000000000000000e+00 +1.9999987542109232e+00 +1.8977884029811583e-03 +9.9984332424444111e-01 +9.9999997878864999e-01 +9.9999916628932395e-01 +9.9999827944714992e-01 +9.9999766951287961e-01 +5.9275537730764488e-05 +4.3924827367350448e-05 +3.1322086365572452e-05 +2.9477768828347051e-05 -2.4184991020872094e-06
 40.50000000 +5.0000000000000000e+00 +1.9999972552049787e+00 +1.9061406834810725e-03 +9.9982152246463107e-01 +1.0000007195976945e+00 +9.9999901762656784e-01 +9.9999817186429629e-01 +9.9999754632112636e-01 +6.7796242991243079e-05 +5.4331768392377997e-05 +2.0233611141693331e-05 +2.7828408047394293e-05 +1.2832101524640932e-05
 41.00000000 +5.0000000000000000e+00 +1.9999957564707520e+00 +1.9144914500051310e-03 +9.9979972463672018e-01 +1.0000014602724563e+00 +9.9999886899075918e-01 +9.9999806430094396e-01 +9.9999742315170392e-01 +7.6315403746357030e-05 +6.4736823003575783e-05 +9.1471458699185940e-06 +2.6179346237770389e-05 +2.8079937751737583e-05
 41.50000000 +5.0000000000000000e+00 +1.9999974320117955e+00 +1.9148070166903194e-03 +9.9980091291674089e-01 +1.0000006734161371e+00 +9.9999870034248739e-01 +9.9999806917954703e-01 +9.9999796919561701e-01 +7.1737704667360305e-05 +4.7366628302118131e-05 +1.5495724561543241e-05 +3.1885435768516300e-05 +3.7189469670394420e-05
 42.00000000 +5.0000000000000000e+00 +1.9999991076706303e+00 +1.9151226055600073e-03 +9.9980210128029845e-01 +9.9999988650450145e-01 +9.9999853168235964e-01 +9.9999807405849295e-01 +9.9999851527791750e-01 +6.7159683773773901e-05 +2.9995212467076986e-05 +2.1844749561501277e-05 +3.7591926440278557e-05 +4.6299641993810494e-05
 42.50000000 +5.0000000000000000e+00 +2.0000007834472684e+00 +1.9154382166165337e-03 +9.9980328972740107e-01 +9.9999909953754329e-01 +9.9999836301037448e-01 +9.9999807893778148e-01 +9.9999906139860895e-01 +6.2581341031661016e-05 +1.2622575369678336e-05 +2.8194220916857901e-05 +4.3298818295359246e-05 +5.5410454789519358e-05
 43.00000000 +5.0000000000000000e+00 +2.0000024593417236e+00 +1.9157538498622401e-03 +9.9980447825805852e-01 +9.9999831251525750e-01 +9.9999819432653092e-01 +9.9999808381741373e-01 +9.9999960755769590e-01 +5.8002676407080118e-05 -4.7512831188699178e-06 +3.4544138674684969e-05 +4.9006111376066469e-05 +6.4521908125064081e-05
 43.50000000 +5.0000000000000000e+00 +2.0000002779705297e+00 +1.9154147621134108e-03 +9.9980457036087877e-01 +9.9999828808781355e-01 +9.9999850744729990e-01 +9.9999816907229111e-01 +1.0000001751117635e+00 +3.9925823647100550e-05 +2.0972449841331853e-05 +3.0881510802337295e-05 +5.3623401299459461e-05 +5.4886762229297437e-05
 44.00000000 +5.0000000000000000e+00 +1.9999980966418216e+00 +1.9150756809689418e-03 +9.9980466246190491e-01 +9.9999826366084521e-01 +9.9999882056196987e-01 +9.9999825432550804e-01 +1.0000007426547770e+00 +2.1849322967223109e-05 +4.6695681784312992e-05 +2.7218954266433657e-05 +5.8240601292601361e-05 +4.5251803995796762e-05
 44.50000000 +5.0000000000000000e+00 +1.9999959153555991e+00 +1.9147366064286406e-03 +9.9980475456113749e-01 +9.9999823923435271e-01 +9.9999913367054150e-01 +9.9999833957706474e-01 +1.0000013101867367e+00 +3.7731743571617615e-06 +7.2418412724710728e-05 +2.3556469064889967e-05 +6.2857711358119462e-05 +3.5617033419079551e-05
 45.00000000 +5.0000000000000000e+00 +1.9999937341118601e+00 +1.9143975384923136e-03 +9.9980484665857627e-01 +9.9999821480833628e-01 +9.9999944677301522e-01 +9.9999842482696089e-01 +1.0000018777076429e+00 -1.4302622193369100e-05 +9.8140642677161698e-05 +1.9894055195622212e-05 +6.7474731498641023e-05 +2.5982450493663430e-05
 45.50000000 +5.0000000000000000e+00 +1.9999931951674628e+00 +1.9153792776769255e-03 +9.9980113611897037e-01 +9.9999853642243131e-01 +1.0000003324548055e+00 +9.9999815271314663e-01 +1.0000002159606989e+00 -4.1563299135605341e-06 +9.7388088026997689e-05 +2.5850894405754444e-05 +6.2273041308996308e-05 +2.0270661462968848e-05
 46.00000000 +5.0000000000000000e+00 +1.9999926561663415e+00 +1.9163611201906767e-03 +9.9979742518882619e-01 +9.9999885807037681e-01 +1.0000012182298146e+00 +9.9999788057069183e-01 +9.9999855403885385e-01 +5.9910302747744586e-06 +9.6635454169621303e-05 +3.1808360579826567e-05 +5.7070803635684441e-05 +1.4558271260137804e-05
 46.50000000 +5.0000000000000000e+00 +1.9999921171084867e+00 +1.9173430660498810e-03 +9.9979371386808180e-01 +9.9999917975217767e-01 +1.0000021040980571e+00 +9.9999760839959251e-01 +9.9999689194208052e-01 +1.6139458540242586e-05 +9.5882741092526906e-05 +3.7766453816826773e-05 +5.1868018392265980e-05 +8.8452797902542526e-06
 47.00000000 +5.0000000000000000e+00 +1.9999915779938890e+00 +1.9183251152708562e-03 +9.9979000215667602e-01 +9.9999950146783945e-01 +1.0000029900595486e+00 +9.9999733619984377e-01 +9.9999522967035159e-01 +2.6288955051486053e-05 +9.5129948783206233e-05 +4.3725174215764074e-05 +4.6664685492283283e-05 +3.1316869583821626e-06
 47.50000000 +5.0000000000000000e+00 +1.9999914304163264e+00 +1.9181572840271204e-03 +9.9979179354040493e-01 +9.9999979709081399e-01 +1.0000017355049156e+00 +9.9999738729639065e-01 +9.9999506746002464e-01 +2.9985099715401126e-05 +8.0030587640763623e-05 +4.1371281687957981e-05 +4.9654497775575319e-05 +1.3177653665116983e-05
 48.00000000 +5.0000000000000000e+00 +1.9999912828420685e+00 +1.9179894565420485e-03 +9.9979358488401449e-01 +1.0000000927071677e+00 +1.0000004809783785e+00 +9.9999743839179289e-01 +9.9999490525333057e-01 +3.3681161602310477e-05 +6.4931564656054856e-05 +3.9017441876750633e-05 +5.2644243100528070e-05 +2.3223395387410151e-05
 48.50000000 +5.0000000000000000e+00 +1.9999911352711162e+00 +1.9178216328155160e-03 +9.9979537618750713e-01 +1.0000003883169013e+00 +9.9999922647993733e-01 +9.9999748948605127e-01 +9.9999474305026936e-01 +3.7377140714994850e-05 +4.9832879817720272e-05 +3.6663654780371170e-05 +5.5633921469390884e-05 +3.3268912132819559e-05
 49.00000000 +5.0000000000000000e+00 +1.9999909877034685e+00 +1.9176538128473947e-03 +9.9979716745088332e-01 +1.0000006839200148e+00 +9.9999797200959051e-01 +9.9999754057916523e-01 +9.9999458085084048e-01 +4.1073037056234815e-05 +3.4734533114400651e-05 +3.4309920397048737e-05 +5.8623532884412938e-05 +4.3314203908902722e-05
 49.50000000 +5.0000000000000000e+00 +1.9999890721157416e+00 +1.9110357472373123e-03 +9.9981242528925529e-01 +9.9999981669978988e-01 +9.9999810829359581e-01 +9.9999698561010542e-01 +9.9999584332562774e-01 +3.9338682511071472e-05 +3.7597694250698311e-05 +2.2577447379434176e-05 +4.9476110511874837e-05 +4.7830869723041247e-05
 50.00000000 +5.0000000000000000e+00 +1.9999871568926417e+00 +1.9044189413561674e-03 +9.9982768022334334e-01 +9.9999894964463798e-01 +9.9999824455165953e-01 +9.9999643074668232e-01 +9.9999710556010668e-01 +3.7604658095093476e-05 +4.0460310392861955e-05 +1.0847207602866081e-05 +4.0330429323746952e-05 +5.2346675803390140e-05
 50.50000000 +5.0000000000000000e+00 +1.9999852420340640e+00 +1.8978033948443159e-03 +9.9984293225397680e-01 +9.9999808275451141e-01 +9.9999838078378944e-01 +9.9999587598886552e-01 +9.9999836755434590e-01 +3.5870963714051154e-05 +4.3322381696483756e-05 -8.8079957023098570e-07 +3.1186488822932763e-05 +5.6861622395397648e-05
 51.00000000 +5.0000000000000000e+00 +1.9999833275399046e+00 +1.8911891073422507e-03 +9.9985818138198490e-01 +9.9999721602936364e-01 +9.9999851698999331e-01 +9.9999532133662561e-01 +9.9999962930841424e-01 +3.4137599273730685e-05 +4.6183908317096703e-05 -1.2606574777189764e-05 +2.2044288512524927e-05 +6.1375709744418633e-05
 51.50000000 +5.0000000000000000e+00 +1.9999836713398345e+00 +1.8843512455391260e-03 +9.9987612361086275e-01 +9.9999681829758402e-01 +9.9999861932564271e-01 +9.9999612306182084e-01 +9.9999773025227578e-01 +3.6838473886474836e-05 +4.0670581332347015e-05 -2.1065961037472031e-05 +2.9748252044452750e-05 +4.8394083475401489e-05
 52.00000000 +5.0000000000000000e+00 +1.9999840151176580e+00 +1.8775138234095870e-03 +9.9989406468605790e-01 +9.9999642059137883e-01 +9.9999872165471237e-01 +9.9999692473546586e-01 +9.9999583131824687e-01 +3.9539174833348193e-05 +3.5157608853773716e-05 -2.9524803360366590e-05 +3.7451720212571714e-05 +3.5413291923190490e-05
 52.50000000 +5.0000000000000000e+00 +1.9999843588733779e+00 +1.8706768409112282e-03 +9.9991200460768170e-01 +9.9999602291074519e-01 +9.9999882397720252e-01 +9.9999772635756490e-01 +9.9999393250631530e-01 +4.2239702131100236e-05 +2.9644990847185844e-05 -3.7983101798334409e-05 +4.5154693064658000e-05 +2.2433335007279936e-05
 53.00000000 +5.0000000000000000e+00 +1.9999847026069955e+00 +1.8638402980016499e-03 +9.9992994337584473e-01 +9.9999562525568042e-01 +9.9999892629311327e-01 +9.9999852792812294e-01 +9.9999203381646873e-01 +4.4940055796478311e-05 +2.4132727278396850e-05 -4.6440856403829691e-05 +5.2857170648481693e-05 +9.4542126471744997e-06
 53.50000000 +5.0000000000000000e+00 +1.9999811618698784e+00 +1.8830777692996545e-03 +9.9987895375853697e-01 +9.9999625923542279e-01 +9.9999883060939954e-01 +9.9999929667913745e-01 +9.9999518597311177e-01 +6.0891154365364312e-05 +2.6050583787996114e-05 -7.7029925197368825e-06 +3.4802020080938184e-05 +1.7432955044702351e-05
 54.00000000 +5.0000000000000000e+00 +1.9999776224430581e+00 +1.9023081215171892e-03 +9.9982798301061060e-01 +9.9999689298055261e-01 +9.9999873496109482e-01 +1.0000000651456653e+00 +9.9999833696325746e-01 +7.6836350019436999e-05 +2.7967730569450237e-05 +3.1020535905919011e-05 +1.6753551060454365e-05 +2.5408744803169851e-05
 54.50000000 +5.0000000000000000e+00 +1.9999740843258071e+00 +1.9215313586052876e-03 +9.9977703112159366e-01 +9.9999752649120011e-01 +9.9999863934817945e-01 +1.0000008333278645e+00 +1.0000014867875533e+00 +9.2775646034767652e-05 +2.9884168016652749e-05 +6.9729736829204580e-05 -1.2882401211758040e-06 +3.3381583561268452e-05
 55.00000000 +5.0000000000000000e+00 +1.9999705475173988e+00 +1.9407474845120603e-03 +9.9972609808102131e-01 +9.9999815976749529e-01 +9.9999854377063380e-01 +1.0000016012258930e+00 +1.0000046354466463e+00 +1.0870904568500371e-04 +3.1799896523205763e-05 +1.0842461820030020e-04 -1.9323357169414841e-05 +4.1351472956477196e-05
 55.50000000 +5.0000000000000000e+00 +1.9999749010622312e+00 +1.9333994879001965e-03 +9.9974740019533714e-01 +1.0000005877019313e+00 +9.9999830864268124e-01 +1.0000021540325357e+00 +1.0000027100791895e+00 +9.4191972254690622e-05 +3.3306372145312514e-05 +8.2451926319351411e-05 -6.0914824078241608e-06 +4.4980531510351004e-05
 56.00000000 +5.0000000000000000e+00 +1.9999792557422518e+00 +1.9260495752969520e-03 +9.9976870786418293e-01 +1.0000030162694520e+00 +9.9999807345341885e-01 +1.0000027069833228e+00 +1.0000007842096927e+00 +7.9671113494982703e-05 +3.4813240581196932e-05 +5.6472462054525687e-05 +7.1438425673873397e-06 +4.8610536341867170e-05
 56.50000000 +5.0000000000000000e+00 +1.9999836115579037e+00 +1.9186977459528360e-03 +9.9979002108973158e-01 +1.0000054454703047e+00 +9.9999783820282284e-01 +1.0000032600783109e+00 +9.9999885783795983e-01 +6.5146467925148975e-05 +3.6320501984518458e-05 +3.0486222756627244e-05 +2.0382619105861313e-05 +5.2241487821187040e-05
 57.00000000 +5.0000000000000000e+00 +1.9999879685096313e+00 +1.9113439991179679e-03 +9.9981133987415705e-01 +1.0000078753047370e+00 +9.9999760289086936e-01 +1.0000038133175559e+00 +9.9999693096379394e-01 +5.0618034063686031e-05 +3.7828156509016661e-05 +4.4932057750783877e-06 +3.3624848557943430e-05 +5.5873386318665044e-05
 57.50000000 +5.0000000000000000e+00 +1.9999860031129437e+00 +1.9130100005814014e-03 +9.9980810793829211e-01 +1.0000042028650944e+00 +9.9999721425153965e-01 +1.0000031167473467e+00 +9.9999651558533675e-01 +4.4385249956168681e-05 +3.7502371017727670e-05 +1.5575755591224089e-05 +3.1444234411602141e-05 +6.1934983481240965e-05
 58.00000000 +5.0000000000000000e+00 +1.9999840386555900e+00 +1.9146752058030751e-03 +9.9980487754708547e-01 +1.0000005321806427e+00 +9.9999682579795501e-01 +1.0000024205100531e+00 +9.9999610040540376e-01 +3.8155444719379286e-05 +3.7176741230991717e-05 +2.6653008659934142e-05 +2.9264662458851623e-05 +6.7993683589460317e-05
 58.50000000 +5.0000000000000000e+00 +1.9999820751368966e+00 +1.9163396153536799e-03 +9.9980164869942967e-01 +9.9999686325012338e-01 +9.9999643752998191e-01 +1.0000017246054369e+00 +9.9999568542385298e-01 +3.1928616218264563e-05 +3.6851267037210287e-05 +3.7724968777559272e-05 +2.7086131952717918e-05 +7.4049488719735940e-05
 59.00000000 +5.0000000000000000e+00 +1.9999801125561902e+00 +1.9180032298033631e-03 +9.9979842139421815e-01 +9.9999319607227954e-01 +9.9999604944748688e-01 +1.0000010290332595e+00 +9.9999527064054172e-01 +2.5704762319811083e-05 +3.6525948324891494e-05 +4.8791639736823087e-05 +2.4908642146940737e-05 +8.0102400946496829e-05
 59.50000000 +5.0000000000000000e+00 +1.9999787092675139e+00 +1.9209071222249000e-03 +9.9978862498981980e-01 +9.9999498320214752e-01 +9.9999826888926580e-01 +1.0000000292920646e+00 +9.9999469387807050e-01 +2.6083376718252714e-05 +4.6245068252475200e-05 +5.6827836007539186e-05 +1.3031769589905984e-05 +8.1211682281702834e-05
 60.00000000 +5.0000000000000000e+00 +1.9999773057584569e+00 +1.9238114706903852e-03 +9.9977882704693732e-01 +9.9999677061267656e-01 +1.0000004886795983e+00 +9.9999902939386409e-01 +9.9999411702502072e-01 +2.6462050576474647e-05 +5.5965714526489527e-05 +6.4865294328686298e-05 +1.1530318205711759e-06 +8.2321137824822613e-05
 60.50000000 +5.0000000000000000e+00 +1.9999759020289676e+00 +1.9267162753072579e-03 +9.9976902756520891e-01 +9.9999855830393269e-01 +1.0000027088185670e+00 +9.9999802933862170e-01 +9.9999354008137153e-01 +2.6840783908484844e-05 +6.5687887506522060e-05 +7.2904014997587243e-05 -1.0727571600483672e-05 +8.3430767616897339e-05
 61.00000000 +5.0000000000000000e+00 +1.9999744980789942e+00 +1.9296215361829898e-03 +9.9975922654427218e-01 +1.0000003462759823e+00 +1.0000049293062541e+00 +9.9999702912630051e-01 +9.9999296304710195e-01 +2.7219576728295662e-05 +7.5411587552273314e-05 +8.0943998311658276e-05 -2.2610041112816590e-05 +8.4540571698981070e-05
 61.50000000 +5.0000000000000000e+00 +1.9999726253114802e+00 +1.9326538211466467e-03 +9.9975149163415833e-01 +9.9999796731742163e-01 +1.0000025723531494e+00 +9.9999675960326484e-01 +9.9999432724660631e-01 +2.3873766512375575e-05 +8.9692650545889938e-05 +8.0198488110020508e-05 -1.4735113259898607e-05 +7.7852044812024818e-05
 62.00000000 +5.0000000000000000e+00 +1.9999707530209818e+00 +1.9356853337540098e-03 +9.9974375869421162e-01 +9.9999558896480789e-01 +1.0000002160003865e+00 +9.9999649014888004e-01 +9.9999569109863418e-01 +2.0528808511076083e-05 +1.0397007599586381e-04 +7.9453167798021625e-05 -6.8621912376223282e-06 +7.1165221566349917e-05
 62.50000000 +5.0000000000000000e+00 +1.9999688812073146e+00 +1.9387160743001319e-03 +9.9973602772367831e-01 +9.9999321121790941e-01 +9.9999786024773574e-01 +9.9999622076311911e-01 +9.9999705460331789e-01 +1.7184702398836014e-05 +1.1824386529180143e-04 +7.8708037303120356e-05 +1.0087257202753133e-06 +6.4480101311134984e-05
 63.00000000 +5.0000000000000000e+00 +1.9999670098702982e+00 +1.9417460430799177e-03 +9.9972829872180702e-01 +9.9999083407649525e-01 +9.9999550509496893e-01 +9.9999595144595643e-01 +9.9999841776079079e-01 +1.3841447850259993e-05 +1.3251401982260157e-04 +7.7963096552812470e-05 +8.8776383796671281e-06 +5.7796683395890157e-05
 63.50000000 +5.0000000000000000e+00 +1.9999703952818717e+00 +1.9227017691142447e-03 +9.9977989108931320e-01 +9.9999394482005000e-01 +9.9999907134860533e-01 +9.9999682376200372e-01 +9.9999836557699440e-01 +2.2163447155105506e-05 +1.1139028254305888e-04 +6.0681905075016124e-05 +4.1714975396954364e-06 +3.3496257114591159e-05
 64.00000000 +5.0000000000000000e+00 +1.9999737818874457e+00 +1.9036507784287045e-03 +9.9983150165291801e-01 +9.9999705666073235e-01 +1.0000026388600234e+00 +9.9999769638570823e-01 +9.9999831337479372e-01 +3.0488381543649597e-05 +9.0259095138291347e-05 +4.3394618698441219e-05 -5.3630310782449213e-07 +9.1872603224769100e-06
 64.50000000 +5.0000000000000000e+00 +1.9999771696876507e+00 +1.8845930674692927e-03 +9.9988313042224919e-01 +1.0000001695991223e+00 +1.0000062076298877e+00 +9.9999856931723241e-01 +9.9999826115417856e-01 +3.8816252568926964e-05 +6.9120453666229802e-05 +2.6101234198106681e-05 -5.2457644411431519e-06 -1.5130311515349038e-05
 65.00000000 +5.0000000000000000e+00 +1.9999805586831203e+00 +1.8655286326794982e-03 +9.9993477740694126e-01 +1.0000032836358013e+00 +1.0000097776588646e+00 +9.9999944255673923e-01 +9.9999820891513902e-01 +4.7147061785068152e-05 +4.7974354182023450e-05 +8.8017483467558733e-06 -9.9568873391307525e-06 -3.9456462936983076e-05
 65.50000000 +5.0000000000000000e+00 +1.9999824103529655e+00 +1.8775074709349601e-03 +9.9990467832084262e-01 +1.0000004138231817e+00 +1.0000076976332530e+00 +9.9999804499017542e-01 +9.9999883218902685e-01 +2.7941482985275708e-05 +5.5696854690312878e-05 +3.7322376020494783e-05 -9.7562479543059686e-06 -2.0871430032352932e-05
 66.00000000 +5.0000000000000000e+00 +1.9999842622370922e+00 +1.8894876954176599e-03 +9.9987457575158700e-01 +9.9999754367845928e-01 +1.0000056173669347e+00 +9.9999664726188087e-01 +9.9999945553504166e-01 +8.7336816580667751e-06 +6.3420248869617500e-05 +6.5846304187158216e-05 -9.5555853508873450e-06 -2.2842464117460747e-06
 66.50000000 +5.0000000000000000e+00 +1.9999861143355371e+00 +1.9014693063682385e-03 +9.9984446969856999e-01 +9.9999467320157565e-01 +1.0000035368598683e+00 +9.9999524937182793e-01 +1.0000000789531962e+00 -1.0476342582377308e-05 +7.1144536875073771e-05 +9.4373533419693818e-05 -9.3548995248442635e-06 +1.6305088298190097e-05
 67.00000000 +5.0000000000000000e+00 +1.9999879666483369e+00 +1.9134523040273926e-03 +9.9981436016118663e-01 +9.9999180239247321e-01 +1.0000014561120110e+00 +9.9999385131998797e-01 +1.0000007024435029e+00 -2.9688590121964526e-05 +7.8869718861853988e-05 +1.2290406429118179e-04 -9.1541904721451642e-06 +3.4896574470894600e-05
 67.50000000 +5.0000000000000000e+00 +1.9999837224911348e+00 +1.9148561155758871e-03 +9.9980745480706756e-01 +9.9999387004148910e-01 +1.0000010060654672e+00 +9.9999666518752628e-01 +1.0000017352670978e+00 +4.7438485146992679e-06 +5.8182347122028332e-05 +9.0256804836051698e-05 +7.4969249833848298e-06 +3.8588709845278061e-05
 68.00000000 +5.0000000000000000e+00 +1.9999794773671051e+00 +1.9162602469154288e-03 +9.9980054787989514e-01 +9.9999593816151955e-01 +1.0000005559164016e+00 +9.9999947969606928e-01 +1.0000027683259718e+00 +3.9184130928984522e-05 +3.7490262758005121e-05 +5.7602108270648416e-05 +2.4151833595947952e-05 +4.2281686295402063e-05
 68.50000000 +5.0000000000000000e+00 +1.9999752312759183e+00 +1.9176646981553041e-03 +9.9979363937913202e-01 +9.9999800675272543e-01 +1.0000001056647800e+00 +1.0000022948458362e+00 +1.0000038016202060e+00 +7.3632259801438666e-05 +1.6793464159283261e-05 +2.4939972053399795e-05 +4.0810536661824874e-05 +4.5975504108697439e-05
 69.00000000 +5.0000000000000000e+00 +1.9999709842172424e+00 +1.9190694694048481e-03 +9.9978672930423995e-01 +1.0000000758152678e+00 +9.9999965531056645e-01 +1.0000051106370456e+00 +1.0000048351498796e+00 +1.0808823781383060e-04 -3.9080502853722844e-06 -7.7296063584245220e-06 +5.7473035477886962e-05 +4.9670163572725952e-05
 69.50000000 +5.0000000000000000e+00 +1.9999674779727794e+00 +1.9301382839946710e-03 +9.9976110424599041e-01 +9.9999662471833917e-01 +9.9999804525793090e-01 +1.0000052029901123e+00 +9.9999849683764042e-01 +1.0939494454519656e-04 +1.6530488548621496e-05 +2.6194834084775915e-06 +4.9442412071879554e-05 +6.2538618939578439e-05
 70.00000000 +5.0000000000000000e+00 +1.9999639720074023e+00 +1.9412062175440574e-03 +9.9973548122740941e-01 +9.9999317389610676e-01 +9.9999643533345040e-01 +1.0000052953358285e+00 +9.9999215902991001e-01 +1.1070154726709885e-04 +3.6967400543622020e-05 +1.2967749422619571e-05 +4.1412427876502779e-05 +7.5406050020637131e-05
 70.50000000 +5.0000000000000000e+00 +1.9999604663210755e+00 +1.9522732701581938e-03 +9.9970986024825303e-01 +9.9998972334853653e-01 +9.9999482553710894e-01 +1.0000053876741943e+00 +9.9998582172662720e-01 +1.1200804599195507e-04 +5.7402685893857902e-05 +2.3315191782349424e-05 +3.3383082815441118e-05 +8.8272456938191668e-05
 71.00000000 +5.0000000000000000e+00 +1.9999569609137684e+00 +1.9633394419422520e-03 +9.9968424130827849e-01 +9.9998627307559662e-01 +9.9999321586889178e-01 +1.0000054800052107e+00 +9.9997948492773236e-01 +1.1331444073218104e-04 +7.7836344793526892e-05 +3.3661810585999515e-05 +2.5354376812391265e-05 +1.0113783981451230e-04
 71.50000000 +5.0000000000000000e+00 +1.9999581277319509e+00 +1.9631190366023884e-03 +9.9968390537163376e-01 +9.9998895190754911e-01 +9.9999509651337570e-01 +1.0000033498297025e+00 +9.9998293009159844e-01 +1.0214532750895282e-04 +6.3699038551755715e-05 +5.1276359608866565e-05 +4.3057199757161317e-05 +8.5588361145230374e-05
 72.00000000 +5.0000000000000000e+00 +1.9999592943611861e+00 +1.9628986669535278e-03 +9.9968356948938830e-01 +9.9999163030570903e-01 +9.9999697685332001e-01 +1.0000012199991413e+00 +9.9998637469757645e-01 +9.0978022939092041e-05 +4.9564021613175383e-05 +6.8888056246520023e-05 +6.0757156022214457e-05 +7.0041400457134185e-05
 72.50000000 +5.0000000000000000e+00 +1.9999604608015207e+00 +1.9626783329870024e-03 +9.9968323366152956e-01 +9.9999430827018188e-01 +9.9999885688879941e-01 +9.9999909051344338e-01 +9.9998981874580339e-01 +7.9812526583312044e-05 +3.5431293421758719e-05 +8.6496901191748836e-05 +7.8454246303811485e-05 +5.4496957138655105e-05
 73.00000000 +5.0000000000000000e+00 +1.9999616270529996e+00 +1.9624580346941463e-03 +9.9968289788804310e-01 +9.9999698580107266e-01 +1.0000007366198869e+00 +9.9999696137252403e-01 +9.9999326223641338e-01 +6.8648838002468264e-05 +2.1300853421658520e-05 +1.0410289513711752e-04 +9.6148471297987617e-05 +3.8955030578422453e-05
 73.50000000 +5.0000000000000000e+00 +1.9999627931156696e+00 +1.9622377720662958e-03 +9.9968256216891660e-01 +9.9999966289848685e-01 +1.0000026160466573e+00 +9.9999483257630040e-01 +9.9999670516954253e-01 +5.7486956757558472e-05 +7.1727010572075916e-06 +1.2170603877496641e-04 +1.1383983170055285e-04 +2.3415620165263600e-05
 74.00000000 +5.0000000000000000e+00 +1.9999639589895759e+00 +1.9620175450947917e-03 +9.9968222650413696e-01 +1.0000023395625297e+00 +1.0000044951691838e+00 +9.9999270412468866e-01 +1.0000001475453262e+00 +4.6326882409722477e-05 -6.9531642270813691e-06 +1.3930633279741168e-04 +1.3152832820709185e-04 +7.8787252882037223e-06
 74.50000000 +5.0000000000000000e+00 +1.9999651246747649e+00 +1.9617973537709756e-03 +9.9968189089369064e-01 +1.0000050157933065e+00 +1.0000063739875409e+00 +9.9999057601760510e-01 +1.0000035893638994e+00 +3.5168614520242194e-05 -2.1076742986515824e-05 +1.5690377789634544e-04 +1.4921396151296404e-04 -7.6556546635341820e-06
 75.00000000 +5.0000000000000000e+00 +1.9999662901712822e+00 +1.9615771980861937e-03 +9.9968155533756420e-01 +1.0000076915909224e+00 +1.0000082525018021e+00 +9.9998844825496569e-01 +1.0000070306253976e+00 +2.4012152650541543e-05 -3.5198035776223480e-05 +1.7449837476343581e-04 +1.6689673231330378e-04 -2.3187520300529406e-05
