#PATCH_CHECK: SepMBpoisson v0.61 exact-bernoulli stratified-backward active
#discretizing the bath:
#     0 0.0000000000000000e+00 -6.3189999999999946e-01
#     1 1.0540925533894598e-02 -1.6996561506240432e-01
#     2 1.0540925533894598e-02 -1.6882482674617255e-01
#     3 1.0540925533894598e-02 -1.6768185070114391e-01
#     4 1.0540925533894598e-02 -1.6653669110678335e-01
#     5 1.0540925533894598e-02 -1.6538935211869343e-01
#     6 1.0540925533894598e-02 -1.6423983786884044e-01
#     7 1.0540925533894598e-02 -1.6308815246577779e-01
#     8 1.0540925533894598e-02 -1.6193429999486608e-01
#     9 1.0540925533894598e-02 -1.6077828451849061e-01
#sampling: jump_strength=2.6352313834736501e-02 jump_probability=2.5675699737331869e-02 log_scale=2.6011073609002566e-02 back_replicas=4 stratify_forward=0
#adaptive measurement: gap=1.1473389880899132e-03 period_steps=10953 nmeas=150 nwf=150 tmax=7.5000000000000000e+01 forced_stride=0
  0.00000000 +5.0000000000000000e+00 +1.9999999999999998e+00 +1.8374661879283106e-03 +1.0000000000000000e+00 +1.0000000000000000e+00 +1.0000000000000000e+00 +1.0000000000000000e+00 +1.0000000000000000e+00 +0.0000000000000000e+00 +0.0000000000000000e+00 +0.0000000000000000e+00 +0.0000000000000000e+00 +0.0000000000000000e+00
  0.50000000 +5.0000000000000000e+00 +1.9999999995270314e+00 +1.8916180615436320e-03 +9.9986252151156607e-01 +9.9999999999559441e-01 +9.9999999999559441e-01 +9.9999999999559441e-01 +9.9999999999559441e-01 +2.6727872027893034e-05 +2.7922866913218621e-05 +2.7760650412948176e-05 +2.7565990612623649e-05 +2.7501104012515475e-05
  1.00000000 +5.0000000000000000e+00 +1.9999999930187180e+00 +2.0448032125670846e-03 +9.9947340963119002e-01 +9.9999999610811297e-01 +9.9999999663448158e-01 +9.9999999616659829e-01 +9.9999999613735568e-01 +1.0253054879465098e-04 +1.0604306596898865e-04 +1.0578405735275123e-04 +1.0689930862157724e-04 +1.0534832856426122e-04
  1.50000000 +5.0000000000000000e+00 +1.9999999320227630e+00 +2.2708010023114547e-03 +9.9889866087234802e-01 +9.9999996731121943e-01 +9.9999996966023319e-01 +9.9999996676140068e-01 +9.9999996715445483e-01 +2.1659265886702573e-04 +2.2281327083919470e-04 +2.2158446119763589e-04 +2.2084253021262192e-04 +2.1963537034806583e-04
  2.00000000 +5.0000000000000000e+00 +1.9999998027093668e+00 +2.5252084084945235e-03 +9.9825033055587697e-01 +9.9999987872380314e-01 +9.9999987864206696e-01 +9.9999987530795575e-01 +9.9999987652582389e-01 +3.4363422596127199e-04 +3.5420489378062265e-04 +3.5257562544878222e-04 +3.5035970506521233e-04 +3.4938577115291644e-04
  2.50000000 +5.0000000000000000e+00 +1.9999999563996693e+00 +2.7616706520411710e-03 +9.9764551902823340e-01 +9.9999968616840940e-01 +9.9999968864910593e-01 +9.9999968608354550e-01 +9.9999968529797401e-01 +4.6415353095081654e-04 +4.7553233308085974e-04 +4.7289411047951591e-04 +4.7072802459994514e-04 +4.7242672432653584e-04
  3.00000000 +5.0000000000000000e+00 +2.0000000942431408e+00 +2.9360549492557886e-03 +9.9719624044092126e-01 +9.9999936590491045e-01 +9.9999936823484759e-01 +9.9999937091343460e-01 +9.9999936520175481e-01 +5.5442875954009188e-04 +5.6637679280020358e-04 +5.6590964993497245e-04 +5.5947105856536889e-04 +5.6010306534155872e-04
  3.50000000 +5.0000000000000000e+00 +1.9999999510834694e+00 +3.0184978053463189e-03 +9.9697873726581088e-01 +9.9999892790922484e-01 +9.9999891323708234e-01 +9.9999893054929256e-01 +9.9999889564173783e-01 +5.9808643461427670e-04 +6.1010724940742595e-04 +6.1328172906865248e-04 +5.9908655450237628e-04 +6.0503344987199636e-04
  4.00000000 +5.0000000000000000e+00 +2.0000001100674272e+00 +2.9932804596173733e-03 +9.9703427435956105e-01 +9.9999832437850145e-01 +9.9999829522173944e-01 +9.9999834743333804e-01 +9.9999830163468928e-01 +5.9450131455436443e-04 +5.9863656514551333e-04 +5.9796845513303439e-04 +5.9047023858526879e-04 +5.9088037786589049e-04
  4.50000000 +5.0000000000000000e+00 +2.0000000922851320e+00 +2.8664953353939016e-03 +9.9734893020669568e-01 +9.9999767282127094e-01 +9.9999764195349850e-01 +9.9999768357676577e-01 +9.9999765819121955e-01 +5.3593226365895093e-04 +5.3263035021025042e-04 +5.3101726139990189e-04 +5.3377224931761068e-04 +5.2706113555514187e-04
  5.00000000 +5.0000000000000000e+00 +2.0000001970515626e+00 +2.6514737019447234e-03 +9.9789070146499059e-01 +9.9999700606586506e-01 +9.9999696259397808e-01 +9.9999701345777481e-01 +9.9999704776375864e-01 +4.2367457933612299e-04 +4.2228672576106254e-04 +4.2240491465665063e-04 +4.3225311043070067e-04 +4.2064937591843483e-04
  5.50000000 +5.0000000000000000e+00 +2.0000000811017711e+00 +2.4031714178185575e-03 +9.9852157546884057e-01 +9.9999643434848917e-01 +9.9999634196254972e-01 +9.9999648083357373e-01 +9.9999644991568792e-01 +3.0899485612234537e-04 +3.0201532011628053e-04 +2.9664564273979498e-04 +3.0365635578182769e-04 +2.8140529882467771e-04
  6.00000000 +5.0000000000000000e+00 +2.0000001543259636e+00 +2.1569121272158459e-03 +9.9915294692326206e-01 +9.9999608734509360e-01 +9.9999585879145980e-01 +9.9999591010872935e-01 +9.9999608888594715e-01 +1.9171037589139236e-04 +1.7615708415338711e-04 +1.6800057027763126e-04 +1.7056720356424524e-04 +1.5667268599712375e-04
  6.50000000 +5.0000000000000000e+00 +2.0000006150496930e+00 +1.9788946439858509e-03 +9.9961607844147948e-01 +9.9999562747426729e-01 +9.9999533325459145e-01 +9.9999553723736045e-01 +9.9999571997883974e-01 +7.1278452940454719e-05 +7.7780767830764984e-05 +8.6286350490040142e-05 +8.0187733280717596e-05 +8.6170301772431882e-05
  7.00000000 +5.0000000000000000e+00 +1.9999998752122763e+00 +1.8794952968348741e-03 +9.9988339059695241e-01 +9.9999535816328067e-01 +9.9999513988634314e-01 +9.9999534408567303e-01 +9.9999566951108465e-01 +2.7673019849325597e-05 +2.2815429818586597e-05 +4.4699186027993350e-05 +2.0839218292041996e-05 +1.9070890749810167e-05
  7.50000000 +5.0000000000000000e+00 +2.0000006723669972e+00 +1.8687929008557212e-03 +9.9992746710103175e-01 +9.9999529117348840e-01 +9.9999510913641210e-01 +9.9999552011661674e-01 +9.9999562683739873e-01 +2.0072828040165149e-05 +2.8713171372627671e-05 +1.7088329175354976e-05 +1.6247127765512866e-05 +8.8642295345222267e-06
  8.00000000 +5.0000000000000000e+00 +1.9999994691797638e+00 +1.9767510159236748e-03 +9.9966846068002724e-01 +9.9999524572548959e-01 +9.9999536800755395e-01 +9.9999530808695158e-01 +9.9999567683525781e-01 +7.2050181099418315e-05 +6.3877416357485556e-05 +6.1844913075830222e-05 +6.7716656503883130e-05 +8.4451509179635597e-05
  8.50000000 +5.0000000000000000e+00 +1.9999994917131059e+00 +2.1617425938975452e-03 +9.9920998149906270e-01 +9.9999496045874858e-01 +9.9999520696874300e-01 +9.9999550523968828e-01 +9.9999568168592179e-01 +1.5580451413517622e-04 +1.6028046965598666e-04 +1.5034567996470157e-04 +1.6503258063043931e-04 +1.7720088590118273e-04
  9.00000000 +5.0000000000000000e+00 +1.9999984692945993e+00 +2.3824646938321054e-03 +9.9865230442014752e-01 +9.9999452306654901e-01 +9.9999487900707973e-01 +9.9999484457473575e-01 +9.9999486704416096e-01 +2.7446261712553470e-04 +2.5309500097324080e-04 +2.8912079051986758e-04 +2.7954205528324318e-04 +2.7236143185610414e-04
  9.50000000 +5.0000000000000000e+00 +1.9999983282808060e+00 +2.6408110622383072e-03 +9.9798965381336191e-01 +9.9999378189970456e-01 +9.9999436467000291e-01 +9.9999437538073199e-01 +9.9999423472073068e-01 +4.0327755699698820e-04 +4.2142243000553608e-04 +4.1032838867042517e-04 +3.9421975627465918e-04 +4.0434136845826516e-04
 10.00000000 +5.0000000000000000e+00 +1.9999983238852945e+00 +2.8321481694908077e-03 +9.9749055964902333e-01 +9.9999331337475572e-01 +9.9999286067451110e-01 +9.9999334112895777e-01 +9.9999401917205488e-01 +5.2010923147460862e-04 +5.1733113936975803e-04 +5.2842242205028151e-04 +4.8513283866079472e-04 +4.8491033989953838e-04
 10.50000000 +5.0000000000000000e+00 +1.9999973106897666e+00 +2.9498505086452990e-03 +9.9717124533407453e-01 +9.9999204842336509e-01 +9.9999262636234088e-01 +9.9999226892599224e-01 +9.9999112336882534e-01 +5.6080915029002153e-04 +5.7675117187094447e-04 +5.6466597409714572e-04 +5.7341900389698563e-04 +5.8504229171867572e-04
 11.00000000 +5.0000000000000000e+00 +1.9999966854170801e+00 +2.9730185541315323e-03 +9.9708835263062656e-01 +9.9999030888166374e-01 +9.9999045923121810e-01 +9.9999093210402845e-01 +9.9999003156922361e-01 +5.8696597275246175e-04 +6.0281413524760231e-04 +5.7956555658846486e-04 +6.0289388388188583e-04 +5.7767604638324149e-04
 11.50000000 +5.0000000000000000e+00 +1.9999966962847588e+00 +2.8992512159493633e-03 +9.9725396404073785e-01 +9.9998826420284792e-01 +9.9998842629317075e-01 +9.9998914276889594e-01 +9.9998827636742149e-01 +5.8113214159124182e-04 +5.4942462496637950e-04 +5.5533251166581222e-04 +5.7952822515811345e-04 +5.2650880409148542e-04
 12.00000000 +5.0000000000000000e+00 +1.9999994956999134e+00 +2.7562911927197413e-03 +9.9760015116822875e-01 +9.9998579358270112e-01 +9.9998648956910874e-01 +9.9998708391373503e-01 +9.9998733279816665e-01 +4.9051733017615204e-04 +4.8421907926499732e-04 +4.5345519278689058e-04 +5.2371914564942489e-04 +5.0123823859102008e-04
 12.50000000 +5.0000000000000000e+00 +1.9999998518655657e+00 +2.5030133758532627e-03 +9.9823601745548707e-01 +9.9998471101088771e-01 +9.9998469732326267e-01 +9.9998402407098641e-01 +9.9998492126074845e-01 +3.4053681186339558e-04 +3.7993918044087425e-04 +4.0209889575013453e-04 +3.4408675143573683e-04 +3.5896722927345728e-04
 13.00000000 +5.0000000000000000e+00 +1.9999945393125069e+00 +2.2978237169823147e-03 +9.9875832694601641e-01 +9.9998367220761597e-01 +9.9998330057099793e-01 +9.9998434061338592e-01 +9.9998475729076952e-01 +2.5090450238806223e-04 +2.6460093282916161e-04 +2.4406066986816570e-04 +2.7366504366785094e-04 +2.7237120908854361e-04
 13.50000000 +5.0000000000000000e+00 +1.9999955558768330e+00 +2.1421391195158949e-03 +9.9916804866000986e-01 +9.9998360417055365e-01 +9.9998440339965100e-01 +9.9998380063029069e-01 +9.9998264585355623e-01 +1.8768679717999769e-04 +1.5849324249688992e-04 +2.1828063196639919e-04 +1.5666285676705507e-04 +1.7637377413534615e-04
 14.00000000 +5.0000000000000000e+00 +1.9999935024086317e+00 +2.0089764922209350e-03 +9.9952962673911860e-01 +9.9998114526982296e-01 +9.9998262598174514e-01 +9.9998363873322627e-01 +9.9998288846977645e-01 +9.1533898353592083e-05 +1.0178846733284769e-04 +1.0390190422442448e-04 +1.1403577777431816e-04 +1.2881476616604000e-04
 14.50000000 +5.0000000000000000e+00 +1.9999940333783111e+00 +1.9244754332646760e-03 +9.9977357613005735e-01 +9.9998145893463153e-01 +9.9998185816713170e-01 +9.9998504276069700e-01 +9.9998476058807195e-01 +1.8550695267961551e-05 +3.9704768220919283e-05 +6.1700979902360692e-05 +9.6160449560361012e-05 +7.7186531437295174e-05
 15.00000000 +5.0000000000000000e+00 +2.0000026339068402e+00 +1.9483182776208862e-03 +9.9974475926426165e-01 +9.9997988096959756e-01 +9.9998343306981796e-01 +9.9998358634649387e-01 +9.9998200629068601e-01 +3.6862912178295423e-05 +1.1326624048053038e-04 +8.3024266074048438e-05 +4.1549629417433997e-05 +5.1631029420376035e-05
 15.50000000 +5.0000000000000000e+00 +1.9999966137688070e+00 +2.1264527196553397e-03 +9.9931444526163282e-01 +9.9998517352347016e-01 +9.9997924857482634e-01 +9.9997982634177263e-01 +9.9998115438876811e-01 +1.1600753214589040e-04 +1.6343184119454456e-04 +1.4974324962019510e-04 +1.0078888789968283e-04 +2.3018040207561894e-04
 16.00000000 +5.0000000000000000e+00 +1.9999874063251621e+00 +2.3149958138154033e-03 +9.9884681754590321e-01 +9.9998427578964744e-01 +9.9998289666584494e-01 +9.9998123799900396e-01 +9.9998051283633138e-01 +2.0742365079328380e-04 +2.9280873935949863e-04 +2.7233378837254101e-04 +1.3191658566041122e-04 +3.1977641372250685e-04
 16.50000000 +5.0000000000000000e+00 +1.9999885542133062e+00 +2.5492083440112659e-03 +9.9825067146383772e-01 +9.9998373317637701e-01 +9.9998192177513545e-01 +9.9998252897569928e-01 +9.9998029856273640e-01 +3.5712579756010023e-04 +3.8797884683854116e-04 +3.3657597188427400e-04 +3.2708199762183075e-04 +4.1208341647883242e-04
 17.00000000 +5.0000000000000000e+00 +1.9999852522907762e+00 +2.6707842049276428e-03 +9.9792911640315451e-01 +9.9997753990761740e-01 +9.9998109467090734e-01 +9.9997499067878060e-01 +9.9998267332129775e-01 +4.4219505951765143e-04 +4.6374845358865979e-04 +4.4014651072522940e-04 +3.5825730147018590e-04 +4.5023768462113082e-04
 17.50000000 +5.0000000000000000e+00 +1.9999869888652613e+00 +2.8519442605324844e-03 +9.9744488482958837e-01 +9.9997430852614300e-01 +9.9997233083990178e-01 +9.9997734465593513e-01 +9.9997708455696244e-01 +4.8746403612220024e-04 +5.2416446525559851e-04 +5.8739677549397330e-04 +5.0526014339065070e-04 +5.4976118469581860e-04
 18.00000000 +5.0000000000000000e+00 +1.9999779659297703e+00 +2.9131722906249207e-03 +9.9725443090612387e-01 +9.9997365033255936e-01 +9.9997314566051609e-01 +9.9997504065713028e-01 +9.9997893109790892e-01 +5.5505331428167199e-04 +6.1923375097855176e-04 +4.9266943757233627e-04 +5.9669640070472425e-04 +5.8114844293227492e-04
 18.50000000 +5.0000000000000000e+00 +1.9999848091447101e+00 +2.8414594581660456e-03 +9.9740966595606062e-01 +9.9997142753624968e-01 +9.9996807894404427e-01 +9.9997718732544527e-01 +9.9997336452142460e-01 +5.8244797668081179e-04 +5.6542794069490919e-04 +5.2489872120644167e-04 +5.5337892530032539e-04 +4.7412216716419541e-04
 19.00000000 +5.0000000000000000e+00 +1.9999836666610273e+00 +2.7707820049061166e-03 +9.9755732758711047e-01 +9.9996519014680341e-01 +9.9996789305291078e-01 +9.9996206105015262e-01 +9.9996836389645338e-01 +4.8922433078389552e-04 +5.6932233039376143e-04 +4.5979474846013558e-04 +4.9380705109279511e-04 +5.6701580957501481e-04
 19.50000000 +5.0000000000000000e+00 +1.9999956504569174e+00 +2.6282877373494527e-03 +9.9790139516466714e-01 +9.9996244471152651e-01 +9.9997156660205111e-01 +9.9996264373991961e-01 +9.9996334753185934e-01 +4.6950087430421559e-04 +3.6125563149068634e-04 +5.3672868713439625e-04 +4.2889437159596464e-04 +4.4222268297838905e-04
 20.00000000 +5.0000000000000000e+00 +2.0000039964161305e+00 +2.4077471604331785e-03 +9.9846018798480629e-01 +9.9997319839416154e-01 +9.9997350688761666e-01 +9.9996307722187661e-01 +9.9995801110615690e-01 +3.8419164146720057e-04 +3.8521476452526275e-04 +3.5090818678305482e-04 +3.0105303510113410e-04 +2.5065076019711472e-04
 20.50000000 +5.0000000000000000e+00 +1.9999973852541777e+00 +2.3780547830228793e-03 +9.9854017730603695e-01 +9.9996312746369043e-01 +9.9997000807511116e-01 +9.9995690697321205e-01 +9.9996767970778278e-01 +3.0351721569272508e-04 +3.7511299424979218e-04 +2.0291207133651371e-04 +2.9980605234651288e-04 +4.2075214448979999e-04
 21.00000000 +5.0000000000000000e+00 +1.9999948789001851e+00 +2.0721137555789635e-03 +9.9934551143945249e-01 +9.9996583954455098e-01 +9.9996350106217480e-01 +9.9995585141257548e-01 +9.9996230393870611e-01 +1.4984320559550661e-04 +2.4341742673398658e-04 +7.4486160432516371e-05 +1.9531334979308167e-04 +1.4393246910894255e-04
 21.50000000 +5.0000000000000000e+00 +1.9999983717038805e+00 +2.0054092376288134e-03 +9.9954499574651245e-01 +9.9995711694915090e-01 +9.9996341641080144e-01 +9.9996960397837453e-01 +9.9995743751376875e-01 +1.4763592392092077e-04 +1.8047056011917732e-04 -6.1025044328257286e-07 +1.8553051506721335e-04 +9.4402640887948053e-05
 22.00000000 +5.0000000000000000e+00 +2.0000069718476072e+00 +2.0572039781134267e-03 +9.9944609036942200e-01 +9.9994550164351037e-01 +9.9996792019979630e-01 +9.9995924418822868e-01 +9.9995827072332277e-01 +1.8758140772024051e-06 +1.0992944981675234e-04 +2.0121920688859958e-04 +1.1408025282590193e-04 +2.9586814987201586e-04
 22.50000000 +5.0000000000000000e+00 +2.0000043479887442e+00 +2.1110673357284137e-03 +9.9934258206844717e-01 +9.9996190137410967e-01 +9.9996422878325097e-01 +9.9994670087839643e-01 +9.9995986428015937e-01 +1.9470170327796026e-04 +3.2105701430701404e-04 +5.6172334613599480e-05 +5.3262593976116318e-05 +1.9952896204378543e-04
 23.00000000 +5.0000000000000000e+00 +2.0000102022877573e+00 +2.3406659715428891e-03 +9.9877019831057678e-01 +9.9996272811657050e-01 +9.9995087729053456e-01 +9.9995674686829905e-01 +9.9996003745302797e-01 +3.6278197236099360e-04 +2.9112269415073477e-04 +3.3793053413116872e-04 +1.5499813151850428e-04 +2.5257861933014315e-04
 23.50000000 +5.0000000000000000e+00 +2.0000224741963262e+00 +2.4449409850345583e-03 +9.9853561027688331e-01 +9.9996261356086491e-01 +9.9996688627681141e-01 +9.9996414378393705e-01 +9.9994362340327492e-01 +2.9780105881333321e-04 +2.1536377463399973e-04 +3.7544336835608445e-04 +2.5475696458449629e-04 +4.8375752907260276e-04
 24.00000000 +5.0000000000000000e+00 +2.0000269894425635e+00 +2.3984763004294054e-03 +9.9865482761146163e-01 +9.9994858003966824e-01 +9.9996895340591152e-01 +9.9995676976134651e-01 +9.9994655596931303e-01 +4.1850784628733316e-04 +1.4946557604481346e-04 +3.4069182249069698e-04 +2.1190489717165287e-04 +4.0374306886550838e-04
 24.50000000 +5.0000000000000000e+00 +2.0000213986968407e+00 +2.6107892159502946e-03 +9.9808216626732715e-01 +9.9993606408609848e-01 +9.9994790683204648e-01 +9.9995057099635820e-01 +9.9994321023931187e-01 +4.1351958650576474e-04 +4.8621643252796194e-04 +5.6944766108226114e-04 +3.6193758817057540e-04 +3.0896030837901736e-04
 25.00000000 +5.0000000000000000e+00 +2.0000205648873393e+00 +2.7969090009495293e-03 +9.9757719872534834e-01 +9.9994874248082799e-01 +9.9994338102182012e-01 +9.9994639357525661e-01 +9.9994211676778877e-01 +5.2131646688048064e-04 +6.1293473301563949e-04 +5.4048392313907779e-04 +5.1361985596914007e-04 +4.5381244904082248e-04
 25.50000000 +5.0000000000000000e+00 +2.0000357444381587e+00 +2.7150729434164181e-03 +9.9774907423315040e-01 +9.9995005886537491e-01 +9.9993947607806555e-01 +9.9996564321686843e-01 +9.9996534979308538e-01 +5.1103626979372488e-04 +6.3702635644513074e-04 +2.4488452441311656e-04 +6.0270211602631268e-04 +4.3474854673459363e-04
 26.00000000 +5.0000000000000000e+00 +2.0000261390815521e+00 +2.6879460074282534e-03 +9.9778374278059623e-01 +9.9993241991043968e-01 +9.9996213780953214e-01 +9.9995119489546036e-01 +9.9995373086146888e-01 +4.8805764293417022e-04 +6.2465989394935948e-04 +3.5422347851123723e-04 +3.6759845916173398e-04 +5.8223427468700214e-04
 26.50000000 +5.0000000000000000e+00 +2.0000402043239238e+00 +2.4360017842356887e-03 +9.9840215324127679e-01 +9.9997020053164964e-01 +9.9994152444342088e-01 +9.9995748201159662e-01 +9.9995037917946850e-01 +2.1961868046850344e-04 +4.4231155893298890e-04 +2.6595705334620927e-04 +4.0489324718893233e-04 +4.4548005494958091e-04
 27.00000000 +5.0000000000000000e+00 +2.0000334950187111e+00 +2.5549443719554196e-03 +9.9807151143052653e-01 +9.9994629561092563e-01 +9.9994415901575684e-01 +9.9992300981382998e-01 +9.9995330481092837e-01 +4.6520924979890862e-04 +3.9651111524674346e-04 +4.2417794276983228e-04 +4.7612835544011466e-04 +3.9969266382399121e-04
 27.50000000 +5.0000000000000000e+00 +2.0000236516196774e+00 +2.2989467218361634e-03 +9.9871636548060383e-01 +9.9993843917544523e-01 +9.9993526976517477e-01 +9.9994915087134528e-01 +9.9991909898928277e-01 +3.3597963312972077e-04 +4.3287538298877008e-04 -4.9476109861051732e-06 +3.7596145610646717e-04 +4.0180686450037536e-04
 28.00000000 +5.0000000000000000e+00 +2.0000215474544811e+00 +2.1782285929020885e-03 +9.9905361994892583e-01 +9.9992504693233530e-01 +9.9996005489710416e-01 +9.9991270462343929e-01 +9.9992323892358392e-01 +1.7611283526891387e-04 +2.1295946615747612e-04 +2.7760574471573612e-04 +3.8789842962739043e-04 +1.7075819542223400e-04
 28.50000000 +5.0000000000000000e+00 +2.0000397653953095e+00 +2.3816775394643426e-03 +9.9859450593001176e-01 +9.9992968956254225e-01 +9.9991258146506123e-01 +9.9993740458385538e-01 +9.9992190747454224e-01 +5.3637129166548300e-04 +3.2572518505977546e-04 +1.1536113603921393e-04 +4.4291107987264245e-04 +2.8354229095911142e-04
 29.00000000 +5.0000000000000000e+00 +2.0000099003077234e+00 +2.1254294996506029e-03 +9.9926041986608616e-01 +9.9993567240894887e-01 +9.9994185599950902e-01 +9.9987790513136976e-01 +9.9991416421232415e-01 +2.6033312732897166e-04 +3.1573405098773001e-04 +3.0307236608946374e-04 +7.7941752848376811e-05 +1.1290108508396413e-04
 29.50000000 +5.0000000000000000e+00 +2.0000296812104739e+00 +2.2534658919698310e-03 +9.9897785347657198e-01 +9.9993321003975666e-01 +9.9990562649914727e-01 +9.9991109722338389e-01 +9.9990006502439555e-01 +3.7989160223626193e-04 +2.5458099946417068e-04 +2.0784284699578302e-04 +2.5753000357714743e-04 +2.7230227976369868e-04
 30.00000000 +5.0000000000000000e+00 +2.0000021739305960e+00 +2.0810524898078348e-03 +9.9942600533237380e-01 +9.9992433039072659e-01 +9.9989486253552162e-01 +9.9992905706708790e-01 +9.9994556246959809e-01 +1.1756530097302827e-04 +8.9614096964540726e-05 +6.0241493168731765e-05 +3.6757755129226310e-04 +2.4518376139893446e-04
 30.50000000 +5.0000000000000000e+00 +1.9999957511718178e+00 +2.2594005145260476e-03 +9.9898909798168511e-01 +9.9992907187703906e-01 +9.9987810523483300e-01 +9.9991722320228316e-01 +9.9988345810112478e-01 +4.9525406265264087e-04 +2.2518740361065180e-04 +4.5483193046493632e-04 +9.1682698718777627e-05 +1.3608750408537312e-04
 31.00000000 +5.0000000000000000e+00 +1.9999886285618111e+00 +2.2505999859244795e-03 +9.9902746573239221e-01 +9.9990198705857425e-01 +9.9987639657888505e-01 +9.9990784857550830e-01 +9.9998866745418902e-01 +3.3577751240219613e-04 +3.6434218784808260e-04 +1.4244869051508699e-04 +7.2897434348340311e-05 +3.8216877199146045e-04
 31.50000000 +5.0000000000000000e+00 +2.0000118833577010e+00 +2.3625316824987309e-03 +9.9874080933470044e-01 +9.9994063508505970e-01 +9.9991716415737808e-01 +9.9987042105031498e-01 +9.9992011448915330e-01 +3.4578940865661012e-04 +2.0029575859747416e-04 +5.1320318544321737e-04 +3.6294610312596020e-04 +1.8862142976023129e-04
 32.00000000 +5.0000000000000000e+00 +1.9999684425335407e+00 +2.9489305875496676e-03 +9.9720667811553254e-01 +9.9990346539633823e-01 +9.9993739801128234e-01 +9.9992895208447075e-01 +9.9994330257970754e-01 +5.6311567359518993e-04 +5.8375779080573054e-04 +8.0325808330119737e-04 +5.3138924145721127e-04 +5.9868302123200446e-04
 32.50000000 +5.0000000000000000e+00 +1.9999839495851910e+00 +2.3913651620162350e-03 +9.9859051339062088e-01 +9.9993150259047037e-01 +9.9990504463430474e-01 +9.9993200002503702e-01 +9.9989275468822170e-01 +2.4145898369880322e-04 +2.7784449987953492e-04 +1.7048478158385397e-04 +5.5001695428394078e-04 +5.0837945089200883e-04
 33.00000000 +5.0000000000000000e+00 +1.9999337475050962e+00 +2.6781146815031956e-03 +9.9780541354153685e-01 +9.9986373456526900e-01 +9.9995423706879272e-01 +9.9986829616212958e-01 +9.9990856535538919e-01 +3.7944706016213671e-04 +3.9995663703139094e-04 +4.0565856331253506e-04 +5.8208394033209241e-04 +8.3260711170079029e-04
 33.50000000 +5.0000000000000000e+00 +1.9999767411085556e+00 +2.6399154652827616e-03 +9.9787313974158398e-01 +9.9986505757343258e-01 +9.9987076404638009e-01 +9.9991575098199514e-01 +9.9989783277163535e-01 +5.1295084580387233e-04 +8.4659121449378206e-04 +2.9340035482237718e-04 +4.2728802802342153e-04 +4.9722444156849888e-04
 34.00000000 +5.0000000000000000e+00 +1.9999366779704661e+00 +2.5136196894519772e-03 +9.9817285316820947e-01 +9.9989322836596040e-01 +9.9985720328431937e-01 +9.9991000519836293e-01 +9.9983625324377101e-01 +3.4147684523305819e-04 +7.1376772435338817e-04 +3.6129629732613869e-04 +7.5321335790725535e-04 +1.6070251205911837e-04
 34.50000000 +5.0000000000000000e+00 +1.9999671919182702e+00 +2.4672265885906236e-03 +9.9832012463955511e-01 +9.9990313002024167e-01 +9.9983834511010805e-01 +9.9992503013278833e-01 +9.9987980946775989e-01 +6.4019489772574440e-04 +2.3406451322659954e-04 +7.8154921911975639e-04 +3.8150025523112839e-04 +9.6251741622871726e-05
 35.00000000 +5.0000000000000000e+00 +1.9999740128435481e+00 +2.5162225114442730e-03 +9.9820585550641228e-01 +9.9987659663714268e-01 +9.9991739761670140e-01 +9.9988721267283609e-01 +9.9993216156059617e-01 +5.5195821911143436e-04 +9.4876683362970767e-04 +9.0462279964475384e-04 -7.6441891000931803e-05 -1.4812995803810419e-04
 35.50000000 +5.0000000000000000e+00 +2.0000507895656514e+00 +2.3202445320677522e-03 +9.9873771758340468e-01 +9.9986184359495334e-01 +9.9985006179616709e-01 +9.9985547398110897e-01 +9.9983414637715795e-01 +4.1593951726392873e-04 +1.0400111673206496e-04 -4.7402959081072269e-05 +7.7245647215868924e-04 +6.1576251820620771e-04
 36.00000000 +5.0000000000000000e+00 +1.9999982175782669e+00 +2.1402451848627191e-03 +9.9919258462701233e-01 +9.9975411831519823e-01 +9.9994782005508698e-01 +9.9989730470717375e-01 +9.9993122642491561e-01 +3.3054184505621435e-04 -2.8712545742113802e-04 +6.3416502504853422e-04 +4.7707251337238452e-04 +1.2229194379462455e-04
 36.50000000 +5.0000000000000000e+00 +2.0000385823947160e+00 +2.0073170927157658e-03 +9.9955684221782781e-01 +9.9993972397084252e-01 +9.9983896060113275e-01 +9.9983141232045381e-01 +9.9988113818289326e-01 -1.2417800129972466e-05 +4.0300999089168854e-04 -1.2399574930647194e-04 +5.4892192851465087e-04 +1.3640433575121821e-04
 37.00000000 +5.0000000000000000e+00 +2.0000348486547370e+00 +2.3387390588538782e-03 +9.9876014253437906e-01 +9.9995341230915513e-01 +9.9987220178899139e-01 +9.9987899781803591e-01 +9.9982540687637267e-01 +5.6251313502136990e-04 +1.5553400420344614e-04 +5.2699942388965265e-04 +1.8644472951540446e-04 +2.7834737998827394e-04
 37.50000000 +5.0000000000000000e+00 +1.9999896318915262e+00 +3.0278137428967253e-03 +9.9704194068041063e-01 +9.9995438666607639e-01 +9.9986356753613614e-01 +9.9998910181533773e-01 +9.9993008479758516e-01 +6.5891520568580957e-04 +3.7031898858358990e-04 +6.3768890984720655e-04 +1.0135148074730540e-03 +5.4048059126324255e-04
 38.00000000 +5.0000000000000000e+00 +1.9999474040746053e+00 +2.4288546240501204e-03 +9.9854464650771646e-01 +9.9976411708168278e-01 +9.9983407070444708e-01 +9.9995736944206248e-01 +9.9980039552238942e-01 +3.7395855508369773e-04 +2.0977248989852723e-04 +9.7392876513679007e-04 +6.1709388015339790e-05 +4.8003154294822394e-04
 38.50000000 +5.0000000000000000e+00 +2.0000205576216867e+00 +2.5323734816729447e-03 +9.9826955774197190e-01 +9.9997331923641730e-01 +9.9990682348235016e-01 +9.9988038456825767e-01 +9.9984478967116641e-01 +6.6415152684707072e-04 -1.1520590964454086e-04 +1.8236947692715203e-04 +9.4124819805220463e-04 +4.5256200718576039e-04
 39.00000000 +5.0000000000000000e+00 +1.9999958868176948e+00 +2.0946720408258433e-03 +9.9939170044561965e-01 +1.0000215430766062e+00 +9.9986739784616419e-01 +9.9990251782779371e-01 +9.9988145815669238e-01 -1.1592093261907985e-04 +3.2278526400556895e-04 +5.0664192694312832e-05 +8.8787297322566537e-04 -2.1001885041136843e-04
 39.50000000 +5.0000000000000000e+00 +1.9999938810392743e+00 +2.7003151301530086e-03 +9.9782254614747512e-01 +9.9990125708863187e-01 +9.9979900628606855e-01 +9.9989952339353305e-01 +9.9985092491191174e-01 +5.2219898529345769e-04 +3.1998478489332502e-04 +3.7862475870119181e-04 +4.7263230967659785e-04 +1.0333013351668842e-03
 40.00000000 +5.0000000000000000e+00 +2.0000558328778948e+00 +2.7373969830076614e-03 +9.9767900890012751e-01 +9.9981695478133326e-01 +9.9990966604101361e-01 +9.9993185476143676e-01 +9.9975593655388484e-01 +6.1218240415218813e-04 +7.7180510625362122e-04 +3.9934683319447806e-04 +3.7197984936178141e-04 +7.5126477009586714e-04
 40.50000000 +5.0000000000000000e+00 +2.0000510523375801e+00 +2.6517504006775511e-03 +9.9793946374327458e-01 +9.9985423696133657e-01 +9.9989329262983073e-01 +9.9987124116390536e-01 +9.9984734157944977e-01 +9.0689513237873721e-04 +7.6263749684507044e-04 +4.0756187747638357e-04 +1.3794037261343590e-04 +3.7938904514633447e-04
 41.00000000 +5.0000000000000000e+00 +1.9999950508625801e+00 +2.6035533211482727e-03 +9.9796559724628930e-01 +9.9982568938037120e-01 +9.9991985768713554e-01 +1.0000100839967077e+00 +9.9979091739830828e-01 +6.5309418427715181e-04 +5.6405106083556248e-04 +7.3076975006974333e-04 -2.2614004828713835e-05 +5.6255330120671303e-04
 41.50000000 +5.0000000000000000e+00 +1.9999632092000574e+00 +3.1068133283587971e-03 +9.9664991628320732e-01 +9.9971340937773945e-01 +9.9983102285614800e-01 +9.9990981589804961e-01 +9.9984852583429362e-01 +1.2191580445341901e-03 +4.0662510552494499e-04 +6.4394870180775967e-04 +1.0439611000808370e-03 +7.3361679982999941e-04
 42.00000000 +5.0000000000000000e+00 +2.0000830670360479e+00 +2.2499071986557318e-03 +9.9899511219538839e-01 +9.9986916393339464e-01 +9.9988178022676888e-01 +1.0000633664425052e+00 +1.0000501546146721e+00 +2.7025439339364567e-05 +4.7920029673448973e-04 -7.0223615752436989e-05 +3.9020269198848580e-04 +3.1421777583273274e-04
 42.50000000 +5.0000000000000000e+00 +1.9999659970129999e+00 +2.7556059605315457e-03 +9.9755451142917950e-01 +9.9994810192272576e-01 +9.9991985334553912e-01 +9.9971758561979007e-01 +9.9987508219036314e-01 +5.1466945301484129e-04 +7.1314598952481884e-04 +9.8313587155534374e-04 +3.1747952953817127e-05 +7.4216622505103081e-04
 43.00000000 +5.0000000000000000e+00 +1.9999330229899714e+00 +2.0410013162434197e-03 +9.9936492936086962e-01 +9.9976056514887457e-01 +9.9977187644575038e-01 +9.9974829982086810e-01 +9.9980711028548752e-01 +7.1823255958760040e-04 -2.8215857867572216e-04 +7.3115894754229984e-05 +5.8141697191101138e-04 +4.5661209168197599e-04
 43.50000000 +5.0000000000000000e+00 +1.9998781262067267e+00 +1.8812156805113739e-03 +9.9987259296066622e-01 +9.9980297863919165e-01 +9.9992199907450408e-01 +9.9968205626961826e-01 +9.9958544380784831e-01 +5.3799408411334148e-04 +7.5838129504468782e-04 +6.1432300814941567e-04 -4.5351309237738792e-04 -3.2225604700324845e-04
 44.00000000 +5.0000000000000000e+00 +1.9998990202962759e+00 +2.6135260111525929e-03 +9.9803765817643608e-01 +9.9995570239365972e-01 +9.9995497998728289e-01 +9.9964557053891923e-01 +1.0000133825310662e+00 -3.7590101753055502e-04 +1.1463758396438406e-03 +3.3096174890411093e-04 +1.6100066816492029e-04 +1.1302691330061249e-03
 44.50000000 +5.0000000000000000e+00 +1.9998115104809417e+00 +2.4593621864250834e-03 +9.9840169022020775e-01 +9.9975681344047851e-01 +9.9991849453109771e-01 +9.9999591207981420e-01 +9.9971595215853415e-01 +1.2995177211478498e-03 -2.8296971435209237e-06 -1.5688352667118298e-04 +9.0005191799165396e-04 +1.7128115391396181e-04
 45.00000000 +5.0000000000000000e+00 +1.9999844072504305e+00 +1.3218212606300299e-03 +1.0014202253853375e+00 +9.9979691456916819e-01 +9.9986442283918919e-01 +9.9986654416182863e-01 +9.9981016452333626e-01 -5.4864958384476368e-05 -5.3757149954461686e-04 -4.9941031205724424e-04 +1.9143728451896332e-04 +1.4213800579285091e-04
 45.50000000 +5.0000000000000000e+00 +2.0001287063813686e+00 +1.7381747850671869e-03 +1.0003664044899330e+00 +9.9983249035783439e-01 +9.9995079503108442e-01 +9.9989214677576310e-01 +9.9974554877414012e-01 -1.9178980359502347e-04 -3.0347426268468854e-04 +1.5775491459247221e-03 -6.0610412577172105e-04 -2.6356638275292052e-04
 46.00000000 +5.0000000000000000e+00 +1.9999918512393824e+00 +1.5793917343013975e-03 +1.0007691197284461e+00 +9.9981611277617854e-01 +9.9988774930673840e-01 +9.9982557820568863e-01 +9.9992285911958256e-01 +3.5554997646652291e-04 -1.6560234092330077e-03 -2.9491538969178115e-04 +5.9054285772600459e-04 +7.8342682718813639e-04
 46.50000000 +5.0000000000000000e+00 +1.9998439282615101e+00 +2.0128658284812207e-03 +9.9955606746836601e-01 +9.9978953948541438e-01 +1.0001888481556811e+00 +9.9963607251784703e-01 +9.9953091114343717e-01 +7.1453562807915105e-04 +9.0679613619362883e-04 -5.1785499492876480e-04 -3.3220100146464726e-04 +5.2728546034065259e-04
 47.00000000 +5.0000000000000000e+00 +1.9999013208158654e+00 +2.8011823428129054e-03 +9.9757206731929748e-01 +9.9990179377572963e-01 +9.9988790210495515e-01 +1.0000130553643778e+00 +9.9991171368773180e-01 +4.2221132821071623e-04 +1.6677799283455713e-03 +1.2081583932402268e-03 -4.6041380843617929e-04 -1.2426809332076436e-04
 47.50000000 +5.0000000000000000e+00 +2.0001327352124174e+00 +3.3835751750923289e-03 +9.9621213733936032e-01 +9.9985009589995166e-01 +1.0001303999477522e+00 +9.9977367378315940e-01 +9.9962068912183422e-01 +8.1260059926474798e-04 +2.2487974410474189e-03 +1.0388874892795618e-03 -5.7374335835394411e-04 +8.8646173617571062e-04
 48.00000000 +5.0000000000000000e+00 +1.9996074009978642e+00 +2.7920335061235525e-03 +9.9746103279388210e-01 +9.9952388706275530e-01 +9.9987596048413763e-01 +1.0001111567126915e+00 +9.9971641230375374e-01 -1.2109447301869851e-04 +9.9391174173254549e-04 +7.5662432431031353e-04 +6.7328863021582318e-04 +1.0088204188656430e-03
 48.50000000 +5.0000000000000000e+00 +1.9999311620375479e+00 +2.4933062930698542e-03 +9.9824449379046443e-01 +9.9980053075652842e-01 +1.0000466941278388e+00 +9.9997702119625498e-01 +9.9979570250254757e-01 -1.1509034523049507e-04 +3.9334264375460423e-04 +1.3614103323940855e-05 +9.2615940923346371e-04 +9.1753181651420127e-04
 49.00000000 +5.0000000000000000e+00 +1.9998989925063582e+00 +3.3437989422645340e-03 +9.9596960940368406e-01 +9.9969997145099154e-01 +9.9983161830792300e-01 +9.9956930604565808e-01 +9.9973148700908909e-01 +2.2426766609856376e-03 -6.8273260710869331e-05 +2.2222794627803927e-03 +4.2564450225368632e-04 +3.7568041732427700e-04
 49.50000000 +5.0000000000000000e+00 +1.9999524805146072e+00 +2.2360063685712061e-03 +9.9884936785673151e-01 +9.9988415134328734e-01 +9.9970316559440875e-01 +1.0001308389592856e+00 +9.9963137832939830e-01 -1.1111739371636035e-03 +2.4561400083078118e-03 -1.9353473225240266e-04 +6.2571673569784565e-05 +5.8709490491678032e-04
 50.00000000 +5.0000000000000000e+00 +1.9997260279650673e+00 +1.4853902376018729e-03 +1.0007235638710010e+00 +9.9972470449788398e-01 +9.9975025935676665e-01 +9.9981709532691720e-01 +9.9982639594724287e-01 +1.9473192962586746e-04 -8.6214086990276273e-04 +8.6004842834071346e-04 -3.4709601128969387e-04 +3.1243752253541152e-04
 50.50000000 +5.0000000000000000e+00 +1.9998230327253668e+00 +1.8799470759401592e-03 +9.9977259529267626e-01 +9.9979078001103239e-01 +9.9965981576642482e-01 +9.9976218199641631e-01 +1.0000076083683445e+00 -1.4194631393131165e-03 +4.6288306825527831e-04 +7.5092843096349080e-04 +8.1816323292231892e-04 +3.9450697196385969e-04
 51.00000000 +5.0000000000000000e+00 +1.9998969118990007e+00 +1.8770981419204968e-03 +9.9981824870533587e-01 +1.0004244701708254e+00 +9.9990831893334875e-01 +9.9982759567062329e-01 +9.9957992602329115e-01 +1.4109347581319892e-03 -2.2579837554739769e-04 -1.0132778211528089e-03 +1.0483556648783928e-04 +1.6474636840102988e-04
 51.50000000 +5.0000000000000000e+00 +1.9997784242731673e+00 +1.3337041959131397e-03 +1.0011592723586733e+00 +9.9961001428532947e-01 +1.0002415329589793e+00 +9.9986440263027498e-01 +1.0000362469899975e+00 +1.7614457043516292e-05 -6.7292413845182713e-04 -4.6211428870205696e-04 +9.6740265721121009e-05 +1.0921448130894036e-04
 52.00000000 +5.0000000000000000e+00 +1.9997374937682821e+00 +3.0505257062871530e-03 +9.9697697720884337e-01 +9.9993223271228737e-01 +1.0001613642832721e+00 +9.9972452258536526e-01 +1.0002263393597888e+00 +5.2307990276928692e-04 +9.8455218161255277e-04 +7.6717115539784233e-05 +6.0308048654898587e-04 +7.9113416416289007e-04
 52.50000000 +5.0000000000000000e+00 +1.9998220329123244e+00 +1.3553675094366041e-03 +1.0011889223530852e+00 +1.0001564110509704e+00 +1.0003533722357700e+00 +9.9952158659434309e-01 +9.9962553965459056e-01 -9.1968044494622437e-04 +7.6188196597177355e-04 -1.6711755245456862e-03 -6.1295518882651453e-04 +1.5960973036398855e-03
 53.00000000 +5.0000000000000000e+00 +1.9999761085541783e+00 +2.8874154681198514e-03 +9.9729249731387459e-01 +1.0000105480984631e+00 +9.9973816977834418e-01 +9.9958278742310314e-01 +9.9984181199217625e-01 -7.8418651121357514e-04 +3.3452606344406833e-04 +1.1989700486845052e-03 +1.6245615148179260e-03 +1.1603142789487172e-03
 53.50000000 +5.0000000000000000e+00 +1.9999141036733514e+00 +2.7843488482252958e-03 +9.9771931185446772e-01 +9.9989255958707024e-01 +9.9988086467659643e-01 +9.9943456064138292e-01 +9.9962939305832288e-01 -2.1227631296254208e-03 +2.7529558401350592e-03 +1.4642061136724486e-03 +9.3287355725065271e-04 +4.1603780028491030e-04
 54.00000000 +5.0000000000000000e+00 +2.0002015978426781e+00 +3.1585773316461494e-03 +9.9670696933623459e-01 +9.9977080190972734e-01 +9.9991877071337010e-01 +9.9999818324627543e-01 +9.9980547606658787e-01 +1.2561030765071226e-03 +1.4190097654131727e-03 -8.0972254046886630e-04 +2.3757773559241290e-04 +1.6968306909985510e-03
 54.50000000 +5.0000000000000000e+00 +2.0000736444832614e+00 +3.6995532033578982e-03 +9.9521964953481490e-01 +1.0002741595223612e+00 +9.9968979840609629e-01 +9.9920844231092865e-01 +9.9964317563949467e-01 +8.2023996031308562e-04 -1.5989471984912277e-03 +2.4789898211142721e-03 +2.3737707787435045e-03 +1.8907212246410433e-03
 55.00000000 +5.0000000000000000e+00 +1.9998591236489212e+00 +3.8306339850524653e-03 +9.9475824154001902e-01 +1.0001667812346688e+00 +9.9993940562043560e-01 +9.9973421262628082e-01 +9.9987009678380279e-01 +6.7612511562034660e-04 +2.9529679707763663e-03 +6.6841895903185290e-04 +2.3043016269027167e-03 -1.0705514771285137e-03
 55.50000000 +5.0000000000000000e+00 +2.0001960052676462e+00 +1.5403837858534082e-03 +1.0006411233344361e+00 +9.9946644496920800e-01 +9.9988347069099548e-01 +9.9939606970284656e-01 +9.9945456299221513e-01 -6.2258465692556703e-04 -1.0299897161128429e-03 +2.0006390402603053e-03 +3.3477236869770924e-04 +4.7549127436550143e-04
 56.00000000 +5.0000000000000000e+00 +2.0000245674996124e+00 +2.1583335155046100e-03 +9.9924858592197630e-01 +9.9934846454132475e-01 +1.0002497499843352e+00 +9.9970420153978257e-01 +9.9942777972817609e-01 +1.1175086143207483e-03 +2.4805816439489261e-04 -1.7736296368360922e-03 +1.1750173655102852e-03 +1.2542637765941588e-03
 56.50000000 +5.0000000000000000e+00 +1.9999144391687331e+00 +2.7326000451822750e-03 +9.9771274478050553e-01 +9.9943074148494238e-01 +9.9976504520277776e-01 +1.0000169750612258e+00 +9.9978847585652120e-01 -1.5160731730155554e-03 +2.0019080409075904e-03 +1.0626114270132648e-03 +3.0013699333488152e-03 -1.2637986142155970e-03
 57.00000000 +5.0000000000000000e+00 +2.0001816672990751e+00 +1.6580347673401247e-03 +1.0005314178781028e+00 +9.9958913090530210e-01 +1.0003636938422915e+00 +9.9939771220735751e-01 +9.9983420489744013e-01 +8.4671655159213925e-05 +3.5157668786517247e-04 +1.1169837920536653e-03 -2.2141319821632594e-03 +9.4474011654536267e-04
 57.50000000 +5.0000000000000000e+00 +2.0002930668022145e+00 +6.6282082886906057e-04 +1.0028281337201257e+00 +1.0009022946481767e+00 +9.9934231544851149e-01 +1.0002389206461582e+00 +9.9961688894996326e-01 -5.0735423652609592e-04 -1.7924079926561838e-03 +1.4242358127965581e-04 +1.0534423837839597e-05 -7.8174918905950643e-04
 58.00000000 +5.0000000000000000e+00 +1.9995644601949876e+00 +1.9255865120534619e-03 +9.9979937458105061e-01 +9.9848972132289238e-01 +9.9942002050521861e-01 +9.9935119429658359e-01 +9.9908827414405443e-01 +3.3902895487822977e-04 -6.6421972768046920e-05 +1.8235773278439285e-03 +1.8802107764188251e-03 -1.2497993612743501e-04
 58.50000000 +5.0000000000000000e+00 +2.0004967019332405e+00 +2.5813641417234108e-03 +9.9828723925129814e-01 +1.0006111759273111e+00 +9.9885300775076391e-01 +9.9941273106198192e-01 +9.9992313285627676e-01 +2.3915373985606070e-04 +1.6256785426338423e-03 +1.6181341807180180e-03 -1.0206296763456619e-03 +4.5037636554877663e-04
 59.00000000 +5.0000000000000000e+00 +2.0000224727491109e+00 +2.4387729814597595e-03 +9.9848083783559238e-01 +9.9994921255788560e-01 +9.9984974613107125e-01 +9.9976883066725197e-01 +9.9951244837331454e-01 -1.8207493312492704e-03 -1.0807191971236494e-03 +9.2349915051305681e-04 +1.6268390516672871e-03 +2.7900547611266306e-03
 59.50000000 +5.0000000000000000e+00 +2.0005614674041952e+00 +1.6837347060402684e-03 +1.0002936054632618e+00 +9.9962350000491829e-01 +9.9988885593364074e-01 +9.9944086508903385e-01 +9.9894748092789676e-01 +2.1582502611404474e-04 -5.2573157983444227e-04 +5.9792382477737909e-04 +9.0683890933995781e-04 +6.1083640099238059e-04
 60.00000000 +5.0000000000000000e+00 +2.0000166246998212e+00 +4.2869690228700182e-03 +9.9383563661802354e-01 +9.9939056869145548e-01 +9.9973759413399310e-01 +9.9998875669849163e-01 +1.0003011442032113e+00 -8.5540474039563883e-04 +1.9605289026774124e-03 +1.3122961088163176e-03 +4.4403143915047244e-03 -1.1143500757291030e-04
 60.50000000 +5.0000000000000000e+00 +1.9997719996526553e+00 +8.0434068565827903e-04 +1.0026377322720810e+00 +1.0005651216755367e+00 +9.9942064618024551e-01 +9.9962536982351258e-01 +1.0001881570178905e+00 -4.9571018167378334e-04 -2.0531870022698693e-03 +1.9297826189871143e-03 +8.4116580117612311e-04 -2.6590782053037849e-03
 61.00000000 +5.0000000000000000e+00 +2.0002324823791060e+00 +2.6469037907010033e-03 +9.9768206311252761e-01 +1.0006812090734327e+00 +9.9907889591793353e-01 +9.9868933900406709e-01 +1.0001558661177032e+00 +2.2173867712947147e-03 -3.4734753859430997e-03 +9.8434677079357790e-05 +2.9294724779509798e-03 +1.9408082339285656e-03
 61.50000000 +5.0000000000000000e+00 +2.0007352137836971e+00 -2.0926293699757061e-04 +1.0052604824032632e+00 +9.9942255015735260e-01 +9.9987203473274600e-01 +9.9929341611329958e-01 +9.9998467337963759e-01 +5.1079630914732785e-04 +9.2997846068967416e-04 -5.0291600352832151e-03 -9.4645068843862874e-04 +7.0167916769350229e-04
 62.00000000 +5.0000000000000000e+00 +2.0007065017373389e+00 +1.6205346266551070e-03 +1.0009589141630579e+00 +9.9837870097066927e-01 +9.9904240249667142e-01 +9.9989211595763072e-01 +9.9855313481025865e-01 +2.3269430965711204e-05 +1.7999192559950625e-03 -5.3255627804215853e-04 +1.5601781140712459e-03 +3.2392107863629693e-04
 62.50000000 +5.0000000000000000e+00 +1.9998614611841405e+00 +2.5190763178544072e-03 +9.9839996704757294e-01 +9.9821404978674222e-01 +9.9898685935346432e-01 +9.9935004938116379e-01 +9.9869500633747177e-01 -2.6578367230983015e-03 +4.0614493493561031e-04 +3.3600533457561733e-03 +2.8742410504218512e-03 +2.3714654855517734e-03
 63.00000000 +5.0000000000000000e+00 +2.0002024224606587e+00 +3.0298375314796876e-03 +9.9690993729443345e-01 +9.9998971488959543e-01 +9.9988794295811045e-01 +1.0002049791685190e+00 +9.9934311278196153e-01 -1.5396353190396301e-03 +2.8861961664326495e-03 -2.8801341920075783e-05 -6.4179489902474679e-04 +2.9883483010711871e-03
 63.50000000 +5.0000000000000000e+00 +1.9998727856386151e+00 +4.1262037085514238e-04 +1.0031700762023277e+00 +9.9989420118748296e-01 +9.9982912018901915e-01 +9.9991469882626871e-01 +1.0000213216945206e+00 +6.7038505251611799e-04 -1.4712925953567367e-03 -3.5136910866967090e-03 -1.2601749706562025e-03 +2.7453555004746644e-03
 64.00000000 +5.0000000000000000e+00 +2.0006122068883401e+00 +5.1967613650548774e-04 +1.0035763609231370e+00 +9.9838466160267580e-01 +1.0011573845053021e+00 +9.9893687221535499e-01 +9.9952586114905195e-01 -9.6572243953113655e-04 -3.4290638324586701e-03 +2.5796865989621918e-03 +8.9643545912042116e-04 -6.6247618163169401e-04
 64.50000000 +5.0000000000000000e+00 +1.9994335051166681e+00 +3.2284831738611844e-03 +9.9635001555130942e-01 +1.0004755643818048e+00 +9.9984374564776934e-01 +9.9825061896372203e-01 +9.9828920588180536e-01 +8.4665778598103851e-04 +5.2778897897720074e-03 +6.7227433921266560e-04 +1.8301946625565012e-03 -1.8361670040156766e-03
 65.00000000 +5.0000000000000000e+00 +1.9990171176278624e+00 +3.9674820145881549e-03 +9.9434261091299503e-01 +1.0002286243522964e+00 +1.0000647125305564e+00 +9.9813737818148451e-01 +9.9862163326842113e-01 +4.4983096575595370e-03 +2.7783686475893829e-04 -2.3741533046305273e-03 +6.2129410086181171e-03 -9.8934719921965712e-06
 65.50000000 +5.0000000000000000e+00 +1.9991683293188527e+00 +5.6025921519204007e-03 +9.8997654906034727e-01 +9.9963822765686983e-01 +9.9733826062530362e-01 +9.9705634919144526e-01 +1.0013057279412787e+00 -6.4132092221236910e-04 +7.4107835150034114e-04 +3.2917056967602370e-03 +6.2458561045745558e-03 +5.0475662943104977e-03
 66.00000000 +5.0000000000000000e+00 +2.0003768198867626e+00 +4.6566385934356342e-03 +9.9306821355915753e-01 +9.9812998614909321e-01 +9.9913962558847824e-01 +1.0013938021685251e+00 +9.9928856268281163e-01 -1.3566499976683825e-03 -3.0713320664660018e-04 +6.7411636382464189e-03 +7.9461076943332040e-04 +3.1078186484535769e-03
 66.50000000 +5.0000000000000000e+00 +2.0002292072453733e+00 -2.2798314787409176e-04 +1.0049781093910890e+00 +9.9904800257761739e-01 +1.0023152681577823e+00 +9.9656579093331954e-01 +9.9838335008865775e-01 +1.0161630129350853e-03 +1.8492189034231541e-03 +5.2466127357075256e-03 -4.1207728014636897e-03 -5.2817429989125341e-03
 67.00000000 +5.0000000000000000e+00 +1.9998906168949564e+00 +1.3543799699297524e-03 +1.0012878315985652e+00 +9.9834894806060093e-01 +1.0010575995165265e+00 +9.9753877440069794e-01 +9.9875252577684570e-01 +5.9334189115005376e-03 -5.8857223834335370e-03 +2.9451234821520796e-03 +5.6992873318822438e-03 -5.6777866953680554e-03
 67.50000000 +5.0000000000000000e+00 +1.9997395062479018e+00 +3.1043478650105102e-03 +9.9681366771180502e-01 +9.9750912479844422e-01 +9.9923725545473530e-01 +9.9797365137182403e-01 +9.9900461653750150e-01 -2.2704200887073984e-04 +1.2020620541951146e-03 +5.6515618579969411e-03 +3.7758995033142753e-03 -9.4079728109405564e-04
 68.00000000 +5.0000000000000000e+00 +1.9992345090238728e+00 +3.3398593002607782e-03 +9.9595430048764533e-01 +9.9927772543924576e-01 +1.0023708830091107e+00 +1.0000914459751664e+00 +9.9975403282525843e-01 -2.0250988768187278e-03 +5.5221235187437922e-03 +1.2442008991833105e-03 +4.4454504291240152e-04 -2.6341583205297266e-03
 68.50000000 +5.0000000000000000e+00 +2.0002009238684662e+00 +3.2246462555838005e-03 +9.9630875694077037e-01 +9.9820120118222488e-01 +9.9862514951123671e-01 +9.9963471008793292e-01 +9.9942681362488617e-01 +9.7032360081821532e-04 +5.3191068490920403e-03 +4.4505932142371038e-03 +5.0425512259754909e-04 -3.4409101337850704e-03
 69.00000000 +5.0000000000000000e+00 +2.0001004444573987e+00 -5.9378214912717091e-05 +1.0054110475573590e+00 +1.0016043752341737e+00 +9.9998559916034213e-01 +9.9760007717898169e-01 +9.9755223238871815e-01 -3.9670551395389166e-03 +2.6600301163411870e-03 -6.5555575033013468e-03 +5.2299206928036542e-04 +5.1862589376710623e-03
 69.50000000 +5.0000000000000000e+00 +1.9987608308255884e+00 +7.0310858328406986e-03 +9.8708777190737718e-01 +1.0015364174196992e+00 +9.9787740708469463e-01 +1.0006325487575087e+00 +1.0007057689032954e+00 +2.9521950943011310e-03 +8.0185430711104543e-04 -1.4587107869310663e-03 +6.1640391655854382e-03 +3.7007081473166598e-03
 70.00000000 +5.0000000000000000e+00 +1.9988039696560775e+00 +3.2296654100981929e-03 +9.9651632450998562e-01 +1.0013493032622702e+00 +9.9495330750668676e-01 +1.0015557058851450e+00 +9.9862009719676181e-01 +1.5108924854930665e-03 -6.2606267023581003e-04 -1.5907390535385641e-03 +1.5816070500234113e-03 +6.1295638273804898e-03
 70.50000000 +5.0000000000000000e+00 +1.9994100729997357e+00 +6.0829981639737409e-03 +9.8991074706311277e-01 +9.9916428810592639e-01 +9.9806615766028617e-01 +9.9785954529400134e-01 +9.9893037213314817e-01 +3.8794596892707030e-03 +7.9163526757611378e-03 -6.2342020283126249e-04 +1.4878266143977374e-03 +3.4086709669708250e-03
 71.00000000 +5.0000000000000000e+00 +1.9992178054098755e+00 +7.4973530082734759e-04 +1.0028635866777065e+00 +9.9931594828042380e-01 +9.9831360793358626e-01 +1.0004027976561034e+00 +9.9791641518411101e-01 +4.4151846099418565e-03 -4.9921833897883378e-03 -1.1333517030476072e-03 -1.3928445760131357e-03 +4.2908393269311994e-03
 71.50000000 +5.0000000000000000e+00 +1.9992252202477714e+00 +4.9992365296569639e-03 +9.9197594014628443e-01 +1.0021593728687253e+00 +9.9871912796454498e-01 +1.0001528790053440e+00 +9.9927204444395656e-01 +2.3435297814290612e-03 +4.9453080912334260e-03 -2.9734168954003372e-03 -1.8601989939415278e-03 +5.2654135878410840e-03
 72.00000000 +5.0000000000000000e+00 +2.0006745162917996e+00 +1.8109576743348755e-03 +1.0000372413782288e+00 +1.0002373808073610e+00 +9.9884551235364238e-01 +1.0022495953659103e+00 +9.9887799426260826e-01 -2.1772170651240420e-04 +9.6638720794361900e-04 +3.0957935542210383e-03 -2.6716246511839714e-03 -1.4205585721692334e-03
 72.50000000 +5.0000000000000000e+00 +1.9992325578442947e+00 -2.7039005107194563e-04 +1.0055375225389493e+00 +1.0023352501465286e+00 +1.0003642725846298e+00 +1.0007394831149434e+00 +9.9866310294505301e-01 +9.2232240951301491e-04 +1.4683702566133817e-02 -3.4899092827197914e-03 -9.6082868979847288e-03 -1.0147460125076861e-02
 73.00000000 +5.0000000000000000e+00 +1.9962006570144610e+00 +9.6986217654377056e-03 +9.8042499629596913e-01 +9.9734225631497475e-01 +9.9763401316387212e-01 +1.0013755448503583e+00 +9.9678856832067808e-01 +4.4791387052329438e-03 +5.0848355204282190e-03 +2.7075270957395256e-03 +6.7856617775926961e-03 +7.3774579552212264e-03
 73.50000000 +5.0000000000000000e+00 +2.0005503800722328e+00 -1.4358934875702246e-04 +1.0056958329896335e+00 +1.0025207227071402e+00 +1.0029867164144577e+00 +9.9942352191941930e-01 +9.9891388073495813e-01 +1.5615987174009348e-05 -3.2543810937266668e-03 -4.1673983897930009e-03 +2.9367098182843921e-03 -5.0712210875201499e-03
 74.00000000 +5.0000000000000000e+00 +2.0009405956856736e+00 -2.7870858441028006e-03 +1.0122397774649716e+00 +1.0026254673335566e+00 +1.0006129292194554e+00 +9.9582781496563477e-01 +1.0030886853172494e+00 +4.4121501971975856e-03 +4.6006993634285125e-04 -5.0940038835757461e-03 -6.7640842512450379e-03 -7.4088062995191694e-03
 74.50000000 +5.0000000000000000e+00 +1.9990029457293896e+00 +4.8144465786447849e-03 +9.9306194980703344e-01 +1.0014003139039764e+00 +9.9767451975298393e-01 +9.9961372977733853e-01 +1.0001753545144492e+00 +6.5801264683277702e-03 -1.2929142488541379e-03 -3.5784335523134092e-03 +9.9357716863792181e-04 +5.3717764084233325e-03
 75.00000000 +5.0000000000000000e+00 +2.0010268058311613e+00 +2.1713496230888057e-03 +9.9973619545215053e-01 +1.0008895890985963e+00 +9.9882419727338290e-01 +9.9387320886247255e-01 +9.9847218526593895e-01 -4.5895142659266959e-03 +8.2710582134363393e-03 +3.8162214531972292e-03 -5.9618844646656590e-03 +6.6687431113955746e-03
