#PATCH_CHECK: SepMBpoisson v0.61 exact-bernoulli stratified-backward active
#discretizing the bath:
#     0 0.0000000000000000e+00 -6.3189999999999946e-01
#     1 5.0552502960343670e-03 -2.2049593305392995e-01
#     2 5.0552502960343670e-03 -2.0785800122430018e-01
#     3 5.0552502960343670e-03 -1.9487731515752316e-01
#     4 5.0552502960343670e-03 -1.8156269730106506e-01
#     5 5.0552502960343670e-03 -1.6792232186695760e-01
#     6 5.0552502960343670e-03 -1.5396379054189871e-01
#     7 5.0552502960343670e-03 -1.3969419636547739e-01
#     8 5.0552502960343670e-03 -1.2512017805314982e-01
#     9 5.0552502960343670e-03 -1.1024796652696495e-01
#sampling: jump_strength=1.2638125740085920e-02 jump_probability=1.2480396914593113e-02 log_scale=1.2558931178164597e-02 back_replicas=4 stratify_forward=0
#adaptive measurement: gap=1.3640375434107455e-02 period_steps=922 nmeas=121 nwf=150 tmax=7.5000000000000000e+01 forced_stride=0
  0.00000000 +5.0000000000000000e+00 +1.9999999999999998e+00 +1.8374661879283106e-03 +1.0000000000000000e+00 +1.0000000000000000e+00 +1.0000000000000000e+00 +1.0000000000000000e+00 +1.0000000000000000e+00 +0.0000000000000000e+00 +0.0000000000000000e+00 +0.0000000000000000e+00 +0.0000000000000000e+00 +0.0000000000000000e+00
  0.50000000 +5.0000000000000000e+00 +1.9999999999119189e+00 +1.8502895823079818e-03 +9.9996744452018116e-01 +1.0000000000108178e+00 +1.0000000000108178e+00 +1.0000000000108178e+00 +1.0000000000108178e+00 +6.4860091713479609e-06 +6.5103301056790464e-06 +6.6101739413540310e-06 +6.5244106466075696e-06 +6.4245668109325858e-06
  1.00000000 +5.0000000000000000e+00 +1.9999999983701024e+00 +1.8856418431756007e-03 +9.9987764293326298e-01 +9.9999999984262211e-01 +9.9999999978693022e-01 +9.9999999980003407e-01 +9.9999999979348209e-01 +2.4517174795150216e-05 +2.4469110354694335e-05 +2.4588129716159085e-05 +2.4515814930259723e-05 +2.4267662393015116e-05
  1.50000000 +5.0000000000000000e+00 +1.9999999926142553e+00 +1.9364384675417299e-03 +9.9974845069231821e-01 +9.9999999842305121e-01 +9.9999999830525077e-01 +9.9999999813599483e-01 +9.9999999815776430e-01 +5.0991762210001360e-05 +5.0057343659314444e-05 +5.0400070251905108e-05 +5.0355983706610345e-05 +4.9751155729627726e-05
  2.00000000 +5.0000000000000000e+00 +1.9999999460574838e+00 +1.9931864718345104e-03 +9.9960380547639405e-01 +9.9999999361529346e-01 +9.9999999347364676e-01 +9.9999999271296758e-01 +9.9999999309663212e-01 +8.1017592473329864e-05 +7.9233001748553957e-05 +7.9023546842031664e-05 +7.8895928286096330e-05 +7.8051523410137540e-05
  2.50000000 +5.0000000000000000e+00 +1.9999999453046258e+00 +2.0448725533001710e-03 +9.9947155453907266e-01 +9.9999998258903111e-01 +9.9999998379415145e-01 +9.9999998191823236e-01 +9.9999998182611749e-01 +1.0899044411709354e-04 +1.0639887167315894e-04 +1.0531719480425691e-04 +1.0471565827440916e-04 +1.0309321808659769e-04
  3.00000000 +5.0000000000000000e+00 +1.9999999694066999e+00 +2.0806231532591582e-03 +9.9937930159993771e-01 +9.9999996628450871e-01 +9.9999996701274751e-01 +9.9999996442190831e-01 +9.9999996487355403e-01 +1.2968948301634949e-04 +1.2623314514350654e-04 +1.2353681307510141e-04 +1.2234804500161164e-04 +1.1902824462581211e-04
  3.50000000 +5.0000000000000000e+00 +2.0000000102115787e+00 +2.0942003572657279e-03 +9.9934302786267915e-01 +9.9999993890790584e-01 +9.9999994322640928e-01 +9.9999994070513309e-01 +9.9999993756720151e-01 +1.4041021545112647e-04 +1.3439488377404619e-04 +1.3148954143714768e-04 +1.2744369947467461e-04 +1.2347324204107146e-04
  4.00000000 +5.0000000000000000e+00 +2.0000000799692903e+00 +2.0833818349317553e-03 +9.9936865808625619e-01 +9.9999990800492022e-01 +9.9999991227906670e-01 +9.9999990946735262e-01 +9.9999990650875248e-01 +1.3759816876350575e-04 +1.3143919375765558e-04 +1.2661881185316816e-04 +1.1968313624243309e-04 +1.1636629640994142e-04
  4.50000000 +5.0000000000000000e+00 +2.0000000785910301e+00 +2.0501204494037997e-03 +9.9945163531764403e-01 +9.9999987176054539e-01 +9.9999987640629040e-01 +9.9999987691676928e-01 +9.9999987033315141e-01 +1.2303463145132000e-04 +1.1730940967426291e-04 +1.0985896155575936e-04 +1.0203558933369339e-04 +9.6630643277001804e-05
  5.00000000 +5.0000000000000000e+00 +1.9999999108712134e+00 +1.9994027873747465e-03 +9.9957970523281903e-01 +9.9999983189865416e-01 +9.9999984204943315e-01 +9.9999983878467136e-01 +9.9999983475027221e-01 +9.8048464306444631e-05 +9.1112535310766544e-05 +8.5232827790588205e-05 +7.7356120863448735e-05 +6.9197196703314358e-05
  5.50000000 +5.0000000000000000e+00 +2.0000000260964201e+00 +1.9457605632802999e-03 +9.9971634210397853e-01 +9.9999979637138603e-01 +9.9999981352504019e-01 +9.9999981236609314e-01 +9.9999980748655537e-01 +7.0436546244490695e-05 +6.4194436074038725e-05 +5.4677494971951479e-05 +4.9931765008005952e-05 +4.5187907559442467e-05
  6.00000000 +5.0000000000000000e+00 +1.9999997766324886e+00 +1.8939253461138061e-03 +9.9984957093880444e-01 +9.9999977437679577e-01 +9.9999978221762975e-01 +9.9999977891087166e-01 +9.9999977610651181e-01 +4.1426479592274164e-05 +3.5452261449100466e-05 +3.0787299075762841e-05 +2.4321964516727479e-05 +1.9329569843428911e-05
  6.50000000 +5.0000000000000000e+00 +1.9999998411131710e+00 +1.8582516895813391e-03 +9.9994296647469083e-01 +9.9999975043076805e-01 +9.9999976740742147e-01 +9.9999977830209497e-01 +9.9999975476559566e-01 +2.1445384880259213e-05 +1.3926113318374519e-05 +9.5210902327664398e-06 +6.2838940674775630e-06 +6.8061352329676054e-06
  7.00000000 +5.0000000000000000e+00 +1.9999994428142800e+00 +1.8464884449496339e-03 +9.9997628696527641e-01 +9.9999973923635177e-01 +9.9999976374235555e-01 +9.9999976204474461e-01 +9.9999976459115458e-01 +1.0065534235281479e-05 +7.6270570159191085e-06 +1.1774716614396739e-07 +2.9342529675133809e-06 +3.9388965072187325e-06
  7.50000000 +5.0000000000000000e+00 +1.9999995108652955e+00 +1.8496234336534882e-03 +9.9997177920688829e-01 +9.9999974328658003e-01 +9.9999978022799396e-01 +9.9999976293652537e-01 +9.9999976871282692e-01 +3.7369061624820641e-09 +2.3762738036608652e-06 +7.3309961584693126e-06 +8.0157348105044700e-06 +1.1438821355199010e-05
  8.00000000 +5.0000000000000000e+00 +1.9999995285143475e+00 +1.8803073911547192e-03 +9.9989684160287806e-01 +9.9999973645743068e-01 +9.9999975939732844e-01 +9.9999974739021258e-01 +9.9999975621103565e-01 +1.2241465815569277e-05 +1.8997595271793004e-05 +1.8225743312088929e-05 +2.1269803112577471e-05 +3.3424396587482273e-05
  8.50000000 +5.0000000000000000e+00 +1.9999996522437378e+00 +1.9332916939477317e-03 +9.9976392442898598e-01 +9.9999970899731794e-01 +9.9999972124403147e-01 +9.9999972791448744e-01 +9.9999976962179449e-01 +3.2950793540904700e-05 +4.4288565967444887e-05 +4.6890867689809570e-05 +5.2899933760850335e-05 +6.0117609729702553e-05
  9.00000000 +5.0000000000000000e+00 +1.9999996530454498e+00 +1.9831493472624844e-03 +9.9963735406031273e-01 +9.9999971089359962e-01 +9.9999975320207712e-01 +9.9999972281543403e-01 +9.9999974237891187e-01 +5.9763872548275335e-05 +6.6195623624076125e-05 +6.9184650315675124e-05 +8.3081304155252402e-05 +8.5491074692392461e-05
  9.50000000 +5.0000000000000000e+00 +1.9999994920459414e+00 +2.0248022460468604e-03 +9.9952945450142272e-01 +9.9999965118860024e-01 +9.9999974900713562e-01 +9.9999968997162725e-01 +9.9999969899797014e-01 +8.4835731395945365e-05 +8.8794201687897398e-05 +9.3138491372918972e-05 +9.9105904456443734e-05 +1.0588208710727663e-04
 10.00000000 +5.0000000000000000e+00 +1.9999998355384523e+00 +2.0631448605543190e-03 +9.9942814540992342e-01 +9.9999963710722128e-01 +9.9999962735328796e-01 +9.9999969852544168e-01 +9.9999966318480749e-01 +1.1759322455070421e-04 +1.0881887073811215e-04 +1.1323820022639782e-04 +1.1597243617462649e-04 +1.1760566099717724e-04
 10.50000000 +5.0000000000000000e+00 +2.0000005059359123e+00 +2.0809930796909805e-03 +9.9937819482198365e-01 +9.9999959197805821e-01 +9.9999959178929920e-01 +9.9999962506201612e-01 +9.9999953779073314e-01 +1.2547443644054615e-04 +1.2972868044811435e-04 +1.2678535097528337e-04 +1.2090072104309528e-04 +1.2056933383184675e-04
 11.00000000 +5.0000000000000000e+00 +2.0000002489674662e+00 +2.0740572145467886e-03 +9.9939089620439303e-01 +9.9999944468332846e-01 +9.9999948138407690e-01 +9.9999946578786436e-01 +9.9999948550734630e-01 +1.3294826756440721e-04 +1.2229362445929901e-04 +1.1790518115348325e-04 +1.1653027232633894e-04 +1.2154916772093168e-04
 11.50000000 +5.0000000000000000e+00 +1.9999990029726646e+00 +2.0470418249276231e-03 +9.9945482401516095e-01 +9.9999943850237338e-01 +9.9999939973875651e-01 +9.9999937998899957e-01 +9.9999935802767725e-01 +1.2674414867331666e-04 +1.1647956878773139e-04 +1.1182937208219649e-04 +1.0169725851455663e-04 +9.0849386082791859e-05
 12.00000000 +5.0000000000000000e+00 +1.9999991901495888e+00 +2.0047336992321438e-03 +9.9955991150602019e-01 +9.9999924908694005e-01 +9.9999928664196069e-01 +9.9999930060285036e-01 +9.9999927619587159e-01 +1.1852460126941626e-04 +1.0000929854088080e-04 +9.0607135886074740e-05 +6.8999210417648672e-05 +6.4835685560844149e-05
 12.50000000 +5.0000000000000000e+00 +1.9999987987535968e+00 +1.9556913148083489e-03 +9.9968406129446963e-01 +9.9999930604414100e-01 +9.9999925615722440e-01 +9.9999925237471599e-01 +9.9999915545154028e-01 +9.5554919920936315e-05 +7.8849963446327130e-05 +6.2638905533429835e-05 +4.1720329804399313e-05 +4.0204536707708390e-05
 13.00000000 +5.0000000000000000e+00 +1.9999998333483644e+00 +1.9105210789287592e-03 +9.9980099142973089e-01 +9.9999911887939730e-01 +9.9999917260186899e-01 +9.9999916379998333e-01 +9.9999905771778419e-01 +5.9242918259651835e-05 +5.4967143752108582e-05 +4.0783164043131108e-05 +2.7959211083060127e-05 +1.9543226589783353e-05
 13.50000000 +5.0000000000000000e+00 +1.9999997054230563e+00 +1.8700911695090357e-03 +9.9990831171249772e-01 +9.9999920510873719e-01 +9.9999913987519573e-01 +9.9999911127831043e-01 +9.9999904278161034e-01 +3.7799886172931045e-05 +2.4388916728040634e-05 +1.5807544252957978e-05 +9.8678952954709423e-06 +7.3250592827511622e-06
 14.00000000 +5.0000000000000000e+00 +2.0000008870735884e+00 +1.8586111939094764e-03 +9.9994385494931781e-01 +9.9999921318821228e-01 +9.9999909894042516e-01 +9.9999905347136453e-01 +9.9999906422522200e-01 +1.9967089632173849e-05 +1.7727753622024284e-05 +1.1967594233515903e-05 +1.0766222167845741e-06 +8.9761488088669487e-06
 14.50000000 +5.0000000000000000e+00 +2.0000010427649366e+00 +1.8563028104067727e-03 +9.9995579371160737e-01 +9.9999902123016471e-01 +9.9999908056364228e-01 +9.9999889070322667e-01 +9.9999891312430378e-01 -2.0312821491011589e-06 +6.2953817178626196e-06 +7.9600637097059759e-07 +1.8641660930459254e-05 +2.4598885922408700e-05
 15.00000000 +5.0000000000000000e+00 +2.0000003424879047e+00 +1.8900620943961592e-03 +9.9987545797394117e-01 +9.9999913025814535e-01 +9.9999899164324146e-01 +9.9999898047997315e-01 +9.9999893380202065e-01 +1.1927829341552431e-05 +1.3486631421036844e-05 +2.3595265754108292e-05 +3.7682547585892228e-05 +4.1813549058975092e-05
 15.50000000 +5.0000000000000000e+00 +2.0000007157337834e+00 +1.9163927804878550e-03 +9.9981191596503882e-01 +9.9999888971718154e-01 +9.9999915531235561e-01 +9.9999902191035839e-01 +9.9999902808247065e-01 +2.1902149946455793e-05 +2.7243241774953821e-05 +3.9818164730995714e-05 +3.3532307080275782e-05 +6.9493207346532176e-05
 16.00000000 +5.0000000000000000e+00 +1.9999992929710733e+00 +1.9899927928283931e-03 +9.9962544625354866e-01 +9.9999927058918858e-01 +9.9999903607796981e-01 +9.9999897568851359e-01 +9.9999911262448549e-01 +6.4904355854462394e-05 +5.5557161302669257e-05 +7.8343742430555881e-05 +8.9901109689329063e-05 +8.9452346996682483e-05
 16.50000000 +5.0000000000000000e+00 +1.9999986309243705e+00 +2.0181562729195655e-03 +9.9955097255751102e-01 +9.9999905358655794e-01 +9.9999908977716112e-01 +9.9999881022682080e-01 +9.9999903850555327e-01 +6.8453301522107931e-05 +8.5439685121891138e-05 +8.7669007355577482e-05 +1.0228979318783205e-04 +1.0918357956106544e-04
 17.00000000 +5.0000000000000000e+00 +1.9999975091893374e+00 +2.0508652407963996e-03 +9.9946288005211992e-01 +9.9999920036330359e-01 +9.9999904218134827e-01 +9.9999896778066710e-01 +9.9999895811061357e-01 +8.9920761035990811e-05 +1.1733031578327735e-04 +1.1565099916302222e-04 +1.1208693142701222e-04 +1.0596255832262168e-04
 17.50000000 +5.0000000000000000e+00 +1.9999998024730667e+00 +2.0710377590264458e-03 +9.9940557960813603e-01 +9.9999914079873831e-01 +9.9999899013488180e-01 +9.9999867502166839e-01 +9.9999878648083917e-01 +1.1552636450320428e-04 +1.2282973594459276e-04 +1.3640987094072984e-04 +1.0944349103664990e-04 +1.1461857428719265e-04
 18.00000000 +5.0000000000000000e+00 +1.9999990791511302e+00 +2.0704406014127922e-03 +9.9939986819770577e-01 +9.9999906831313390e-01 +9.9999866655212222e-01 +9.9999855019319261e-01 +9.9999864799248095e-01 +1.2779482674936743e-04 +1.2673682557468873e-04 +1.3341699552234327e-04 +1.0985133803961834e-04 +1.0739876706785650e-04
 18.50000000 +5.0000000000000000e+00 +1.9999992358718484e+00 +2.0420849119170558e-03 +9.9946670444084718e-01 +9.9999864310567588e-01 +9.9999886702297724e-01 +9.9999874407875966e-01 +9.9999828220893228e-01 +1.2972260352035926e-04 +1.1199972783521710e-04 +1.0983850746187447e-04 +1.0605929994128799e-04 +8.1139094139796107e-05
 19.00000000 +5.0000000000000000e+00 +1.9999992707634826e+00 +2.0083354711292732e-03 +9.9954834352268462e-01 +9.9999851449141075e-01 +9.9999845865267145e-01 +9.9999830610410445e-01 +9.9999818260183582e-01 +1.0882121581206956e-04 +1.1280091086949897e-04 +9.3241449439239742e-05 +7.0217911341802664e-05 +7.3113142538595066e-05
 19.50000000 +5.0000000000000000e+00 +1.9999978645084791e+00 +1.9583746286227915e-03 +9.9967383201030868e-01 +9.9999861696987247e-01 +9.9999844872648591e-01 +9.9999805488078997e-01 +9.9999848588053364e-01 +8.8758917036829631e-05 +9.8796136233236437e-05 +6.2004079150446693e-05 +5.9008722230697368e-05 +2.3993614317578156e-05
 20.00000000 +5.0000000000000000e+00 +1.9999987063496800e+00 +1.9301972547366457e-03 +9.9974773431456998e-01 +9.9999832441403558e-01 +9.9999809116036342e-01 +9.9999751022181871e-01 +9.9999835884077926e-01 +7.8277051013672381e-05 +5.8877903303706044e-05 +6.2605876512226015e-05 +2.7758107845820403e-05 +3.2462049445283082e-05
 20.50000000 +5.0000000000000000e+00 +1.9999992002592233e+00 +1.9047058983816525e-03 +9.9981689725157608e-01 +9.9999830233200449e-01 +9.9999825398671061e-01 +9.9999797642754984e-01 +9.9999838553692733e-01 +4.6410895008200376e-05 +5.6275381286402766e-05 +3.1348250620111637e-05 +2.5005788777709217e-05 +3.1144163262255066e-05
 21.00000000 +5.0000000000000000e+00 +1.9999993539781165e+00 +1.8705218319060477e-03 +9.9991188832000155e-01 +9.9999829785609107e-01 +9.9999855445504227e-01 +9.9999810097296749e-01 +9.9999865472262395e-01 +4.2451267494789025e-05 +8.3658677873510587e-06 +1.9227305153909537e-05 +2.3234739353291794e-05 +1.2245231346865862e-06
 21.50000000 +5.0000000000000000e+00 +1.9999983888714701e+00 +1.8786273854854458e-03 +9.9989696258288452e-01 +9.9999840457193123e-01 +9.9999862103003867e-01 +9.9999750109822727e-01 +9.9999847683608301e-01 +2.3165075959142702e-05 +3.1516289029253447e-05 +1.0811522913726456e-05 +2.8217878923051186e-05 +1.6323091159893415e-05
 22.00000000 +5.0000000000000000e+00 +1.9999971273667567e+00 +1.9271246107163780e-03 +9.9977964372270800e-01 +9.9999768522053722e-01 +9.9999777373213983e-01 +9.9999785466497026e-01 +9.9999772408736776e-01 +3.6649009614854073e-05 +5.1853363988537932e-05 +3.2393870329944140e-05 +5.0175427329219292e-05 +5.8246832293898925e-05
 22.50000000 +5.0000000000000000e+00 +1.9999976078491513e+00 +1.9146128874697971e-03 +9.9981554789749516e-01 +9.9999842565570607e-01 +9.9999829088247438e-01 +9.9999828269151092e-01 +9.9999782753946165e-01 +8.2373214509893578e-06 +2.9644519124598031e-05 +4.1132216921617203e-05 +4.3237948608027781e-05 +6.9373289287835157e-05
 23.00000000 +5.0000000000000000e+00 +1.9999987785472959e+00 +1.9686272843407165e-03 +9.9968025171842767e-01 +9.9999794911686313e-01 +9.9999763193888402e-01 +9.9999871470844048e-01 +9.9999715540391254e-01 +4.5844183075796991e-05 +4.9654247320718561e-05 +5.8501348952741236e-05 +8.6359685783354452e-05 +8.7937639252949479e-05
 23.50000000 +5.0000000000000000e+00 +2.0000011155815942e+00 +1.9809531270380365e-03 +9.9965070375592080e-01 +9.9999818813727437e-01 +9.9999772797218744e-01 +9.9999789789019855e-01 +9.9999840052721078e-01 +5.1770544113410666e-05 +5.2883365156225097e-05 +6.9870867370946992e-05 +9.4681433165891621e-05 +8.7875505094865098e-05
 24.00000000 +5.0000000000000000e+00 +1.9999989257318291e+00 +2.0394991169509695e-03 +9.9949505042734577e-01 +9.9999811580147191e-01 +9.9999843760157348e-01 +9.9999820147093643e-01 +9.9999740779552715e-01 +9.2529706122531331e-05 +9.2376633890780874e-05 +1.0711357976437490e-04 +1.2100299211076890e-04 +9.9763951677825737e-05
 24.50000000 +5.0000000000000000e+00 +1.9999966483331439e+00 +2.0414798535087430e-03 +9.9948265583546902e-01 +9.9999882915468097e-01 +9.9999843059278426e-01 +9.9999809896811687e-01 +9.9999761755451744e-01 +8.8953890126793834e-05 +1.1085773881460303e-04 +1.0880298766631178e-04 +1.1538203064021067e-04 +1.0037117276905331e-04
 25.00000000 +5.0000000000000000e+00 +1.9999988251627017e+00 +2.0375959321118375e-03 +9.9948499339774477e-01 +9.9999866577403285e-01 +9.9999748294580937e-01 +9.9999846762757749e-01 +9.9999715651543375e-01 +1.0505149871440393e-04 +1.2376530834811605e-04 +1.1945115176376885e-04 +8.9766623340055632e-05 +8.5199154100011609e-05
 25.50000000 +5.0000000000000000e+00 +2.0000005313900093e+00 +2.0320431934531509e-03 +9.9949357546995410e-01 +9.9999762725760777e-01 +9.9999817787692125e-01 +9.9999681655237416e-01 +9.9999785200213132e-01 +1.0289667640574263e-04 +9.8783568742036654e-05 +1.2204048880549686e-04 +1.0151045090478620e-04 +9.0719691608008774e-05
 26.00000000 +5.0000000000000000e+00 +2.0000016400594935e+00 +1.9855617027266627e-03 +9.9960659399238461e-01 +9.9999857764021449e-01 +9.9999724247039268e-01 +9.9999677144532395e-01 +9.9999798737306467e-01 +9.1822955134626070e-05 +9.0501530040061043e-05 +1.0446679204436995e-04 +5.2932288492064948e-05 +6.3103582137521776e-05
 26.50000000 +5.0000000000000000e+00 +2.0000019360999870e+00 +1.9731687747472676e-03 +9.9963697609911373e-01 +9.9999822379569414e-01 +9.9999729199978349e-01 +9.9999798668660045e-01 +9.9999648194203405e-01 +1.0548053759076346e-04 +9.5534330007591089e-05 +6.8290484279472506e-05 +7.2784411953522564e-05 +3.0949675173468286e-05
 27.00000000 +5.0000000000000000e+00 +2.0000009974476161e+00 +1.9149955362599946e-03 +9.9978710868219967e-01 +9.9999787381905836e-01 +9.9999730898502637e-01 +9.9999718320242592e-01 +9.9999692733802659e-01 +6.0209989399596566e-05 +4.1631152300502391e-05 +4.6183179948997951e-05 +4.6122109618441314e-05 +2.9451556512494721e-05
 27.50000000 +5.0000000000000000e+00 +1.9999995603263596e+00 +1.9234380513098170e-03 +9.9976794328281016e-01 +9.9999866571764062e-01 +9.9999630206182744e-01 +9.9999706606291483e-01 +9.9999647608087205e-01 +1.0925409828968242e-04 +8.1732848454593214e-05 +2.6244831943406894e-05 +2.0786255122360487e-05 +5.5287827100006129e-06
 28.00000000 +5.0000000000000000e+00 +2.0000007176367935e+00 +1.8956731750718466e-03 +9.9984363148031397e-01 +9.9999816022659593e-01 +9.9999741342115966e-01 +9.9999592055753206e-01 +9.9999749080494127e-01 +4.3462575254090563e-05 +1.1501112604291402e-05 +5.3626320663260489e-05 -2.0543247831925940e-05 +7.9336716172201811e-05
 28.50000000 +5.0000000000000000e+00 +2.0000017408639268e+00 +1.9122147333909848e-03 +9.9981091655168552e-01 +9.9999705170636854e-01 +9.9999746401914802e-01 +9.9999706130381949e-01 +9.9999792127823517e-01 +3.0639264293728547e-05 +7.7590611860391516e-05 +3.6332892930676052e-05 +4.0268879678724518e-05 +1.4753513998837968e-05
 29.00000000 +5.0000000000000000e+00 +1.9999949938926751e+00 +1.9576165011489788e-03 +9.9969984334904938e-01 +9.9999805699520106e-01 +9.9999639665077922e-01 +9.9999619412736318e-01 +9.9999661059777278e-01 +6.2277237107263538e-05 +5.0289141995670077e-05 +6.4904512707462180e-05 +7.7471664840603432e-05 +5.7955680766602063e-05
 29.50000000 +5.0000000000000000e+00 +2.0000005902173150e+00 +1.8995356546391154e-03 +9.9985607617087691e-01 +9.9999746886854113e-01 +9.9999851747853630e-01 +9.9999861403380663e-01 +9.9999609480959273e-01 +3.1519376315626400e-05 +2.5479987549255399e-05 +3.8307582888294744e-05 +3.8279862158203381e-05 +1.9641860874464732e-05
 30.00000000 +5.0000000000000000e+00 +2.0000052172582667e+00 +1.9978954178684091e-03 +9.9960938926148524e-01 +9.9999857499764877e-01 +9.9999789812496231e-01 +9.9999718181942931e-01 +9.9999561842823315e-01 +6.6511878886180061e-05 +6.4347982349485745e-05 +8.1807444537682108e-05 +1.0885587278118146e-04 +7.9814201010811761e-05
 30.50000000 +5.0000000000000000e+00 +1.9999957270107913e+00 +1.9882006804857835e-03 +9.9962702652771640e-01 +9.9999654172146735e-01 +9.9999597815928398e-01 +9.9999701088559378e-01 +9.9999625653543556e-01 +5.4712681750801592e-05 +7.1969519131738466e-05 +8.2696938401267495e-05 +8.8223272703148771e-05 +8.9583768559605090e-05
 31.00000000 +5.0000000000000000e+00 +1.9999976541886308e+00 +1.9813354160022807e-03 +9.9964418937193522e-01 +9.9999672615145041e-01 +9.9999704856775806e-01 +9.9999639317409594e-01 +9.9999681570798526e-01 +5.1258440636448522e-05 +6.2593163428786321e-05 +1.0569000083222827e-04 +9.9385108741096082e-05 +4.9900344135097900e-05
 31.50000000 +5.0000000000000000e+00 +1.9999945992684585e+00 +2.0186492087914945e-03 +9.9954156108833125e-01 +9.9999799397904687e-01 +9.9999649571457361e-01 +9.9999726323116633e-01 +9.9999672397994299e-01 +5.5474920345475569e-05 +1.0316332716952369e-04 +9.2379820328620873e-05 +1.2923135727974447e-04 +8.9712586452968081e-05
 32.00000000 +5.0000000000000000e+00 +1.9999904554713588e+00 +2.0063108218186746e-03 +9.9956553705128948e-01 +9.9999608481956836e-01 +9.9999582981793178e-01 +9.9999780316627385e-01 +9.9999815234317901e-01 +1.0199029338958948e-04 +1.1176879923872048e-04 +8.6061774198078260e-05 +7.4974159959474422e-05 +7.1797739773126279e-05
 32.50000000 +5.0000000000000000e+00 +1.9999940625302723e+00 +1.9928235004918662e-03 +9.9959582253207568e-01 +9.9999900072611869e-01 +9.9999889624733906e-01 +9.9999642793994215e-01 +9.9999748810950129e-01 +6.0884035834595852e-05 +1.1951810245954000e-04 +1.2405637099053389e-04 +1.4053750633350337e-05 +9.3852169831138975e-05
 33.00000000 +5.0000000000000000e+00 +1.9999894941140397e+00 +1.9513248743208830e-03 +9.9969618919661396e-01 +9.9999691166996685e-01 +9.9999620530670785e-01 +9.9999583215448762e-01 +9.9999759947486822e-01 +8.9029183035663033e-05 +6.3377843362621628e-05 +7.4584307200479847e-05 +7.8213226805286023e-05 +1.2057646414704313e-05
 33.50000000 +5.0000000000000000e+00 +1.9999827104303320e+00 +1.9617354783543566e-03 +9.9966507035062424e-01 +9.9999518022056955e-01 +9.9999923338488428e-01 +9.9999441086800300e-01 +9.9999438017947451e-01 +8.1865267945193204e-05 +6.9198854209359372e-05 +9.4338499481869538e-05 +7.7344986735731084e-05 +2.8977362373840286e-05
 34.00000000 +5.0000000000000000e+00 +1.9999862173271861e+00 +1.9485754477726236e-03 +9.9970192382779599e-01 +9.9999922171321642e-01 +9.9999561205436183e-01 +9.9999445025494127e-01 +9.9999550929716641e-01 +8.1764522734774898e-05 +8.3600906772203737e-05 +5.3294952310583298e-05 +4.5981668206993154e-05 +4.8640779128194797e-05
 34.50000000 +5.0000000000000000e+00 +1.9999872956309865e+00 +1.9567863789905554e-03 +9.9968248613287758e-01 +9.9999730695333400e-01 +9.9999972893211442e-01 +9.9999405862347135e-01 +9.9999701791430839e-01 +1.1998354299760670e-04 +3.7519093810519253e-05 +7.3956992396451835e-05 +7.0190120016710536e-05 +2.7751728035357494e-05
 35.00000000 +5.0000000000000000e+00 +1.9999822072373625e+00 +1.9346335982783239e-03 +9.9974292121710584e-01 +9.9999689842945916e-01 +9.9999616280810988e-01 +9.9999479284306547e-01 +9.9999461751351859e-01 +7.1179624206745392e-05 +9.3404202339400567e-05 +6.3373574608312691e-05 +2.7245338254824694e-05 +1.9404441881022600e-05
 35.50000000 +5.0000000000000000e+00 +1.9999844899408810e+00 +1.9543407410693115e-03 +9.9969793091905601e-01 +9.9999798922754379e-01 +9.9999649544101610e-01 +9.9999784129000890e-01 +9.9999567695502634e-01 +5.4128726996065806e-05 +5.8176734307818611e-05 +4.9348470301605828e-05 +7.7901170203548763e-05 +7.4511082504182026e-05
 36.00000000 +5.0000000000000000e+00 +1.9999900840311058e+00 +1.8764402032432214e-03 +9.9990695828507881e-01 +9.9999749363908053e-01 +9.9999861662476053e-01 +9.9999576509301080e-01 +9.9999477663290914e-01 +7.4103119457953734e-05 -1.8832388718577743e-06 +2.4863801194799065e-05 +1.5925307235761671e-05 -6.6192792274594167e-06
 36.50000000 +5.0000000000000000e+00 +1.9999830512640275e+00 +1.9479285830635027e-03 +9.9972310161797417e-01 +9.9999838848991318e-01 +9.9999435434316453e-01 +9.9999791598475396e-01 +9.9999665952641204e-01 +6.4555645388498362e-05 +3.5248146399698962e-05 +5.2716628315613894e-05 +5.9621089168121831e-05 +7.7438521108131702e-05
 37.00000000 +5.0000000000000000e+00 +1.9999860083553604e+00 +1.9413935942877824e-03 +9.9974378458311364e-01 +9.9999875625635315e-01 +9.9999919452549169e-01 +9.9999720844292517e-01 +9.9999446104111367e-01 +1.0601992516661013e-05 +1.0447358660791605e-04 +5.3433336476077843e-05 +7.7344880857493293e-05 +2.0741349117196961e-05
 37.50000000 +5.0000000000000000e+00 +1.9999827499714946e+00 +1.9654372706397367e-03 +9.9967912673668713e-01 +9.9999342714402373e-01 +9.9999558929137000e-01 +9.9999720571963446e-01 +9.9999290721935119e-01 +4.5342483425518753e-05 +3.4041638155116473e-05 +9.9720884429052565e-05 +7.1967747722048852e-05 +9.0671163821807248e-05
 38.00000000 +5.0000000000000000e+00 +1.9999868667229062e+00 +1.9615735963567486e-03 +9.9969317918059231e-01 +9.9999549557388667e-01 +9.9999549473635041e-01 +9.9999657299758082e-01 +9.9999607435421445e-01 +5.8837336724949077e-05 +3.1730710293707575e-05 +3.0395106158033244e-05 +8.4395974811394699e-05 +1.1782400854195323e-04
 38.50000000 +5.0000000000000000e+00 +1.9999767058372226e+00 +2.0170485675717097e-03 +9.9953935051656406e-01 +9.9999495350509959e-01 +1.0000001321477572e+00 +9.9999382368489942e-01 +9.9999853137900252e-01 +1.5014184473685925e-04 +8.4334871453006378e-05 +4.3060814808111808e-05 +8.7345904691785338e-05 +1.0832529745034004e-04
 39.00000000 +5.0000000000000000e+00 +1.9999820187650432e+00 +2.0446235048515835e-03 +9.9947453839602840e-01 +9.9999217130612439e-01 +9.9999627689917925e-01 +9.9999411440051778e-01 +9.9999690837767008e-01 +1.0548452770259556e-04 +1.3959805690052723e-04 +6.9800197624402048e-05 +9.3179609717724697e-05 +1.3792820765920309e-04
 39.50000000 +5.0000000000000000e+00 +1.9999795056652927e+00 +2.0009491587925851e-03 +9.9957493167711908e-01 +9.9999432695664126e-01 +9.9999727986337772e-01 +9.9999581864531373e-01 +9.9999695986138493e-01 +4.7980749890975662e-05 +1.3759129101041857e-04 +1.2792083723847498e-04 +8.8636393918859889e-05 +3.8553735357324324e-05
 40.00000000 +5.0000000000000000e+00 +1.9999868973890773e+00 +2.0412804636486307e-03 +9.9947628152048129e-01 +9.9999455236673807e-01 +9.9999912594160423e-01 +9.9999614051268115e-01 +9.9999640814445745e-01 +9.4974311792945672e-05 +1.4410639523809016e-04 +9.2631825683453861e-05 +9.7216935217573386e-05 +1.0856202054225557e-04
 40.50000000 +5.0000000000000000e+00 +1.9999730040834478e+00 +1.9722162840229937e-03 +9.9964407764147800e-01 +1.0000003271950715e+00 +9.9999402469979981e-01 +9.9999734089367875e-01 +9.9999592303777973e-01 +4.4440455825496436e-05 +1.4643731066966880e-04 +4.7319512839195635e-05 +3.7143061742281379e-05 +9.2966189969928599e-05
 41.00000000 +5.0000000000000000e+00 +1.9999915206944088e+00 +1.9665035050691511e-03 +9.9966732574651374e-01 +9.9999711891342069e-01 +9.9999706009070777e-01 +9.9999950573988794e-01 +9.9999336981042919e-01 +7.0483051295592092e-05 +1.2262991570167675e-04 +7.4824344827157063e-05 +6.5206094418870480e-05 +1.2476316155832446e-05
 41.50000000 +5.0000000000000000e+00 +1.9999743880698564e+00 +1.9073498948253013e-03 +9.9981195302745507e-01 +9.9999733948447878e-01 +9.9999782761112654e-01 +9.9999372437213263e-01 +9.9999141924043733e-01 +3.6309946477413060e-05 +8.7813571344120392e-05 +1.8108495586850661e-05 +7.6116295487806696e-05 -1.0612025548499520e-05
 42.00000000 +5.0000000000000000e+00 +1.9999728949351701e+00 +1.9894079644621129e-03 +9.9961054946076233e-01 +9.9999718918179614e-01 +9.9999457677577686e-01 +9.9999426962380433e-01 +9.9999929733946369e-01 +9.3373909201329650e-05 -2.5812202880456395e-05 +1.3179555631209763e-04 +7.2351652407060666e-05 +1.3240868894139057e-04
 42.50000000 +5.0000000000000000e+00 +1.9999804091650377e+00 +1.9126593581386738e-03 +9.9981358771428086e-01 +1.0000000775452300e+00 +9.9999296319787689e-01 +9.9999599134020711e-01 +9.9999931957092203e-01 +3.8947218467827262e-05 +1.4526828546824824e-05 +3.5318410806608657e-05 +1.0338667576275651e-04 +5.8814799018583588e-06
 43.00000000 +5.0000000000000000e+00 +1.9999771737913186e+00 +1.9934165430426100e-03 +9.9960814343593229e-01 +1.0000008953467920e+00 +9.9999558230566832e-01 +9.9999486209404131e-01 +9.9999698097091916e-01 +7.1247373804119105e-05 +4.1430084101177711e-05 +1.1804941686040867e-04 +3.7678873008953608e-05 +1.3513007994425148e-04
 43.50000000 +5.0000000000000000e+00 +1.9999657314075576e+00 +1.8568875407839840e-03 +9.9995551709680452e-01 +9.9999913153075304e-01 +1.0000011901981403e+00 +9.9999357596931693e-01 +9.9999812544559574e-01 +3.8893885020888831e-05 +2.5801389081767783e-05 -4.9096338840198106e-05 +1.6242056962799560e-05 +2.0618755172305794e-05
 44.00000000 +5.0000000000000000e+00 +1.9999734655958292e+00 +1.8723067684486264e-03 +9.9991932675970541e-01 +9.9999962724816072e-01 +9.9999289498492672e-01 +9.9999609228348674e-01 +9.9999448581849115e-01 -2.2682365864087348e-05 +6.8181615376581558e-08 +7.8888368203812588e-06 +1.1000452542178818e-04 +2.2937543511339998e-06
 44.50000000 +5.0000000000000000e+00 +1.9999748097010681e+00 +1.9749192599176572e-03 +9.9965727547672500e-01 +9.9999920215404592e-01 +9.9999435931250424e-01 +9.9999539115200786e-01 +9.9999692181695454e-01 +2.0543004061260395e-05 +5.9398743512833091e-05 +6.3825008776994274e-05 +8.8889706298621174e-05 +1.2419364478258329e-04
 45.00000000 +5.0000000000000000e+00 +1.9999807792939235e+00 +1.9978661033441011e-03 +9.9960071987172694e-01 +1.0000005175456317e+00 +9.9999037811794267e-01 +9.9999843932914401e-01 +9.9999451828387398e-01 +5.3332630940271333e-05 +1.0605366942861352e-04 +1.1288355379209519e-04 +4.2072941431013217e-05 +1.0108404589615811e-04
 45.50000000 +5.0000000000000000e+00 +1.9999726252068124e+00 +1.9667976397841421e-03 +9.9967777695131144e-01 +9.9999706818696865e-01 +9.9999913462178036e-01 +1.0000062737877811e+00 +9.9999076785232821e-01 +1.2354347112246422e-04 +3.6518275991172683e-05 +7.4839678743033802e-05 +7.4615935137386502e-05 +1.9461243730670743e-05
 46.00000000 +5.0000000000000000e+00 +1.9999740482836670e+00 +2.0117839449056213e-03 +9.9955561677210281e-01 +9.9999470904201182e-01 +1.0000009384829776e+00 +9.9999177183943466e-01 +9.9999476744931437e-01 +5.9881656127452966e-05 +7.0218222961933595e-05 +1.5245425581154976e-04 +1.1263952576300071e-04 +6.7002751687230303e-05
 46.50000000 +5.0000000000000000e+00 +1.9999658416795874e+00 +2.0273511572040750e-03 +9.9950852847999916e-01 +9.9999737515665876e-01 +9.9999747762809321e-01 +9.9999084721486742e-01 +9.9999283463167921e-01 +1.6432972977984550e-04 +4.3802735703543691e-05 +5.5999141167199075e-05 +8.1164128690922133e-05 +1.6764117173550099e-04
 47.00000000 +5.0000000000000000e+00 +1.9999566934147794e+00 +1.9590804186816880e-03 +9.9967577011174391e-01 +9.9999452135808153e-01 +9.9999379701872315e-01 +9.9999415787844192e-01 +9.9999274913473091e-01 +3.2337038176204337e-05 +5.3363442525198550e-05 +6.0539844750549321e-05 +8.4210007150723368e-05 +1.1855419382390544e-04
 47.50000000 +5.0000000000000000e+00 +1.9999526607207225e+00 +2.0132822764009554e-03 +9.9954754134727519e-01 +1.0000014927817467e+00 +9.9999005924791207e-01 +9.9999772124080777e-01 +9.9999512245642086e-01 +5.5793918711920612e-05 +1.5528550364843103e-04 -6.4649465816454247e-06 +1.0633554161700802e-04 +1.5711291370865043e-04
 48.00000000 +5.0000000000000000e+00 +1.9999733809064590e+00 +1.9943729654924363e-03 +9.9959268813811919e-01 +1.0000070280070847e+00 +1.0000018605696173e+00 +1.0000004274910195e+00 +9.9999514002266687e-01 +7.5904151776311893e-05 +1.0019452784765573e-04 +1.0812338790257860e-04 -5.5883979335442718e-05 +1.7451767964393682e-04
 48.50000000 +5.0000000000000000e+00 +1.9999648752698254e+00 +1.8998876729173634e-03 +9.9983560384598502e-01 +1.0000027268591094e+00 +1.0000065350483116e+00 +9.9999929954813083e-01 +9.9999291050528105e-01 +3.6493311140949537e-05 +6.0952020087293945e-05 +4.5723155906203999e-05 +6.2105346700584612e-05 -4.2349667030422749e-05
 49.00000000 +5.0000000000000000e+00 +1.9999748017150050e+00 +1.8728022064580857e-03 +9.9990545898741501e-01 +9.9999020831323338e-01 +9.9998880845402416e-01 +9.9999848529263302e-01 +9.9999305329603083e-01 +2.7793668862789136e-05 +3.3081160911443238e-05 +1.0724459070787449e-04 -1.8233359594489551e-05 -2.5900407349521345e-05
 49.50000000 +5.0000000000000000e+00 +1.9999529353204970e+00 +1.9324962213274994e-03 +9.9974389469117542e-01 +9.9999953053876833e-01 +1.0000038005157001e+00 +1.0000018867771421e+00 +9.9999517334348409e-01 +5.7083913784603881e-05 +2.9675721181963204e-05 -3.4283181352549693e-06 +6.3539832315213051e-05 +1.0884297467709075e-04
 50.00000000 +5.0000000000000000e+00 +1.9999720909445102e+00 +1.9272194573658739e-03 +9.9977341357427341e-01 +9.9999192765707756e-01 +9.9999260648628630e-01 +9.9999108931279501e-01 +9.9998751048197687e-01 +1.4962790792169455e-04 +5.8623268317234341e-05 +3.1913046803533730e-05 -9.7876938053325186e-07 +2.4267022053977073e-05
 50.50000000 +5.0000000000000000e+00 +1.9999832860363413e+00 +2.0154650078485149e-03 +9.9955967215875707e-01 +9.9999377262883993e-01 +1.0000075910322788e+00 +1.0000000787641146e+00 +9.9999801779050679e-01 +6.0411070627886868e-05 +8.0872817516213194e-05 +8.6703735651641590e-06 +8.0110471575746867e-05 +2.1080288651199397e-04
 51.00000000 +5.0000000000000000e+00 +1.9999793478966563e+00 +1.8816666425088314e-03 +9.9989410617564289e-01 +9.9998580881326293e-01 +1.0000034250625027e+00 +9.9998085253750724e-01 +9.9999200617502426e-01 +8.8850318216426901e-05 +5.7466478741568559e-05 -2.7361533875114060e-06 +4.6059990855808529e-05 -4.5839394088412856e-05
 51.50000000 +5.0000000000000000e+00 +1.9999626924666882e+00 +1.9653242429901862e-03 +9.9966904353093167e-01 +9.9998891776151055e-01 +1.0000014330650979e+00 +9.9998949882430432e-01 +9.9998784210030556e-01 +8.8455361332649259e-05 +8.2836576081955310e-05 +1.3927268893240282e-04 -7.8922683663676822e-06 +6.0592354690987761e-05
 52.00000000 +5.0000000000000000e+00 +1.9999698240849417e+00 +1.9120091895101800e-03 +9.9981478859591011e-01 +9.9999996365494781e-01 +9.9998806127943363e-01 +9.9999115381702208e-01 +9.9999306895729556e-01 +1.3747640688978137e-05 -2.4169490948815939e-05 +1.0255203715175638e-04 +6.2720102741685977e-05 +5.8113413826569648e-05
 52.50000000 +5.0000000000000000e+00 +1.9999669796059045e+00 +1.9786187524415614e-03 +9.9964563975542275e-01 +9.9999325511278125e-01 +9.9999320095609001e-01 +9.9999727983095799e-01 +1.0000026643574107e+00 +1.1692712110636421e-04 +1.0185963516608137e-04 +8.5029420026413026e-05 +7.9003088853625591e-05 -1.4859263167414526e-05
 53.00000000 +5.0000000000000000e+00 +1.9999670958292635e+00 +1.9904868819374593e-03 +9.9960244659902120e-01 +1.0000038715878727e+00 +9.9999855522914727e-01 +9.9999033709713969e-01 +9.9999916182785598e-01 +8.2932388634965773e-05 +1.4262144768448462e-04 +9.0321323896251442e-06 +1.2172820062469710e-04 +4.9313483700060467e-05
 53.50000000 +5.0000000000000000e+00 +1.9999550453377373e+00 +2.0035154229586212e-03 +9.9957616170962249e-01 +9.9999181485139110e-01 +9.9999880342148928e-01 +9.9999135572487108e-01 +9.9998943756745950e-01 +7.3515372453471917e-05 +1.5007627237671300e-04 +1.5441474899043653e-04 +6.3103091054871510e-05 +1.1317243186004127e-05
 54.00000000 +5.0000000000000000e+00 +1.9999804774195307e+00 +2.0480706947414826e-03 +9.9946380099358489e-01 +1.0000053697629308e+00 +1.0000022477040449e+00 +9.9999160314210733e-01 +9.9998119639312721e-01 +1.1529290114718802e-04 +1.5061032489144306e-04 +9.4533672491442129e-05 +1.3129181370234993e-04 +6.4053294741546211e-05
 54.50000000 +5.0000000000000000e+00 +1.9999610023541485e+00 +2.0395210611287829e-03 +9.9948124204815791e-01 +1.0000024523561359e+00 +9.9999112409864011e-01 +1.0000020634721258e+00 +9.9998024817249176e-01 +1.8086941514729716e-04 +6.1746421249244201e-05 +1.0709674638257678e-04 +1.1391607130724415e-04 +7.9241198190022467e-05
 55.00000000 +5.0000000000000000e+00 +1.9999473131385528e+00 +1.9798345400384569e-03 +9.9961703816255110e-01 +9.9999624058857572e-01 +9.9998132280982133e-01 +1.0000089544114350e+00 +9.9999645695401851e-01 +7.8566669965718556e-05 +5.9828460290512110e-05 +4.1516559308606950e-05 +1.2560889496780725e-04 +9.4466479994880837e-05
 55.50000000 +5.0000000000000000e+00 +1.9999460486363330e+00 +1.8934983450284372e-03 +9.9983993745631439e-01 +9.9998914556083274e-01 +1.0000064943738669e+00 +1.0000064470207193e+00 +9.9999264798324961e-01 +7.1446163421979433e-05 +5.5887858168937004e-05 +4.0538654732785319e-05 -9.4089063123110105e-05 +9.1543997307372564e-05
 56.00000000 +5.0000000000000000e+00 +1.9999669776681550e+00 +1.9078314584490112e-03 +9.9981546567220736e-01 +1.0000009536683081e+00 +1.0000006554080776e+00 +1.0000001575405102e+00 +1.0000005920672650e+00 +1.1012263143790950e-04 +1.5040619078428907e-04 +1.5419780388541378e-05 +4.6513090379266476e-06 -9.8424261537571851e-05
 56.50000000 +5.0000000000000000e+00 +1.9999750094383955e+00 +1.9070897622667326e-03 +9.9982460086407077e-01 +1.0000023433309828e+00 +1.0000077546376478e+00 +9.9998029908861952e-01 +9.9999405856953316e-01 -4.4048959687268878e-06 +1.7580130291561136e-04 +4.0801255981567917e-05 -1.1666499748094995e-04 +9.5410846888475888e-05
 57.00000000 +5.0000000000000000e+00 +1.9999685459664256e+00 +1.9119772821031980e-03 +9.9981073336399584e-01 +9.9999142563567733e-01 +1.0000048951911491e+00 +9.9999267067071584e-01 +9.9999149731220771e-01 +6.4805750668189583e-05 +1.8472868086322493e-04 -2.3300998568652205e-05 -8.0720710129267452e-06 -9.3835394924948635e-06
 57.50000000 +5.0000000000000000e+00 +1.9999364635141414e+00 +2.0899938868361207e-03 +9.9935167004625958e-01 +9.9999621961745067e-01 +1.0000015514991769e+00 +1.0000000158069984e+00 +9.9999051133489636e-01 +3.4829305946225013e-04 +5.4830135317735060e-05 +1.0550833058957945e-04 +1.8197302287165214e-05 +1.3320287913348779e-04
 58.00000000 +5.0000000000000000e+00 +1.9999550413994223e+00 +1.8289819862217875e-03 +1.0000201055141258e+00 +1.0000208126833050e+00 +1.0000095037220473e+00 +1.0000086201074558e+00 +9.9998686702803896e-01 -3.2876346632143997e-05 -2.7545932616888099e-05 +5.6543143536123278e-05 -3.0730178253216846e-05 -1.1299757569666165e-05
 58.50000000 +5.0000000000000000e+00 +1.9999555319298670e+00 +1.8681590391274811e-03 +9.9992108571901217e-01 +1.0000161753084864e+00 +1.0000043205604281e+00 +1.0000043495384496e+00 +9.9998622183828889e-01 +4.2446870959842426e-06 +1.0223938454848320e-05 +6.4130288242805178e-05 -1.5888604243375486e-05 +5.1367114077100938e-06
 59.00000000 +5.0000000000000000e+00 +1.9999560220968080e+00 +1.9073070601400733e-03 +9.9982213930185593e-01 +1.0000115413701638e+00 +9.9999914123975675e-01 +1.0000000821341204e+00 +9.9998557712665226e-01 +4.1338212530275066e-05 +4.7965820416172246e-05 +7.1711810546633018e-05 -1.0580284827171282e-06 +2.1561000249651796e-05
 59.50000000 +5.0000000000000000e+00 +1.9999565119006482e+00 +1.9464260815184461e-03 +9.9972326618112239e-01 +1.0000069108645182e+00 +9.9999396575576438e-01 +9.9999581789095116e-01 +9.9998493289259804e-01 +7.8404260236658967e-05 +8.5679744367275071e-05 +7.9287716694958089e-05 +1.3761561249498707e-05 +3.7973122490156192e-05
 60.00000000 +5.0000000000000000e+00 +1.9999570013417916e+00 +1.9855161354737083e-03 +9.9962446627539836e-01 +1.0000022837877365e+00 +9.9998879410418973e-01 +9.9999155680543073e-01 +9.9998428913559534e-01 +1.1544286073579855e-04 +1.2336574136228909e-04 +8.6858012925879389e-05 +2.8570177155913710e-05 +5.4373091643176815e-05
 60.50000000 +5.0000000000000000e+00 +1.9999574904206403e+00 +2.0245772541692807e-03 +9.9952573950339119e-01 +9.9999766013601221e-01 +9.9998362628077786e-01 +9.9998729887405335e-01 +9.9998364585511523e-01 +1.5245404450317258e-04 +1.6102384240937294e-04 +9.4422705468260874e-05 +4.3367831421104300e-05 +7.0760921202660601e-05
 61.00000000 +5.0000000000000000e+00 +1.9999579791375970e+00 +2.0636094697209857e-03 +9.9942708578392792e-01 +9.9999303990554367e-01 +9.9997846228127973e-01 +9.9998304409331817e-01 +9.9998300305062837e-01 +1.8943784196915914e-04 +1.9865407847079631e-04 +1.0198180054174831e-04 +5.8154536211614979e-05 +8.7136624642584890e-05
 61.50000000 +5.0000000000000000e+00 +1.9999584674930626e+00 +2.1026128141971353e-03 +9.9932850503595616e-01 +9.9998842309253455e-01 +9.9997330210145219e-01 +9.9997879245972898e-01 +9.9998236072160618e-01 +2.2639428351911933e-04 +2.3625648046302506e-04 +1.0953530435678653e-04 +7.2930303675991764e-05 +1.0350021541699428e-04
 62.00000000 +5.0000000000000000e+00 +1.9999548901497040e+00 +2.0981835844302798e-03 +9.9933825061162640e-01 +9.9999075516080149e-01 +9.9997841481923078e-01 +9.9998398509041753e-01 +9.9998170079687809e-01 +1.8589383268416431e-04 +2.2177728759724334e-04 +9.9929633540276160e-05 +8.3386598338850421e-05 +1.3590616604812456e-04
 62.50000000 +5.0000000000000000e+00 +1.9999513133162383e+00 +2.0937549859785555e-03 +9.9934799479822278e-01 +9.9999308689666999e-01 +9.9998352680827429e-01 +9.9998917698098111e-01 +9.9998104096621221e-01 +1.4539915453402400e-04 +2.0730015850643367e-04 +9.0325331856921486e-05 +9.3841402625869465e-05 +1.6830749773464419e-04
 63.00000000 +5.0000000000000000e+00 +1.9999477369925551e+00 +2.0893270187069949e-03 +9.9935773759604130e-01 +9.9999541830021077e-01 +9.9998863806873783e-01 +9.9999436813157661e-01 +9.9998038122958732e-01 +1.0491024783458189e-04 +1.9282509274939059e-04 +8.0722399014021562e-05 +1.0429471685566963e-04 +2.0070421146401661e-04
 63.50000000 +5.0000000000000000e+00 +1.9999441611785473e+00 +2.0848996824806730e-03 +9.9936747900537959e-01 +9.9999774937149510e-01 +9.9999374860077805e-01 +9.9999955854236322e-01 +9.9997972158698423e-01 +6.4427111352073353e-05 +1.7835208988503486e-04 +7.1120834718959070e-05 +1.1474654134678099e-04 +2.3309630822342391e-04
 64.00000000 +5.0000000000000000e+00 +1.9999405858741048e+00 +2.0804729771646980e-03 +9.9937721902653420e-01 +1.0000000801105939e+00 +9.9999885840454994e-01 +1.0000047482134988e+00 +9.9997906203838216e-01 +2.3949743853085255e-05 +1.6388114947241258e-04 +6.1520638679199920e-05 +1.2519687641764261e-04 +2.6548378899976679e-04
 64.50000000 +5.0000000000000000e+00 +1.9999370110791188e+00 +2.0760469026242208e-03 +9.9938695765980157e-01 +1.0000024105175780e+00 +1.0000039674802095e+00 +1.0000099371451414e+00 +9.9997840258376147e-01 -1.6521855895443911e-05 +1.4941227107069573e-04 +5.1921810602293479e-05 +1.3564572238660295e-04 +2.9786665477966466e-04
 65.00000000 +5.0000000000000000e+00 +1.9999334367934805e+00 +2.0716214587244287e-03 +9.9939669490547878e-01 +1.0000047405925188e+00 +1.0000090758279123e+00 +1.0000151253374490e+00 +9.9997774322310173e-01 -5.6987689126224382e-05 +1.3494545423918186e-04 +4.2324350195872426e-05 +1.4609307957191980e-04 +3.3024490654945583e-04
 65.50000000 +5.0000000000000000e+00 +1.9999473513978261e+00 +2.0602242175948222e-03 +9.9942953043780525e-01 +1.0000027711913413e+00 +1.0000067766308633e+00 +1.0000148479498450e+00 +9.9997896227771799e-01 -3.1989978234498940e-05 +1.3183782765404645e-04 +3.8883794286206035e-05 +1.3870684647596625e-04 +2.8967301163398295e-04
 66.00000000 +5.0000000000000000e+00 +1.9999612652798371e+00 +2.0488275681183159e-03 +9.9946236426557511e-01 +1.0000008018923994e+00 +1.0000044775531707e+00 +1.0000145705766410e+00 +9.9998018126905064e-01 -6.9935650228838685e-06 +1.2873036239189088e-04 +3.5443416982532480e-05 +1.3132099681383269e-04 +2.4910322288500264e-04
 66.50000000 +5.0000000000000000e+00 +1.9999751784395701e+00 +2.0374315102488385e-03 +9.9949519638892048e-01 +9.9999883269568479e-01 +1.0000021785948241e+00 +1.0000142932178353e+00 +9.9998140019710446e-01 +1.8001550609665866e-05 +1.2562305844015354e-04 +3.2003218270944442e-05 +1.2393553055566273e-04 +2.0853554013851633e-04
 67.00000000 +5.0000000000000000e+00 +1.9999890908770812e+00 +2.0260360439403264e-03 +9.9952802680797470e-01 +9.9999686360118978e-01 +9.9999987975581506e-01 +1.0000140158734274e+00 +9.9998261906188490e-01 +4.2995368764184822e-05 +1.2251591578627428e-04 +2.8563198137536062e-05 +1.1655044767160305e-04 +1.6796996323054257e-04
 67.50000000 +5.0000000000000000e+00 +2.0000030025924267e+00 +2.0146411691467185e-03 +9.9956085552287033e-01 +9.9999489460890645e-01 +9.9999758103613368e-01 +1.0000137385434156e+00 +9.9998383786339640e-01 +6.7987889541697082e-05 +1.1940893441769402e-04 +2.5123356568402893e-05 +1.0916574813180342e-04 +1.2740649199711671e-04
 68.00000000 +5.0000000000000000e+00 +2.0000169135856627e+00 +2.0032468858219611e-03 +9.9959368253374004e-01 +9.9999292571882670e-01 +9.9999528243577096e-01 +1.0000134612277991e+00 +9.9998505660164427e-01 +9.2979113043216205e-05 +1.1630211432185518e-04 +2.1683693549641961e-05 +1.0178143190641673e-04 +8.6845126274291343e-05
 68.50000000 +5.0000000000000000e+00 +2.0000308238568456e+00 +1.9918531939200029e-03 +9.9962650784071672e-01 +9.9999095693094275e-01 +9.9999298395471792e-01 +1.0000131839265769e+00 +9.9998627527663331e-01 +1.1796903936974533e-04 +1.1319545548620143e-04 +1.8244209067351712e-05 +9.4397498965598952e-05 +4.6285865898135903e-05
 69.00000000 +5.0000000000000000e+00 +2.0000251026934106e+00 +1.9888970873149329e-03 +9.9963212915202204e-01 +9.9999204779104711e-01 +9.9999542852104673e-01 +1.0000115703139820e+00 +9.9998760115793839e-01 +1.2548456372121357e-04 +5.3965496506701336e-05 +9.1661627333191754e-06 +1.0183510971781905e-04 +9.0771729410507162e-05
 69.50000000 +5.0000000000000000e+00 +2.0000193816475282e+00 +1.9859410414488719e-03 +9.9963775034782654e-01 +9.9999313862873784e-01 +9.9999787303714727e-01 +1.0000099567345420e+00 +9.9998892701200048e-01 +1.3299993365148901e-04 -5.2632454770859632e-06 +8.8302925559141853e-08 +1.0927256764973415e-04 +1.3525667887353404e-04
 70.00000000 +5.0000000000000000e+00 +2.0000136607191954e+00 +1.9829850563199500e-03 +9.9964337142813420e-01 +9.9999422944401561e-01 +1.0000003175030212e+00 +1.0000083431882563e+00 +9.9999025283882104e-01 +1.4051514916533096e-04 -6.4490770502668478e-05 -8.9893703616771548e-06 +1.1670987276605415e-04 +1.7974071431538769e-04
 70.50000000 +5.0000000000000000e+00 +2.0000079399084068e+00 +1.9800291319262936e-03 +9.9964899239294758e-01 +9.9999532023688065e-01 +1.0000027619186693e+00 +1.0000067296751227e+00 +9.9999157863840027e-01 +1.4803021026749840e-04 -1.2371707860755256e-04 -1.8066857134138239e-05 +1.2414702507148877e-04 +2.2422383576423797e-04
 71.00000000 +5.0000000000000000e+00 +2.0000022192151601e+00 +1.9770732682660315e-03 +9.9965461324227101e-01 +9.9999641100733394e-01 +1.0000052062840941e+00 +1.0000051161951413e+00 +9.9999290441073907e-01 +1.5554511696275037e-04 -1.8294216982924321e-04 -2.7144157397572413e-05 +1.3158402457074761e-04 +2.6870604324825379e-04
 71.50000000 +5.0000000000000000e+00 +1.9999964986394521e+00 +1.9741174653372918e-03 +9.9966023397610759e-01 +9.9999750175537616e-01 +1.0000076505992965e+00 +1.0000035027483105e+00 +9.9999423015583866e-01 +1.6305986925584546e-04 -2.4216604420524362e-04 -3.6221271157727698e-05 +1.3902087126854004e-04 +3.1318733679560267e-04
 72.00000000 +5.0000000000000000e+00 +1.9999907781812778e+00 +1.9711617231382025e-03 +9.9966585459446122e-01 +9.9999859248100764e-01 +1.0000100948642781e+00 +1.0000018893346292e+00 +9.9999555587369926e-01 +1.7057446715154219e-04 -3.0138870177305566e-04 -4.5298198420351952e-05 +1.4645756516957510e-04 +3.5766771643445114e-04
 72.50000000 +5.0000000000000000e+00 +1.9999883756464103e+00 +1.9316714689865244e-03 +9.9976246871074204e-01 +1.0000040072615746e+00 +1.0000132812140008e+00 +1.0000021126318803e+00 +9.9999290843786015e-01 +9.9349710261157072e-05 -2.9348922441058638e-04 -6.0901884359417992e-06 +1.2111792020924680e-04 +3.0433352311783464e-04
 73.00000000 +5.0000000000000000e+00 +1.9999859728552623e+00 +1.8921770023759548e-03 +9.9985909313293264e-01 +1.0000094226197407e+00 +1.0000164679036145e+00 +1.0000023359529508e+00 +9.9999026071961672e-01 +2.8117355765567537e-05 -2.8558890440416932e-04 +3.3122003900135354e-05 +9.5775572247506702e-05 +2.5099364059759843e-04
 73.50000000 +5.0000000000000000e+00 +1.9999835698077930e+00 +1.8526783226324381e-03 +9.9995572786268228e-01 +1.0000148385555987e+00 +1.0000196549331732e+00 +1.0000025592978445e+00 +9.9998761271892400e-01 -4.3122597550955756e-05 -2.7768774161896913e-04 +7.2338379257117720e-05 +7.0430520851834578e-05 +1.9764806796338568e-04
 74.00000000 +5.0000000000000000e+00 +1.9999811665039604e+00 +1.8131754290817736e-03 +1.0000523729016397e+00 +1.0000202550692401e+00 +1.0000228423027309e+00 +1.0000027826665649e+00 +9.9998496443573637e-01 -1.1437015090440146e-04 -2.6978573592012126e-04 +1.1155893830438622e-04 +4.5082765589617885e-05 +1.4429680430464527e-04
 74.50000000 +5.0000000000000000e+00 +1.9999787629437258e+00 +1.7736683210496193e-03 +1.0001490282514556e+00 +1.0000256721607585e+00 +1.0000260300123427e+00 +1.0000030060591165e+00 +9.9998231587000919e-01 -1.8562530551101788e-04 -2.6188288717273307e-04 +1.5078368171146474e-04 +1.9732306028151791e-05 +9.0939848710631929e-05
 75.00000000 +5.0000000000000000e+00 +1.9999763591270456e+00 +1.7341569978614870e-03 +1.0002456939137796e+00 +1.0000310898302462e+00 +1.0000292180620625e+00 +1.0000032294755024e+00 +9.9997966702169694e-01 -2.5688806258731254e-04 -2.5397919524188233e-04 +1.9001261014801993e-04 -5.6208582653608661e-06 +3.7577200270405988e-05
