#PATCH_CHECK: SepMBpoisson v0.75 MPI-balanced phase-annihilated window propagation experimental
#discretizing the bath:
#     0 0.0000000000000000e+00 -6.3190000000000002e-01
#     1 1.8138357147217054e-03 -2.2765212856119524e-01
#     2 1.8138357147217054e-03 -2.1355367919690380e-01
#     3 1.8138357147217054e-03 -1.9901091027111389e-01
#     4 1.8138357147217054e-03 -1.8403700411408436e-01
#     5 1.8138357147217054e-03 -1.6864403474869116e-01
#     6 1.8138357147217054e-03 -1.5284311503611012e-01
#     7 1.8138357147217054e-03 -1.3664451783662360e-01
#     8 1.8138357147217054e-03 -1.2005777680468399e-01
#     9 1.8138357147217054e-03 -1.0309177101969969e-01
#sampling: jump_strength=4.5345892868042647e-03 jump_probability=4.5141196083887123e-03 log_scale=4.5243390123129159e-03 back_replicas=256 stratify_forward=1 exact_orbitals=1 stratify_single_jump_time=1 stratify_multi_jump_time=0 sample_back_orbitals=1 exact_back_jumps=1
#adaptive measurement: gap=1.5392969365393194e-02 period_steps=817 nmeas=200 nwf=200 tmax=1.0000000000000000e+02 forced_stride=1 window_steps=50 window_count=4 window_pair_replicas=8 window_alpha_bin=0.0000000000000000e+00
  0.00000000 +5.0000000000000000e+00 +1.9999999999999998e+00 +1.8374661879283106e-03 +1.0000000000000000e+00 +1.0000000000000000e+00 +1.0000000000000000e+00 +1.0000000000000000e+00 +1.0000000000000000e+00 +0.0000000000000000e+00 +0.0000000000000000e+00 +0.0000000000000000e+00 +0.0000000000000000e+00 +0.0000000000000000e+00
  0.50000000 +5.0000000000000000e+00 +1.9999999999871585e+00 +1.8391119231780594e-03 +9.9999582187766312e-01 +1.0000000000006348e+00 +1.0000000000006348e+00 +1.0000000000006348e+00 +1.0000000000006348e+00 +8.3562459398584465e-07 +8.3562459398584465e-07 +8.3562459398584455e-07 +8.3562459398584455e-07 +8.3562459398584465e-07
  1.00000000 +5.0000000000000000e+00 +1.9999999996474036e+00 +1.8437971599768010e-03 +9.9998392054405183e-01 +9.9999999999984135e-01 +9.9999999999984135e-01 +9.9999999999984135e-01 +9.9999999999984135e-01 +3.2274969434072425e-06 +3.2219344156664862e-06 +3.2161332626632769e-06 +3.2100900283406040e-06 +3.2038011408689436e-06
  1.50000000 +5.0000000000000000e+00 +2.0000000048519597e+00 +1.8505515117090280e-03 +9.9996674221735671e-01 +1.0000000000001161e+00 +1.0000000000001161e+00 +1.0000000000001161e+00 +1.0000000000001161e+00 +6.7167638827117261e-06 +6.6854307799173912e-06 +6.6528318571157402e-06 +6.6189576358889689e-06 +6.5837986038264616e-06
  2.00000000 +5.0000000000000000e+00 +2.0000000305165853e+00 +1.8577430147207936e-03 +9.9994840993942014e-01 +9.9999999999998679e-01 +9.9999999999998679e-01 +9.9999999999998679e-01 +9.9999999999998679e-01 +1.0514346249136414e-05 +1.0419660962479003e-05 +1.0321487384409908e-05 +1.0219838111154161e-05 +1.0114727859145097e-05
  2.50000000 +5.0000000000000000e+00 +2.0000000121563661e+00 +1.8644114640027837e-03 +9.9993134252472460e-01 +9.9999999999994782e-01 +9.9999999999994782e-01 +9.9999999999994782e-01 +9.9999999999994782e-01 +1.4170553738703839e-05 +1.3957739366835077e-05 +1.3738134244874462e-05 +1.3511887938532809e-05 +1.3279159934963782e-05
  3.00000000 +5.0000000000000000e+00 +2.0000000404506717e+00 +1.8690396182973600e-03 +9.9991940293837067e-01 +1.0000000000000193e+00 +1.0000000000000193e+00 +1.0000000000000193e+00 +1.0000000000000193e+00 +1.6894882725337119e-05 +1.6516614565165667e-05 +1.6128619036787439e-05 +1.5731411945917332e-05 +1.5325533375320121e-05
  3.50000000 +5.0000000000000000e+00 +2.0000001271841232e+00 +1.8706005006456816e-03 +9.9991520504954245e-01 +9.9999999999999079e-01 +9.9999999999999079e-01 +9.9999999999999079e-01 +9.9999999999999079e-01 +1.8154890551514506e-05 +1.7566896632316650e-05 +1.6968324426987480e-05 +1.6360409998381378e-05 +1.5744428838829865e-05
  4.00000000 +5.0000000000000000e+00 +2.0000000911900928e+00 +1.8688062369264988e-03 +9.9991952252647587e-01 +9.9999999999998579e-01 +9.9999999999998579e-01 +9.9999999999998579e-01 +9.9999999999998579e-01 +1.7722843879384514e-05 +1.6914316999460120e-05 +1.6099451493314008e-05 +1.5280622265447147e-05 +1.4460238872596822e-05
  4.50000000 +5.0000000000000000e+00 +2.0000001697134513e+00 +1.8658032883061787e-03 +9.9992697754475834e-01 +1.0000000028758986e+00 +1.0000000030948442e+00 +1.0000000033202399e+00 +1.0000000035517285e+00 +1.6546245615243747e-05 +1.5567438126042348e-05 +1.4593431659688824e-05 +1.3627921476810050e-05 +1.2674575982427244e-05
  5.00000000 +5.0000000000000000e+00 +2.0000003224424128e+00 +1.8586286675031588e-03 +9.9994510667753278e-01 +9.9999998793128664e-01 +9.9999998812499058e-01 +9.9999998832865522e-01 +9.9999998854234595e-01 +1.3109481778559936e-05 +1.2021809767960716e-05 +1.0958619289454025e-05 +9.9249273285958856e-06 +8.9255572874146035e-06
  5.50000000 +5.0000000000000000e+00 +2.0000002456614978e+00 +1.8511065576492390e-03 +9.9996425348241247e-01 +9.9999999787756721e-01 +9.9999999814983653e-01 +9.9999999843402065e-01 +9.9999999872991696e-01 +9.2129994170648730e-06 +8.1285421631025807e-06 +7.0945490108590304e-06 +6.1167688920251017e-06 +5.2004649993002132e-06
  6.00000000 +5.0000000000000000e+00 +2.0000001413642226e+00 +1.8442735059726581e-03 +9.9998183350470304e-01 +1.0000000123846866e+00 +1.0000000122547248e+00 +1.0000000121122707e+00 +1.0000000119570132e+00 +5.3020350242265595e-06 +4.3807996940967214e-06 +3.5391373386643151e-06 +2.7820816975409080e-06 +2.1137305790967115e-06
  6.50000000 +5.0000000000000000e+00 +2.0000002525796461e+00 +1.8396544850509671e-03 +9.9999393248512769e-01 +9.9999999370530990e-01 +9.9999999364531378e-01 +9.9999999358375780e-01 +9.9999999352073143e-01 +2.2550977940536414e-06 +1.6309037312195230e-06 +1.1115844545656365e-06 +6.9958534718772690e-07 +3.9588850747756942e-07
  7.00000000 +5.0000000000000000e+00 +2.0000004302615708e+00 +1.8381419196459251e-03 +9.9999819214953112e-01 +1.0000000100882673e+00 +1.0000000099993198e+00 +1.0000000098992410e+00 +1.0000000097874460e+00 +6.4459095201094233e-07 +3.8447193778071602e-07 +2.4028637795745685e-07 +2.0981101262918072e-07 +2.8891622685605474e-07
  7.50000000 +5.0000000000000000e+00 +2.0000006120356533e+00 +1.8397637138396930e-03 +9.9999455719609576e-01 +9.9999998434984816e-01 +9.9999998406457635e-01 +9.9999998378693522e-01 +9.9999998351906050e-01 +5.1237304687707394e-07 +7.0160011257493332e-07 +1.0007700617190036e-06 +1.4010089153307961e-06 +1.8913316377208937e-06
  8.00000000 +5.0000000000000000e+00 +2.0000009306244397e+00 +1.8428617515815183e-03 +9.9998702329295808e-01 +1.0000000133893561e+00 +1.0000000139433354e+00 +1.0000000145098928e+00 +1.0000000150876514e+00 +1.3570381484835866e-06 +1.9001643688792142e-06 +2.5217529052073569e-06 +3.2058969021729464e-06 +3.9349238905568922e-06
  8.50000000 +5.0000000000000000e+00 +2.0000009821140656e+00 +1.8514863500089988e-03 +9.9996531366209229e-01 +1.0000000008910914e+00 +1.0000000024177538e+00 +1.0000000039713941e+00 +1.0000000055470879e+00 +5.2984106496351730e-06 +6.1047621516898118e-06 +6.9339414446806128e-06 +7.7640203333810078e-06 +8.5723760578495810e-06
  9.00000000 +5.0000000000000000e+00 +2.0000012454971241e+00 +1.8562453469004887e-03 +9.9995330451340436e-01 +9.9999998871142759e-01 +9.9999998905535770e-01 +9.9999998950343938e-01 +9.9999999006092766e-01 +7.5028727027258260e-06 +8.4804429581377770e-06 +9.4156156007143105e-06 +1.0282631747803480e-05 +1.1056591946835586e-05
  9.50000000 +5.0000000000000000e+00 +2.0000006444884302e+00 +1.8644297993109923e-03 +9.9993218989037591e-01 +1.0000000218480916e+00 +1.0000000226990540e+00 +1.0000000235761903e+00 +1.0000000244753686e+00 +1.2215099869334662e-05 +1.3012301602754871e-05 +1.3687856445921401e-05 +1.4218404100326213e-05 +1.4583848884699366e-05
 10.00000000 +5.0000000000000000e+00 +2.0000009129295959e+00 +1.8664248542173173e-03 +9.9992666411642339e-01 +9.9999998583644090e-01 +9.9999998543180024e-01 +9.9999998499393705e-01 +9.9999998452953820e-01 +1.4129449096550931e-05 +1.4590381198235467e-05 +1.4872005728586783e-05 +1.4959531235813237e-05 +1.4843724317980821e-05
 10.50000000 +5.0000000000000000e+00 +2.0000005703706853e+00 +1.8676581706399571e-03 +9.9992290946805773e-01 +9.9999992592605913e-01 +9.9999992419646955e-01 +9.9999992259493886e-01 +9.9999992114247660e-01 +1.6040830202227333e-05 +1.5965787868896219e-05 +1.5683540177455760e-05 +1.5195595565867235e-05 +1.4510918192696487e-05
 11.00000000 +5.0000000000000000e+00 +2.0000006879394365e+00 +1.8692248660699062e-03 +9.9991822648781836e-01 +9.9999996229485455e-01 +9.9999996108856148e-01 +9.9999996004155245e-01 +9.9999995917999573e-01 +1.8226424569464941e-05 +1.7517460113447128e-05 +1.6586736486549559e-05 +1.5453770245728946e-05 +1.4146516106805320e-05
 11.50000000 +5.0000000000000000e+00 +2.0000005060936439e+00 +1.8616480693727300e-03 +9.9993711150516496e-01 +9.9999998024604908e-01 +9.9999998093669551e-01 +9.9999998188168870e-01 +9.9999998307923355e-01 +1.5153229095385526e-05 +1.4019745029693709e-05 +1.2719177848927083e-05 +1.1290494923434535e-05 +9.7797044372343330e-06
 12.00000000 +5.0000000000000000e+00 +2.0000011984973463e+00 +1.8568460200935710e-03 +9.9994902032157262e-01 +9.9999994778425572e-01 +9.9999994684298832e-01 +9.9999994600254472e-01 +9.9999994529645386e-01 +1.3436859550621661e-05 +1.1883455661664099e-05 +1.0256769956833943e-05 +8.6113521285106756e-06 +7.0053152155755762e-06
 12.50000000 +5.0000000000000000e+00 +2.0000012903568307e+00 +1.8521477835248079e-03 +9.9996081515361834e-01 +1.0000000099721389e+00 +1.0000000099475082e+00 +1.0000000100520439e+00 +1.0000000102792206e+00 +1.1410428499144522e-05 +9.5364030793160709e-06 +7.7132175229323740e-06 +6.0062067526469385e-06 +4.4783395571053736e-06
 13.00000000 +5.0000000000000000e+00 +2.0000008854163358e+00 +1.8437480343559093e-03 +9.9998238197030698e-01 +9.9999992277228100e-01 +9.9999992451656483e-01 +9.9999992643812219e-01 +9.9999992854508557e-01 +6.8974149328418209e-06 +5.0070626680451795e-06 +3.3188754397800162e-06 +1.8968220005178043e-06 +7.9558257212115149e-07
 13.50000000 +5.0000000000000000e+00 +2.0000007786566028e+00 +1.8444067483017656e-03 +9.9998123270029704e-01 +9.9999997753686976e-01 +9.9999997344208613e-01 +9.9999996974517502e-01 +9.9999996653530254e-01 +6.2295371040208643e-06 +4.6844961825004081e-06 +3.4386739686203439e-06 +2.5334816382716185e-06 +1.9938504469812145e-06
 14.00000000 +5.0000000000000000e+00 +2.0000016612167526e+00 +1.8408234439193981e-03 +9.9999123704876591e-01 +9.9999995069431069e-01 +9.9999994509742440e-01 +9.9999993969940770e-01 +9.9999993463935710e-01 +2.6953977561078662e-06 +1.8387964967895227e-06 +1.3881274065677829e-06 +1.3524797670786069e-06 +1.7180188887119198e-06
 14.50000000 +5.0000000000000000e+00 +2.0000020322276013e+00 +1.8440387988245448e-03 +9.9998380253082919e-01 +1.0000000621056913e+00 +1.0000000584041036e+00 +1.0000000541215042e+00 +1.0000000492598999e+00 +2.6957430874846053e-06 +2.5718917817890261e-06 +2.8419041698851372e-06 +3.4694671437194439e-06 +4.3945707723328269e-06
 15.00000000 +5.0000000000000000e+00 +2.0000018572035021e+00 +1.8431015034080036e-03 +9.9998683974006131e-01 +1.0000000082137941e+00 +1.0000000098839146e+00 +1.0000000120045212e+00 +1.0000000146663228e+00 +8.2486606254434367e-07 +1.4046184528277770e-06 +2.3431066670172467e-06 +3.5657698604123943e-06 +4.9771302496277540e-06
 15.50000000 +5.0000000000000000e+00 +2.0000018133376969e+00 +1.8493720863550745e-03 +9.9997130813099677e-01 +1.0000000960295663e+00 +1.0000000936537838e+00 +1.0000000896106314e+00 +1.0000000838446128e+00 +2.9981589040839905e-06 +4.1538261369999257e-06 +5.5432049211755138e-06 +7.0577115584723250e-06 +8.5758289680596338e-06
 16.00000000 +5.0000000000000000e+00 +2.0000016674021013e+00 +1.8548466669834080e-03 +9.9995720877465366e-01 +1.0000000130743936e+00 +1.0000000089591321e+00 +1.0000000046938133e+00 +1.0000000003694631e+00 +5.9097881470851760e-06 +7.3163983792600731e-06 +8.7029490000536714e-06 +9.9384844435764155e-06 +1.0896508428377758e-05
 16.50000000 +5.0000000000000000e+00 +2.0000026511074092e+00 +1.8573823711653481e-03 +9.9995082028313886e-01 +9.9999999702781273e-01 +9.9999999225924840e-01 +9.9999998654095912e-01 +9.9999998004388246e-01 +6.9583902161511533e-06 +8.6384406570380391e-06 +1.0142960058157033e-05 +1.1345434094378176e-05 +1.2138620024299140e-05
 17.00000000 +5.0000000000000000e+00 +2.0000011271730722e+00 +1.8628543073244369e-03 +9.9993600589947496e-01 +9.9999993890636096e-01 +9.9999993192547465e-01 +9.9999992588087816e-01 +9.9999992093304146e-01 +1.1399767186261786e-05 +1.2597767923668471e-05 +1.3368951932253355e-05 +1.3618910726772873e-05 +1.3291056843680047e-05
 17.50000000 +5.0000000000000000e+00 +2.0000007664557988e+00 +1.8597345927941690e-03 +9.9994285793672766e-01 +9.9999990994082888e-01 +9.9999991313643755e-01 +9.9999991636638619e-01 +9.9999991963278023e-01 +1.1919686166796815e-05 +1.2281557221905803e-05 +1.2081791235041662e-05 +1.1286867572763571e-05 +9.9130848874649177e-06
 18.00000000 +5.0000000000000000e+00 +2.0000012929597148e+00 +1.8653793095929228e-03 +9.9992795560851488e-01 +1.0000000750983145e+00 +1.0000000533005504e+00 +1.0000000297879961e+00 +1.0000000050933919e+00 +1.5986291937723818e-05 +1.5732678330938479e-05 +1.4898864434624393e-05 +1.3531783676451906e-05 +1.1731493406917496e-05
 18.50000000 +5.0000000000000000e+00 +2.0000016134637981e+00 +1.8599969871673158e-03 +9.9994106466256949e-01 +1.0000000160746598e+00 +1.0000000078681484e+00 +9.9999999928586591e-01 +9.9999999035445675e-01 +1.4541507810820404e-05 +1.3606852883460862e-05 +1.2170485986516962e-05 +1.0339163595747580e-05 +8.2637443069016147e-06
 19.00000000 +5.0000000000000000e+00 +2.0000013900842299e+00 +1.8620390490179837e-03 +9.9993548779640140e-01 +1.0000000465577721e+00 +1.0000000418200199e+00 +1.0000000369682762e+00 +1.0000000321982105e+00 +1.6571054253328617e-05 +1.4975575709240817e-05 +1.3046929485309251e-05 +1.0938097334907467e-05 +8.8230020565754521e-06
 19.50000000 +5.0000000000000000e+00 +2.0000017243792141e+00 +1.8542871295203548e-03 +9.9995478610584709e-01 +9.9999996976739602e-01 +9.9999995747355042e-01 +9.9999994578505302e-01 +9.9999993507615004e-01 +1.3937630002057034e-05 +1.1436541714938086e-05 +8.8989173723338847e-06 +6.5447596373982787e-06 +4.5879427867719093e-06
 20.00000000 +5.0000000000000000e+00 +2.0000038857862235e+00 +1.8500081509434734e-03 +9.9996648690514878e-01 +9.9999996222360510e-01 +9.9999996056411233e-01 +9.9999995934183616e-01 +9.9999995865987756e-01 +1.0207979742388630e-05 +8.1986045830668596e-06 +6.3775176567745498e-06 +4.9205860475142344e-06 +3.9676178211547081e-06
 20.50000000 +5.0000000000000000e+00 +2.0000027199234189e+00 +1.8493459721148804e-03 +9.9996860646297381e-01 +9.9999993299654166e-01 +9.9999992743140509e-01 +9.9999992424318451e-01 +9.9999992357761647e-01 +9.3696693630690850e-06 +7.2499474776497852e-06 +5.6655260294856367e-06 +4.7679867660111685e-06 +4.6321588175984291e-06
 21.00000000 +5.0000000000000000e+00 +2.0000018876301695e+00 +1.8391099930665719e-03 +9.9999485481593786e-01 +9.9999990690368290e-01 +9.9999990832705943e-01 +9.9999991166364000e-01 +9.9999991724207671e-01 +3.7011657197723099e-06 +1.6652791764759961e-06 +3.2449493347878687e-07 -2.2266060784024876e-07 +3.2768504250122504e-08
 21.50000000 +5.0000000000000000e+00 +2.0000035777382661e+00 +1.8464870384899391e-03 +9.9997826904188380e-01 +9.9999978572679760e-01 +9.9999978779428944e-01 +9.9999978946647328e-01 +9.9999979047023790e-01 +3.1573622309668560e-06 +3.0729288157448141e-06 +3.8004769465908066e-06 +5.2636661005616772e-06 +7.2830667768481878e-06
 22.00000000 +5.0000000000000000e+00 +2.0000026282706318e+00 +1.8470792970959841e-03 +9.9997737813536303e-01 +9.9999997841647914e-01 +9.9999995099699346e-01 +9.9999992254542236e-01 +9.9999989390571720e-01 +1.9324986861606663e-06 +2.5747025314321050e-06 +3.9967421525215951e-06 +6.0149027100769950e-06 +8.3571537173364601e-06
 22.50000000 +5.0000000000000000e+00 +2.0000042394007393e+00 +1.8480958815773178e-03 +9.9997513315730246e-01 +9.9999987084559827e-01 +9.9999989026622693e-01 +9.9999991296221780e-01 +9.9999993784257901e-01 +1.4663975390365310e-06 +2.7783790664932125e-06 +4.7044763993792286e-06 +6.9882651291670354e-06 +9.3174096390120057e-06
 23.00000000 +5.0000000000000000e+00 +2.0000054381471792e+00 +1.8587329394526106e-03 +9.9994762575737006e-01 +1.0000001565069072e+00 +1.0000001524817295e+00 +1.0000001473707738e+00 +1.0000001413976614e+00 +7.0913311688449151e-06 +8.7182418040077066e-06 +1.0501530503498828e-05 +1.2136664284155391e-05 +1.3328717763061348e-05
 23.50000000 +5.0000000000000000e+00 +2.0000067556952374e+00 +1.8573709074542577e-03 +9.9995171930397797e-01 +9.9999982637836371e-01 +9.9999982614746818e-01 +9.9999983185826036e-01 +9.9999984381832996e-01 +5.2837269289039927e-06 +7.6791643327653119e-06 +1.0092490234778000e-05 +1.2195369980463078e-05 +1.3701742644200813e-05
 24.00000000 +5.0000000000000000e+00 +2.0000060874473005e+00 +1.8592462840910592e-03 +9.9994529863433368e-01 +9.9999983535495462e-01 +9.9999981614590894e-01 +9.9999979887830459e-01 +9.9999978481903073e-01 +9.2173307222793050e-06 +1.0727816741084729e-05 +1.1776742939292391e-05 +1.2121032692787562e-05 +1.1623245342853913e-05
 24.50000000 +5.0000000000000000e+00 +2.0000060537779190e+00 +1.8587309333288479e-03 +9.9994586307749722e-01 +1.0000000827348385e+00 +1.0000001029364927e+00 +1.0000001238532672e+00 +1.0000001454353034e+00 +1.0195068564503670e-05 +1.1158517757747748e-05 +1.1465237450505858e-05 +1.1017064497694876e-05 +9.8460739793613843e-06
 25.00000000 +5.0000000000000000e+00 +2.0000050441620090e+00 +1.8648053078007952e-03 +9.9992939476420428e-01 +9.9999997206772973e-01 +9.9999998072941465e-01 +9.9999999289836849e-01 +1.0000000090000885e+00 +1.5417073796599448e-05 +1.5645224338848036e-05 +1.4967551308608772e-05 +1.3421196561380361e-05 +1.1199494412761915e-05
 25.50000000 +5.0000000000000000e+00 +2.0000007474514292e+00 +1.8597254453124007e-03 +9.9994144236405913e-01 +9.9999982408138388e-01 +9.9999981333149990e-01 +9.9999979713518738e-01 +9.9999977588937627e-01 +1.5108943077752566e-05 +1.4259197789263204e-05 +1.2544747271793176e-05 +1.0128442183145922e-05 +7.3058683692702481e-06
 26.00000000 +5.0000000000000000e+00 +2.0000014813686544e+00 +1.8613929742519329e-03 +9.9993678604297531e-01 +1.0000003164292908e+00 +1.0000003901967189e+00 +1.0000004553978343e+00 +1.0000005115023236e+00 +1.6477741545625443e-05 +1.5114104189702245e-05 +1.2835012629928502e-05 +1.0007807210104120e-05 +7.1057652869677117e-06
 26.50000000 +5.0000000000000000e+00 +2.0000012094403581e+00 +1.8601213728664317e-03 +9.9993893794368882e-01 +1.0000000903385731e+00 +1.0000000539183433e+00 +1.0000000130269799e+00 +9.9999997041362731e-01 +1.8538428298846470e-05 +1.5783311245342238e-05 +1.2384809123314800e-05 +8.7825172785309969e-06 +5.4452928736492059e-06
 27.00000000 +5.0000000000000000e+00 +2.0000048704628011e+00 +1.8496514751390313e-03 +9.9996756379940910e-01 +1.0000000323759604e+00 +9.9999999048542831e-01 +9.9999993417545596e-01 +9.9999986623166404e-01 +1.0477279631381679e-05 +7.9365701927575285e-06 +5.7588293317339147e-06 +4.3688173158746630e-06 +4.0714356805065794e-06
 27.50000000 +5.0000000000000000e+00 +2.0000065422274629e+00 +1.8572702661435827e-03 +9.9994837628270794e-01 +9.9999993995272674e-01 +9.9999983295565742e-01 +9.9999974448826556e-01 +9.9999968040011245e-01 +1.4376611720913195e-05 +1.1510180112574474e-05 +9.4052843490694189e-06 +8.4188599191361825e-06 +8.7149844393720071e-06
 28.00000000 +5.0000000000000000e+00 +2.0000083300559672e+00 +1.8622427821197662e-03 +9.9993698838020795e-01 +1.0000002174281193e+00 +1.0000001675241241e+00 +1.0000001136499068e+00 +1.0000000589635598e+00 +1.4219916312904103e-05 +1.2159222170110690e-05 +1.1219405397921566e-05 +1.1605078794634793e-05 +1.3250431165208370e-05
 28.50000000 +5.0000000000000000e+00 +2.0000070625211444e+00 +1.8466853945112195e-03 +9.9997511988663779e-01 +9.9999981599666221e-01 +9.9999983961229266e-01 +9.9999986435505650e-01 +9.9999989171780990e-01 +9.0167870929266134e-06 +5.7896196291953838e-06 +3.8336865225420692e-06 +3.1927499223240663e-06 +3.6355886063871486e-06
 29.00000000 +5.0000000000000000e+00 +2.0000118846466250e+00 +1.8634549705777406e-03 +9.9993402005652132e-01 +9.9999923843828786e-01 +9.9999940762186545e-01 +9.9999958523445376e-01 +9.9999976690000725e-01 +1.3940459749180497e-05 +1.2859509464949130e-05 +1.2795517332475232e-05 +1.3580896195963090e-05 +1.4805366099822339e-05
 29.50000000 +5.0000000000000000e+00 +2.0000137958838460e+00 +1.8540637435343424e-03 +9.9995911345451460e-01 +1.0000001599254349e+00 +1.0000000756137397e+00 +9.9999998064376094e-01 +9.9999988016604602e-01 +6.4372741312590054e-06 +6.5957086769988009e-06 +7.6787796950680123e-06 +9.2724289950207733e-06 +1.0806004809890402e-05
 30.00000000 +5.0000000000000000e+00 +2.0000147698643658e+00 +1.8444275440852476e-03 +9.9998304887477252e-01 +9.9999886065284138e-01 +9.9999879682462889e-01 +9.9999875579762287e-01 +9.9999874755430773e-01 +2.5623130820039161e-06 +3.1035886581011412e-06 +4.2794201796968698e-06 +5.5375980828170867e-06 +6.3073757238261054e-06
 30.50000000 +5.0000000000000000e+00 +2.0000158572804247e+00 +1.8437943055606611e-03 +9.9998510495031467e-01 +9.9999881104062882e-01 +9.9999887393484133e-01 +9.9999896193292337e-01 +9.9999907434202340e-01 +7.4294460313766978e-07 +2.6300800586816624e-06 +4.3947902279907508e-06 +5.5661131782150863e-06 +5.8398711258047854e-06
 31.00000000 +5.0000000000000000e+00 +2.0000157477884399e+00 +1.8701345538855629e-03 +9.9991879335906364e-01 +9.9999963345258713e-01 +9.9999956235680287e-01 +9.9999947317625448e-01 +9.9999937020730123e-01 +1.2698389678748651e-05 +1.5244848991823294e-05 +1.7496154729655063e-05 +1.8843665132967257e-05 +1.8884389416626320e-05
 31.50000000 +5.0000000000000000e+00 +2.0000159911781372e+00 +1.8667420338600868e-03 +9.9992724122748355e-01 +9.9999859415085979e-01 +9.9999863500911235e-01 +9.9999867279385435e-01 +9.9999870620359155e-01 +1.1565039718395556e-05 +1.4631708732845048e-05 +1.6828947277643789e-05 +1.7767759147077487e-05 +1.7357160417620187e-05
 32.00000000 +5.0000000000000000e+00 +2.0000179934338171e+00 +1.8635575095207598e-03 +9.9993487233451683e-01 +1.0000000443425339e+00 +1.0000000743558528e+00 +1.0000001159181622e+00 +1.0000001738443494e+00 +9.6145714317152105e-06 +1.2277112838127489e-05 +1.3976821149200860e-05 +1.4577207883400621e-05 +1.4273491413102590e-05
 32.50000000 +5.0000000000000000e+00 +2.0000162337945406e+00 +1.8668866924501234e-03 +9.9992269937742251e-01 +9.9999950981680485e-01 +9.9999956241744814e-01 +9.9999966322956324e-01 +9.9999980997156956e-01 +1.9755961810413096e-05 +1.8795151730613966e-05 +1.6634626254409676e-05 +1.3528670036959376e-05 +1.0040777415378639e-05
 33.00000000 +5.0000000000000000e+00 +2.0000183688153408e+00 +1.8571614182523752e-03 +9.9995018651560286e-01 +1.0000000089647905e+00 +1.0000000569663701e+00 +1.0000001232627158e+00 +1.0000002105558732e+00 +8.6178139271720808e-06 +1.0097453816561375e-05 +1.0619445571008877e-05 +1.0348573718584230e-05 +9.7304476493118263e-06
 33.50000000 +5.0000000000000000e+00 +2.0000136683246761e+00 +1.8500328245707775e-03 +9.9996385737823834e-01 +1.0000009577911881e+00 +1.0000009192207520e+00 +1.0000008838212922e+00 +1.0000008525433730e+00 +1.4362123673579736e-05 +1.0906767183446396e-05 +6.4827358589116514e-06 +2.0719901995426961e-06 -1.2943717576288351e-06
 34.00000000 +5.0000000000000000e+00 +2.0000146014323281e+00 +1.8629987894982886e-03 +9.9993128215322136e-01 +9.9999956758120156e-01 +9.9999956928225930e-01 +9.9999956393371259e-01 +9.9999955486219305e-01 +2.2056498405892058e-05 +1.8392729086997118e-05 +1.3992387175504067e-05 +9.7092746709237819e-06 +6.3112978931455083e-06
 34.50000000 +5.0000000000000000e+00 +2.0000174561246808e+00 +1.8268442208429479e-03 +1.0000235625608052e+00 +9.9999916099332198e-01 +9.9999911511904671e-01 +9.9999914346559038e-01 +9.9999925855688798e-01 +4.1074620105312388e-06 -9.9760513226166602e-07 -5.4885482604039688e-06 -8.4766547237749274e-06 -9.3853497409893152e-06
 35.00000000 +5.0000000000000000e+00 +2.0000202244531327e+00 +1.8207910796314785e-03 +1.0000417361182183e+00 +1.0000002704473512e+00 +1.0000003497703773e+00 +1.0000003809204114e+00 +1.0000003650910254e+00 -5.0197230965576538e-06 -8.7485345590049643e-06 -1.0791039105581466e-05 -1.0565822300595249e-05 -7.9772282896978705e-06
 35.50000000 +5.0000000000000000e+00 +2.0000220216859832e+00 +1.8125680787782173e-03 +1.0000656813353734e+00 +9.9999958488842733e-01 +9.9999946233955117e-01 +9.9999934600562956e-01 +9.9999924909892679e-01 -1.4656385648223948e-05 -1.5891532302824622e-05 -1.4820657563009147e-05 -1.1475309311961314e-05 -6.4797830568716026e-06
 36.00000000 +5.0000000000000000e+00 +2.0000186870185050e+00 +1.8457242099155812e-03 +9.9997810102396911e-01 +9.9999950914852931e-01 +9.9999938255104093e-01 +9.9999927534518196e-01 +9.9999919486161470e-01 +7.1898309841008112e-06 +5.1325398469855240e-06 +4.1514120286897861e-06 +3.9902037532557572e-06 +4.0730832071075950e-06
 36.50000000 +5.0000000000000000e+00 +2.0000207739526883e+00 +1.8503269526248852e-03 +9.9996715757589405e-01 +9.9999958796679445e-01 +9.9999944864869539e-01 +9.9999934444820660e-01 +9.9999928771168167e-01 +8.4943727501506363e-06 +5.9607955407344158e-06 +5.5376457503656195e-06 +6.6965063350713879e-06 +8.4843282655555466e-06
 37.00000000 +5.0000000000000000e+00 +2.0000182387819136e+00 +1.8610203834785594e-03 +9.9993809040145198e-01 +9.9999988387466576e-01 +9.9999980734221461e-01 +9.9999973620426985e-01 +9.9999967729607886e-01 +1.5694687791877121e-05 +1.4093445445034674e-05 +1.2895265526261432e-05 +1.1358325313369975e-05 +8.7631575532231795e-06
 37.50000000 +5.0000000000000000e+00 +2.0000228687661523e+00 +1.8909553058095835e-03 +9.9986708805823565e-01 +1.0000011787202880e+00 +1.0000010425156374e+00 +1.0000009224870710e+00 +1.0000008309110207e+00 +1.8218197262208257e-05 +2.2853454903902822e-05 +2.7263125848660099e-05 +3.0153109124480154e-05 +3.0449420450603525e-05
 38.00000000 +5.0000000000000000e+00 +2.0000195213408398e+00 +1.8638800479343993e-03 +9.9993383165063843e-01 +9.9999988940560158e-01 +9.9999975568705657e-01 +9.9999962089872263e-01 +9.9999949382441389e-01 +1.0804486816102717e-05 +1.2918014034582072e-05 +1.4630714239456977e-05 +1.5115191707104217e-05 +1.3940126838717167e-05
 38.50000000 +5.0000000000000000e+00 +2.0000189636342780e+00 +1.8710474172684006e-03 +9.9991707598665158e-01 +9.9999949372216967e-01 +9.9999948895835711e-01 +9.9999948702179220e-01 +9.9999949526399812e-01 +1.2790197994779297e-05 +1.4631970476898234e-05 +1.6928993547570531e-05 +1.9226947049208368e-05 +2.1380938008624453e-05
 39.00000000 +5.0000000000000000e+00 +2.0000150619185719e+00 +1.8698801284079711e-03 +9.9991721256997035e-01 +1.0000001748056584e+00 +1.0000000320308347e+00 +9.9999990108312276e-01 +9.9999979590776489e-01 +1.6381355332631498e-05 +1.7607496909381585e-05 +1.7755626463752251e-05 +1.6617883453310182e-05 +1.4521240659949346e-05
 39.50000000 +5.0000000000000000e+00 +2.0000102934426462e+00 +1.8787421394050878e-03 +9.9989421358019515e-01 +9.9999828914775146e-01 +9.9999842996404420e-01 +9.9999863404507594e-01 +9.9999888496749445e-01 +2.2598011686475253e-05 +2.3465130630111525e-05 +2.3407748537175590e-05 +2.2167926008383718e-05 +1.9909478857788154e-05
 40.00000000 +5.0000000000000000e+00 +2.0000049359977350e+00 +1.8252661947181733e-03 +1.0000251639118871e+00 +9.9999986490978743e-01 +9.9999996241631739e-01 +1.0000000428369760e+00 +1.0000000898984140e+00 +5.2713781018993263e-06 +9.9551016444966593e-07 -4.5018972215268367e-06 -1.0586844543568839e-05 -1.6302119927226926e-05
 40.50000000 +5.0000000000000000e+00 +2.0000066668450152e+00 +1.8570351155643239e-03 +9.9994697753121042e-01 +1.0000002061847166e+00 +1.0000001579116289e+00 +1.0000000665672057e+00 +9.9999993115422814e-01 +1.7473669161632762e-05 +1.4378996352047769e-05 +1.0380436050255922e-05 +6.5185261239496818e-06 +3.9090232901244628e-06
 41.00000000 +5.0000000000000000e+00 +2.0000063242801946e+00 +1.8313658827994062e-03 +1.0000140994955431e+00 +9.9999906671339478e-01 +9.9999914496177622e-01 +9.9999923944988189e-01 +9.9999932726335050e-01 +2.1700359771493988e-06 -4.7964983503081037e-07 -3.2478184300882771e-06 -4.9093458514790913e-06 -4.4111058160875738e-06
 41.50000000 +5.0000000000000000e+00 +2.0000065075880733e+00 +1.8695887287404267e-03 +9.9991803536745005e-01 +9.9999907572752744e-01 +9.9999923203375440e-01 +9.9999938536305888e-01 +9.9999952639840695e-01 +1.8751789561227909e-05 +1.7090858559656716e-05 +1.5839244130124010e-05 +1.5787433663796750e-05 +1.7275784068642477e-05
 42.00000000 +5.0000000000000000e+00 +2.0000075738171197e+00 +1.8386973204943657e-03 +9.9999671891823227e-01 +1.0000011612031665e+00 +1.0000013216047825e+00 +1.0000013931046403e+00 +1.0000013583098171e+00 +1.1744103877371586e-06 -1.4940361074034183e-06 -2.4154370844617977e-06 -1.1355847456627010e-06 +1.9175068744100643e-06
 42.50000000 +5.0000000000000000e+00 +2.0000062992238266e+00 +1.8559311921812079e-03 +9.9995412375649284e-01 +9.9999914058547701e-01 +9.9999912972876304e-01 +9.9999914075631680e-01 +9.9999917224633372e-01 +9.5969827601739407e-06 +8.2225697738406558e-06 +8.3874486568229237e-06 +1.0197900399911652e-05 +1.2888025134165752e-05
 43.00000000 +5.0000000000000000e+00 +2.0000086151680234e+00 +1.8701113091083551e-03 +9.9991816100137987e-01 +9.9999985482823373e-01 +9.9999964869094193e-01 +9.9999941505317436e-01 +9.9999919954148764e-01 +1.3911342568678847e-05 +1.5019558590790886e-05 +1.6863190915257325e-05 +1.8664566566090636e-05 +1.9262226210749242e-05
 43.50000000 +5.0000000000000000e+00 +2.0000067712079752e+00 +1.8647723470653164e-03 +9.9993205303738586e-01 +9.9999938980515335e-01 +9.9999942897816163e-01 +9.9999948243918890e-01 +9.9999955596296564e-01 +1.1304448015320120e-05 +1.2647447655743303e-05 +1.4239054742749983e-05 +1.5633618812811469e-05 +1.6265207842011181e-05
 44.00000000 +5.0000000000000000e+00 +2.0000038857330265e+00 +1.8801662441315322e-03 +9.9989343149028920e-01 +1.0000007622989746e+00 +1.0000009335171423e+00 +1.0000010541779318e+00 +1.0000010933134265e+00 +1.6766952873875485e-05 +1.7411236531459918e-05 +1.9716632377029636e-05 +2.2944192840825037e-05 +2.5886187886455752e-05
 44.50000000 +5.0000000000000000e+00 +2.0000042900518147e+00 +1.8575380209757432e-03 +9.9995323364337840e-01 +9.9999912153618831e-01 +9.9999908978794749e-01 +9.9999912265080737e-01 +9.9999921237899503e-01 -9.1694652810952842e-07 +5.1421217724529730e-06 +1.1545493121131504e-05 +1.6403274407663779e-05 +1.8046059861242102e-05
 45.00000000 +5.0000000000000000e+00 +1.9999984192789284e+00 +1.8650006252825951e-03 +9.9992965062032346e-01 +9.9999871977928023e-01 +9.9999895389909665e-01 +9.9999924702069454e-01 +9.9999956744696572e-01 +1.2991151190807932e-05 +1.4660621884390977e-05 +1.6033859745635758e-05 +1.6043017698970845e-05 +1.4132583215797137e-05
 45.50000000 +5.0000000000000000e+00 +1.9999967578535132e+00 +1.9021032748423778e-03 +9.9983564489059751e-01 +9.9999960888454831e-01 +9.9999963070395315e-01 +9.9999964951978493e-01 +9.9999967114760446e-01 +3.0433188024813897e-05 +3.4320197147676273e-05 +3.5928274361247052e-05 +3.4565297216917153e-05 +3.0547896894620188e-05
 46.00000000 +5.0000000000000000e+00 +1.9999960103854708e+00 +1.9041588064912184e-03 +9.9983403412953642e-01 +9.9999922837984101e-01 +9.9999935592738443e-01 +9.9999947576762271e-01 +9.9999955305084332e-01 +2.5770212062478304e-05 +3.0943718355489220e-05 +3.5384625713901426e-05 +3.7974286311470483e-05 +3.8279902160600494e-05
 46.50000000 +5.0000000000000000e+00 +1.9999930616803574e+00 +1.8953525894194710e-03 +9.9985653858813806e-01 +1.0000010494888620e+00 +1.0000009756265251e+00 +1.0000008267223339e+00 +1.0000005911825367e+00 +2.3265800077678515e-05 +2.4367274695970041e-05 +2.6990905130497209e-05 +3.0601090609298650e-05 +3.4793321062086433e-05
 47.00000000 +5.0000000000000000e+00 +1.9999875414689572e+00 +1.8577867008369440e-03 +9.9994435791682035e-01 +9.9999841718076066e-01 +9.9999839500641774e-01 +9.9999842643716286e-01 +9.9999851439550946e-01 +1.9276208757344137e-05 +1.7789460524650165e-05 +1.3538541603588016e-05 +7.9669759582038143e-06 +3.3178767125863224e-06
 47.50000000 +5.0000000000000000e+00 +1.9999857304436717e+00 +1.7888230776730886e-03 +1.0001202373403975e+00 +9.9999941874124321e-01 +9.9999930144431526e-01 +9.9999923601645868e-01 +9.9999924309885591e-01 -1.5699509468154269e-05 -1.9964695355637800e-05 -2.4544594268380982e-05 -2.8136960902831174e-05 -2.9090881238822916e-05
 48.00000000 +5.0000000000000000e+00 +1.9999892830384942e+00 +1.9065515110673413e-03 +9.9982716495503254e-01 +9.9999944872761959e-01 +9.9999964283475795e-01 +9.9999976851424333e-01 +9.9999979776457382e-01 +2.7676568729088306e-05 +3.3022912594241918e-05 +3.6546727081725799e-05 +3.8323910213821312e-05 +3.8607085168319837e-05
 48.50000000 +5.0000000000000000e+00 +1.9999857856265217e+00 +1.8738646340733629e-03 +9.9990750873006096e-01 +1.0000002640092827e+00 +1.0000003875565839e+00 +1.0000004609249398e+00 +1.0000004630973323e+00 +2.0048642774222593e-05 +1.8942393454759739e-05 +1.7511079449420589e-05 +1.6899859658459183e-05 +1.7513706349279512e-05
 49.00000000 +5.0000000000000000e+00 +1.9999781149548392e+00 +1.9027424139911910e-03 +9.9983079747519388e-01 +9.9999968478768397e-01 +9.9999964523097051e-01 +9.9999950569724039e-01 +9.9999928603573895e-01 +4.1238715576716737e-05 +3.8668404829367006e-05 +3.4661813135605526e-05 +3.0316734620217663e-05 +2.6195105048694162e-05
 49.50000000 +5.0000000000000000e+00 +1.9999724693097514e+00 +1.8480188878192199e-03 +9.9996478483803064e-01 +9.9999938967564084e-01 +9.9999916908309594e-01 +9.9999897079287636e-01 +9.9999882050189048e-01 +2.3215810224456775e-05 +1.6640595711312646e-05 +8.0775369701036296e-06 -7.6974603691687774e-07 -8.2990886327035491e-06
 50.00000000 +5.0000000000000000e+00 +1.9999800423621532e+00 +1.8390348459493713e-03 +9.9999341740560865e-01 +9.9999908933183068e-01 +9.9999877447245522e-01 +9.9999844960925199e-01 +9.9999814213887539e-01 +8.7791355396521491e-06 +3.9722837823829774e-06 +5.7276563539039622e-07 -8.0189069625353509e-07 -3.9525220117400072e-07
 50.50000000 +5.0000000000000000e+00 +1.9999813344760538e+00 +1.8514640774877776e-03 +9.9996197403223930e-01 +9.9999979195777944e-01 +1.0000001194952732e+00 +1.0000004755460410e+00 +1.0000008041824582e+00 +1.2757607638234208e-05 +9.8981894758578999e-06 +7.0777782156535500e-06 +4.6175271046114709e-06 +2.4836838261309450e-06
 51.00000000 +5.0000000000000000e+00 +1.9999755518194622e+00 +1.8663261169605482e-03 +9.9992070238011566e-01 +9.9999938673424205e-01 +9.9999943105194422e-01 +9.9999965366652388e-01 +1.0000000588234239e+00 +2.6209849532026468e-05 +2.1703156367230696e-05 +1.6617087886736710e-05 +1.1018602958162633e-05 +5.2186471976081632e-06
 51.50000000 +5.0000000000000000e+00 +1.9999730468783123e+00 +1.8665220126823955e-03 +9.9992119224996112e-01 +1.0000018403153146e+00 +1.0000016514486993e+00 +1.0000013200445725e+00 +1.0000009252412774e+00 +2.1071376654461884e-05 +1.9999622733209037e-05 +1.7118518078192361e-05 +1.1620945749928740e-05 +3.2602369529796312e-06
 52.00000000 +5.0000000000000000e+00 +1.9999816386613751e+00 +1.8718165213228556e-03 +9.9991820596695857e-01 +9.9999842863557520e-01 +9.9999828123068357e-01 +9.9999822589352261e-01 +9.9999829700262854e-01 +6.4019586048367712e-06 +1.1795159702815938e-05 +1.8383330849716550e-05 +2.4253584506849337e-05 +2.7727236925310992e-05
 52.50000000 +5.0000000000000000e+00 +1.9999734484109295e+00 +1.8542776794596275e-03 +9.9995600688604380e-01 +1.0000019366215356e+00 +1.0000016976044577e+00 +1.0000012438373229e+00 +1.0000006031408508e+00 +9.4883681014225389e-06 +1.0204623673404817e-05 +9.2445601659296972e-06 +6.5734116165573445e-06 +3.0009462404407379e-06
 53.00000000 +5.0000000000000000e+00 +1.9999739202435760e+00 +1.8703745957279036e-03 +9.9991582887949848e-01 +1.0000003681288485e+00 +1.0000010605421197e+00 +1.0000015754345672e+00 +1.0000018129681261e+00 +1.5658066450864547e-05 +1.6998095326851097e-05 +1.7148402382057696e-05 +1.5898739810865919e-05 +1.3650742926638679e-05
 53.50000000 +5.0000000000000000e+00 +1.9999746269021399e+00 +1.8469045334810531e-03 +9.9997878908020810e-01 +1.0000007996517484e+00 +1.0000003196083138e+00 +9.9999997764205328e-01 +9.9999985068660202e-01 -3.5100935504783066e-06 +2.7050346349237953e-06 +6.8332805386287642e-06 +7.9319197241109615e-06 +6.3031897751514443e-06
 54.00000000 +5.0000000000000000e+00 +1.9999629450492227e+00 +1.8634683637138094e-03 +9.9993425425361204e-01 +9.9999888616183807e-01 +9.9999788581488080e-01 +9.9999717032923618e-01 +9.9999685585142639e-01 +1.4699793925067220e-05 +1.6630339181938929e-05 +1.6312571772752265e-05 +1.4441735779452984e-05 +1.2863148368815787e-05
 54.50000000 +5.0000000000000000e+00 +1.9999651072715336e+00 +1.8799074499066077e-03 +9.9989319424950251e-01 +1.0000004839476890e+00 +1.0000003746989039e+00 +1.0000001777484646e+00 +9.9999988967373643e-01 +1.9981496034397511e-05 +2.1213334801122920e-05 +2.1449842340403274e-05 +2.1372655949702088e-05 +2.1862352581319594e-05
 55.00000000 +5.0000000000000000e+00 +1.9999574369244124e+00 +1.8238433251164220e-03 +1.0000349039269292e+00 +1.0000009065699347e+00 +1.0000010047374412e+00 +1.0000009748788368e+00 +1.0000008165684109e+00 -8.4635007292638372e-06 -7.1207663153374532e-06 -7.1606436096198416e-06 -7.8309183941923395e-06 -8.0308526311746271e-06
 55.50000000 +5.0000000000000000e+00 +1.9999542843971756e+00 +1.8383540760459395e-03 +9.9999979206318046e-01 +9.9999991681492972e-01 +9.9999934050303019e-01 +9.9999871648658500e-01 +9.9999810146038615e-01 -3.1624342183543664e-07 -1.3100125300910153e-06 -7.0383080959101003e-07 +1.5265792856205095e-06 +4.9361794196081479e-06
 56.00000000 +5.0000000000000000e+00 +1.9999420289073793e+00 +1.8714778049791041e-03 +9.9991077605998935e-01 +1.0000004569832053e+00 +1.0000001123683506e+00 +9.9999954555039439e-01 +9.9999887171940538e-01 +2.6318568328484908e-05 +2.0143275293992809e-05 +1.5361235218772483e-05 +1.3591149819034170e-05 +1.4823090383389038e-05
 56.50000000 +5.0000000000000000e+00 +1.9999422562743483e+00 +1.8180524100294025e-03 +1.0000507502357825e+00 +1.0000016769549467e+00 +1.0000011188040143e+00 +1.0000003412221516e+00 +9.9999953286299648e-01 -1.3631952808573829e-05 -1.2995609757668487e-05 -1.1383103079785053e-05 -8.8636605568957755e-06 -6.5457537329767666e-06
 57.00000000 +5.0000000000000000e+00 +1.9999275334639570e+00 +1.8748636851583153e-03 +9.9990060193142294e-01 +1.0000026084709983e+00 +1.0000019874617172e+00 +1.0000015407743756e+00 +1.0000013647718999e+00 +3.0844053277893190e-05 +2.1939905618149073e-05 +1.5130622493590260e-05 +1.1717154902925834e-05 +1.2264853340954249e-05
 57.50000000 +5.0000000000000000e+00 +1.9999263457787944e+00 +1.8121494541963766e-03 +1.0000597539143947e+00 +1.0000024635679678e+00 +1.0000017653521001e+00 +1.0000009884296501e+00 +1.0000001974408945e+00 -4.3418734861005348e-06 -6.9590495026395421e-06 -1.2042706706068435e-05 -1.8127707018024236e-05 -2.3697368456100402e-05
 58.00000000 +5.0000000000000000e+00 +1.9999147539504638e+00 +1.8711413968626736e-03 +9.9990902497593948e-01 +1.0000038728916973e+00 +1.0000036167635271e+00 +1.0000029962283372e+00 +1.0000020785032544e+00 +2.7601836363219121e-05 +2.1395736554947324e-05 +1.4507257110360805e-05 +8.8576326474584431e-06 +6.0481744232156199e-06
 58.50000000 +5.0000000000000000e+00 +1.9999115944543842e+00 +1.8634771650680811e-03 +9.9993647901768734e-01 +9.9999878212070858e-01 +9.9999841945633317e-01 +9.9999817150857595e-01 +9.9999807731029811e-01 +9.7803993345804157e-06 +1.0373508407874525e-05 +1.2977976703648858e-05 +1.6625207646250818e-05 +2.0313494392364114e-05
 59.00000000 +5.0000000000000000e+00 +1.9999074163538269e+00 +1.8089793770300240e-03 +1.0000749712569355e+00 +9.9999733795872181e-01 +9.9999751651775248e-01 +9.9999797173483351e-01 +9.9999865696023849e-01 -1.2128272643394633e-05 -1.7498851344238363e-05 -1.7875544462620589e-05 -1.3461702720697665e-05 -5.4900572209851218e-06
 59.50000000 +5.0000000000000000e+00 +1.9999054906614744e+00 +1.9710362578677885e-03 +9.9967511488444694e-01 +1.0000019828025202e+00 +1.0000014054631374e+00 +1.0000005361163171e+00 +9.9999946787027827e-01 +3.4130305248884315e-05 +5.1938155999986756e-05 +6.8530828537401308e-05 +8.0662608995665347e-05 +8.6230964533251777e-05
 60.00000000 +5.0000000000000000e+00 +1.9998981973640384e+00 +1.8281892628362951e-03 +1.0000316365945610e+00 +9.9999971563520840e-01 +9.9999953384229390e-01 +9.9999931027238376e-01 +9.9999905881309992e-01 -2.4466133005412428e-05 -1.5138694214102517e-05 -5.0801475891913520e-06 +4.1051093500523959e-06 +1.1324707718647673e-05
 60.50000000 +5.0000000000000000e+00 +1.9998904937153641e+00 +1.8807181248974110e-03 +9.9989354561593002e-01 +1.0000030124826755e+00 +1.0000030247240781e+00 +1.0000023660909827e+00 +1.0000010790180553e+00 +1.1524257470632635e-05 +1.4479279124579635e-05 +1.8807780214539031e-05 +2.3836368700867766e-05 +2.8324382673974419e-05
 61.00000000 +5.0000000000000000e+00 +1.9998727048554952e+00 +1.8873644818579614e-03 +9.9987391282730143e-01 +1.0000012757879000e+00 +1.0000007740068544e+00 +1.0000000179513679e+00 +9.9999907396127252e-01 +2.4585610460210040e-05 +2.5702998878560322e-05 +2.4944437593397035e-05 +2.4166278127445508e-05 +2.5546140223629524e-05
 61.50000000 +5.0000000000000000e+00 +1.9998651019859808e+00 +1.9098672566216506e-03 +9.9980797832712198e-01 +9.9999896928806997e-01 +9.9999900426394595e-01 +9.9999901808422009e-01 +9.9999908850134633e-01 +5.2988648013234775e-05 +4.8249696075882377e-05 +4.0262488208823678e-05 +3.0986015671041041e-05 +2.3454687372824203e-05
 62.00000000 +5.0000000000000000e+00 +1.9998651730313974e+00 +1.8710020981730037e-03 +9.9991450355080769e-01 +1.0000014984247472e+00 +1.0000013056387522e+00 +1.0000008499094912e+00 +1.0000002168928885e+00 +1.2783593136653211e-05 +2.0262014750072983e-05 +2.1296833964070338e-05 +1.6892736340605399e-05 +1.0390405108958224e-05
 62.50000000 +5.0000000000000000e+00 +1.9998611822272516e+00 +1.7758887776061190e-03 +1.0001533613904150e+00 +1.0000029272082895e+00 +1.0000028210087086e+00 +1.0000022986973942e+00 +1.0000013750911527e+00 -2.4996791074277657e-05 -2.9568580430014506e-05 -3.4298525843817304e-05 -3.7241226800994954e-05 -3.6678271950032233e-05
 63.00000000 +5.0000000000000000e+00 +1.9998578839473531e+00 +1.7991395169079853e-03 +1.0000967975114277e+00 +9.9999951628023231e-01 +9.9999905688910173e-01 +9.9999848986317252e-01 +9.9999784205888353e-01 -1.5969135404250857e-05 -1.6627167519277559e-05 -1.8759227978663984e-05 -2.0450513455682755e-05 -1.9896558478091745e-05
 63.50000000 +5.0000000000000000e+00 +1.9998380154260424e+00 +1.9314053952588996e-03 +9.9975102685559292e-01 +1.0000014517237730e+00 +1.0000010968376563e+00 +1.0000005730656947e+00 +9.9999993231923312e-01 +6.5979622697571335e-05 +6.1502929863828956e-05 +5.2549924701884923e-05 +4.0218382374656386e-05 +2.5668338350224675e-05
 64.00000000 +5.0000000000000000e+00 +1.9998414216318778e+00 +1.8383649886188653e-03 +9.9999819078068186e-01 +9.9999973733192327e-01 +9.9999912710363514e-01 +9.9999821318361659e-01 +9.9999718227387568e-01 +4.3872593581883993e-06 -1.5037040614015314e-06 -3.4498010366406080e-06 -2.8759458509860154e-08 +8.1443314661095922e-06
 64.50000000 +5.0000000000000000e+00 +1.9998432596442755e+00 +1.8142162576758175e-03 +1.0000657177476402e+00 +9.9999986957530673e-01 +9.9999919446025054e-01 +9.9999854390601350e-01 +9.9999810033542291e-01 -2.3328675891464068e-05 -2.1427282051500340e-05 -1.4848770371017501e-05 -5.3819639417329417e-06 +3.5606674630806836e-06
 65.00000000 +5.0000000000000000e+00 +1.9998342016619646e+00 +1.7938718094838721e-03 +1.0001151675627737e+00 +1.0000014454319199e+00 +1.0000006536698427e+00 +9.9999967880897400e-01 +9.9999894390737565e-01 -2.9235255800503623e-05 -2.9824855441321950e-05 -2.6419450775735016e-05 -1.9450920903053604e-05 -1.0958897932511654e-05
 65.50000000 +5.0000000000000000e+00 +1.9998146766537905e+00 +1.8969406219949618e-03 +9.9985045855041543e-01 +1.0000013403766861e+00 +1.0000001557941531e+00 +9.9999913445321431e-01 +9.9999848919710332e-01 +2.4375645101531024e-05 +3.0022979876143240e-05 +3.3095600583987044e-05 +3.2843237440876264e-05 +3.0084165342376813e-05
 66.00000000 +5.0000000000000000e+00 +1.9998112308555041e+00 +1.9869730517345723e-03 +9.9962104506588279e-01 +9.9999952167094197e-01 +9.9999907914774400e-01 +9.9999847520102259e-01 +9.9999772415124422e-01 +6.8153541805407325e-05 +7.6702131557773720e-05 +8.2381052565971618e-05 +8.2378869490833381e-05 +7.4539167906110957e-05
 66.50000000 +5.0000000000000000e+00 +1.9998160359922494e+00 +1.8990146131710980e-03 +9.9984340538253891e-01 +1.0000023903146018e+00 +1.0000019830860856e+00 +1.0000015367386914e+00 +1.0000010924430507e+00 +3.1144037606596784e-05 +2.9363982962056785e-05 +2.8200150721966037e-05 +2.8868535807730014e-05 +3.2015327991560003e-05
 67.00000000 +5.0000000000000000e+00 +1.9998156949364803e+00 +1.8733845910420789e-03 +9.9990824952307211e-01 +9.9999809951099117e-01 +9.9999808840172644e-01 +9.9999760755923373e-01 +9.9999671815792712e-01 +1.8841513864366248e-05 +1.9784097956735597e-05 +2.0818603661770930e-05 +2.1288961242909634e-05 +2.0503670176394065e-05
 67.50000000 +5.0000000000000000e+00 +1.9998389186704992e+00 +1.7342041424160486e-03 +1.0002671306038293e+00 +1.0000009541768111e+00 +1.0000007447050636e+00 +1.0000005154844227e+00 +1.0000004028270721e+00 -6.5908468883354283e-05 -6.3597991329848120e-05 -5.5520697595869020e-05 -4.5730865501462570e-05 -3.8989773896907165e-05
 68.00000000 +5.0000000000000000e+00 +1.9998193536117896e+00 +1.8895651185116677e-03 +9.9986080529474120e-01 +9.9999784613918319e-01 +9.9999594887848253e-01 +9.9999443913772912e-01 +9.9999357800365429e-01 +4.4167914188572186e-05 +3.9553494376824945e-05 +3.1955790944750309e-05 +2.3715650062804661e-05 +1.7989696525859108e-05
 68.50000000 +5.0000000000000000e+00 +1.9998342224045607e+00 +1.7817927449071593e-03 +1.0001385845591337e+00 +1.0000003635610575e+00 +9.9999989228369635e-01 +9.9999965865935125e-01 +9.9999970846380171e-01 -2.0041224028409844e-05 -2.6060690871632585e-05 -3.0691500659480977e-05 -3.2292913400431301e-05 -2.9121198002965211e-05
 69.00000000 +5.0000000000000000e+00 +1.9998378282446327e+00 +1.8150685233205295e-03 +1.0000572715315539e+00 +1.0000002244600816e+00 +9.9999922928617169e-01 +9.9999916746676831e-01 +9.9999993574682677e-01 -1.5083660934171133e-05 -1.6541613700862775e-05 -1.3113869175762125e-05 -7.4302500569422309e-06 -3.6590975074311209e-06
 69.50000000 +5.0000000000000000e+00 +1.9998397491002138e+00 +1.7838432464338323e-03 +1.0001313586190792e+00 +1.0000014642156445e+00 +1.0000019708999899e+00 +1.0000020940130496e+00 +1.0000015719795778e+00 -1.5140767543958122e-05 -2.5502215748981744e-05 -3.2578080425505440e-05 -3.4463325364667973e-05 -3.0775338130899449e-05
 70.00000000 +5.0000000000000000e+00 +1.9998405169955795e+00 +1.8921974356766709e-03 +9.9986020248351393e-01 +9.9999960598886395e-01 +9.9999808508764265e-01 +9.9999648482913428e-01 +9.9999518902089812e-01 +3.0872686968941393e-05 +3.2398753147673564e-05 +3.2066930356482637e-05 +2.9793088009306322e-05 +2.5301131435127326e-05
 70.50000000 +5.0000000000000000e+00 +1.9998297631770530e+00 +1.8725397217466027e-03 +9.9990529349234503e-01 +1.0000046898582347e+00 +1.0000030344913322e+00 +1.0000014806059301e+00 +1.0000002410448929e+00 +2.4656303749101910e-05 +2.2858511208669174e-05 +1.8746814685918149e-05 +1.2865005734638792e-05 +6.1338718460542461e-06
 71.00000000 +5.0000000000000000e+00 +1.9998337154657797e+00 +1.8520788948464997e-03 +9.9995615041859665e-01 +1.0000025460445043e+00 +1.0000013058008423e+00 +1.0000002767288863e+00 +9.9999976287681080e-01 +1.9695519013207283e-05 +1.5181407107345984e-05 +8.2246601162425241e-06 +1.0683850600444318e-06 -4.2118407642612886e-06
 71.50000000 +5.0000000000000000e+00 +1.9998608025128002e+00 +1.8542528325176438e-03 +9.9996415522683069e-01 +1.0000047749899330e+00 +1.0000042717904511e+00 +1.0000033555809080e+00 +1.0000021822792549e+00 -9.1650395543895772e-06 -2.3386808409602000e-06 +5.1947567350033484e-06 +1.1864069314331501e-05 +1.5705027019975944e-05
 72.00000000 +5.0000000000000000e+00 +1.9998363655057743e+00 +1.9944243176696942e-03 +9.9959606241795873e-01 +1.0000058642949095e+00 +1.0000057360771599e+00 +1.0000054474815563e+00 +1.0000048711385208e+00 +8.4057200908956489e-05 +8.5434256734473032e-05 +8.0561073664891044e-05 +7.1417362739675602e-05 +6.0548696054379509e-05
 72.50000000 +5.0000000000000000e+00 +1.9998586076428444e+00 +1.9229012191946172e-03 +9.9978719966793472e-01 +1.0000010504424488e+00 +1.0000006950859524e+00 +1.0000003350062305e+00 +9.9999983253924474e-01 +2.7298418989503806e-05 +3.9078865617458701e-05 +4.7281486121320840e-05 +5.0218021245909992e-05 +4.7010466126577216e-05
 73.00000000 +5.0000000000000000e+00 +1.9998579698002459e+00 +1.9294640407711157e-03 +9.9976410521407211e-01 +1.0000068607023165e+00 +1.0000068978755494e+00 +1.0000058827001874e+00 +1.0000037924795608e+00 +4.7468532753141197e-05 +4.4975663652369227e-05 +4.2149133371966119e-05 +3.9849176287386203e-05 +3.8018522149817932e-05
 73.50000000 +5.0000000000000000e+00 +1.9998601937158056e+00 +1.8716000833972322e-03 +9.9991978607553700e-01 +1.0000014388079057e+00 +1.0000008588730411e+00 +9.9999983047178165e-01 +9.9999840934964335e-01 +1.9779324885238503e-06 +5.2916277788249780e-06 +1.3355899942271935e-05 +2.4409441087149498e-05 +3.4641520646686635e-05
 74.00000000 +5.0000000000000000e+00 +1.9998803760690793e+00 +1.8569263379621663e-03 +9.9996507140579627e-01 +1.0000052187588431e+00 +1.0000057817830956e+00 +1.0000059013711768e+00 +1.0000051781420463e+00 -3.6129287911039166e-05 -1.8352674618770250e-05 +3.6268792898331891e-06 +2.4578169611538401e-05 +3.9125452627893711e-05
 74.50000000 +5.0000000000000000e+00 +1.9998728260947289e+00 +1.7607313596714265e-03 +1.0001950058859450e+00 +1.0000001381671457e+00 +9.9999920334208203e-01 +9.9999913934037710e-01 +9.9999994533846348e-01 -4.4248464403909060e-05 -4.2491486611910343e-05 -3.9152014513402186e-05 -3.5663020582543076e-05 -3.1877087883114055e-05
 75.00000000 +5.0000000000000000e+00 +1.9998667652815825e+00 +1.8228335648393073e-03 +1.0000399082145706e+00 +1.0000021665776970e+00 +1.0000024863864156e+00 +1.0000029108635036e+00 +1.0000032674782564e+00 -2.1123486625406940e-05 -1.5058377797301063e-05 -9.2100322811244067e-06 -4.4809115618852744e-06 -8.6671218352397769e-07
 75.50000000 +5.0000000000000000e+00 +1.9998314380171964e+00 +1.8561453359233389e-03 +9.9994340578926721e-01 +1.0000069165395393e+00 +1.0000072379012548e+00 +1.0000067212178558e+00 +1.0000053383897165e+00 +1.2529862951669527e-05 +1.3287091107889974e-05 +1.0347246710233800e-05 +2.9104833229517717e-06 -8.6945216925740027e-06
 76.00000000 +5.0000000000000000e+00 +1.9998453474439402e+00 +1.8467475470697609e-03 +9.9998283005909272e-01 +1.0000010505130186e+00 +9.9999963994782637e-01 +9.9999899015137628e-01 +9.9999921634773137e-01 -1.2223969887930849e-05 -4.8284640217306526e-06 +3.7130956087377066e-06 +1.2224618169453124e-05 +1.9387701069069801e-05
 76.50000000 +5.0000000000000000e+00 +1.9998477171653701e+00 +1.8092161413357799e-03 +1.0000832325092261e+00 +1.0000065222681955e+00 +1.0000052954649359e+00 +1.0000030506641819e+00 +1.0000004383442751e+00 -3.8842599472578848e-05 -3.4054236927867031e-05 -2.4227580808372426e-05 -9.3199257288369148e-06 +7.9050921944696859e-06
 77.00000000 +5.0000000000000000e+00 +1.9998416895766116e+00 +1.8071380671494820e-03 +1.0000844877918855e+00 +9.9999660957261671e-01 +9.9999508564575335e-01 +9.9999430237976128e-01 +9.9999400570356389e-01 -2.7774285067736230e-05 -2.2551299163017653e-05 -1.4365803082728980e-05 -4.6637354529271582e-06 +4.8640291292893308e-06
 77.50000000 +5.0000000000000000e+00 +1.9998442000740744e+00 +1.8174882987643942e-03 +1.0000505054236704e+00 +1.0000096177333397e+00 +1.0000090706349989e+00 +1.0000069592276004e+00 +1.0000034655154375e+00 -1.4414422063559449e-05 -1.5087955081544113e-05 -1.7049497302416629e-05 -1.7853644505346746e-05 -1.5213016002478683e-05
 78.00000000 +5.0000000000000000e+00 +1.9998282289685265e+00 +1.9321233023224867e-03 +9.9977261664411976e-01 +1.0000095806940379e+00 +1.0000074936019330e+00 +1.0000048071702263e+00 +1.0000017074687995e+00 +7.4818828235550441e-06 +2.9496692638861729e-05 +4.7603556607199003e-05 +5.8741881446407033e-05 +6.0470407674755365e-05
 78.50000000 +5.0000000000000000e+00 +1.9998149918181090e+00 +1.8575977575966032e-03 +9.9995164551426174e-01 +1.0000004601895254e+00 +9.9999930550614291e-01 +9.9999752858538737e-01 +9.9999516589030413e-01 +1.4410472453826833e-05 +1.0100723085056290e-05 +7.3705885241879266e-06 +9.1339563467060002e-06 +1.4878573819226615e-05
 79.00000000 +5.0000000000000000e+00 +1.9998034333892203e+00 +1.7131486268011438e-03 +1.0003185768756471e+00 +1.0000057321095666e+00 +1.0000040369857595e+00 +1.0000026441552525e+00 +1.0000016201961515e+00 -7.4127452742210601e-05 -7.0956896689642585e-05 -6.7983138655472496e-05 -6.3291925362519793e-05 -5.6250908863879805e-05
 79.50000000 +5.0000000000000000e+00 +1.9997857000675396e+00 +1.8790299069201281e-03 +9.9989348011862889e-01 +1.0000001286514701e+00 +1.0000011720971016e+00 +1.0000020912447556e+00 +1.0000025477214123e+00 +1.4298787578870048e-05 +1.9935140813613318e-05 +2.3529737950015488e-05 +2.3702015247075071e-05 +1.9114485154142016e-05
 80.00000000 +5.0000000000000000e+00 +1.9997602029887633e+00 +1.9969828743437988e-03 +9.9958482834431661e-01 +1.0000046996197498e+00 +1.0000051457934369e+00 +1.0000054812618759e+00 +1.0000056129544976e+00 +9.1502952135168118e-05 +8.8922418883874039e-05 +8.0086722561760769e-05 +7.0444416372304465e-05 +6.3275515933158954e-05
 80.50000000 +5.0000000000000000e+00 +1.9997366899445361e+00 +1.9679402578471226e-03 +9.9965180035045709e-01 +1.0000064991312225e+00 +1.0000044654857463e+00 +1.0000018075215695e+00 +9.9999880894503546e-01 +1.0191828525530516e-04 +8.4327368003052247e-05 +6.4287921941779189e-05 +4.7771217788349177e-05 +3.8313772938283796e-05
 81.00000000 +5.0000000000000000e+00 +1.9997410371957940e+00 +1.8247876268173632e-03 +1.0000251604151200e+00 +1.0000092313268985e+00 +1.0000074877357041e+00 +1.0000053132871518e+00 +1.0000025766762235e+00 +2.5812384512573741e-06 -3.1154782424634504e-06 -8.5375023090201380e-06 -1.5586168639428586e-05 -2.5111530415921167e-05
 81.50000000 +5.0000000000000000e+00 +1.9997234757087781e+00 +1.7808937954670479e-03 +1.0001239000334570e+00 +1.0000111312113789e+00 +1.0000098626186504e+00 +1.0000088042968420e+00 +1.0000074184921031e+00 +4.8004109422798918e-06 -1.4334716489645622e-05 -3.3915904777350538e-05 -5.1561593690529277e-05 -6.6104848525954987e-05
 82.00000000 +5.0000000000000000e+00 +1.9996995757152594e+00 +1.8428368069162819e-03 +9.9996636623156965e-01 +1.0000082223511717e+00 +1.0000083945981200e+00 +1.0000091758550251e+00 +1.0000095043412929e+00 +2.6690114844915062e-05 +1.7796615381220110e-05 +3.3534412755328941e-06 -1.4994275942824438e-05 -3.4509272785505343e-05
 82.50000000 +5.0000000000000000e+00 +1.9997056208119481e+00 +1.9778921190367138e-03 +9.9964920154014125e-01 +1.0000073977282453e+00 +1.0000052460773885e+00 +1.0000024316066138e+00 +9.9999926167277831e-01 +4.5820735819549034e-05 +6.2929889778886848e-05 +7.5540661136367087e-05 +7.9590161489725321e-05 +7.2579926611179277e-05
 83.00000000 +5.0000000000000000e+00 +1.9996845609110456e+00 +1.8930996638784709e-03 +9.9985945316463365e-01 +1.0000062019069820e+00 +1.0000050603944886e+00 +1.0000037002837661e+00 +1.0000019802649629e+00 +2.5655261875323629e-05 +2.3114876167138509e-05 +2.3208133586730160e-05 +2.5389396741806905e-05 +2.6236316857254811e-05
 83.50000000 +5.0000000000000000e+00 +1.9996927234072104e+00 +1.9741525668434900e-03 +9.9967468631298384e-01 +1.0000119292927010e+00 +1.0000096577528370e+00 +1.0000068278065086e+00 +1.0000034506054301e+00 +2.0492455339644434e-05 +3.1525228939634158e-05 +5.1954904750817645e-05 +8.0401844792991168e-05 +1.0907379555814588e-04
 84.00000000 +5.0000000000000000e+00 +1.9996548654354083e+00 +1.8463159543507810e-03 +9.9996443633471244e-01 +1.0000052499657965e+00 +1.0000030743082933e+00 +1.0000004311392543e+00 +9.9999721742154790e-01 +2.9429430232093172e-05 +2.4096548741262727e-05 +9.7402985419146764e-06 -8.2878609648999176e-06 -2.5387586227366437e-05
 84.50000000 +5.0000000000000000e+00 +1.9996603357812615e+00 +1.9558798036281434e-03 +9.9970933795982153e-01 +1.0000013652669859e+00 +9.9999916437540715e-01 +9.9999835331672093e-01 +9.9999889336057945e-01 +3.9576150207068438e-05 +5.2548770206299542e-05 +6.0755537942128116e-05 +6.6737705780664714e-05 +7.3267556318685795e-05
 85.00000000 +5.0000000000000000e+00 +1.9996458526657863e+00 +1.9212123262372796e-03 +9.9979559964760778e-01 +1.0000094981248864e+00 +1.0000067118220679e+00 +1.0000045621844564e+00 +1.0000037922951768e+00 +1.4742470450232177e-05 +2.5958728865465217e-05 +3.6128133045455916e-05 +4.6549855210607278e-05 +5.6456738154507688e-05
 85.50000000 +5.0000000000000000e+00 +1.9996304549129662e+00 +1.9589803833823492e-03 +9.9968707152483316e-01 +1.0000055158417438e+00 +1.0000039986467433e+00 +1.0000020289127216e+00 +1.0000000236010171e+00 +6.5898507104502702e-05 +6.3669713205297517e-05 +5.8756013491499568e-05 +5.5970009276122521e-05 +5.7067229719066219e-05
 86.00000000 +5.0000000000000000e+00 +1.9996251291069573e+00 +1.8039624476741851e-03 +1.0000780432523904e+00 +1.0000047066467315e+00 +1.0000040711633804e+00 +1.0000036605810680e+00 +1.0000037927167511e+00 -7.4751262352416799e-06 -1.6085488527311150e-05 -2.2662843083713784e-05 -2.5114359388490868e-05 -2.2936543055037450e-05
 86.50000000 +5.0000000000000000e+00 +1.9996017656814129e+00 +1.8595040528626818e-03 +9.9994047720398971e-01 +1.0000017993992962e+00 +9.9999854894483253e-01 +9.9999624557528699e-01 +9.9999505194042027e-01 +1.6288430001669323e-05 +2.2839438876788951e-05 +2.1603028963658986e-05 +1.1717024508449525e-05 -4.5709859812526909e-06
 87.00000000 +5.0000000000000000e+00 +1.9995931804268052e+00 +1.9869886413205742e-03 +9.9963354969049845e-01 +1.0000045491639133e+00 +9.9999894439486081e-01 +9.9999485977449976e-01 +9.9999309006416370e-01 +3.7248827678213781e-05 +6.7708336089529684e-05 +8.8767792766648035e-05 +9.5508551022409431e-05 +8.5773404410930654e-05
 87.50000000 +5.0000000000000000e+00 +1.9995839024567623e+00 +1.8628589209247796e-03 +9.9994187595880146e-01 +1.0000044862548074e+00 +1.0000021499062013e+00 +1.0000016694959490e+00 +1.0000030471211492e+00 -7.3489063646781014e-06 -2.3346215150371876e-06 +7.9067378386169410e-06 +1.9888914891294380e-05 +2.8659138429399587e-05
 88.00000000 +5.0000000000000000e+00 +1.9995675719652499e+00 +1.8441358199200288e-03 +9.9998832161392281e-01 +1.0000051082925858e+00 +1.0000020356139947e+00 +9.9999971626954887e-01 +9.9999871089647874e-01 -2.5130582023067275e-06 -7.7575824745321728e-06 -5.6898062693121985e-06 +4.3886404107870406e-06 +1.7679120064387328e-05
 88.50000000 +5.0000000000000000e+00 +1.9995603561123487e+00 +1.8517747399819369e-03 +9.9996537213151415e-01 +1.0000133943701108e+00 +1.0000091170312320e+00 +1.0000047868298583e+00 +1.0000011626844971e+00 +7.7254594698619342e-06 -2.9010085777338701e-06 -6.2705895112537113e-06 -1.1881086839673584e-06 +8.8012000041158785e-06
 89.00000000 +5.0000000000000000e+00 +1.9995544377656118e+00 +1.9043391702789538e-03 +9.9983782939341981e-01 +1.0000081257320221e+00 +1.0000066168122055e+00 +1.0000054663436020e+00 +1.0000043951105497e+00 +1.0374544293463585e-05 +2.1934657304925360e-05 +3.1650705022437312e-05 +3.7230431618758368e-05 +3.6376270052249055e-05
 89.50000000 +5.0000000000000000e+00 +1.9995111677847905e+00 +1.9151135019775658e-03 +9.9979612228005998e-01 +1.0000006910445123e+00 +9.9999843284933754e-01 +9.9999683568271891e-01 +9.9999692568653320e-01 +5.5245766835555426e-05 +4.6867781277069200e-05 +3.8463607519441974e-05 +3.4474053737772237e-05 +3.5941247552464944e-05
 90.00000000 +5.0000000000000000e+00 +1.9994946611157940e+00 +1.9921128932018752e-03 +9.9960706248867359e-01 +1.0000112505462986e+00 +1.0000111912778746e+00 +1.0000111553267583e+00 +1.0000113420138528e+00 +7.4338845453698985e-05 +6.5135958212472170e-05 +6.3573409453085962e-05 +6.8790691951996390e-05 +7.6159441344277029e-05
 90.50000000 +5.0000000000000000e+00 +1.9994812935759032e+00 +1.8564058349039769e-03 +9.9993681999513406e-01 +1.0000086484568076e+00 +1.0000062221109700e+00 +1.0000036988697720e+00 +1.0000017730963222e+00 +5.0100828072070472e-05 +2.8040777526335280e-05 +6.0550042591693896e-06 -1.3252970909626903e-05 -2.8106167842855261e-05
 91.00000000 +5.0000000000000000e+00 +1.9994656007939691e+00 +1.9562617380696691e-03 +9.9969134342414845e-01 +1.0000132007519844e+00 +1.0000118773241402e+00 +1.0000103549064363e+00 +1.0000088732731147e+00 +6.7996127959913042e-05 +6.2771862360481539e-05 +5.3570745250726721e-05 +4.3668986956986518e-05 +3.6342597484578630e-05
 91.50000000 +5.0000000000000000e+00 +1.9994667225015275e+00 +1.8920021940819723e-03 +9.9986062595146474e-01 +9.9999889892935923e-01 +9.9999618579553673e-01 +9.9999500664928043e-01 +9.9999608666091133e-01 +2.6832062892773912e-05 +3.4190684982537261e-05 +3.6638170210926243e-05 +3.3091026563118355e-05 +2.2444068798886947e-05
 92.00000000 +5.0000000000000000e+00 +1.9994455895578975e+00 +1.8947577119388485e-03 +9.9983814022895467e-01 +1.0000034555352457e+00 +9.9999837220085797e-01 +9.9999455501248879e-01 +9.9999281958870156e-01 +7.2549762257282630e-05 +5.8218269619053026e-05 +3.7495833103430514e-05 +1.3601468294256887e-05 -9.2078994231976548e-06
 92.50000000 +5.0000000000000000e+00 +1.9994104059699380e+00 +1.8514624976710705e-03 +9.9994012399942445e-01 +1.0000089144088318e+00 +1.0000045324121662e+00 +1.0000009659749649e+00 +9.9999859325628626e-01 +6.6624717180686953e-05 +3.8555261361259816e-05 +5.4530637334451505e-06 -2.3150668746315493e-05 -4.0612425175302446e-05
 93.00000000 +5.0000000000000000e+00 +1.9994253021161459e+00 +1.8021147620825568e-03 +1.0000836005612292e+00 +9.9999890311020145e-01 +9.9999516030546531e-01 +9.9999193983602785e-01 +9.9999062436918085e-01 +1.4872662689175332e-05 -1.6052717070907842e-06 -1.7586498481328881e-05 -2.7094083390410034e-05 -2.8814991220579221e-05
 93.50000000 +5.0000000000000000e+00 +1.9994342042121624e+00 +1.8424150277908322e-03 +1.0000095780751694e+00 +1.0000099540244711e+00 +1.0000080721489115e+00 +1.0000071700514954e+00 +1.0000082505702783e+00 -4.0944932673536912e-05 -2.8906875722595955e-05 -1.3910248555767012e-05 +7.4400998168293633e-06 +3.3297086875616011e-05
 94.00000000 +5.0000000000000000e+00 +1.9994181132490216e+00 +1.7445053375990218e-03 +1.0002380678158038e+00 +1.0000219803675783e+00 +1.0000185452854065e+00 +1.0000143051435328e+00 +1.0000097012542644e+00 -5.7036078512447189e-05 -5.7963652776822960e-05 -6.2070331736113941e-05 -6.4150390704251464e-05 -6.1379412901776988e-05
 94.50000000 +5.0000000000000000e+00 +1.9993851800943045e+00 +1.8288525077660199e-03 +1.0000177216879889e+00 +9.9999661455157574e-01 +9.9999495316556863e-01 +9.9999551577362977e-01 +9.9999778191477817e-01 +6.2679379139411192e-06 +3.3908987024786615e-06 +7.6330761692539462e-08 -3.6297902186890840e-06 -8.6924707074602082e-06
 95.00000000 +5.0000000000000000e+00 +1.9993809625881149e+00 +1.7260815487526043e-03 +1.0002757925037709e+00 +1.0000039498582958e+00 +9.9999985002258718e-01 +9.9999710878708692e-01 +9.9999680369243693e-01 -2.9586775699428828e-05 -4.6804030032678934e-05 -5.9708800908112723e-05 -6.7206162381670549e-05 -7.0199095256612883e-05
 95.50000000 +5.0000000000000000e+00 +1.9992952004792313e+00 +1.9567300635792264e-03 +9.9967089870647008e-01 +1.0000166077144279e+00 +1.0000102771801953e+00 +1.0000061057005696e+00 +1.0000056017080572e+00 +1.2894338244893717e-04 +9.2754645716938456e-05 +5.3008178280739087e-05 +1.9139056013521943e-05 -3.3362720941558269e-06
 96.00000000 +5.0000000000000000e+00 +1.9993436441490142e+00 +1.9499133684215400e-03 +9.9974146673417819e-01 +1.0000085949489754e+00 +1.0000062964803416e+00 +1.0000044092971470e+00 +1.0000040362833924e+00 +1.0234858838679252e-05 +3.0254910735208299e-05 +4.8694409619469960e-05 +6.5916580462379928e-05 +8.0095496289160631e-05
 96.50000000 +5.0000000000000000e+00 +1.9993067978388188e+00 +1.8967157561667219e-03 +9.9985568907942679e-01 +1.0000033737180878e+00 +9.9999877325564968e-01 +9.9999565672059543e-01 +9.9999490167767335e-01 +4.5304444765280546e-05 +2.8920223267476007e-05 +2.0700449564974737e-05 +2.3881868933717447e-05 +3.2798561865924196e-05
 97.00000000 +5.0000000000000000e+00 +1.9993102074222262e+00 +1.8597577763538350e-03 +9.9994693342826746e-01 +1.0000006140713675e+00 +9.9999533056180978e-01 +9.9999217769675441e-01 +9.9999293893452645e-01 +3.1108154701348168e-05 +1.5869612462314151e-05 +7.0596495196983235e-06 +6.7193023041822231e-06 +1.1248588321024870e-05
 97.50000000 +5.0000000000000000e+00 +1.9992787768455000e+00 +1.8697016530686639e-03 +9.9991376314634661e-01 +1.0000091140817027e+00 +1.0000071153076502e+00 +1.0000038829738291e+00 +1.0000000842524328e+00 +2.2188211000584628e-05 +1.3664647571718704e-05 +1.1927051916198838e-05 +1.2089477348596935e-05 +6.1708503864262548e-06
 98.00000000 +5.0000000000000000e+00 +1.9992784285592458e+00 +1.9898547070770103e-03 +9.9963831473268538e-01 +9.9999653893180784e-01 +9.9999602021762057e-01 +9.9999724087639297e-01 +1.0000000632560946e+00 +3.5152024824762774e-05 +4.6522047970604559e-05 +6.8971682421023432e-05 +9.9032290465244898e-05 +1.2214393972865715e-04
 98.50000000 +5.0000000000000000e+00 +1.9992325793667249e+00 +1.8275722375092778e-03 +1.0000117276176850e+00 +9.9999881196766816e-01 +9.9999356903837244e-01 +9.9999032251740783e-01 +9.9999024394271352e-01 +5.2749766045036276e-05 +1.5795454947173237e-05 -1.0119936079255695e-05 -2.1518033723786841e-05 -2.1582335075791608e-05
 99.00000000 +5.0000000000000000e+00 +1.9992274542985222e+00 +1.8202182068929890e-03 +1.0000225945763717e+00 +1.0000014963735442e+00 +9.9999740043690788e-01 +9.9999613323445391e-01 +9.9999763180222168e-01 +4.7571768252750610e-05 +1.9888188830346077e-05 -8.3142576466821538e-06 -3.0542682749675562e-05 -4.3859440224125966e-05
 99.50000000 +5.0000000000000000e+00 +1.9991797773040565e+00 +2.1060598641057708e-03 +9.9931605473660834e-01 +9.9998344910291281e-01 +9.9997974479893526e-01 +9.9998044190949242e-01 +9.9998563965656406e-01 +1.5329746453098371e-04 +1.5575375718786293e-04 +1.5581360406923437e-04 +1.5186914801950939e-04 +1.3793582163071526e-04
100.00000000 +5.0000000000000000e+00 +1.9992327744923573e+00 +1.7422737390676549e-03 +1.0002419141548315e+00 +1.0000004314837583e+00 +9.9999592196919262e-01 +9.9999409236272241e-01 +9.9999591182041703e-01 -3.3047632715617520e-05 -4.2413277533851778e-05 -5.1031518135447755e-05 -5.2900062216684324e-05 -4.8879300389691973e-05
