#PATCH_CHECK: SepMBpoisson v0.60 fullmb-kondo adaptive-t500 active
#discretizing the bath:
#     0 0.0000000000000000e+00 -9.1873305439137479e-02
#     1 2.1602468994692866e-03 -1.6978186845152607e-01
#     2 2.1602468994692866e-03 -1.6868641815052685e-01
#     3 2.1602468994692866e-03 -1.6758895211891406e-01
#     4 2.1602468994692866e-03 -1.6648947405222997e-01
#     5 2.1602468994692866e-03 -1.6538798762576526e-01
#     6 2.1602468994692866e-03 -1.6428449649474355e-01
#     7 2.1602468994692866e-03 -1.6317900429450313e-01
#     8 2.1602468994692866e-03 -1.6207151464067671e-01
#     9 2.1602468994692866e-03 -1.6096203112936885e-01
#adaptive measurement: gap=1.1014864264647095e-03 period_steps=11409 nmeas=300 nwf=300 tmax=1.5000000000000000e+02 forced_stride=1
  0.00000000 +5.0000000000000000e+00 +1.9999999999999998e+00 +1.8374661879283106e-03 +1.0000000000000000e+00 +1.0000000000000000e+00 +1.0000000000000000e+00 +1.0000000000000000e+00 +1.0000000000000000e+00 +0.0000000000000000e+00 +0.0000000000000000e+00 +0.0000000000000000e+00 +0.0000000000000000e+00 +0.0000000000000000e+00
  0.50000000 +5.0000000000000000e+00 +1.9999999999686140e+00 +1.8397974503617433e-03 +9.9999408148390490e-01 +9.9999999999429168e-01 +9.9999999999429168e-01 +9.9999999999429168e-01 +9.9999999999429168e-01 +1.1908540271822549e-06 +1.1707903547472076e-06 +1.1855310120464263e-06 +1.1815728725864508e-06 +1.1897621266415723e-06
  1.00000000 +5.0000000000000000e+00 +1.9999999999046478e+00 +1.8467393095174635e-03 +9.9997645428076132e-01 +9.9999999998764244e-01 +9.9999999998794220e-01 +9.9999999998749267e-01 +9.9999999998704303e-01 +4.7689915005782953e-06 +4.6881318091059585e-06 +4.6774009770576134e-06 +4.6706699505820409e-06 +4.7405468017315472e-06
  1.50000000 +5.0000000000000000e+00 +1.9999999990099504e+00 +1.8581597379120254e-03 +9.9994744316154183e-01 +9.9999999994620981e-01 +9.9999999994310895e-01 +9.9999999994396382e-01 +9.9999999994040489e-01 +1.0627543300639685e-05 +1.0526589138002441e-05 +1.0396928405526656e-05 +1.0431290477902652e-05 +1.0574757472165609e-05
  2.00000000 +5.0000000000000000e+00 +1.9999999991234192e+00 +1.8738061644834958e-03 +9.9990767244193091e-01 +9.9999999974323417e-01 +9.9999999975890796e-01 +9.9999999974394882e-01 +9.9999999974281550e-01 +1.8596466758509579e-05 +1.8532689491158539e-05 +1.8346629069403390e-05 +1.8328184870374077e-05 +1.8524616459592934e-05
  2.50000000 +5.0000000000000000e+00 +1.9999999922927771e+00 +1.8931873223041933e-03 +9.9985836782896875e-01 +9.9999999933537231e-01 +9.9999999932557648e-01 +9.9999999930357386e-01 +9.9999999927004035e-01 +2.8531420100480456e-05 +2.8470659710887589e-05 +2.8109204041849434e-05 +2.8184767426116744e-05 +2.8338876720535090e-05
  3.00000000 +5.0000000000000000e+00 +1.9999999793288663e+00 +1.9159404090093020e-03 +9.9980042057219554e-01 +9.9999999849039478e-01 +9.9999999844009468e-01 +9.9999999845876686e-01 +9.9999999845671916e-01 +4.0191141899374834e-05 +4.0060938449043023e-05 +3.9569617185372681e-05 +3.9799865022596077e-05 +3.9963967016760799e-05
  3.50000000 +5.0000000000000000e+00 +1.9999999664879164e+00 +1.9414565222434759e-03 +9.9973535349900866e-01 +9.9999999704172071e-01 +9.9999999709641008e-01 +9.9999999700021736e-01 +9.9999999706616360e-01 +5.3138239331645985e-05 +5.3080330429995892e-05 +5.2557060142028861e-05 +5.2868969688703516e-05 +5.3013695927857105e-05
  4.00000000 +5.0000000000000000e+00 +1.9999999485407638e+00 +1.9690399753429437e-03 +9.9966489242753964e-01 +9.9999999487021995e-01 +9.9999999496093506e-01 +9.9999999480970903e-01 +9.9999999484902236e-01 +6.7351084928990557e-05 +6.7311840267907195e-05 +6.6498743476923932e-05 +6.6859592746026570e-05 +6.7106826492802451e-05
  4.50000000 +5.0000000000000000e+00 +1.9999999402074182e+00 +1.9980189989576751e-03 +9.9959072450563047e-01 +9.9999999154143926e-01 +9.9999999182103105e-01 +9.9999999150677021e-01 +9.9999999182246846e-01 +8.2353446419373530e-05 +8.1926296324905668e-05 +8.1267494222814630e-05 +8.1867546358927983e-05 +8.1893989463384406e-05
  5.00000000 +5.0000000000000000e+00 +1.9999998934229442e+00 +2.0276344756309135e-03 +9.9951473651245226e-01 +9.9999998698485526e-01 +9.9999998752456265e-01 +9.9999998701001558e-01 +9.9999998748823626e-01 +9.7674767610941092e-05 +9.7272202803327788e-05 +9.6453351813998147e-05 +9.6845202197888368e-05 +9.7068912534955355e-05
  5.50000000 +5.0000000000000000e+00 +1.9999999638352872e+00 +2.0571850317467840e-03 +9.9943870177577143e-01 +9.9999998118019562e-01 +9.9999998156276926e-01 +9.9999998134830492e-01 +9.9999998212859909e-01 +1.1279247158883602e-04 +1.1233744114543335e-04 +1.1161719055262999e-04 +1.1258142559464446e-04 +1.1204343759172434e-04
  6.00000000 +5.0000000000000000e+00 +1.9999998658257148e+00 +2.0855295633854256e-03 +9.9936546936174853e-01 +9.9999997377530292e-01 +9.9999997439991839e-01 +9.9999997389726769e-01 +9.9999997468916735e-01 +1.2769512852352677e-04 +1.2719183445110559e-04 +1.2623441646319986e-04 +1.2689044765931475e-04 +1.2662206066186733e-04
  6.50000000 +5.0000000000000000e+00 +1.9999998172813862e+00 +2.1128813216242585e-03 +9.9929452853568124e-01 +9.9999996488386012e-01 +9.9999996519574119e-01 +9.9999996460468554e-01 +9.9999996570566685e-01 +1.4218038480055508e-04 +1.4152832134857349e-04 +1.4074124523327236e-04 +1.4075165929248841e-04 +1.4040953143233740e-04
  7.00000000 +5.0000000000000000e+00 +1.9999996119767292e+00 +2.1379402274443234e-03 +9.9922913941027269e-01 +9.9999995356790117e-01 +9.9999995479617809e-01 +9.9999995437225198e-01 +9.9999995544358011e-01 +1.5509269542666719e-04 +1.5475861773687593e-04 +1.5366776808085919e-04 +1.5410232201375180e-04 +1.5342098071843537e-04
  7.50000000 +5.0000000000000000e+00 +1.9999994639408820e+00 +2.1593617560987030e-03 +9.9917273013243868e-01 +9.9999994070620735e-01 +9.9999994180218432e-01 +9.9999994167678397e-01 +9.9999994220918231e-01 +1.6725552144367423e-04 +1.6567963048483379e-04 +1.6439439952077247e-04 +1.6536663304842218e-04 +1.6480724660111648e-04
  8.00000000 +5.0000000000000000e+00 +1.9999994471214873e+00 +2.1779258356792179e-03 +9.9912337604011214e-01 +9.9999992621514866e-01 +9.9999992747451472e-01 +9.9999992673533089e-01 +9.9999992891102218e-01 +1.7652075471084506e-04 +1.7643155251860008e-04 +1.7559321085844980e-04 +1.7451166668630674e-04 +1.7385747136202721e-04
  8.50000000 +5.0000000000000000e+00 +1.9999992934241819e+00 +2.1932856198589499e-03 +9.9908199312353962e-01 +9.9999990912888070e-01 +9.9999991183644477e-01 +9.9999990917381787e-01 +9.9999991098508845e-01 +1.8566101765325586e-04 +1.8394520911906395e-04 +1.8332399199057591e-04 +1.8347677764076378e-04 +1.8195883036243020e-04
  9.00000000 +5.0000000000000000e+00 +1.9999991570548299e+00 +2.2031243074863657e-03 +9.9905441907893477e-01 +9.9999989099861497e-01 +9.9999989211422802e-01 +9.9999989138169787e-01 +9.9999989247187238e-01 +1.9138635219928619e-04 +1.9028327717752745e-04 +1.8832160787855346e-04 +1.8925477880839687e-04 +1.8676793850000496e-04
  9.50000000 +5.0000000000000000e+00 +1.9999989676014345e+00 +2.2082702419790002e-03 +9.9903866418719189e-01 +9.9999987130053714e-01 +9.9999987339846386e-01 +9.9999987197821349e-01 +9.9999987238817944e-01 +1.9568509802555669e-04 +1.9255429215257045e-04 +1.9187059865082549e-04 +1.9175370556249910e-04 +1.8998307268112421e-04
 10.00000000 +5.0000000000000000e+00 +1.9999988370514219e+00 +2.2104663046870715e-03 +9.9903037322028654e-01 +9.9999984914446849e-01 +9.9999984963440014e-01 +9.9999984955827448e-01 +9.9999984929028318e-01 +1.9739374678811426e-04 +1.9492887799868778e-04 +1.9384857653558811e-04 +1.9240103019133831e-04 +1.9165695529664161e-04
 10.50000000 +5.0000000000000000e+00 +1.9999984994893525e+00 +2.2068297598749134e-03 +9.9903691467543598e-01 +9.9999982537841881e-01 +9.9999982930147635e-01 +9.9999982829596956e-01 +9.9999982819336841e-01 +1.9736129726917185e-04 +1.9343795102042856e-04 +1.9136677544266339e-04 +1.9097847359594633e-04 +1.9062967495388276e-04
 11.00000000 +5.0000000000000000e+00 +1.9999983378066586e+00 +2.1994191958409725e-03 +9.9905312145725589e-01 +9.9999980119938114e-01 +9.9999980501908248e-01 +9.9999980207912609e-01 +9.9999980444589198e-01 +1.9275071340972894e-04 +1.9103239864770233e-04 +1.8941109382326896e-04 +1.8922794078507957e-04 +1.8524367872707484e-04
 11.50000000 +5.0000000000000000e+00 +1.9999979827450940e+00 +2.1873864476020096e-03 +9.9908129212536834e-01 +9.9999977630871106e-01 +9.9999978161483483e-01 +9.9999977775664162e-01 +9.9999977563571585e-01 +1.8667838238561191e-04 +1.8531153581229852e-04 +1.8409251266224868e-04 +1.8311714552014672e-04 +1.8039702022820022e-04
 12.00000000 +5.0000000000000000e+00 +1.9999978962513620e+00 +2.1729335950035175e-03 +9.9911579583071430e-01 +9.9999975344719028e-01 +9.9999975109328654e-01 +9.9999974938089387e-01 +9.9999975400919494e-01 +1.7945662611086751e-04 +1.7909963654867307e-04 +1.7799137431386873e-04 +1.7437906883601065e-04 +1.7426957105839296e-04
 12.50000000 +5.0000000000000000e+00 +1.9999973779277551e+00 +2.1527592558798813e-03 +9.9916516564696889e-01 +9.9999972381202129e-01 +9.9999972171900531e-01 +9.9999972383602109e-01 +9.9999973441285628e-01 +1.7240911713814147e-04 +1.6808587691003425e-04 +1.6691528903025577e-04 +1.6630390927249760e-04 +1.6221636590890836e-04
 13.00000000 +5.0000000000000000e+00 +1.9999971882957428e+00 +2.1311331079864894e-03 +9.9921863417099921e-01 +9.9999969835441815e-01 +9.9999970502542390e-01 +9.9999969909061170e-01 +9.9999970110645142e-01 +1.6187442291303017e-04 +1.5799957982462449e-04 +1.5729381639817424e-04 +1.5463689602610663e-04 +1.5075753110562417e-04
 13.50000000 +5.0000000000000000e+00 +1.9999969104260600e+00 +2.1067928756297863e-03 +9.9927949222938561e-01 +9.9999967465022721e-01 +9.9999967534835765e-01 +9.9999967438234982e-01 +9.9999967290253433e-01 +1.4668137947401066e-04 +1.4744029099549168e-04 +1.4194044001460894e-04 +1.4400651880215682e-04 +1.4174187464944794e-04
 14.00000000 +5.0000000000000000e+00 +1.9999966757479841e+00 +2.0828259235445615e-03 +9.9933975709394995e-01 +9.9999964855045553e-01 +9.9999965512569755e-01 +9.9999965543270974e-01 +9.9999964874114822e-01 +1.3443827240175674e-04 +1.3515543371622608e-04 +1.3282529034737610e-04 +1.3098503958155873e-04 +1.2823109292489006e-04
 14.50000000 +5.0000000000000000e+00 +1.9999964917828386e+00 +2.0555693286252938e-03 +9.9940910616255108e-01 +9.9999962543027321e-01 +9.9999962178052970e-01 +9.9999961943708982e-01 +9.9999963416368309e-01 +1.2210353932398126e-04 +1.1928768680655457e-04 +1.2065714933452685e-04 +1.1727738722607450e-04 +1.1306728304028082e-04
 15.00000000 +5.0000000000000000e+00 +1.9999967359261199e+00 +2.0299106132608742e-03 +9.9947496525428670e-01 +9.9999960302610480e-01 +9.9999960173513791e-01 +9.9999960226067053e-01 +9.9999960393383525e-01 +1.1050810855122502e-04 +1.0872454665117132e-04 +1.0497249869635070e-04 +1.0393584986886011e-04 +9.8482737621404112e-05
 15.50000000 +5.0000000000000000e+00 +1.9999962424043813e+00 +2.0067865495007882e-03 +9.9953493569236429e-01 +9.9999958038606929e-01 +9.9999958256374399e-01 +9.9999957896595526e-01 +9.9999959873700917e-01 +9.7826943519398849e-05 +9.6651368901853069e-05 +9.3796158039441486e-05 +9.0671213152655384e-05 +8.7777962227157189e-05
 16.00000000 +5.0000000000000000e+00 +1.9999968871401752e+00 +1.9818669393466570e-03 +9.9959999130497157e-01 +9.9999956933118916e-01 +9.9999957471336276e-01 +9.9999955456145917e-01 +9.9999955700287468e-01 +8.5134383795989403e-05 +8.1953168336890996e-05 +8.3798229065445675e-05 +7.4305132617543318e-05 +7.6562136414099028e-05
 16.50000000 +5.0000000000000000e+00 +1.9999968946532838e+00 +1.9575297824001988e-03 +9.9966433014843969e-01 +9.9999954141689973e-01 +9.9999956110705224e-01 +9.9999953555781385e-01 +9.9999955217645475e-01 +7.1567971219857780e-05 +6.8638259076437403e-05 +6.3307121103474155e-05 +7.1113005878554447e-05 +6.2853263773928280e-05
 17.00000000 +5.0000000000000000e+00 +1.9999963308601876e+00 +1.9351980757543474e-03 +9.9972402099380087e-01 +9.9999952812045023e-01 +9.9999952327179231e-01 +9.9999951440609425e-01 +9.9999953758849303e-01 +5.9967081813619847e-05 +5.8306777526164859e-05 +5.5329339412047098e-05 +5.0644211370869367e-05 +5.3628240480915240e-05
 17.50000000 +5.0000000000000000e+00 +1.9999966344089690e+00 +1.9184935107566979e-03 +9.9976986096104881e-01 +9.9999951904394446e-01 +9.9999948331419386e-01 +9.9999953976151523e-01 +9.9999954839832017e-01 +4.8088385295266345e-05 +5.1063798188640443e-05 +4.5381678199956770e-05 +4.2482817010976611e-05 +4.5031803296621932e-05
 18.00000000 +5.0000000000000000e+00 +1.9999963897308435e+00 +1.9094824408093065e-03 +9.9979649591664732e-01 +9.9999949690645418e-01 +9.9999951426107536e-01 +9.9999951499449768e-01 +9.9999949328234383e-01 +3.9745199627667871e-05 +4.3174255138722653e-05 +4.1613901411001576e-05 +4.2312078719258099e-05 +3.8639204313448972e-05
 18.50000000 +5.0000000000000000e+00 +1.9999971022455640e+00 +1.8959708770554245e-03 +9.9983514097697679e-01 +9.9999949587575399e-01 +9.9999949265758481e-01 +9.9999948582648868e-01 +9.9999951007147503e-01 +3.6029336261963088e-05 +3.6599247047715726e-05 +3.4540340384851874e-05 +2.9910546305336340e-05 +2.9795163114117474e-05
 19.00000000 +5.0000000000000000e+00 +1.9999970025948699e+00 +1.8921593741094633e-03 +9.9984899819524287e-01 +9.9999949960285606e-01 +9.9999947819389479e-01 +9.9999949502987528e-01 +9.9999948999153743e-01 +3.1820984400650571e-05 +2.7828955185005857e-05 +3.0700577957267834e-05 +3.0635013023393257e-05 +3.2053519587745387e-05
 19.50000000 +5.0000000000000000e+00 +1.9999978347477922e+00 +1.8850542583587308e-03 +9.9987154156338520e-01 +9.9999946907274861e-01 +9.9999946621720426e-01 +9.9999948644069236e-01 +9.9999951172766366e-01 +2.9030591093392669e-05 +2.3899713079411507e-05 +2.7903376643172123e-05 +2.3500242453756177e-05 +2.6191020672081069e-05
 20.00000000 +5.0000000000000000e+00 +1.9999981070225283e+00 +1.8911484771659620e-03 +9.9986096196997298e-01 +9.9999946254270777e-01 +9.9999948302318575e-01 +9.9999943702691785e-01 +9.9999946596737477e-01 +2.7543049607748058e-05 +2.5814592047217990e-05 +2.5754853487946924e-05 +2.9870109952709888e-05 +3.2206884981334318e-05
 20.50000000 +5.0000000000000000e+00 +1.9999985103480633e+00 +1.8933975912909828e-03 +9.9985974044991011e-01 +9.9999947248171284e-01 +9.9999946794450734e-01 +9.9999949124045329e-01 +9.9999944604783175e-01 +2.4832077749325982e-05 +3.1310722864656605e-05 +3.2159730861754073e-05 +2.6249216076266463e-05 +2.7830055258760353e-05
 21.00000000 +5.0000000000000000e+00 +1.9999983697002586e+00 +1.9042822015231942e-03 +9.9983605891257177e-01 +9.9999941403424375e-01 +9.9999942506898043e-01 +9.9999944231526072e-01 +9.9999939565092633e-01 +3.4977970825160159e-05 +3.0947460424229356e-05 +3.4143614642580052e-05 +3.2005643063142201e-05 +3.4189307973036905e-05
 21.50000000 +5.0000000000000000e+00 +1.9999987289738430e+00 +1.9145981108663918e-03 +9.9981413954618181e-01 +9.9999945610517482e-01 +9.9999945056242567e-01 +9.9999943553575277e-01 +9.9999943384073797e-01 +3.4801909246931965e-05 +3.8995526490101409e-05 +4.1390444001642834e-05 +3.5149866009836743e-05 +3.7746701674009641e-05
 22.00000000 +5.0000000000000000e+00 +1.9999996274131351e+00 +1.9271299994616563e-03 +9.9978544847694983e-01 +9.9999941300529072e-01 +9.9999945739258578e-01 +9.9999943222814802e-01 +9.9999939883806865e-01 +4.6037261730622052e-05 +4.2454381359029015e-05 +4.2985376095514259e-05 +4.1792148774396918e-05 +4.3580857204217967e-05
 22.50000000 +5.0000000000000000e+00 +1.9999990068045446e+00 +1.9510495490183822e-03 +9.9972708925889109e-01 +9.9999943166212701e-01 +9.9999942843763179e-01 +9.9999940474494309e-01 +9.9999941341333987e-01 +5.1082015591256364e-05 +5.6364499010407219e-05 +5.6398884666708465e-05 +5.5582155329264320e-05 +5.5804990256195169e-05
 23.00000000 +5.0000000000000000e+00 +1.9999995565119126e+00 +1.9683343336940455e-03 +9.9968575138790772e-01 +9.9999944987265665e-01 +9.9999939253787895e-01 +9.9999937248774118e-01 +9.9999944313954492e-01 +6.4246435596160793e-05 +6.3216220705486723e-05 +6.4563208381776297e-05 +6.2569415279018194e-05 +6.1995265560073123e-05
 23.50000000 +5.0000000000000000e+00 +2.0000004053263667e+00 +1.9850195356798878e-03 +9.9964508905639970e-01 +9.9999932779703682e-01 +9.9999936091040253e-01 +9.9999939012268391e-01 +9.9999937072299960e-01 +6.7225528495312367e-05 +6.4453870216287946e-05 +7.5454506294951804e-05 +7.4180908779413211e-05 +7.6146595948945248e-05
 24.00000000 +5.0000000000000000e+00 +2.0000005348679180e+00 +2.0084696891861818e-03 +9.9958652218742761e-01 +9.9999936742592643e-01 +9.9999934580918881e-01 +9.9999940153128763e-01 +9.9999936431718328e-01 +8.4126538088696566e-05 +8.1663252713841343e-05 +8.3373162985581658e-05 +8.3844565605690842e-05 +8.2991242996886927e-05
 24.50000000 +5.0000000000000000e+00 +2.0000000570708130e+00 +2.0304395521632494e-03 +9.9953031744268173e-01 +9.9999929785970509e-01 +9.9999937925137550e-01 +9.9999933244092121e-01 +9.9999937116062276e-01 +9.3630771985399349e-05 +9.5442171736048314e-05 +9.1982240355902121e-05 +9.3753305717259730e-05 +9.7493369245208462e-05
 25.00000000 +5.0000000000000000e+00 +2.0000003692962522e+00 +2.0515477131096654e-03 +9.9947659868945871e-01 +9.9999926158660457e-01 +9.9999927733755578e-01 +9.9999930846958140e-01 +9.9999933931299700e-01 +1.0200978969643602e-04 +1.0630274671270026e-04 +1.0141494462791075e-04 +1.0550139036703995e-04 +1.1098574650499533e-04
 25.50000000 +5.0000000000000000e+00 +1.9999989728530341e+00 +2.0691073906203405e-03 +9.9942966715072679e-01 +9.9999918963875833e-01 +9.9999928617207934e-01 +9.9999925710842552e-01 +9.9999925442684356e-01 +1.0930192908759966e-04 +1.0688218968898018e-04 +1.2173493202767208e-04 +1.1878449028203491e-04 +1.1664200753909812e-04
 26.00000000 +5.0000000000000000e+00 +1.9999988287846229e+00 +2.0982367619875198e-03 +9.9935405317163750e-01 +9.9999921521858515e-01 +9.9999920429124878e-01 +9.9999917319479581e-01 +9.9999929863877257e-01 +1.3745342992597533e-04 +1.2998670601685578e-04 +1.3012504981750554e-04 +1.2004862093347762e-04 +1.3144164796217444e-04
 26.50000000 +5.0000000000000000e+00 +1.9999983640188927e+00 +2.1178443546230399e-03 +9.9930102387156228e-01 +9.9999917563816132e-01 +9.9999908458310982e-01 +9.9999916760027829e-01 +9.9999911919156248e-01 +1.3750327401450445e-04 +1.4105808134290849e-04 +1.3370804548715084e-04 +1.4294689844995595e-04 +1.4721276820607357e-04
 27.00000000 +5.0000000000000000e+00 +1.9999971353306016e+00 +2.1284984045821971e-03 +9.9927050657886829e-01 +9.9999908579113872e-01 +9.9999920249815011e-01 +9.9999910825494354e-01 +9.9999911339910064e-01 +1.4091196824258921e-04 +1.4867840339512635e-04 +1.4433325719050117e-04 +1.5047032624368711e-04 +1.4858953951128170e-04
 27.50000000 +5.0000000000000000e+00 +1.9999954666860409e+00 +2.1399966899977333e-03 +9.9923631335521568e-01 +9.9999916937857125e-01 +9.9999909114709118e-01 +9.9999905163444369e-01 +9.9999913762049220e-01 +1.5819699191581930e-04 +1.5189913308067624e-04 +1.4459178561523829e-04 +1.5652119741112197e-04 +1.5602778239852215e-04
 28.00000000 +5.0000000000000000e+00 +1.9999950010095850e+00 +2.1489181463004562e-03 +9.9920939558306421e-01 +9.9999903571093540e-01 +9.9999898755055827e-01 +9.9999893999330036e-01 +9.9999904294508524e-01 +1.6713756496908162e-04 +1.6099238578434871e-04 +1.5762897868281360e-04 +1.5687522138810572e-04 +1.5196409673426235e-04
 28.50000000 +5.0000000000000000e+00 +1.9999946819361685e+00 +2.1582715622891074e-03 +9.9918147127307866e-01 +9.9999900141617959e-01 +9.9999900294223643e-01 +9.9999897015760963e-01 +9.9999897629750545e-01 +1.6635501303292698e-04 +1.6533292523577024e-04 +1.6131414948200202e-04 +1.6148764534822701e-04 +1.6808822638665443e-04
 29.00000000 +5.0000000000000000e+00 +1.9999932620972658e+00 +2.1676851468430706e-03 +9.9915233779929558e-01 +9.9999887024598311e-01 +9.9999889911009376e-01 +9.9999890462225427e-01 +9.9999887898581530e-01 +1.7185876041454941e-04 +1.6675654327121987e-04 +1.7595546921670316e-04 +1.6619941574462217e-04 +1.7133903058830916e-04
 29.50000000 +5.0000000000000000e+00 +1.9999920121656125e+00 +2.1639020514891542e-03 +9.9915640875244438e-01 +9.9999893336213896e-01 +9.9999888328417674e-01 +9.9999889986760837e-01 +9.9999896019253076e-01 +1.7117388033817472e-04 +1.7969519950686272e-04 +1.7010549038510412e-04 +1.6637338571728359e-04 +1.6056652587514004e-04
 30.00000000 +5.0000000000000000e+00 +1.9999917408707288e+00 +2.1627067620731961e-03 +9.9915472077483203e-01 +9.9999882264217488e-01 +9.9999886687269202e-01 +9.9999879039042261e-01 +9.9999881007286029e-01 +1.7234255984987769e-04 +1.7614771766811255e-04 +1.6417763867379478e-04 +1.7333793284870822e-04 +1.6398341037353561e-04
 30.50000000 +5.0000000000000000e+00 +1.9999898371229607e+00 +2.1613812638593003e-03 +9.9915284190317077e-01 +9.9999882323452638e-01 +9.9999873999259969e-01 +9.9999888666619507e-01 +9.9999874898630470e-01 +1.7378570033640156e-04 +1.7643958665886330e-04 +1.7142330693639443e-04 +1.6958343145969477e-04 +1.6072714748974114e-04
 31.00000000 +5.0000000000000000e+00 +1.9999887622422954e+00 +2.1642355023487217e-03 +9.9914084684251225e-01 +9.9999873531457684e-01 +9.9999866191637987e-01 +9.9999881906131693e-01 +9.9999876071634164e-01 +1.7007271147312857e-04 +1.8021371386345867e-04 +1.7391819581706854e-04 +1.7213868205149168e-04 +1.6783286299715800e-04
 31.50000000 +5.0000000000000000e+00 +1.9999865230234812e+00 +2.1474219132472266e-03 +9.9917787358788213e-01 +9.9999874373100228e-01 +9.9999867694156630e-01 +9.9999860948456076e-01 +9.9999874904096608e-01 +1.7410003778329863e-04 +1.6520284742603305e-04 +1.6328736038780022e-04 +1.6622736014198245e-04 +1.5852960830324301e-04
 32.00000000 +5.0000000000000000e+00 +1.9999850925799494e+00 +2.1444658066337280e-03 +9.9918236549696404e-01 +9.9999861292724435e-01 +9.9999855249968705e-01 +9.9999842226836577e-01 +9.9999846759142674e-01 +1.5782161313878412e-04 +1.6520339137115719e-04 +1.7479260856809685e-04 +1.6220276240435077e-04 +1.6355879384516005e-04
 32.50000000 +5.0000000000000000e+00 +1.9999858429495405e+00 +2.1336929866206259e-03 +9.9920769275295973e-01 +9.9999846847078466e-01 +9.9999840296452036e-01 +9.9999836973707368e-01 +9.9999856822450284e-01 +1.6193695236510236e-04 +1.6540737321064133e-04 +1.5568249167154208e-04 +1.6120578497379732e-04 +1.5426527516467292e-04
 33.00000000 +5.0000000000000000e+00 +1.9999833097766724e+00 +2.1126341363806285e-03 +9.9925883292936180e-01 +9.9999837323623619e-01 +9.9999849060361767e-01 +9.9999840335408130e-01 +9.9999843054338511e-01 +1.5228810609077282e-04 +1.5015010165769527e-04 +1.4855346008519252e-04 +1.4719681278081825e-04 +1.4928089566265931e-04
 33.50000000 +5.0000000000000000e+00 +1.9999837954315622e+00 +2.1137168143898813e-03 +9.9925451401596221e-01 +9.9999843290165635e-01 +9.9999842391557725e-01 +9.9999842565095010e-01 +9.9999839169959037e-01 +1.6123774733488124e-04 +1.5750441682103468e-04 +1.4421477036050058e-04 +1.4880125124793115e-04 +1.4005364031131090e-04
 34.00000000 +5.0000000000000000e+00 +1.9999836026890763e+00 +2.0886358487876371e-03 +9.9931692277975792e-01 +9.9999826786731738e-01 +9.9999817873191799e-01 +9.9999835108145518e-01 +9.9999824399840964e-01 +1.4608298326611029e-04 +1.4721314868798943e-04 +1.3667995733725229e-04 +1.2671509471935154e-04 +1.3334435602143006e-04
 34.50000000 +5.0000000000000000e+00 +1.9999817814729555e+00 +2.0790132660940498e-03 +9.9933971112566400e-01 +9.9999832614658213e-01 +9.9999808201632490e-01 +9.9999814769792228e-01 +9.9999817239081201e-01 +1.3643350565312472e-04 +1.4709837697310420e-04 +1.2949132460970020e-04 +1.2269084328064454e-04 +1.3184659471387293e-04
 35.00000000 +5.0000000000000000e+00 +1.9999825661018502e+00 +2.0480798389474640e-03 +9.9942011020808930e-01 +9.9999811415309081e-01 +9.9999826358927535e-01 +9.9999813257247783e-01 +9.9999827706269939e-01 +1.2316110199330716e-04 +1.2500973342676873e-04 +1.2039698588886968e-04 +9.8562909985769974e-05 +1.1997166519164314e-04
 35.50000000 +5.0000000000000000e+00 +1.9999829610570723e+00 +2.0446674774888432e-03 +9.9943060849346632e-01 +9.9999816815101417e-01 +9.9999816340963521e-01 +9.9999795566850624e-01 +9.9999817250019962e-01 +1.3142779401000977e-04 +1.0816635476015054e-04 +1.1432252726661591e-04 +1.1373565688730487e-04 +1.0927942893139384e-04
 36.00000000 +5.0000000000000000e+00 +1.9999832930411288e+00 +2.0421143892662579e-03 +9.9944006412614961e-01 +9.9999830055258954e-01 +9.9999829169860210e-01 +9.9999829893197623e-01 +9.9999815715057772e-01 +1.2507438354996493e-04 +1.1873876351467989e-04 +1.1164727939135904e-04 +1.0623063605273207e-04 +1.0519651854013915e-04
 36.50000000 +5.0000000000000000e+00 +1.9999815347436338e+00 +2.0186881416718802e-03 +9.9950045202221993e-01 +9.9999822557681251e-01 +9.9999786117465761e-01 +9.9999809208257018e-01 +9.9999818993078626e-01 +1.1403523165637646e-04 +9.9716103198066526e-05 +1.0107448721609723e-04 +9.7790238655769989e-05 +9.4563160125096799e-05
 37.00000000 +5.0000000000000000e+00 +1.9999842915567174e+00 +2.0110069106863250e-03 +9.9952459258710402e-01 +9.9999787711658594e-01 +9.9999810723325167e-01 +9.9999817857675188e-01 +9.9999796104795513e-01 +1.0134841295211134e-04 +8.5982954120597936e-05 +1.0461980913606506e-04 +9.5114640822952629e-05 +9.6217646965239239e-05
 37.50000000 +5.0000000000000000e+00 +1.9999832344513162e+00 +2.0112432060876897e-03 +9.9952747431326749e-01 +9.9999801994261617e-01 +9.9999785884089198e-01 +9.9999796813413655e-01 +9.9999769223243151e-01 +1.0800999968241117e-04 +1.0595767178134219e-04 +1.0209019195762800e-04 +7.5655292420540981e-05 +8.9273416669117392e-05
 38.00000000 +5.0000000000000000e+00 +1.9999815167007819e+00 +1.9987781741798798e-03 +9.9956198983177869e-01 +9.9999813499931822e-01 +9.9999781395657172e-01 +9.9999790278676703e-01 +9.9999777526256584e-01 +9.3623479308265273e-05 +9.3904896897734834e-05 +7.9520631244657481e-05 +8.3770311074282252e-05 +9.5563873597183193e-05
 38.50000000 +5.0000000000000000e+00 +1.9999820709456742e+00 +1.9919795691150746e-03 +9.9958322739239269e-01 +9.9999774779768624e-01 +9.9999783378104634e-01 +9.9999761704798085e-01 +9.9999776614767444e-01 +7.9441972872856128e-05 +8.5997866641779428e-05 +8.7347700169992964e-05 +8.6560744934794119e-05 +8.6459574115837749e-05
 39.00000000 +5.0000000000000000e+00 +1.9999833476594242e+00 +2.0098447604966346e-03 +9.9954220038985919e-01 +9.9999791506074442e-01 +9.9999781715823732e-01 +9.9999809096184611e-01 +9.9999772609686044e-01 +9.0098083081340016e-05 +8.4302202800730399e-05 +9.3695021953419446e-05 +1.2081624708839810e-04 +7.7338767487846480e-05
 39.50000000 +5.0000000000000000e+00 +1.9999833579162374e+00 +1.9853313762378463e-03 +9.9960940382309948e-01 +9.9999798227892489e-01 +9.9999758479507839e-01 +9.9999796618012782e-01 +9.9999768613056106e-01 +7.4297486889956802e-05 +7.0080400912837671e-05 +8.2580205101697086e-05 +8.4568521195366089e-05 +8.7850182979225678e-05
 40.00000000 +5.0000000000000000e+00 +1.9999852054237892e+00 +1.9827277264189442e-03 +9.9962047387436515e-01 +9.9999767887060897e-01 +9.9999742587632534e-01 +9.9999786331314333e-01 +9.9999736650828286e-01 +7.6497321361711991e-05 +8.8663559018042022e-05 +9.1270018839855334e-05 +6.7951329545552048e-05 +6.4809352701071727e-05
 40.50000000 +5.0000000000000000e+00 +1.9999836981666046e+00 +1.9907162901443998e-03 +9.9960290447952949e-01 +9.9999760865706688e-01 +9.9999770935547427e-01 +9.9999774020632637e-01 +9.9999755867544582e-01 +7.8260078234002785e-05 +8.0691879667354723e-05 +9.0838449534316103e-05 +7.3276691686202503e-05 +8.3411518791902631e-05
 41.00000000 +5.0000000000000000e+00 +1.9999864718229288e+00 +2.0074731860162298e-03 +9.9956534623357274e-01 +9.9999741493536654e-01 +9.9999758649742065e-01 +9.9999744261165102e-01 +9.9999779281575418e-01 +9.6204899685869657e-05 +8.9311444372722632e-05 +7.6123127117554211e-05 +9.3823768311434574e-05 +8.8953686415179837e-05
 41.50000000 +5.0000000000000000e+00 +1.9999858403160544e+00 +2.0030703066990906e-03 +9.9958042275504955e-01 +9.9999782696817208e-01 +9.9999755878938346e-01 +9.9999775553118286e-01 +9.9999733650826539e-01 +8.3773519710018699e-05 +7.6716071977865320e-05 +7.6827799869631550e-05 +8.4257502115156043e-05 +1.0752453215589666e-04
 42.00000000 +5.0000000000000000e+00 +1.9999842845593558e+00 +2.0153380974950504e-03 +9.9955155835332576e-01 +9.9999711989890339e-01 +9.9999754180849776e-01 +9.9999757561834124e-01 +9.9999772722821778e-01 +8.7921523519734454e-05 +7.9965601463114175e-05 +1.0459340348614688e-04 +8.6732414488395370e-05 +9.9264180106045871e-05
 42.50000000 +5.0000000000000000e+00 +1.9999868693924017e+00 +2.0177447830503634e-03 +9.9954789485245432e-01 +9.9999736254551119e-01 +9.9999774676389286e-01 +9.9999714202201473e-01 +9.9999755162943449e-01 +8.7849650763284493e-05 +9.6629714491609106e-05 +9.7970622409144161e-05 +8.7768940439541946e-05 +9.2083227898262157e-05
 43.00000000 +5.0000000000000000e+00 +1.9999845386367494e+00 +2.0432403026092614e-03 +9.9948540194533253e-01 +9.9999761810829302e-01 +9.9999741292874078e-01 +9.9999725148761154e-01 +9.9999741659340913e-01 +1.1478044176597319e-04 +1.0008568304027232e-04 +1.1109333878256067e-04 +9.9835413462034665e-05 +9.9104099934036691e-05
 43.50000000 +5.0000000000000000e+00 +1.9999857849683058e+00 +2.0451066322631989e-03 +9.9948351406436475e-01 +9.9999742143885029e-01 +9.9999729707939744e-01 +9.9999712594568224e-01 +9.9999733840060445e-01 +1.0138606928430335e-04 +9.8332874806757043e-05 +1.0534589414816355e-04 +1.1825225204858784e-04 +1.0398602466243387e-04
 44.00000000 +5.0000000000000000e+00 +1.9999858206292069e+00 +2.0798823799456950e-03 +9.9939554460707780e-01 +9.9999728708826863e-01 +9.9999745653829719e-01 +9.9999709934505887e-01 +9.9999708790706998e-01 +1.3360273353664226e-04 +1.1401108817996991e-04 +1.1161568145278075e-04 +1.2731230713696503e-04 +1.2898272204069398e-04
 44.50000000 +5.0000000000000000e+00 +1.9999847785914875e+00 +2.0631814020151888e-03 +9.9943778454003518e-01 +9.9999711649678991e-01 +9.9999738580027420e-01 +9.9999706904504759e-01 +9.9999701498554083e-01 +1.2243978928156514e-04 +1.1353166248507469e-04 +1.0289141260934429e-04 +1.2765579502745455e-04 +1.0711045378830134e-04
 45.00000000 +5.0000000000000000e+00 +1.9999841875529094e+00 +2.0856326356348369e-03 +9.9937852921496673e-01 +9.9999712323979661e-01 +9.9999734359032166e-01 +9.9999642868705652e-01 +9.9999717512935182e-01 +1.3899008146825404e-04 +1.1374769555193339e-04 +1.2425894417106281e-04 +1.1823884346844203e-04 +1.3816459126539136e-04
 45.50000000 +5.0000000000000000e+00 +1.9999837179423698e+00 +2.1034482244776213e-03 +9.9933378057543698e-01 +9.9999667169319106e-01 +9.9999678848948304e-01 +9.9999711504915600e-01 +9.9999713228283438e-01 +1.5156344085384479e-04 +1.2611139561876286e-04 +1.3236234161558038e-04 +1.3149669619787787e-04 +1.3697805558944136e-04
 46.00000000 +5.0000000000000000e+00 +1.9999836726235822e+00 +2.0916744918655426e-03 +9.9936246513578142e-01 +9.9999677559821021e-01 +9.9999734177895616e-01 +9.9999753594878715e-01 +9.9999699568694722e-01 +1.2815022257584580e-04 +1.2182364791410705e-04 +1.2776992956862996e-04 +1.3858639936589615e-04 +1.3255566718070036e-04
 46.50000000 +5.0000000000000000e+00 +1.9999812268026822e+00 +2.1051804307286163e-03 +9.9932333481320379e-01 +9.9999667567436012e-01 +9.9999701109699501e-01 +9.9999721389618823e-01 +9.9999687306683516e-01 +1.4207431159717827e-04 +1.3294286836349774e-04 +1.2894177225563367e-04 +1.4025567672080414e-04 +1.4467684850471614e-04
 47.00000000 +5.0000000000000000e+00 +1.9999800538981367e+00 +2.1027921411698393e-03 +9.9932697750113364e-01 +9.9999730478023863e-01 +9.9999681760245318e-01 +9.9999663301951502e-01 +9.9999670137234686e-01 +1.3065915417005198e-04 +1.4153716517505515e-04 +1.3299751328150003e-04 +1.5209063642629111e-04 +1.2828121956232077e-04
 47.50000000 +5.0000000000000000e+00 +1.9999823830452528e+00 +2.1113787512362782e-03 +9.9930598803932824e-01 +9.9999712523196083e-01 +9.9999653330932792e-01 +9.9999672793244077e-01 +9.9999663878612621e-01 +1.4623489877614769e-04 +1.3580733327714215e-04 +1.4962884940884901e-04 +1.3749791517754878e-04 +1.3781772426885297e-04
 48.00000000 +5.0000000000000000e+00 +1.9999777391331899e+00 +2.1295404032336423e-03 +9.9925499959551523e-01 +9.9999622187291815e-01 +9.9999674179880038e-01 +9.9999613599675985e-01 +9.9999659878114844e-01 +1.5931041417704584e-04 +1.4246024824953157e-04 +1.6266941510447412e-04 +1.4847722620256245e-04 +1.4638462624098577e-04
 48.50000000 +5.0000000000000000e+00 +1.9999740174179279e+00 +2.1244716648772988e-03 +9.9926540747796300e-01 +9.9999645660865955e-01 +9.9999633998376669e-01 +9.9999640942587020e-01 +9.9999626706423739e-01 +1.4097386256197168e-04 +1.2980043826989562e-04 +1.5181814836527871e-04 +1.6225951759436311e-04 +1.6426747696701694e-04
 49.00000000 +5.0000000000000000e+00 +1.9999736061804025e+00 +2.1134270798615754e-03 +9.9928986751684468e-01 +9.9999637715984790e-01 +9.9999639898823967e-01 +9.9999602845545099e-01 +9.9999679497970784e-01 +1.4962812531937406e-04 +1.5070902568427237e-04 +1.1920181037843875e-04 +1.6363225355897965e-04 +1.4136167063868193e-04
 49.50000000 +5.0000000000000000e+00 +1.9999725257698331e+00 +2.1439506392348169e-03 +9.9920812988266805e-01 +9.9999637670378561e-01 +9.9999612114705227e-01 +9.9999599443246590e-01 +9.9999680517104517e-01 +1.7352498131640624e-04 +1.6569298207260309e-04 +1.3809560685400460e-04 +1.7679241604041693e-04 +1.5246669834423929e-04
 50.00000000 +5.0000000000000000e+00 +1.9999701938379546e+00 +2.1233822310515330e-03 +9.9925828836969122e-01 +9.9999558946411904e-01 +9.9999610719760512e-01 +9.9999573161249145e-01 +9.9999605256170065e-01 +1.6371092911954887e-04 +1.4012714277538294e-04 +1.6606356875963532e-04 +1.5033562952759697e-04 +1.3799351030929928e-04
 50.50000000 +5.0000000000000000e+00 +1.9999697216878305e+00 +2.1170342911594384e-03 +9.9927031942951949e-01 +9.9999575019991715e-01 +9.9999697311594493e-01 +9.9999633199721893e-01 +9.9999664758624562e-01 +1.5085056904946847e-04 +1.5378966827001405e-04 +1.6068216485961659e-04 +1.3416832647976615e-04 +1.4448695878689538e-04
 51.00000000 +5.0000000000000000e+00 +1.9999682932926908e+00 +2.1126397096637756e-03 +9.9927832626928037e-01 +9.9999606028957311e-01 +9.9999630617455404e-01 +9.9999559511587033e-01 +9.9999700371079203e-01 +1.6082506945896255e-04 +1.5863356589878081e-04 +1.3572917709651038e-04 +1.4289802630266442e-04 +1.3862263531686840e-04
 51.50000000 +5.0000000000000000e+00 +1.9999732469836973e+00 +2.1247348352780708e-03 +9.9924744686550870e-01 +9.9999626722860291e-01 +9.9999592882072297e-01 +9.9999622400774679e-01 +9.9999558756604401e-01 +1.6049892653333610e-04 +1.5673415093442092e-04 +1.6598500509632156e-04 +1.5295684378048227e-04 +1.3237057207775497e-04
 52.00000000 +5.0000000000000000e+00 +1.9999714632331811e+00 +2.1136512190904557e-03 +9.9927583192221392e-01 +9.9999558010432887e-01 +9.9999564128020524e-01 +9.9999594753246113e-01 +9.9999578434868630e-01 +1.4111747104790566e-04 +1.6183853805791653e-04 +1.1895332103599015e-04 +1.6480376238628853e-04 +1.5450175338459817e-04
 52.50000000 +5.0000000000000000e+00 +1.9999665123871551e+00 +2.1293148359253010e-03 +9.9923017434329131e-01 +9.9999602555733891e-01 +9.9999555757855985e-01 +9.9999657911903062e-01 +9.9999625559065164e-01 +1.6243743437525620e-04 +1.6302174685940376e-04 +1.3980858389553251e-04 +1.7453979703636291e-04 +1.4560026889479612e-04
 53.00000000 +5.0000000000000000e+00 +1.9999680160351361e+00 +2.1148304147769526e-03 +9.9926525223345852e-01 +9.9999482288159647e-01 +9.9999542838334943e-01 +9.9999594670509828e-01 +9.9999538734005244e-01 +1.3990269140455074e-04 +1.5797536799272484e-04 +1.4297947000111556e-04 +1.5722383241991762e-04 +1.5508108237966819e-04
 53.50000000 +5.0000000000000000e+00 +1.9999632870202790e+00 +2.0961936594156173e-03 +9.9931154311494941e-01 +9.9999587441138049e-01 +9.9999532948328840e-01 +9.9999563996885987e-01 +9.9999590018628026e-01 +1.3835353149063719e-04 +1.5220904641667196e-04 +1.4668883274420865e-04 +1.3312451146534513e-04 +1.3533695085699441e-04
 54.00000000 +5.0000000000000000e+00 +1.9999594163172194e+00 +2.0994520603512686e-03 +9.9930266258090006e-01 +9.9999541548633908e-01 +9.9999613576115243e-01 +9.9999645070628163e-01 +9.9999577263282369e-01 +1.2533721264714240e-04 +1.6710956540705270e-04 +1.3006723067096764e-04 +1.4799679482158277e-04 +1.4305204995880753e-04
 54.50000000 +5.0000000000000000e+00 +1.9999651329767001e+00 +2.0974702745288954e-03 +9.9931052987665425e-01 +9.9999562614558313e-01 +9.9999511903341876e-01 +9.9999575653135053e-01 +9.9999538040938096e-01 +1.5292165659468241e-04 +1.6984826405174158e-04 +1.4030680061126577e-04 +1.2098323880952445e-04 +1.2352804258513762e-04
 55.00000000 +5.0000000000000000e+00 +1.9999640551722562e+00 +2.0976784354180523e-03 +9.9931187991873327e-01 +9.9999516460884419e-01 +9.9999528735868071e-01 +9.9999607557992642e-01 +9.9999583408493842e-01 +1.7165326717078207e-04 +1.1724257639656162e-04 +1.6127877621819345e-04 +1.2002575964477210e-04 +1.3555808029387480e-04
 55.50000000 +5.0000000000000000e+00 +1.9999623058425979e+00 +2.0827026564926364e-03 +9.9934897459445204e-01 +9.9999494121226007e-01 +9.9999586948792474e-01 +9.9999511851850909e-01 +9.9999508262577674e-01 +1.3945450426161761e-04 +1.5219870888700255e-04 +1.3021247204186726e-04 +1.0468177054541272e-04 +1.4346612574005305e-04
 56.00000000 +5.0000000000000000e+00 +1.9999627504184763e+00 +2.0724544963747027e-03 +9.9937506030421330e-01 +9.9999504828838637e-01 +9.9999476767019302e-01 +9.9999429033634202e-01 +9.9999420468721589e-01 +1.2544508769394682e-04 +1.3257402240287569e-04 +1.3757258743060739e-04 +9.9610930292982165e-05 +1.5142611567555198e-04
 56.50000000 +5.0000000000000000e+00 +1.9999627516701399e+00 +2.0684574044618309e-03 +9.9938282898192010e-01 +9.9999507428993817e-01 +9.9999431966400931e-01 +9.9999467737683401e-01 +9.9999426461542362e-01 +1.3706635027272234e-04 +1.3252401492671481e-04 +1.4108482169257171e-04 +1.1513624025423818e-04 +1.1302362433210506e-04
 57.00000000 +5.0000000000000000e+00 +1.9999603127684147e+00 +2.0885992887455791e-03 +9.9933389109984205e-01 +9.9999517365477020e-01 +9.9999490875208663e-01 +9.9999522194434454e-01 +9.9999618165729920e-01 +1.5351447379681452e-04 +1.3505965664266267e-04 +1.4775196083883252e-04 +1.3804245742560242e-04 +1.1025437835690039e-04
 57.50000000 +5.0000000000000000e+00 +1.9999634969390274e+00 +2.0859231691352166e-03 +9.9934817101109152e-01 +9.9999460879897717e-01 +9.9999496091023554e-01 +9.9999432422668455e-01 +9.9999490805311531e-01 +1.4988888947893271e-04 +1.2318693471198125e-04 +1.4773452776564800e-04 +1.2074159289890760e-04 +1.3147506094847954e-04
 58.00000000 +5.0000000000000000e+00 +1.9999623219054035e+00 +2.0944202001997605e-03 +9.9932348191696962e-01 +9.9999518321848591e-01 +9.9999451637212133e-01 +9.9999443922822995e-01 +9.9999461540320156e-01 +1.2767195670877876e-04 +1.4895492139344323e-04 +1.4440436622591214e-04 +1.4656181839477740e-04 +1.3017081405238893e-04
 58.50000000 +5.0000000000000000e+00 +1.9999695669952313e+00 +2.0921276687000398e-03 +9.9933430989917182e-01 +9.9999497918519697e-01 +9.9999466634410106e-01 +9.9999478560168109e-01 +9.9999486658288061e-01 +1.5389528554667859e-04 +1.1811826889378877e-04 +1.3512594503498296e-04 +1.6593906480170777e-04 +1.1331378792400916e-04
 59.00000000 +5.0000000000000000e+00 +1.9999591068361706e+00 +2.1091050359447515e-03 +9.9929128333111283e-01 +9.9999419451600069e-01 +9.9999464780723779e-01 +9.9999404553320104e-01 +9.9999475560318052e-01 +1.5758232427877240e-04 +1.3054476908773969e-04 +1.5150595783417980e-04 +1.5520379221421355e-04 +1.3623638822883832e-04
 59.50000000 +5.0000000000000000e+00 +1.9999638703355493e+00 +2.1002061371085574e-03 +9.9931638562768565e-01 +9.9999358029290719e-01 +9.9999530079124999e-01 +9.9999451967542707e-01 +9.9999300909566613e-01 +1.4320976205998900e-04 +1.6021338370628149e-04 +1.0639181922580166e-04 +1.4098056246320649e-04 +1.5640898030848288e-04
 60.00000000 +5.0000000000000000e+00 +1.9999647325809009e+00 +2.0894143362188318e-03 +9.9934216938958353e-01 +9.9999494734563399e-01 +9.9999489955565635e-01 +9.9999384108569422e-01 +9.9999499250862589e-01 +1.4432557960730269e-04 +1.6770776365108118e-04 +1.2472299540535966e-04 +9.8055523580759175e-05 +1.4433823930524035e-04
 60.50000000 +5.0000000000000000e+00 +1.9999659593476093e+00 +2.0793844824635111e-03 +9.9937272238610797e-01 +9.9999315789448684e-01 +9.9999386576887150e-01 +9.9999379270888655e-01 +9.9999300602337082e-01 +1.3573505120552813e-04 +1.2532901239459431e-04 +1.2126680363560224e-04 +1.0272040711105074e-04 +1.6840393626411698e-04
 61.00000000 +5.0000000000000000e+00 +1.9999541157700300e+00 +2.1026396128895645e-03 +9.9930943272777739e-01 +9.9999489444111500e-01 +9.9999411327992993e-01 +9.9999431321044840e-01 +9.9999451980907994e-01 +1.5693223408081615e-04 +1.7157386365001644e-04 +1.1671458057407128e-04 +1.1945863259078494e-04 +1.4804723218372296e-04
 61.50000000 +5.0000000000000000e+00 +1.9999635511514944e+00 +2.0928044298546573e-03 +9.9934016014778215e-01 +9.9999617091937909e-01 +9.9999288575601764e-01 +9.9999406049474249e-01 +9.9999391654710079e-01 +1.2924360605694489e-04 +1.4177209127692563e-04 +1.2996269155461570e-04 +1.4474427782948751e-04 +1.3708348860667823e-04
 62.00000000 +5.0000000000000000e+00 +1.9999601054762060e+00 +2.0653752238824238e-03 +9.9940893597338976e-01 +9.9999307439143448e-01 +9.9999469053775625e-01 +9.9999402875786791e-01 +9.9999391010112371e-01 +1.1036103526808797e-04 +1.3405534553115366e-04 +1.3123545935079888e-04 +1.0273372648269577e-04 +1.3697469382456886e-04
 62.50000000 +5.0000000000000000e+00 +1.9999604581421522e+00 +2.1115386877764921e-03 +9.9929217565606288e-01 +9.9999375929306089e-01 +9.9999348343182914e-01 +9.9999330193844305e-01 +9.9999413005982263e-01 +1.3855572216192011e-04 +1.5293682421078914e-04 +1.4261077160290228e-04 +1.3924465177122736e-04 +1.5980163817114055e-04
 63.00000000 +5.0000000000000000e+00 +1.9999602175394242e+00 +2.1150315508501956e-03 +9.9928524678756681e-01 +9.9999346625052798e-01 +9.9999429114402993e-01 +9.9999343677269459e-01 +9.9999406451476469e-01 +1.3521088565657195e-04 +1.3162735568439060e-04 +1.7146796097894181e-04 +1.3846703494488368e-04 +1.6272131016990964e-04
 63.50000000 +5.0000000000000000e+00 +1.9999590436544112e+00 +2.0957625812304394e-03 +9.9933609839525162e-01 +9.9999465235175222e-01 +9.9999421185728754e-01 +9.9999395649531697e-01 +9.9999508778450730e-01 +1.6369590418056863e-04 +1.1985916177190083e-04 +1.3098447296364330e-04 +1.5239109512369669e-04 +1.1906249258601404e-04
 64.00000000 +5.0000000000000000e+00 +1.9999590233043645e+00 +2.0958776876214167e-03 +9.9933435735004650e-01 +9.9999443486974771e-01 +9.9999450172782656e-01 +9.9999402940468585e-01 +9.9999442061785360e-01 +1.5821497624503707e-04 +1.2060486223930139e-04 +1.2013152850077780e-04 +1.4109602895593940e-04 +1.4820863975608815e-04
 64.50000000 +5.0000000000000000e+00 +1.9999594276877068e+00 +2.1478443788121890e-03 +9.9920691140205453e-01 +9.9999208119088612e-01 +9.9999318607635135e-01 +9.9999344209488150e-01 +9.9999178451596793e-01 +1.5288663851771147e-04 +1.6451762910575025e-04 +1.8929302511030789e-04 +1.4108203629560696e-04 +1.7481537406630046e-04
 65.00000000 +5.0000000000000000e+00 +1.9999533166938037e+00 +2.1266688360974065e-03 +9.9925840071827743e-01 +9.9999262383464715e-01 +9.9999461046544980e-01 +9.9999279052531886e-01 +9.9999266453108548e-01 +1.4054718023401289e-04 +1.7848147889433977e-04 +1.4887488993044800e-04 +1.3842416526130605e-04 +1.6258219473829559e-04
 65.50000000 +5.0000000000000000e+00 +1.9999535336876031e+00 +2.1284636446648026e-03 +9.9925341808564661e-01 +9.9999309764860456e-01 +9.9999340252602975e-01 +9.9999287642400303e-01 +9.9999421773076391e-01 +1.4373120667554801e-04 +1.8552924123820317e-04 +1.5789683822562629e-04 +1.4187463534281807e-04 +1.4395566482251678e-04
 66.00000000 +5.0000000000000000e+00 +1.9999597412554218e+00 +2.0984415352645076e-03 +9.9933063509136488e-01 +9.9999244976148283e-01 +9.9999391226932444e-01 +9.9999251550291912e-01 +9.9999152342707609e-01 +1.2744418233682757e-04 +1.6481796942787580e-04 +1.2908000955937028e-04 +1.4518399788052486e-04 +1.3243779248871664e-04
 66.50000000 +5.0000000000000000e+00 +1.9999481426319026e+00 +2.1578250979808872e-03 +9.9917204458533093e-01 +9.9999211397446319e-01 +9.9999351729638619e-01 +9.9999142648958239e-01 +9.9999094371445063e-01 +1.6050901054202938e-04 +1.6309066473278486e-04 +1.8413500518121777e-04 +1.9386455082682320e-04 +1.5835471028206465e-04
 67.00000000 +5.0000000000000000e+00 +1.9999492451375436e+00 +2.1415410211822836e-03 +9.9921402713156959e-01 +9.9999350999265413e-01 +9.9999092340237117e-01 +9.9999023276963872e-01 +9.9999247133727875e-01 +1.6400566681325216e-04 +1.4452682422161223e-04 +1.9314841530907457e-04 +1.5398382809969584e-04 +1.6317062051308411e-04
 67.50000000 +5.0000000000000000e+00 +1.9999458122053002e+00 +2.1521963509884322e-03 +9.9918965077846755e-01 +9.9999190898718782e-01 +9.9999280767668408e-01 +9.9999294616193068e-01 +9.9999306856570058e-01 +1.7992114719714649e-04 +1.6609414536079221e-04 +1.9225534240328959e-04 +1.3055131153536680e-04 +1.7079591495445569e-04
 68.00000000 +5.0000000000000000e+00 +1.9999449441763895e+00 +2.1234229588324846e-03 +9.9925608214213713e-01 +9.9999222877252303e-01 +9.9999172742715670e-01 +9.9999176442627868e-01 +9.9999262894713303e-01 +1.4978632738130786e-04 +1.8683121375437286e-04 +1.1104961663231028e-04 +1.9470711030428837e-04 +1.3319398972377609e-04
 68.50000000 +5.0000000000000000e+00 +1.9999605022154581e+00 +2.1046747071452867e-03 +9.9931411618509713e-01 +9.9999034587746405e-01 +9.9999359131266041e-01 +9.9999160159585010e-01 +9.9999220363447394e-01 +1.5269491262214272e-04 +1.1062619278882362e-04 +1.4505803851864649e-04 +1.6329051061707189e-04 +1.4647175168585219e-04
 69.00000000 +5.0000000000000000e+00 +1.9999510473629467e+00 +2.1340687302263913e-03 +9.9923333684707449e-01 +9.9999193351987770e-01 +9.9999103646016574e-01 +9.9999211362842999e-01 +9.9999067348645532e-01 +1.6194116270547895e-04 +1.3727570307381855e-04 +1.7634276190289173e-04 +1.4875855225358423e-04 +1.7658786224176556e-04
 69.50000000 +5.0000000000000000e+00 +1.9999514443196795e+00 +2.1317042434065526e-03 +9.9923869646123487e-01 +9.9999218701443915e-01 +9.9999136048528470e-01 +9.9999082156464236e-01 +9.9999109970479205e-01 +1.6694923332993835e-04 +1.2500858138077042e-04 +1.9075487923198969e-04 +1.4853818973505504e-04 +1.6458385942110556e-04
 70.00000000 +5.0000000000000000e+00 +1.9999402601787952e+00 +2.1349322759240895e-03 +9.9922552599134129e-01 +9.9999026530086255e-01 +9.9999435118954816e-01 +9.9999083558174828e-01 +9.9999160467357417e-01 +1.7686075717869085e-04 +1.7999954057060737e-04 +1.5249040509610624e-04 +1.6175080725982293e-04 +1.3631573763261978e-04
 70.50000000 +5.0000000000000000e+00 +1.9999522932129734e+00 +2.0908953094159735e-03 +9.9934100537014159e-01 +9.9999158442338265e-01 +9.9999096513272479e-01 +9.9999086397390546e-01 +9.9999235634035022e-01 +1.3608984862625904e-04 +1.6704828615301043e-04 +1.0974932347790879e-04 +1.5322951120294104e-04 +1.2710778082732698e-04
 71.00000000 +5.0000000000000000e+00 +1.9999360827702699e+00 +2.1579430505744139e-03 +9.9916195474155112e-01 +9.9998939520716090e-01 +9.9999203388165092e-01 +9.9999135230502889e-01 +9.9999291115499789e-01 +1.7518249014016862e-04 +1.5317279534896971e-04 +1.6102026521589368e-04 +1.7687482191704033e-04 +2.0610233535640438e-04
 71.50000000 +5.0000000000000000e+00 +1.9999348145242777e+00 +2.1354034167373071e-03 +9.9922323733047336e-01 +9.9999092381847499e-01 +9.9999302557214742e-01 +9.9999101486207209e-01 +9.9998942936797652e-01 +1.7609880377830443e-04 +1.4125158635577332e-04 +1.8779272413800950e-04 +1.2540608224211991e-04 +1.8181986693989414e-04
 72.00000000 +5.0000000000000000e+00 +1.9999385301239638e+00 +2.1298105321193995e-03 +9.9923829375456341e-01 +9.9999139778482793e-01 +9.9998980147148264e-01 +9.9999189907431885e-01 +9.9998915753301065e-01 +1.4228693253264145e-04 +1.5861734508973395e-04 +1.5890872327111005e-04 +1.5813658411197804e-04 +1.8150078053738778e-04
 72.50000000 +5.0000000000000000e+00 +1.9999362428039864e+00 +2.1387610975064312e-03 +9.9921752470813119e-01 +9.9999086599634524e-01 +9.9998807063550854e-01 +9.9998911133858048e-01 +9.9998981581198987e-01 +1.9279761749199263e-04 +1.5027486568584527e-04 +1.6462488130619050e-04 +2.1503942184717957e-04 +1.0187473778554633e-04
 73.00000000 +5.0000000000000000e+00 +1.9999407298967400e+00 +2.1248645681790795e-03 +9.9924632556713511e-01 +9.9999011740149835e-01 +9.9999092373810861e-01 +9.9999110625612719e-01 +9.9999131586304912e-01 +1.5831241587468582e-04 +1.7481793385914452e-04 +1.2364666579878022e-04 +1.6256599871896084e-04 +1.7086815196231498e-04
 73.50000000 +5.0000000000000000e+00 +1.9999346483372367e+00 +2.1303698520084256e-03 +9.9923155172679823e-01 +9.9999015057589835e-01 +9.9998790114685654e-01 +9.9999049572938714e-01 +9.9999175723902878e-01 +1.5073999110552219e-04 +1.7753022974776458e-04 +1.5532774938649182e-04 +1.5893665574547410e-04 +1.6560895283035485e-04
 74.00000000 +5.0000000000000000e+00 +1.9999356022756196e+00 +2.1121957659343115e-03 +9.9928439165841165e-01 +9.9998916449589970e-01 +9.9998978295700391e-01 +9.9999072416277601e-01 +9.9998975341086505e-01 +1.9010094362453673e-04 +9.9092424229602367e-05 +1.7630586613440722e-04 +1.1225915145874641e-04 +1.7842492825960574e-04
 74.50000000 +5.0000000000000000e+00 +1.9999435040350761e+00 +2.1060523867907697e-03 +9.9929851620715160e-01 +9.9998933185693828e-01 +9.9999087142472709e-01 +9.9999055861161523e-01 +9.9998978574207242e-01 +1.8348079866604104e-04 +1.1385517777019409e-04 +1.8509380891944355e-04 +1.4686462398317039e-04 +1.1164173386326661e-04
 75.00000000 +5.0000000000000000e+00 +1.9999220938929330e+00 +2.1217124299267439e-03 +9.9925060428761181e-01 +9.9999217330064427e-01 +9.9998885067330678e-01 +9.9998970945387788e-01 +9.9999257066225145e-01 +1.7935701111047498e-04 +1.4102282423694560e-04 +1.3806437978107722e-04 +1.6272040872395815e-04 +1.6492700229477691e-04
 75.50000000 +5.0000000000000000e+00 +1.9999434952261728e+00 +2.0959376526978450e-03 +9.9932372629015231e-01 +9.9999207930604328e-01 +9.9999133798956374e-01 +9.9998936603454291e-01 +9.9999167690768087e-01 +1.4931903156063439e-04 +1.6025696337620862e-04 +1.4393521621380322e-04 +8.6236798599819567e-05 +1.7206544400118575e-04
 76.00000000 +5.0000000000000000e+00 +1.9999335663716780e+00 +2.1338818200011427e-03 +9.9922641901009579e-01 +9.9999112692741288e-01 +9.9998847228668486e-01 +9.9998804527111773e-01 +9.9998693848600484e-01 +1.8264451672653502e-04 +1.3164197357512356e-04 +1.6252214912437860e-04 +1.6115499630225933e-04 +1.8103439176878124e-04
 76.50000000 +5.0000000000000000e+00 +1.9999289338752202e+00 +2.0740082548929939e-03 +9.9937732660397427e-01 +9.9999017413779501e-01 +9.9999022079037447e-01 +9.9998738916855279e-01 +9.9999030965795854e-01 +1.4666590126777892e-04 +1.6353872680723063e-04 +1.3522924457559879e-04 +1.4485307082464483e-04 +7.4292697953069756e-05
 77.00000000 +5.0000000000000000e+00 +1.9999337402041921e+00 +2.1313858350815161e-03 +9.9923149694020796e-01 +9.9999069927981299e-01 +9.9999090725359463e-01 +9.9999221176241970e-01 +9.9999160014109256e-01 +1.1691033700868724e-04 +1.3897094786913315e-04 +1.7661748974577215e-04 +1.9349063637677538e-04 +1.7709520727194123e-04
 77.50000000 +5.0000000000000000e+00 +1.9999337571695319e+00 +2.1331909613450865e-03 +9.9922853345467555e-01 +9.9998899105936212e-01 +9.9999070194838535e-01 +9.9999140707881706e-01 +9.9998951249140711e-01 +1.8478723177023943e-04 +1.6937797728692897e-04 +1.4695911485329886e-04 +1.4213461693232863e-04 +1.6759502638658011e-04
 78.00000000 +5.0000000000000000e+00 +1.9999261423116792e+00 +2.1390194541023653e-03 +9.9921935269297624e-01 +9.9999131699253596e-01 +9.9998888824010468e-01 +9.9999114312448445e-01 +9.9998781541822068e-01 +1.5945351852347467e-04 +2.2229880824101481e-04 +1.3910397020839760e-04 +1.8825924344031836e-04 +1.1236798997056202e-04
 78.50000000 +5.0000000000000000e+00 +1.9999282880662472e+00 +2.1710131137815717e-03 +9.9913755392337078e-01 +9.9998886464919989e-01 +9.9998980027201712e-01 +9.9998868858097445e-01 +9.9998598586046528e-01 +1.5503624640421439e-04 +1.9845738190195255e-04 +2.0928646274099479e-04 +1.8833860941063401e-04 +1.5798802948921358e-04
 79.00000000 +5.0000000000000000e+00 +1.9999164470419599e+00 +2.1355004944931056e-03 +9.9922091261265433e-01 +9.9998831809150202e-01 +9.9998963672871732e-01 +9.9998907315818419e-01 +9.9998667055958046e-01 +1.4743596905509513e-04 +1.9649469873633739e-04 +1.3819090313705408e-04 +1.5508523552374760e-04 +1.8818202938965933e-04
 79.50000000 +5.0000000000000000e+00 +1.9999274931718505e+00 +2.1129758895273736e-03 +9.9928187981676286e-01 +9.9999201356427869e-01 +9.9998918078960741e-01 +9.9998834342768739e-01 +9.9998944978435256e-01 +2.0617886968633505e-04 +1.2368107094000514e-04 +9.7640982326898122e-05 +1.5368685929837767e-04 +1.7794485578228805e-04
 80.00000000 +5.0000000000000000e+00 +1.9999132234412240e+00 +2.1752559661830820e-03 +9.9912050254211116e-01 +9.9998900757024611e-01 +9.9999034620656169e-01 +9.9998703179082926e-01 +9.9998771477867121e-01 +1.0302539792611099e-04 +1.9817591806010594e-04 +2.1826017703027126e-04 +2.2311024244943810e-04 +1.8282537263928053e-04
 80.50000000 +5.0000000000000000e+00 +1.9999183287475069e+00 +2.1854093413632030e-03 +9.9910404860817659e-01 +9.9998841724053311e-01 +9.9998733459611222e-01 +9.9998581891861338e-01 +9.9998936306259745e-01 +1.5769233353443146e-04 +2.1306816005254260e-04 +1.9599369451204837e-04 +1.5495622045664820e-04 +2.2330718984527154e-04
 81.00000000 +5.0000000000000000e+00 +1.9999062573773403e+00 +2.1558521506608048e-03 +9.9916597891104331e-01 +9.9999115097547286e-01 +9.9998700017317876e-01 +9.9998686023214922e-01 +9.9998824317203883e-01 +1.8602274844694818e-04 +2.0734616027935212e-04 +1.5396196105738318e-04 +1.4166259001472807e-04 +1.9177306920192019e-04
 81.50000000 +5.0000000000000000e+00 +1.9999083091250116e+00 +2.1399988871961357e-03 +9.9920650416350076e-01 +9.9998661719940973e-01 +9.9998820932548316e-01 +9.9998976933060824e-01 +9.9998863983299080e-01 +1.5040897177257570e-04 +1.7828873942653299e-04 +1.3406013126791467e-04 +1.5789006938679760e-04 +2.1961222217084999e-04
 82.00000000 +5.0000000000000000e+00 +1.9999093692058054e+00 +2.1225651522898963e-03 +9.9925013856294398e-01 +9.9998590445374647e-01 +9.9998716302009982e-01 +9.9998729992303481e-01 +9.9998842165087620e-01 +1.3820143006420158e-04 +1.7516159964801192e-04 +1.8606412100747856e-04 +1.7765215370734192e-04 +1.2399309000432060e-04
 82.50000000 +5.0000000000000000e+00 +1.9999164163202672e+00 +2.1691776108424864e-03 +9.9913751793373595e-01 +9.9999023497196593e-01 +9.9998471050338444e-01 +9.9998809290827118e-01 +9.9998481432550668e-01 +1.9129068119194657e-04 +2.3087581024644168e-04 +1.4444160522233168e-04 +1.3948480782864154e-04 +2.0853646373688887e-04
 83.00000000 +5.0000000000000000e+00 +1.9999249593893684e+00 +2.1374218590152578e-03 +9.9922513238477140e-01 +9.9998785326792694e-01 +9.9998744468342959e-01 +9.9998847745683772e-01 +9.9998672030249880e-01 +1.5406669333167699e-04 +2.0818176746186250e-04 +1.5334487916004200e-04 +1.3095219584113250e-04 +1.7782636353685764e-04
 83.50000000 +5.0000000000000000e+00 +1.9999035799145992e+00 +2.1876564596283506e-03 +9.9909110884629038e-01 +9.9998479234747395e-01 +9.9998918238981527e-01 +9.9998621836376400e-01 +9.9998671263435535e-01 +1.9616026269892223e-04 +2.4390280832725910e-04 +1.2987914476193110e-04 +1.7816725992670485e-04 +2.1387595970016266e-04
 84.00000000 +5.0000000000000000e+00 +1.9999170443988545e+00 +2.1468288612576706e-03 +9.9919850769000140e-01 +9.9998719107643663e-01 +9.9998347939028076e-01 +9.9998687977946021e-01 +9.9998996682571539e-01 +1.7978171850427071e-04 +1.5719751643848953e-04 +1.8123869209327246e-04 +1.7303350593268689e-04 +1.6272378277005774e-04
 84.50000000 +5.0000000000000000e+00 +1.9999204494179317e+00 +2.1807310883508605e-03 +9.9911300747272558e-01 +9.9998736284359047e-01 +9.9998598359753055e-01 +9.9998766580254361e-01 +9.9998708110252965e-01 +1.4534225495899946e-04 +2.3929303761277784e-04 +1.2620509059682469e-04 +1.9590803776055408e-04 +2.3215074178758148e-04
 85.00000000 +5.0000000000000000e+00 +1.9998970312763640e+00 +2.1949681594888876e-03 +9.9906982177687231e-01 +9.9999057513589551e-01 +9.9998595617138808e-01 +9.9998862137583877e-01 +9.9998849174505144e-01 +1.7074255846059590e-04 +1.6941762139331977e-04 +2.8387884249718486e-04 +1.9495402917834226e-04 +1.5754073185142323e-04
 85.50000000 +5.0000000000000000e+00 +1.9999054239549372e+00 +2.1396032532553710e-03 +9.9921388512764686e-01 +9.9998572354199788e-01 +9.9998623336398329e-01 +9.9998506333439585e-01 +9.9998797433713682e-01 +1.9429665877192720e-04 +1.6233365312264816e-04 +1.3415195614499822e-04 +1.8324574336095399e-04 +1.6709226127433298e-04
 86.00000000 +5.0000000000000000e+00 +1.9999162442219975e+00 +2.1746159937638472e-03 +9.9913110532669591e-01 +9.9998891639520504e-01 +9.9998466329759239e-01 +9.9999232025926010e-01 +9.9998881943274820e-01 +1.4109179744977969e-04 +2.0673406259984586e-04 +1.9729090935674369e-04 +1.5391062762223993e-04 +2.1514787830550420e-04
 86.50000000 +5.0000000000000000e+00 +1.9998946473399346e+00 +2.1894842263575219e-03 +9.9908054412823044e-01 +9.9998218353808799e-01 +9.9999036931860674e-01 +9.9998840246938780e-01 +9.9998411370831886e-01 +2.3303796559472946e-04 +2.8401587609548553e-04 +2.2234526128255059e-04 +1.5330889104058699e-04 +8.1678831654419023e-05
 87.00000000 +5.0000000000000000e+00 +1.9998942081217690e+00 +2.1387994434306349e-03 +9.9921123027469705e-01 +9.9998758709706370e-01 +9.9998557506525165e-01 +9.9998614336429104e-01 +9.9998506038652912e-01 +2.0387122904655318e-04 +1.7968172865677408e-04 +1.7005299983434736e-04 +1.2118006243329514e-04 +1.6961780386743640e-04
 87.50000000 +5.0000000000000000e+00 +1.9999023367169302e+00 +2.1466029403449699e-03 +9.9920144987066195e-01 +9.9998668224780862e-01 +9.9998471784333298e-01 +9.9998485093574341e-01 +9.9998791276543120e-01 +1.2690221350547038e-04 +1.9692446399376576e-04 +2.2761829661605424e-04 +1.8167948527743951e-04 +1.2126188894320170e-04
 88.00000000 +5.0000000000000000e+00 +1.9998908230152372e+00 +2.1280617662329496e-03 +9.9923642095839227e-01 +9.9998809663538002e-01 +9.9998836236946964e-01 +9.9998884021566581e-01 +9.9998598181969178e-01 +1.1598412579140575e-04 +2.1009822658373399e-04 +1.4741789573596018e-04 +1.7237962270282383e-04 +1.6641811432763760e-04
 88.50000000 +5.0000000000000000e+00 +1.9998860676712658e+00 +2.1137714573745336e-03 +9.9927321389519430e-01 +9.9998713474264644e-01 +9.9998514988504139e-01 +9.9998541192069890e-01 +9.9998681694227121e-01 +1.6592607583761131e-04 +1.5817449608028451e-04 +1.4823087816889563e-04 +1.6779146511537149e-04 +1.4214968287781148e-04
 89.00000000 +5.0000000000000000e+00 +1.9998896673085496e+00 +2.1692989914538028e-03 +9.9913271647839663e-01 +9.9998395734312906e-01 +9.9998084835210144e-01 +9.9998976955481789e-01 +9.9998640386264603e-01 +1.6908353224674461e-04 +2.0828384780422607e-04 +2.7680846213193024e-04 +1.5548743601529827e-04 +1.1664111820588894e-04
 89.50000000 +5.0000000000000000e+00 +1.9998964217443704e+00 +2.1407440955250909e-03 +9.9920806483032265e-01 +9.9998426793971751e-01 +9.9998961099103467e-01 +9.9998693307263764e-01 +9.9997881873159400e-01 +1.4825248092783521e-04 +1.3515345143678661e-04 +1.5062075675255146e-04 +2.1199278010107950e-04 +2.0628494980734119e-04
 90.00000000 +5.0000000000000000e+00 +1.9998744075366066e+00 +2.1727238328429692e-03 +9.9911789260367079e-01 +9.9998635496329846e-01 +9.9998336885291905e-01 +9.9998570434764378e-01 +9.9998970891652772e-01 +1.7966455693936464e-04 +1.5884220364241841e-04 +2.2333172440976620e-04 +1.9268371005598444e-04 +1.8244810427916875e-04
 90.50000000 +5.0000000000000000e+00 +1.9998880028753001e+00 +2.1610687214073257e-03 +9.9916129069171822e-01 +9.9998277650159362e-01 +9.9998721060993456e-01 +9.9998554874278323e-01 +9.9998317448356011e-01 +2.0588388064750524e-04 +2.3204416149777291e-04 +2.0467689396079243e-04 +9.9397110798440678e-05 +1.5799690360188958e-04
 91.00000000 +5.0000000000000000e+00 +1.9998951489172430e+00 +2.1040777970041400e-03 +9.9930153276626721e-01 +9.9998716154108158e-01 +9.9998854003070048e-01 +9.9998190984222213e-01 +9.9998467041718042e-01 +1.6107894576434679e-04 +1.2914109077153131e-04 +1.5777989636264327e-04 +1.6153105952972628e-04 +1.4665440445301329e-04
 91.50000000 +5.0000000000000000e+00 +1.9998880410443090e+00 +2.2261739091642154e-03 +9.9900170989407144e-01 +9.9998903861993160e-01 +9.9998008885688228e-01 +9.9998080155949021e-01 +9.9998204125600554e-01 +3.4760207718039464e-04 +2.2928547048360769e-04 +2.0312865784304952e-04 +1.6621363344995204e-04 +1.2008996461234830e-04
 92.00000000 +5.0000000000000000e+00 +1.9998897376133327e+00 +2.1751375926968878e-03 +9.9913061521665891e-01 +9.9998042703720347e-01 +9.9998233412784943e-01 +9.9998724246482840e-01 +9.9999101252829636e-01 +1.8457192977585070e-04 +1.4041653639329139e-04 +1.8156059927648888e-04 +2.3465335646247719e-04 +1.8716618672966380e-04
 92.50000000 +5.0000000000000000e+00 +1.9998762020587970e+00 +2.2007935466975097e-03 +9.9906518294937063e-01 +9.9998599904351937e-01 +9.9998290197379924e-01 +9.9998162155325965e-01 +9.9998216603860657e-01 +1.5816273511930570e-04 +2.5156037099369942e-04 +2.0654332325669895e-04 +1.4917195535128018e-04 +2.3669007157154699e-04
 93.00000000 +5.0000000000000000e+00 +1.9998719807171479e+00 +2.2184193894365656e-03 +9.9901050153786430e-01 +9.9998463814910954e-01 +9.9998398928898291e-01 +9.9998428773944237e-01 +9.9998708210256293e-01 +2.9566748817912955e-04 +1.3436479808369279e-04 +1.6770483327320821e-04 +1.9965311714886707e-04 +2.5211096035536841e-04
 93.50000000 +5.0000000000000000e+00 +1.9998808813219056e+00 +2.2008252191833824e-03 +9.9906179089826552e-01 +9.9998479791039108e-01 +9.9998929042741547e-01 +9.9998108052195500e-01 +9.9997857724756722e-01 +2.9844697429275808e-04 +2.0199365778483694e-04 +2.1873453549550511e-04 +1.4025437788029108e-04 +1.4503346908429092e-04
 94.00000000 +5.0000000000000000e+00 +1.9998540808974288e+00 +2.2234668241023236e-03 +9.9898521322735734e-01 +9.9998206572564330e-01 +9.9998239437236780e-01 +9.9998543604110668e-01 +9.9998189166295848e-01 +2.8283061472894649e-04 +2.9057316304925582e-04 +1.7553235276905526e-04 +1.8098804751611242e-04 +1.5307480648663066e-04
 94.50000000 +5.0000000000000000e+00 +1.9998676860399118e+00 +2.1582053467135323e-03 +9.9916327918256043e-01 +9.9998794680065239e-01 +9.9998127358301525e-01 +9.9998519265526054e-01 +9.9998225770833482e-01 +1.7864854518984046e-04 +2.4201086967728073e-04 +6.2343183374933981e-05 +1.9466671381563862e-04 +2.2238076310949597e-04
 95.00000000 +5.0000000000000000e+00 +1.9998776281788953e+00 +2.1858722184783419e-03 +9.9909438874136325e-01 +9.9998076442538386e-01 +9.9998660065818357e-01 +9.9998279526654599e-01 +9.9997539601680507e-01 +2.2116040039979899e-04 +2.8772459338470742e-04 +2.0264362073572656e-04 +1.7100704624072982e-04 +9.7519215442612276e-05
 95.50000000 +5.0000000000000000e+00 +1.9998608010086976e+00 +2.2494213008574849e-03 +9.9892646312160516e-01 +9.9998158617653543e-01 +9.9998340457437263e-01 +9.9999124056753674e-01 +9.9998163423607245e-01 +3.3160410900970972e-04 +1.1826617197708658e-04 +2.2585433651882441e-04 +1.9591854841457751e-04 +2.6402815297735087e-04
 96.00000000 +5.0000000000000000e+00 +1.9998659599669089e+00 +2.2456843685708791e-03 +9.9894482108122362e-01 +9.9998772921305434e-01 +9.9998149531497837e-01 +9.9997924118729697e-01 +9.9998320290512388e-01 +2.5256120952635167e-04 +2.3587047877463222e-04 +1.7291212620958933e-04 +2.6646015479140332e-04 +1.9570633810015348e-04
 96.50000000 +5.0000000000000000e+00 +1.9998895797751806e+00 +2.1257935488499077e-03 +9.9925487591293649e-01 +9.9998774669988166e-01 +9.9998172107746719e-01 +9.9998398241380326e-01 +9.9998380445706847e-01 +1.7628366777278881e-04 +2.4423644895812095e-04 +7.6972831991008891e-05 +1.3592434114815190e-04 +1.7445213640886016e-04
 97.00000000 +5.0000000000000000e+00 +1.9998727519793065e+00 +2.1455348219878985e-03 +9.9920039474000788e-01 +9.9997935040616814e-01 +9.9998507884405330e-01 +9.9997868938937939e-01 +9.9997948517566504e-01 +1.3719986517050245e-04 +2.0153346372768781e-04 +2.0242656265853263e-04 +2.0944153929359881e-04 +1.2640001421884849e-04
 97.50000000 +5.0000000000000000e+00 +1.9998648396697483e+00 +2.1920353273575111e-03 +9.9909080960572649e-01 +9.9997736612949195e-01 +9.9998485456425823e-01 +9.9998044577332024e-01 +9.9997846262891144e-01 +1.3805298131579441e-04 +2.6020744913437551e-04 +2.0581742181837798e-04 +1.2396917671621803e-04 +2.6001426905967421e-04
 98.00000000 +5.0000000000000000e+00 +1.9998522429789256e+00 +2.1759746321059221e-03 +9.9910630845802861e-01 +9.9998363899909470e-01 +9.9998261285107470e-01 +9.9997545133176302e-01 +9.9998301599678197e-01 +1.9380869237538547e-04 +1.5340670472232734e-04 +2.1560312418233830e-04 +2.1136325825436657e-04 +1.9479058859309765e-04
 98.50000000 +5.0000000000000000e+00 +1.9998539305148173e+00 +2.1726173134524527e-03 +9.9912014781829472e-01 +9.9997835702800442e-01 +9.9998187587569876e-01 +9.9998491924596467e-01 +9.9998398269856859e-01 +2.1790139709011993e-04 +2.0025116099434124e-04 +6.7131898302849510e-05 +2.0745161999659095e-04 +2.5798126881119445e-04
 99.00000000 +5.0000000000000000e+00 +1.9998583288366265e+00 +2.1390863323031703e-03 +9.9921153907718596e-01 +9.9997999261409865e-01 +9.9998455819677479e-01 +9.9996809094861183e-01 +9.9997865852604029e-01 +1.5682789354928625e-04 +2.6020776055848781e-04 +1.6382231824446140e-04 +1.3773441306473197e-04 +1.5856824306073800e-04
 99.50000000 +5.0000000000000000e+00 +1.9998680968909086e+00 +2.1873508391624030e-03 +9.9909528447454032e-01 +9.9998326838683782e-01 +9.9998167964590046e-01 +9.9998174084970437e-01 +9.9998399969532970e-01 +1.7681731333621617e-04 +2.2260915837838904e-04 +1.5830490629514598e-04 +1.9409258734053771e-04 +2.2220299477393574e-04
100.00000000 +5.0000000000000000e+00 +1.9998646453510485e+00 +2.2259635879697971e-03 +9.9900750320573772e-01 +9.9996659717330616e-01 +9.9998392019580518e-01 +9.9998235696989823e-01 +9.9998435156575971e-01 +2.1809460270501077e-04 +1.8173671914893788e-04 +2.3549806654055066e-04 +2.2875268223889920e-04 +2.1118883010773611e-04
100.50000000 +5.0000000000000000e+00 +1.9998380227350165e+00 +2.2127230317136441e-03 +9.9902657103386372e-01 +9.9997701526560301e-01 +9.9996952237566405e-01 +9.9998213928523683e-01 +9.9998521246708483e-01 +2.2773929413737187e-04 +2.5645709822883292e-04 +1.5168755359309423e-04 +1.4862561653359788e-04 +2.7502999319515582e-04
101.00000000 +5.0000000000000000e+00 +1.9998336345198118e+00 +2.2479147564424067e-03 +9.9893513377405685e-01 +9.9998261461502969e-01 +9.9998583866225876e-01 +9.9997411029047856e-01 +9.9997971989751377e-01 +2.1746495995387578e-04 +2.3022660001646025e-04 +2.5892079648078063e-04 +2.8873969031556381e-04 +1.4723071613332683e-04
101.50000000 +5.0000000000000000e+00 +1.9998621106889862e+00 +2.2587136282934493e-03 +9.9891608361135864e-01 +9.9997398431353979e-01 +9.9998101288646235e-01 +9.9997229481846872e-01 +9.9998048664760308e-01 +3.7327357478757081e-04 +1.9300541263387230e-04 +1.1615774801717457e-04 +2.2436672702679563e-04 +2.6933424567397355e-04
102.00000000 +5.0000000000000000e+00 +1.9998636072571792e+00 +2.1728122705952542e-03 +9.9912593005737693e-01 +9.9998231538248261e-01 +9.9997982680830433e-01 +9.9997548903758693e-01 +9.9997940531347385e-01 +1.6484803898286809e-04 +2.1922113785704695e-04 +1.7191875718781924e-04 +1.4746135320454587e-04 +2.5358412327013987e-04
102.50000000 +5.0000000000000000e+00 +1.9998259252933122e+00 +2.3496337915225010e-03 +9.9867815459718090e-01 +9.9997400300891881e-01 +9.9998160224899935e-01 +9.9998050974710284e-01 +9.9997491679019312e-01 +2.8662740266495858e-04 +2.7127932490377183e-04 +3.6763432428560595e-04 +1.9942551121073535e-04 +2.8584704267167418e-04
103.00000000 +5.0000000000000000e+00 +1.9998532248356271e+00 +2.2466071329636087e-03 +9.9894476790441344e-01 +9.9998416621133523e-01 +9.9997762898963927e-01 +9.9997625286825420e-01 +9.9997549900000615e-01 +2.6314809062936664e-04 +1.4162652483612771e-04 +2.1696285031841986e-04 +2.5860179555763926e-04 +2.6134577007813864e-04
103.50000000 +5.0000000000000000e+00 +1.9998386136680550e+00 +2.1685878508282516e-03 +9.9913240228074252e-01 +9.9997561824908332e-01 +9.9998149255256863e-01 +9.9998106019899724e-01 +9.9997535663846171e-01 +2.3336017765116177e-04 +1.6082457530679502e-04 +1.3749851740252832e-04 +2.4875913926846328e-04 +1.7362768510425125e-04
104.00000000 +5.0000000000000000e+00 +1.9998421973650533e+00 +2.2618701125382522e-03 +9.9890287868257621e-01 +9.9997746128149467e-01 +9.9997759564075472e-01 +9.9997598584462710e-01 +9.9997448669608235e-01 +1.8600394916784438e-04 +2.8527770495077686e-04 +1.2145824020548377e-04 +3.4085735905603850e-04 +2.5799459490653180e-04
104.50000000 +5.0000000000000000e+00 +1.9998498042189914e+00 +2.1656161794700317e-03 +9.9913351903753012e-01 +9.9997761980455135e-01 +9.9998243266034670e-01 +9.9997959406989478e-01 +9.9998446487789172e-01 +1.5251537393324820e-04 +2.5712113931737168e-04 +1.6411988563229965e-04 +1.8519328314739095e-04 +1.8341988171035402e-04
105.00000000 +5.0000000000000000e+00 +1.9998308820232802e+00 +2.2310703413348722e-03 +9.9898395214818025e-01 +9.9998148332645420e-01 +9.9998024435499611e-01 +9.9997375981613612e-01 +9.9997824642123201e-01 +1.9802753686238271e-04 +1.9620793470854765e-04 +1.8005765664493587e-04 +2.2966949331534905e-04 +2.9835129634060774e-04
105.50000000 +5.0000000000000000e+00 +1.9997998333755895e+00 +2.2462426292536850e-03 +9.9892669504872700e-01 +9.9997521382505195e-01 +9.9997765210465606e-01 +9.9997978674037502e-01 +9.9998394619385311e-01 +2.3920921201486196e-04 +2.1615778908229844e-04 +3.2323034160899883e-04 +1.1476061408480600e-04 +2.6334812536392464e-04
106.00000000 +5.0000000000000000e+00 +1.9998198972603489e+00 +2.1769411269684374e-03 +9.9909591199276981e-01 +9.9997210741077580e-01 +9.9998236030108301e-01 +9.9998800627726181e-01 +9.9998461900638036e-01 +2.2654168442047632e-04 +1.1269623010344821e-04 +2.0043728708186545e-04 +2.4615231747407310e-04 +1.9116750512460356e-04
106.50000000 +5.0000000000000000e+00 +1.9998567409838219e+00 +2.1638436140145297e-03 +9.9914989490404060e-01 +9.9997306190921198e-01 +9.9997045688971531e-01 +9.9997107412567987e-01 +9.9998154265241856e-01 +2.2034151128317870e-04 +1.9832940418833281e-04 +1.7252057153192127e-04 +2.4384876604900528e-04 +1.1892926075590508e-04
107.00000000 +5.0000000000000000e+00 +1.9998487718213673e+00 +2.1521316382648839e-03 +9.9918101605951637e-01 +9.9998668374770128e-01 +9.9997687223222853e-01 +9.9996963872996836e-01 +9.9997942092419456e-01 +2.3659435295085368e-04 +1.9424237018435009e-04 +2.0045048629133011e-04 +1.1940237137792119e-04 +1.5567872445862682e-04
107.50000000 +5.0000000000000000e+00 +1.9998209067987383e+00 +2.2626959061803325e-03 +9.9889789184416500e-01 +9.9998297863977048e-01 +9.9997784721980687e-01 +9.9997245839334137e-01 +9.9997506426645244e-01 +2.6303742673525904e-04 +1.7792266718946165e-04 +3.1886277725734046e-04 +2.5957369006185643e-04 +1.7436306210187559e-04
108.00000000 +5.0000000000000000e+00 +1.9998130434210355e+00 +2.2137384598401697e-03 +9.9901726909262611e-01 +9.9997062173260998e-01 +9.9997524790105785e-01 +9.9997336159202121e-01 +9.9998059421566010e-01 +2.5431242125611238e-04 +2.0927533940514175e-04 +2.4899807944019461e-04 +2.4903436995677835e-04 +1.2128524771468802e-04
108.50000000 +5.0000000000000000e+00 +1.9998242396822778e+00 +2.1569620217764510e-03 +9.9916397043673311e-01 +9.9998124644234854e-01 +9.9997915755486932e-01 +9.9997251441452140e-01 +9.9997551162928755e-01 +1.9368858627145911e-04 +1.6609174851464465e-04 +1.5185392939505779e-04 +2.5513187586054215e-04 +1.6083336966027820e-04
109.00000000 +5.0000000000000000e+00 +1.9998414641177542e+00 +2.1460887990716647e-03 +9.9918875818710973e-01 +9.9997602803963703e-01 +9.9997489412152452e-01 +9.9997133776349578e-01 +9.9997836836990239e-01 +1.7907391365355922e-04 +1.8708241171749799e-04 +3.1874177467129645e-04 +1.5426347122048900e-04 +7.1451941737032368e-05
109.50000000 +5.0000000000000000e+00 +1.9997735647223314e+00 +2.2342271809588470e-03 +9.9895195658797509e-01 +9.9998023821441984e-01 +9.9997903377142472e-01 +9.9997921658565581e-01 +9.9998063921661218e-01 +2.5596133891887574e-04 +1.9404886992699854e-04 +2.0827189154961235e-04 +2.3987605685567073e-04 +2.3075747491306317e-04
110.00000000 +5.0000000000000000e+00 +1.9998381693256131e+00 +2.1018707632992893e-03 +9.9930558244454037e-01 +9.9996538805202795e-01 +9.9997221581901818e-01 +9.9997847375783433e-01 +9.9997588439600693e-01 +1.5100209066729839e-04 +7.8978205920471730e-05 +1.6275279717738986e-04 +1.4757322102988441e-04 +2.6214922889574702e-04
110.50000000 +5.0000000000000000e+00 +1.9997857333687916e+00 +2.3030057959318377e-03 +9.9879393983575870e-01 +9.9997506752634435e-01 +9.9998147774030510e-01 +9.9997166573736129e-01 +9.9997485681418075e-01 +3.0868055636167849e-04 +2.4057668885334329e-04 +2.5984632552932376e-04 +2.3637708472216856e-04 +2.5751167885877045e-04
111.00000000 +5.0000000000000000e+00 +1.9997877849528332e+00 +2.1867171944532013e-03 +9.9908445557797010e-01 +9.9997455436206306e-01 +9.9995784378190877e-01 +9.9996991495618481e-01 +9.9997453320837226e-01 +2.7727900038537751e-04 +2.3402539413175320e-04 +7.7809621865546525e-05 +1.5166772582924539e-04 +2.9791638403261144e-04
111.50000000 +5.0000000000000000e+00 +1.9998192045187277e+00 +2.2485759332502584e-03 +9.9893615979297357e-01 +9.9996688485414853e-01 +9.9997828192791249e-01 +9.9997090228094676e-01 +9.9997528387494072e-01 +1.7175370374223451e-04 +2.4521683676021714e-04 +2.9987501379339970e-04 +2.0727126775143249e-04 +2.4837044106522767e-04
112.00000000 +5.0000000000000000e+00 +1.9997706753802136e+00 +2.3304972305791503e-03 +9.9872890378567258e-01 +9.9997018163090257e-01 +9.9997033677725367e-01 +9.9996866662170480e-01 +9.9997269814244771e-01 +2.1868481248464829e-04 +1.8429614686395532e-04 +3.1361409072858885e-04 +2.7156912428146374e-04 +4.0104887400602927e-04
112.50000000 +5.0000000000000000e+00 +1.9998079668897353e+00 +2.2057095101359527e-03 +9.9905083718492360e-01 +9.9998566395718080e-01 +9.9997762509748633e-01 +9.9997870309932302e-01 +9.9997371782680078e-01 +3.9882942751015348e-04 +6.1915964496222844e-05 +2.5709785390063029e-04 +1.3267032406613768e-04 +1.8293926279993968e-04
113.00000000 +5.0000000000000000e+00 +1.9998097886418502e+00 +2.1829972217816277e-03 +9.9907822116550360e-01 +9.9997413298219451e-01 +9.9997491367846514e-01 +9.9997434807040420e-01 +9.9997338339320962e-01 +1.1290480763883302e-04 +1.7006660703781853e-04 +1.4598529714081391e-04 +2.3856005827312791e-04 +3.5748393420705201e-04
113.50000000 +5.0000000000000000e+00 +1.9997992100965798e+00 +2.1896512415561895e-03 +9.9907980335799018e-01 +9.9996366554178906e-01 +9.9997225546367929e-01 +9.9996489542698741e-01 +9.9998160621963894e-01 +1.5700053258298346e-04 +1.8950264178989751e-04 +2.8342167974821595e-04 +1.9845136481566936e-04 +2.0939777576893943e-04
114.00000000 +5.0000000000000000e+00 +1.9997706351618556e+00 +2.3219115709143157e-03 +9.9873624168135189e-01 +9.9997380560780047e-01 +9.9996997181859892e-01 +9.9996551975906667e-01 +9.9997926972092810e-01 +2.5895699904761343e-04 +3.3394908439420782e-04 +2.8398818596753330e-04 +2.3250096806515385e-04 +2.6579617514694800e-04
114.50000000 +5.0000000000000000e+00 +1.9997515088367892e+00 +2.2951799071040751e-03 +9.9879255402537559e-01 +9.9996395169958407e-01 +9.9996295087014930e-01 +9.9998211200552456e-01 +9.9998006997039257e-01 +3.1312773028596317e-04 +2.0037571800421455e-04 +3.9361241226033145e-04 +1.4453708276204060e-04 +2.6670849179092666e-04
115.00000000 +5.0000000000000000e+00 +1.9997972309195440e+00 +2.2025618371158172e-03 +9.9905867312748942e-01 +9.9997586739041711e-01 +9.9996718205700319e-01 +9.9997091308884067e-01 +9.9997040590240394e-01 +2.7957236873581539e-04 +1.9554401589818964e-04 +1.5539111403111051e-04 +1.3813617225020595e-04 +2.8831475092118994e-04
115.50000000 +5.0000000000000000e+00 +1.9997710648292715e+00 +2.2511819356436100e-03 +9.9893073410834565e-01 +9.9997697298588550e-01 +9.9997691213239759e-01 +9.9997105483387716e-01 +9.9996463798082502e-01 +2.5649531904699859e-04 +3.1692579219342318e-04 +1.1456160202282378e-04 +2.8054197416395836e-04 +2.1116326074576577e-04
116.00000000 +5.0000000000000000e+00 +1.9997784024286960e+00 +2.2516774167469942e-03 +9.9894068563015037e-01 +9.9997678893311170e-01 +9.9996918041064153e-01 +9.9997267132950551e-01 +9.9997761935970508e-01 +2.8237281855038229e-04 +1.7751319530787119e-04 +2.4101782058425200e-04 +1.6386648470005262e-04 +2.9828401747225314e-04
116.50000000 +5.0000000000000000e+00 +1.9997598311847180e+00 +2.2842166727718837e-03 +9.9882741595186275e-01 +9.9996143349522559e-01 +9.9998030924034997e-01 +9.9996158955399672e-01 +9.9996278982743914e-01 +3.9433677640678501e-04 +2.8634240752824892e-04 +1.0261930132044838e-04 +2.1933156218766813e-04 +3.0383187717531005e-04
117.00000000 +5.0000000000000000e+00 +1.9997701671147892e+00 +2.3762450033758499e-03 +9.9859508555367360e-01 +9.9997016519431081e-01 +9.9997942110367211e-01 +9.9996058604624505e-01 +9.9997815660826328e-01 +2.9131069221706923e-04 +3.4945781090087803e-04 +2.8689096056555840e-04 +4.3300724436480000e-04 +1.5591878096198484e-04
117.50000000 +5.0000000000000000e+00 +1.9997686741641985e+00 +2.2028703409385977e-03 +9.9904073379422131e-01 +9.9998967522042492e-01 +9.9996658725696497e-01 +9.9997787605801736e-01 +9.9997870006900491e-01 +3.6493996578273991e-04 +8.0588335654405483e-05 +1.9341458598374256e-04 +2.6078635171662256e-04 +1.4669836830615251e-04
118.00000000 +5.0000000000000000e+00 +1.9997789475280443e+00 +2.2277217051869598e-03 +9.9898782096949079e-01 +9.9997538340740799e-01 +9.9997519551857783e-01 +9.9997296573304550e-01 +9.9995716194132533e-01 +4.0398710537380253e-04 +1.9692095909508135e-04 +1.3264527048011273e-04 +1.9853086352424678e-04 +1.9938822163115960e-04
118.50000000 +5.0000000000000000e+00 +1.9997667855662926e+00 +2.1240982883785234e-03 +9.9925653497286959e-01 +9.9996066645194415e-01 +9.9997085220428783e-01 +9.9996133646000129e-01 +9.9997855554178239e-01 +2.7365901703768636e-04 +1.8715720184986391e-04 +1.3182693597627495e-04 +2.1349591545864174e-04 +6.5915302258992461e-05
119.00000000 +5.0000000000000000e+00 +1.9997888992137092e+00 +2.1147539887280257e-03 +9.9927012061252352e-01 +9.9995538030231501e-01 +9.9997041431989453e-01 +9.9996860925610198e-01 +9.9996952309223675e-01 +1.0801103337868922e-04 +1.2185929511808305e-04 +2.8639927570725559e-04 +1.3322889437782616e-04 +2.1645392669986590e-04
119.50000000 +5.0000000000000000e+00 +1.9997233396698544e+00 +2.3528464885369119e-03 +9.9865901364765208e-01 +9.9996846573579079e-01 +9.9996172450699061e-01 +9.9997648987827681e-01 +9.9995057435498069e-01 +3.0827737910812291e-04 +1.9319125632302525e-04 +3.1988465481509385e-04 +2.2126755887040016e-04 +4.4111101888340900e-04
120.00000000 +5.0000000000000000e+00 +1.9997276164998086e+00 +2.3062868872297279e-03 +9.9878092529279694e-01 +9.9997145893562145e-01 +9.9997355740473470e-01 +9.9997224029920506e-01 +9.9998127845164997e-01 +1.2910609296565444e-04 +3.0562085090722260e-04 +2.4963866071286934e-04 +3.2890928155482064e-04 +3.0726472516906652e-04
120.50000000 +5.0000000000000000e+00 +1.9997394487682707e+00 +2.4040431700781064e-03 +9.9855356438277909e-01 +9.9995453947157609e-01 +9.9996746285524629e-01 +9.9997901056125960e-01 +9.9995156165098709e-01 +2.8359156907807869e-04 +3.1250526803601632e-04 +4.2880549451579380e-04 +3.0364513046755441e-04 +2.6531361150361661e-04
121.00000000 +5.0000000000000000e+00 +1.9997624689905076e+00 +2.2123588040575005e-03 +9.9903546674854782e-01 +9.9997977124774051e-01 +9.9998059512094184e-01 +9.9996734793959674e-01 +9.9998286545005488e-01 +3.0247513327807528e-04 +1.3542037200836793e-04 +1.4227422732076577e-04 +2.4634953227921255e-04 +2.2743423021768955e-04
121.50000000 +5.0000000000000000e+00 +1.9997606770133483e+00 +2.1001789795041300e-03 +9.9930794047453209e-01 +9.9997635318999423e-01 +9.9996488029086883e-01 +9.9996097274157059e-01 +9.9997245450550964e-01 +2.3601409593032417e-05 +1.5963743971056707e-04 +1.8386962942985494e-04 +2.3646396824928559e-04 +2.1382635339133269e-04
122.00000000 +5.0000000000000000e+00 +1.9997882394963951e+00 +2.1776048978811571e-03 +9.9910722471565694e-01 +9.9996879368770564e-01 +9.9997477703923887e-01 +9.9996293086100152e-01 +9.9996018256878272e-01 +2.2507272285429060e-04 +1.1536750122499770e-04 +1.8428432251393469e-04 +4.8263312139788241e-05 +4.5310326547727656e-04
122.50000000 +5.0000000000000000e+00 +1.9996846899038285e+00 +2.2862875375632549e-03 +9.9879843249305855e-01 +9.9995325383755984e-01 +9.9995553953823846e-01 +9.9997105399596808e-01 +9.9997733155047352e-01 +2.8341199082350176e-04 +3.1471683047289861e-04 +4.4689401422303283e-04 +2.1887861206878391e-04 +8.0487134388397631e-05
123.00000000 +5.0000000000000000e+00 +1.9997380419747510e+00 +2.3173517131848550e-03 +9.9875713232694907e-01 +9.9996760657394645e-01 +9.9997305894888056e-01 +9.9996000864614509e-01 +9.9994063589349780e-01 +2.3087873308678898e-04 +2.9759345898099684e-04 +2.8518602612598819e-04 +2.7215573073711220e-04 +3.1574367103562214e-04
123.50000000 +5.0000000000000000e+00 +1.9997106939462490e+00 +2.2108557708858515e-03 +9.9902226194244781e-01 +9.9996363402380728e-01 +9.9996374566981372e-01 +9.9995946697650440e-01 +9.9996410400010616e-01 +1.9566918330499270e-04 +2.1698337299114653e-04 +1.0976058050934579e-04 +4.4455963593851427e-04 +1.5981461145779923e-04
124.00000000 +5.0000000000000000e+00 +1.9996816669471684e+00 +2.3305047029522461e-03 +9.9869576197955345e-01 +9.9996673744838549e-01 +9.9995269163946454e-01 +9.9997844713693418e-01 +9.9998623744086201e-01 +1.5621000866208393e-04 +5.0076066067056356e-04 +3.3662618725102244e-04 +3.1040237917748042e-04 +1.1612512309572622e-04
124.50000000 +5.0000000000000000e+00 +1.9997154698520969e+00 +2.3610185856096839e-03 +9.9864489796055589e-01 +9.9995484536505519e-01 +9.9996588247411167e-01 +9.9995985292579637e-01 +9.9994673702714543e-01 +3.9000698536351277e-04 +3.3222934652954412e-04 +4.3571981849353526e-04 +1.8467954095181458e-04 +1.8514855243018037e-04
125.00000000 +5.0000000000000000e+00 +1.9997315150128105e+00 +2.2354680208548105e-03 +9.9897696092579669e-01 +9.9999072949497836e-01 +9.9996964372668540e-01 +9.9996181781784466e-01 +9.9994888518098679e-01 +2.9548239569968571e-04 +2.1281180679519275e-04 +2.6256399828189725e-04 +1.4293311480855053e-04 +2.3817154400201582e-04
125.50000000 +5.0000000000000000e+00 +1.9996123201152574e+00 +2.4593993046398122e-03 +9.9837008868081922e-01 +9.9997750009115094e-01 +9.9994789117859018e-01 +9.9996607214080624e-01 +9.9994685115177073e-01 +3.5929396524368831e-04 +5.8037849578873970e-04 +3.1770140640916385e-04 +2.1856750599114427e-04 +3.1565537447353787e-04
126.00000000 +5.0000000000000000e+00 +1.9997215440376945e+00 +2.2228812027767198e-03 +9.9900044879666383e-01 +9.9995708033778929e-01 +9.9995884261642165e-01 +9.9996729202627399e-01 +9.9996182891879570e-01 +2.0815701284703647e-04 +2.7693518916407385e-04 +4.6867344762207224e-04 +1.1809020981171205e-04 +8.2651449752713891e-05
126.50000000 +5.0000000000000000e+00 +1.9996803016291940e+00 +2.3537969438168485e-03 +9.9865209679068812e-01 +9.9996039183254615e-01 +9.9996430759705479e-01 +9.9996495903211058e-01 +9.9995359282106278e-01 +4.6855903442359403e-04 +1.8597135496392173e-04 +2.4767640485094894e-04 +3.5487563861213826e-04 +2.4756949163122000e-04
127.00000000 +5.0000000000000000e+00 +1.9997232258643549e+00 +2.2763675704549650e-03 +9.9887075666625957e-01 +9.9995581500841069e-01 +9.9995541399232968e-01 +9.9995826308727442e-01 +9.9996973043951787e-01 +1.4221978639898208e-04 +4.6772072320539620e-04 +2.3687365421332394e-04 +2.6289189472152507e-04 +1.8031473801979938e-04
127.50000000 +5.0000000000000000e+00 +1.9997281011003578e+00 +2.2717231367458805e-03 +9.9887990259719583e-01 +9.9996692243312169e-01 +9.9996254477606306e-01 +9.9994933145722864e-01 +9.9995775334651538e-01 +3.8082300542168764e-04 +3.0043405240162403e-04 +2.3652710521989741e-05 +3.0570473077430599e-04 +2.7293088897970691e-04
128.00000000 +5.0000000000000000e+00 +1.9997317198898983e+00 +2.1397022636384525e-03 +9.9919697523686868e-01 +9.9995317205752965e-01 +9.9997246185669297e-01 +9.9996569709844074e-01 +9.9994254571813745e-01 +2.9633149927946423e-04 +1.8504395809488687e-04 +1.6218760859483620e-04 +2.3751829103034236e-04 +8.8066674985833415e-05
128.50000000 +5.0000000000000000e+00 +1.9996771025506055e+00 +2.3173974573759918e-03 +9.9874415882944989e-01 +9.9996428232081846e-01 +9.9995871018399318e-01 +9.9994881347270692e-01 +9.9996158792720968e-01 +8.6136313438928380e-05 +4.4257677543386206e-04 +2.8054582661021294e-04 +4.9788613194016117e-04 +1.1530221816731776e-04
129.00000000 +5.0000000000000000e+00 +1.9996907640833645e+00 +2.2780679422451269e-03 +9.9884375371715195e-01 +9.9996542193741866e-01 +9.9994788395281342e-01 +9.9996460820802902e-01 +9.9994091873277002e-01 +1.6245093251792119e-04 +4.3896955937790309e-04 +1.9908092444754642e-04 +2.3839861967843537e-04 +2.9851341806042458e-04
129.50000000 +5.0000000000000000e+00 +1.9996218972067132e+00 +2.3590499308339201e-03 +9.9862949234801102e-01 +9.9995428571416378e-01 +9.9996382183852095e-01 +9.9995687949326462e-01 +9.9996447109396791e-01 +2.2103237832216043e-04 +3.9112099833132105e-04 +2.4680585612113135e-04 +3.6601948498723086e-04 +3.0607079688684604e-04
130.00000000 +5.0000000000000000e+00 +1.9996824430314513e+00 +2.2158510763599358e-03 +9.9898642788971925e-01 +9.9995590706475568e-01 +9.9997192479768560e-01 +9.9995277935273674e-01 +9.9995544173227657e-01 +3.3946285982370796e-04 +5.2036774512774642e-05 +1.8509154160484362e-04 +2.3988509152394571e-04 +3.6104289107689982e-04
130.50000000 +5.0000000000000000e+00 +1.9996963010444704e+00 +2.3335970334907659e-03 +9.9872551595503933e-01 +9.9995252758261832e-01 +9.9994477025974049e-01 +9.9994418922364703e-01 +9.9996219278130549e-01 +3.3394059584974050e-04 +2.0881040333469198e-04 +5.3535636334126318e-04 +2.4303149203666819e-04 +1.4966534414164874e-04
131.00000000 +5.0000000000000000e+00 +1.9997340108695563e+00 +2.3137826671426756e-03 +9.9876426763142112e-01 +9.9998193917557898e-01 +9.9995570515403354e-01 +9.9996535258096952e-01 +9.9996942336519923e-01 +4.1495286000413156e-04 +3.9091614829976954e-04 +1.5523889209858018e-04 +1.7653318578086642e-04 +2.2567100196081643e-04
131.50000000 +5.0000000000000000e+00 +1.9996543943278615e+00 +2.4023062599263364e-03 +9.9853694104101542e-01 +9.9996681028294110e-01 +9.9995790110774152e-01 +9.9995875746153950e-01 +9.9993781965799677e-01 +3.9264928942458371e-04 +2.3964046919024292e-04 +2.6863074896570218e-04 +4.0816640727369449e-04 +3.3268353020662439e-04
132.00000000 +5.0000000000000000e+00 +1.9997098237402231e+00 +2.2470197438003619e-03 +9.9894118536432075e-01 +9.9993319020603411e-01 +9.9994880569502398e-01 +9.9998289997450940e-01 +9.9997030995242131e-01 +4.4712347485527414e-05 +3.9305741333912051e-04 +4.8954160802253620e-04 +1.2075925888254663e-04 +1.7553818581447252e-04
132.50000000 +5.0000000000000000e+00 +1.9996511848099443e+00 +2.3813998842285534e-03 +9.9861878060190501e-01 +9.9996345548421706e-01 +9.9995733535445419e-01 +9.9994230862560585e-01 +9.9996167796243196e-01 +2.7410669753845661e-04 +4.0097923013627715e-04 +2.6312121485668388e-04 +2.3471603851445705e-04 +3.8351879073622754e-04
133.00000000 +5.0000000000000000e+00 +1.9995830560737686e+00 +2.4229444265852014e-03 +9.9848349130835401e-01 +9.9996256789105098e-01 +9.9995713227599858e-01 +9.9995965485958560e-01 +9.9996733351225264e-01 +5.1831714204078475e-04 +4.2211647241497324e-04 +2.2811413921528380e-04 +1.2624903201866635e-04 +3.7502336287295075e-04
133.50000000 +5.0000000000000000e+00 +1.9996120608579140e+00 +2.4024096953291700e-03 +9.9851416314166686e-01 +9.9996113094631267e-01 +9.9995535853064632e-01 +9.9997164469442423e-01 +9.9994478456519442e-01 +2.9900585087050228e-04 +3.5972493375647819e-04 +3.2771370945357302e-04 +2.9962435728009230e-04 +3.6684926155625087e-04
134.00000000 +5.0000000000000000e+00 +1.9996912090395775e+00 +2.2382660300208405e-03 +9.9897027964639362e-01 +9.9996591487069120e-01 +9.9998246122719492e-01 +9.9995789712617844e-01 +9.9994623345122347e-01 +2.0335916489762015e-04 +3.2415619099839568e-04 +2.3445001605344173e-04 +1.0156327586276734e-04 +3.1368502640879726e-04
134.50000000 +5.0000000000000000e+00 +1.9996120628928800e+00 +2.4556046615838920e-03 +9.9839907071167300e-01 +9.9994196822081138e-01 +9.9993226195198903e-01 +9.9995826268893895e-01 +9.9996549426004799e-01 +1.3452320936753202e-04 +1.9774126559063285e-04 +4.3720712443209760e-04 +5.5409804422559112e-04 +4.7937251883365615e-04
135.00000000 +5.0000000000000000e+00 +1.9996600364273747e+00 +2.1397447955885003e-03 +9.9919499075674556e-01 +9.9997438363596480e-01 +9.9997200303501999e-01 +9.9993931090871047e-01 +9.9995272118678402e-01 +1.2831729932846653e-04 +2.3452001637344895e-04 +6.6929879054170651e-05 +3.0164207028699814e-04 +2.3518121732676880e-04
135.50000000 +5.0000000000000000e+00 +1.9996580312637935e+00 +2.2979656103820456e-03 +9.9878407000678315e-01 +9.9995555721484852e-01 +9.9997136252098306e-01 +9.9994789050153587e-01 +9.9993408814237950e-01 +3.8314193536545846e-04 +2.4484421970041555e-04 +3.0477960236703497e-04 +1.7414695705765789e-04 +3.0011889650057949e-04
136.00000000 +5.0000000000000000e+00 +1.9996738904536644e+00 +2.1340297196136074e-03 +9.9921305357263157e-01 +9.9994595504771233e-01 +9.9995459364410066e-01 +9.9994614921077551e-01 +9.9995545847803780e-01 +1.7442069340118670e-04 +2.1192657497182471e-04 +2.5236405493104733e-04 +4.6590017466519977e-05 +2.9948870539602543e-04
136.50000000 +5.0000000000000000e+00 +1.9995706804450493e+00 +2.3297352413485122e-03 +9.9870923075979268e-01 +9.9995874543923702e-01 +9.9995477779955833e-01 +9.9995747912741517e-01 +9.9996198660754265e-01 +3.7530834329953683e-04 +4.0274729182614795e-04 +3.1654743234461175e-04 +2.1192798916203762e-04 +1.5124921056612023e-04
137.00000000 +5.0000000000000000e+00 +1.9996867746480231e+00 +2.1000552313607031e-03 +9.9930222909699395e-01 +9.9996133687524968e-01 +9.9995255430471575e-01 +9.9996966431353207e-01 +9.9995555363748079e-01 +1.7960145659267821e-04 +9.1439507659826858e-05 +2.2000616779805862e-04 +1.9985709441434470e-04 +1.6775754959908078e-04
137.50000000 +5.0000000000000000e+00 +1.9995755418328174e+00 +2.3634447721892467e-03 +9.9860323129601614e-01 +9.9997834690151677e-01 +9.9994798237948879e-01 +9.9997458869469780e-01 +9.9996172949184670e-01 +6.6669571040441246e-05 +4.6696869760520890e-04 +2.6536700441634513e-04 +3.9077270162197943e-04 +3.4434326095856871e-04
138.00000000 +5.0000000000000000e+00 +1.9997022484895888e+00 +2.0368880801936123e-03 +9.9945590647794436e-01 +9.9995496642836357e-01 +9.9995940805788874e-01 +9.9993627649082828e-01 +9.9996264053087192e-01 +1.6076999923774279e-04 +1.3524997136590567e-04 +2.1724864014543920e-04 +1.3932888186830069e-04 +7.8204523035634564e-05
138.50000000 +5.0000000000000000e+00 +1.9995331779365850e+00 +2.3911002127108374e-03 +9.9854010218395683e-01 +9.9995786397892539e-01 +9.9996124495524563e-01 +9.9997656799778112e-01 +9.9994733428682681e-01 +2.5022235086816685e-04 +3.3753636565379635e-04 +3.7785787784265832e-04 +4.2106673460190789e-04 +2.3020326299333886e-04
139.00000000 +5.0000000000000000e+00 +1.9996292625540097e+00 +2.3003966497847647e-03 +9.9881119569599652e-01 +9.9996229649023260e-01 +9.9996769958876697e-01 +9.9993579742585581e-01 +9.9995803831500518e-01 +2.4891194597542575e-04 +2.9505577616392172e-04 +1.6261457295928115e-04 +3.3921450133904640e-04 +3.1917568772515974e-04
139.50000000 +5.0000000000000000e+00 +1.9996655041078639e+00 +2.1856898305884216e-03 +9.9908444192986101e-01 +9.9993573347907294e-01 +9.9993921019668963e-01 +9.9994484441944387e-01 +9.9996256086710589e-01 +1.6024740203181937e-04 +2.9530115608417899e-04 +2.2307013954532635e-04 +1.6526105206208225e-04 +2.8932935807977070e-04
140.00000000 +5.0000000000000000e+00 +1.9996540146497412e+00 +2.2111462758117074e-03 +9.9904725553227136e-01 +9.9996661336804649e-01 +9.9996444717539001e-01 +9.9994278004093951e-01 +9.9993712278582703e-01 +1.0716063274351646e-04 +2.9837322708939140e-04 +3.0250465860512924e-04 +2.6594851356069696e-04 +1.6779406412526402e-04
140.50000000 +5.0000000000000000e+00 +1.9996812389676526e+00 +2.1688723173846447e-03 +9.9912551011084449e-01 +9.9998521438033239e-01 +9.9994274961497309e-01 +9.9994139622161016e-01 +9.9995149862652166e-01 +4.6265876154244446e-04 +1.9644045598524843e-04 +4.9612986269615889e-05 +2.6344623904843168e-05 +3.1857421452752337e-04
141.00000000 +5.0000000000000000e+00 +1.9995062659321092e+00 +2.5330278140308390e-03 +9.9819642260549946e-01 +9.9995711125330267e-01 +9.9992985768511788e-01 +9.9995709208559036e-01 +9.9993361324513641e-01 +4.7178530442811451e-04 +3.2909371867084682e-04 +4.4515291740704327e-04 +4.1013926414056745e-04 +3.6973191519117305e-04
141.50000000 +5.0000000000000000e+00 +1.9995925577487548e+00 +2.4675422878342951e-03 +9.9838394739196024e-01 +9.9994209665088229e-01 +9.9996841597753527e-01 +9.9997944647851533e-01 +9.9994358855407850e-01 +5.5428972734508359e-04 +3.9994849310531452e-04 +5.3465563808658464e-04 +3.5838901057101653e-04 -6.4777916506041002e-05
142.00000000 +5.0000000000000000e+00 +1.9994973391350430e+00 +2.4071338704351923e-03 +9.9847828552324025e-01 +9.9995345820296111e-01 +9.9996575024719514e-01 +9.9995766292971733e-01 +9.9996549815708347e-01 +2.8728609193279334e-04 +1.6457631864510359e-04 +3.7878076354941993e-04 +4.8591917660970475e-04 +3.6278258711338625e-04
142.50000000 +5.0000000000000000e+00 +1.9996067597371707e+00 +2.4336020947460808e-03 +9.9847622881894404e-01 +9.9994196760467791e-01 +9.9995691569025680e-01 +9.9995798142265901e-01 +9.9992683837174345e-01 +3.7690441889123215e-04 +3.6351905834709059e-04 +4.3266931098906176e-04 +1.8688870326261881e-04 +3.8008660150980287e-04
143.00000000 +5.0000000000000000e+00 +1.9995221887372716e+00 +2.4727286053011629e-03 +9.9833833540475558e-01 +9.9995652136962243e-01 +9.9993904045370852e-01 +9.9995845887072954e-01 +9.9990905013006359e-01 +3.1331440548815252e-04 +3.9818378578116250e-04 +4.8770287982109365e-04 +2.4161885746338936e-04 +4.5777384662708839e-04
143.50000000 +5.0000000000000000e+00 +1.9995555417764446e+00 +2.4265838432540113e-03 +9.9848549146201171e-01 +9.9996376789562569e-01 +9.9995695423600661e-01 +9.9993742331035684e-01 +9.9994917251646542e-01 -1.6646361550618440e-05 +2.4577979856270739e-04 +4.6857643387526493e-04 +4.2648414514732280e-04 +5.8299655828743138e-04
144.00000000 +5.0000000000000000e+00 +1.9995652547911731e+00 +2.1106593791078931e-03 +9.9925665016819576e-01 +9.9996150991921828e-01 +9.9994977293562548e-01 +9.9992758534666826e-01 +9.9992731447837147e-01 +2.4584733041226444e-04 +6.8908764484269141e-05 +1.9379855436340660e-04 +1.2120563209033071e-04 +3.4740686893408834e-04
144.50000000 +5.0000000000000000e+00 +1.9994885276760312e+00 +2.5281359022851684e-03 +9.9818280215146526e-01 +9.9993325453701720e-01 +9.9991300654252702e-01 +9.9992596191038929e-01 +9.9994016418405884e-01 +6.9896945208113253e-04 +5.3628066335842384e-04 +3.6028055602745714e-04 +2.9978033894927932e-04 +2.0949965846052364e-04
145.00000000 +5.0000000000000000e+00 +1.9994822903226630e+00 +2.4814614057237726e-03 +9.9831756459807941e-01 +9.9992525494136175e-01 +9.9995984777222147e-01 +9.9994720480306531e-01 +9.9994256459195752e-01 +2.6668868368464921e-04 +3.3315164846185188e-04 +4.2363235899776691e-04 +4.7005856996290194e-04 +4.1403202903164937e-04
145.50000000 +5.0000000000000000e+00 +1.9995807650545461e+00 +2.5818861304969611e-03 +9.9812942700681817e-01 +9.9996727903468874e-01 +9.9995000641427978e-01 +9.9993910053589108e-01 +9.9993194173137856e-01 +2.5388300441005261e-04 +4.0634456982933779e-04 +4.1612180816336103e-04 +2.1415441295859010e-04 +7.9174147976574123e-04
146.00000000 +5.0000000000000000e+00 +1.9996189293439501e+00 +2.3120914552309515e-03 +9.9882008919592791e-01 +9.9996741431238656e-01 +9.9992368490493821e-01 +9.9996383752909535e-01 +9.9995393995495929e-01 +3.1357561457020041e-04 +1.0514335195919784e-04 +5.1995969355766363e-04 +4.4044143086227833e-04 -8.0859945307114988e-06
146.50000000 +5.0000000000000000e+00 +1.9995628462439654e+00 +2.2150648069542435e-03 +9.9900348481082168e-01 +9.9995383478176680e-01 +9.9993714338964257e-01 +9.9998634170964751e-01 +9.9995591121559624e-01 +3.9401538100203499e-04 +2.2595872064141314e-04 +8.6019750377816487e-05 +2.0240966073365683e-04 +2.5488057836722231e-04
147.00000000 +5.0000000000000000e+00 +1.9994595167755453e+00 +2.3115672558219435e-03 +9.9877325190035282e-01 +9.9994369572482877e-01 +9.9996205758923351e-01 +9.9994534782930178e-01 +9.9996421679210667e-01 +2.6478254350689376e-04 +2.4948129567136946e-04 +1.7987907272459591e-04 +2.6472825589735820e-04 +4.5255899370077416e-04
147.50000000 +5.0000000000000000e+00 +1.9993823853689277e+00 +2.5574086180491680e-03 +9.9812644109470250e-01 +9.9991355243993874e-01 +9.9995953318036390e-01 +9.9993219159261104e-01 +9.9994301725747092e-01 +5.5092448255685694e-04 +4.7127133576739685e-04 +1.8088405429436073e-04 +4.2745395576864685e-04 +4.9473060964730971e-04
148.00000000 +5.0000000000000000e+00 +1.9994139070227759e+00 +2.6555518918559922e-03 +9.9788063862035581e-01 +9.9996857133581163e-01 +9.9996037454117959e-01 +9.9995607355364824e-01 +9.9997142599680711e-01 +4.0347421183210651e-04 +5.6538045081060779e-04 +6.0631498814154889e-04 +4.8842428047306513e-04 +1.9932202221238895e-04
148.50000000 +5.0000000000000000e+00 +1.9994689790286881e+00 +2.3824326039520237e-03 +9.9859406780081228e-01 +9.9993949776676083e-01 +9.9993204335279018e-01 +9.9991169583985562e-01 +9.9993290758765208e-01 +4.6704592073266163e-04 +2.9655961986866351e-04 +2.7159592733390803e-04 +5.4384821703343483e-04 +1.1073797343373772e-04
149.00000000 +5.0000000000000000e+00 +1.9994228299537586e+00 +2.5028680276865723e-03 +9.9829038242711610e-01 +9.9991200745424724e-01 +9.9992756411501005e-01 +9.9991522656473486e-01 +9.9996285772806237e-01 +3.0976119428579115e-04 +2.1856833808841459e-04 +4.8116495144290831e-04 +4.8126007402589041e-04 +5.0120715630212450e-04
149.50000000 +5.0000000000000000e+00 +1.9993850997805747e+00 +2.4898429450321423e-03 +9.9832680190014811e-01 +9.9989874189782213e-01 +9.9993332204503238e-01 +9.9996782482900182e-01 +9.9995221950200641e-01 +2.6589709316379582e-04 +5.1224206086152859e-04 +5.0142981515558134e-04 +4.7198557219122286e-04 +1.6953528284810207e-04
150.00000000 +5.0000000000000000e+00 +1.9994294382494202e+00 +2.5601080028079290e-03 +9.9809444327915331e-01 +9.9991448230493896e-01 +9.9995890766249629e-01 +9.9995444055465632e-01 +9.9993411980006297e-01 +6.3330535403647757e-04 +8.3415972072417572e-06 +4.7460496924555588e-04 +6.6822730257557123e-04 +3.5912718046220257e-04
