#PATCH_CHECK: SepMBpoisson v0.61 exact-bernoulli stratified-backward active
#discretizing the bath:
#     0 0.0000000000000000e+00 -9.1873305439137479e-02
#     1 1.7638342073763938e-03 -1.6757690912098677e-01
#     2 1.7638342073763938e-03 -1.6702742487945041e-01
#     3 1.7638342073763938e-03 -1.6647743812614874e-01
#     4 1.7638342073763938e-03 -1.6592694931979771e-01
#     5 1.7638342073763938e-03 -1.6537595891785956e-01
#     6 1.7638342073763938e-03 -1.6482446737654810e-01
#     7 1.7638342073763938e-03 -1.6427247515083465e-01
#     8 1.7638342073763938e-03 -1.6371998269445365e-01
#     9 1.7638342073763938e-03 -1.6316699045990815e-01
#sampling: jump_strength=4.4095855184409852e-03 jump_probability=4.3902264395106428e-03 log_scale=4.3998917826762567e-03 back_replicas=4 stratify_forward=0
#adaptive measurement: gap=5.5099040193815063e-04 period_steps=22807 nmeas=300 nwf=300 tmax=1.5000000000000000e+02 forced_stride=1
  0.00000000 +5.0000000000000000e+00 +1.9999999999999998e+00 +1.8374661879283106e-03 +1.0000000000000000e+00 +1.0000000000000000e+00 +1.0000000000000000e+00 +1.0000000000000000e+00 +1.0000000000000000e+00 +0.0000000000000000e+00 +0.0000000000000000e+00 +0.0000000000000000e+00 +0.0000000000000000e+00 +0.0000000000000000e+00
  0.50000000 +5.0000000000000000e+00 +1.9999999999144664e+00 +1.8390019406074481e-03 +9.9999610105982994e-01 +9.9999999996382771e-01 +9.9999999996382771e-01 +9.9999999996382771e-01 +9.9999999996382771e-01 +7.8029014687071060e-07 +7.5980573120857355e-07 +7.7907215458809707e-07 +7.8161886572447077e-07 +7.9811712482532699e-07
  1.00000000 +5.0000000000000000e+00 +1.9999999998395219e+00 +1.8435477425823152e-03 +9.9998455812537423e-01 +1.0000000000182494e+00 +1.0000000000185434e+00 +1.0000000000186415e+00 +1.0000000000184455e+00 +3.0928531698391029e-06 +3.0467035011483823e-06 +3.0534026690417538e-06 +3.0887719195853492e-06 +3.1601779243073593e-06
  1.50000000 +5.0000000000000000e+00 +2.0000000006355565e+00 +1.8510029728746418e-03 +9.9996561968073239e-01 +9.9999999997474187e-01 +9.9999999997502231e-01 +9.9999999997061473e-01 +9.9999999997032607e-01 +6.8661339268159382e-06 +6.8387500426397186e-06 +6.8038412568929139e-06 +6.8657820527888808e-06 +7.0059212756129769e-06
  2.00000000 +5.0000000000000000e+00 +1.9999999988693893e+00 +1.8611690261373048e-03 +9.9993977912647070e-01 +9.9999999986109855e-01 +9.9999999986455090e-01 +9.9999999985762744e-01 +9.9999999985866206e-01 +1.2017722770415353e-05 +1.2052812918636132e-05 +1.1951041255317506e-05 +1.1989827967967467e-05 +1.2209861046836175e-05
  2.50000000 +5.0000000000000000e+00 +2.0000000056457408e+00 +1.8737599318677852e-03 +9.9990774815711281e-01 +9.9999999969257669e-01 +9.9999999972194620e-01 +9.9999999972608278e-01 +9.9999999969689313e-01 +1.8451572632897446e-05 +1.8449593336400200e-05 +1.8331170333794322e-05 +1.8356508660279148e-05 +1.8664173834376848e-05
  3.00000000 +5.0000000000000000e+00 +2.0000000109004885e+00 +1.8884406725988398e-03 +9.9987036053948419e-01 +9.9999999934704709e-01 +9.9999999939572537e-01 +9.9999999939454431e-01 +9.9999999935723372e-01 +2.5898672469932192e-05 +2.5933579068094467e-05 +2.5800924747207595e-05 +2.5826104248073383e-05 +2.6182793801402466e-05
  3.50000000 +5.0000000000000000e+00 +1.9999999985085348e+00 +1.9049042897341438e-03 +9.9982837516850320e-01 +9.9999999869726375e-01 +9.9999999879885704e-01 +9.9999999880562007e-01 +9.9999999873023893e-01 +3.4297871107015101e-05 +3.4338330906542926e-05 +3.4256988419142309e-05 +3.4233094906178554e-05 +3.4503609711602053e-05
  4.00000000 +5.0000000000000000e+00 +1.9999999861662954e+00 +1.9224719188329323e-03 +9.9978349963019431e-01 +9.9999999765652525e-01 +9.9999999777271864e-01 +9.9999999781261339e-01 +9.9999999770969650e-01 +4.3364205489092627e-05 +4.3351498076979927e-05 +4.3196556768239041e-05 +4.3200507951231789e-05 +4.3396502814262099e-05
  4.50000000 +5.0000000000000000e+00 +1.9999999774700585e+00 +1.9408758069331296e-03 +9.9973638849936519e-01 +9.9999999634473014e-01 +9.9999999646779769e-01 +9.9999999645943127e-01 +9.9999999623974889e-01 +5.2839509450967821e-05 +5.2789062577583292e-05 +5.2626383065736230e-05 +5.2600235510087043e-05 +5.2770734554763815e-05
  5.00000000 +5.0000000000000000e+00 +1.9999999658734418e+00 +1.9597334443059119e-03 +9.9968800239717293e-01 +9.9999999441665532e-01 +9.9999999462546019e-01 +9.9999999461098621e-01 +9.9999999446673793e-01 +6.2606600857938264e-05 +6.2505615132574515e-05 +6.2220753341032348e-05 +6.2196544451947013e-05 +6.2489759944971864e-05
  5.50000000 +5.0000000000000000e+00 +1.9999999804224657e+00 +1.9784146362306263e-03 +9.9963992439803684e-01 +9.9999999213786739e-01 +9.9999999225899894e-01 +9.9999999206546863e-01 +9.9999999215230273e-01 +7.2301580467399744e-05 +7.2079767958288309e-05 +7.1814258385692142e-05 +7.1795328351605345e-05 +7.2116149532664055e-05
  6.00000000 +5.0000000000000000e+00 +1.9999999823069057e+00 +1.9964828447793801e-03 +9.9959324850245823e-01 +9.9999998898973719e-01 +9.9999998930961131e-01 +9.9999998896953246e-01 +9.9999998915959187e-01 +8.1735110933626599e-05 +8.1489925723076312e-05 +8.1047878879769185e-05 +8.1113626413841189e-05 +8.1408582996096064e-05
  6.50000000 +5.0000000000000000e+00 +1.9999999592471480e+00 +2.0132819433860208e-03 +9.9954963667193875e-01 +9.9999998512189348e-01 +9.9999998558082159e-01 +9.9999998509471566e-01 +9.9999998539564472e-01 +9.0632757216877128e-05 +9.0244877607828137e-05 +8.9784314424700231e-05 +8.9758947619098144e-05 +9.0001195398910425e-05
  7.00000000 +5.0000000000000000e+00 +1.9999999562575734e+00 +2.0287232661025225e-03 +9.9950933158933863e-01 +9.9999998040997795e-01 +9.9999998063099982e-01 +9.9999998049558170e-01 +9.9999998100022924e-01 +9.8790238459324980e-05 +9.8354765977845307e-05 +9.7760798123892604e-05 +9.7978831848266935e-05 +9.7861082732938898e-05
  7.50000000 +5.0000000000000000e+00 +1.9999999141938942e+00 +2.0423142764850175e-03 +9.9947355905970370e-01 +9.9999997527114126e-01 +9.9999997527478146e-01 +9.9999997534907892e-01 +9.9999997567731613e-01 +1.0603461370378093e-04 +1.0563728978572060e-04 +1.0480933827390877e-04 +1.0501102229226459e-04 +1.0504710769815732e-04
  8.00000000 +5.0000000000000000e+00 +1.9999999151691419e+00 +2.0534122956392328e-03 +9.9944398662135669e-01 +9.9999996869409913e-01 +9.9999996908832989e-01 +9.9999996935001489e-01 +9.9999996919278866e-01 +1.1189416660451101e-04 +1.1160386740064161e-04 +1.1108466643372404e-04 +1.1092124500939139e-04 +1.1063305688445652e-04
  8.50000000 +5.0000000000000000e+00 +1.9999998957465401e+00 +2.0621079639639816e-03 +9.9942040342152327e-01 +9.9999996161116123e-01 +9.9999996201589869e-01 +9.9999996209455444e-01 +9.9999996245924827e-01 +1.1661182094096963e-04 +1.1670571735682538e-04 +1.1554748154247181e-04 +1.1545663560691098e-04 +1.1542658813332960e-04
  9.00000000 +5.0000000000000000e+00 +1.9999998111228392e+00 +2.0680472526053051e-03 +9.9940371563093167e-01 +9.9999995369565575e-01 +9.9999995453727886e-01 +9.9999995491713578e-01 +9.9999995476620351e-01 +1.2015820769909746e-04 +1.1987859894014414e-04 +1.1878699781579661e-04 +1.1908232870252848e-04 +1.1856062572633574e-04
  9.50000000 +5.0000000000000000e+00 +1.9999997742285414e+00 +2.0713142902880973e-03 +9.9939376284631687e-01 +9.9999994493683575e-01 +9.9999994555534188e-01 +9.9999994642397028e-01 +9.9999994624174882e-01 +1.2250194984069152e-04 +1.2188541270897884e-04 +1.2092257916473824e-04 +1.2093128929629560e-04 +1.2021250732442660e-04
 10.00000000 +5.0000000000000000e+00 +1.9999997469005135e+00 +2.0714429327200962e-03 +9.9939176606577673e-01 +9.9999993620380168e-01 +9.9999993707295776e-01 +9.9999993753354421e-01 +9.9999993700057455e-01 +1.2296308304242485e-04 +1.2252055996081425e-04 +1.2068407791557196e-04 +1.2157817772923574e-04 +1.2074031491119540e-04
 10.50000000 +5.0000000000000000e+00 +1.9999996891154428e+00 +2.0691565968513456e-03 +9.9939592965915480e-01 +9.9999992618942046e-01 +9.9999992746652833e-01 +9.9999992826393269e-01 +9.9999992756017164e-01 +1.2219950907554593e-04 +1.2181298322534156e-04 +1.2004120427666852e-04 +1.2044650941276127e-04 +1.1986075680996735e-04
 11.00000000 +5.0000000000000000e+00 +1.9999995930069616e+00 +2.0631619613109197e-03 +9.9940954885949473e-01 +9.9999991588053905e-01 +9.9999991764859042e-01 +9.9999991837167612e-01 +9.9999991825871182e-01 +1.1944189690121979e-04 +1.1887660260276752e-04 +1.1775044365223010e-04 +1.1771542587479529e-04 +1.1699650642743287e-04
 11.50000000 +5.0000000000000000e+00 +1.9999995776637345e+00 +2.0563257555283555e-03 +9.9942545766306357e-01 +9.9999990613162604e-01 +9.9999990826645879e-01 +9.9999990813817052e-01 +9.9999990895788204e-01 +1.1648703210009988e-04 +1.1592007728355919e-04 +1.1440663586100339e-04 +1.1423217043422325e-04 +1.1386501660296759e-04
 12.00000000 +5.0000000000000000e+00 +1.9999994679832416e+00 +2.0451009152442886e-03 +9.9945263654783056e-01 +9.9999989542956513e-01 +9.9999989584563187e-01 +9.9999989762009445e-01 +9.9999989673338507e-01 +1.1150379775361255e-04 +1.0984822331007439e-04 +1.0933522967330702e-04 +1.0869293067313450e-04 +1.0839747934700154e-04
 12.50000000 +5.0000000000000000e+00 +1.9999994628204678e+00 +2.0336298728958913e-03 +9.9948067205097546e-01 +9.9999988390256522e-01 +9.9999988655308192e-01 +9.9999988712990096e-01 +9.9999988565545217e-01 +1.0546606120518169e-04 +1.0541756065548493e-04 +1.0316724173137700e-04 +1.0380109027612366e-04 +1.0193246754964223e-04
 13.00000000 +5.0000000000000000e+00 +1.9999994033078667e+00 +2.0193573682936949e-03 +9.9951605728674831e-01 +9.9999987407681812e-01 +9.9999987499926457e-01 +9.9999987765539555e-01 +9.9999987686308778e-01 +9.8733881357943311e-05 +9.7914725370621463e-05 +9.6275182012343940e-05 +9.6271876710753312e-05 +9.5243747224709878e-05
 13.50000000 +5.0000000000000000e+00 +1.9999993749080331e+00 +2.0047770664894057e-03 +9.9955252901085612e-01 +9.9999986361167126e-01 +9.9999986658439866e-01 +9.9999986710442157e-01 +9.9999986551171161e-01 +9.1430812687214112e-05 +9.0846423681736522e-05 +8.8980632712624703e-05 +8.9006083538424247e-05 +8.7744364196934592e-05
 14.00000000 +5.0000000000000000e+00 +1.9999993571878441e+00 +1.9882622500819978e-03 +9.9959424094520954e-01 +9.9999985385501744e-01 +9.9999985480533837e-01 +9.9999985798834445e-01 +9.9999985924682744e-01 +8.2314850646686294e-05 +8.2307999650054760e-05 +8.1954159246806790e-05 +8.0267880080831829e-05 +7.9488183260472033e-05
 14.50000000 +5.0000000000000000e+00 +1.9999993657284623e+00 +1.9722877910195095e-03 +9.9963490631609930e-01 +9.9999984434127964e-01 +9.9999984452183022e-01 +9.9999984755994042e-01 +9.9999984808099684e-01 +7.5349042548998409e-05 +7.3701492883076615e-05 +7.3156002910411633e-05 +7.1748787809142200e-05 +7.1753720132274276e-05
 15.00000000 +5.0000000000000000e+00 +1.9999990764621982e+00 +1.9552490061747929e-03 +9.9967858674045573e-01 +9.9999983450225571e-01 +9.9999983783625945e-01 +9.9999983688932270e-01 +9.9999983918871516e-01 +6.5754614065181822e-05 +6.5287367269630032e-05 +6.3967163254486392e-05 +6.4173154781348068e-05 +6.2882255932400258e-05
 15.50000000 +5.0000000000000000e+00 +1.9999990774236258e+00 +1.9410199730521896e-03 +9.9971557867979899e-01 +9.9999982865823067e-01 +9.9999983322589026e-01 +9.9999983340527210e-01 +9.9999983364693978e-01 +5.8730356379807523e-05 +5.7177030050190050e-05 +5.6595045135753665e-05 +5.6865254470631868e-05 +5.5724637455165087e-05
 16.00000000 +5.0000000000000000e+00 +1.9999989853405089e+00 +1.9250528755182267e-03 +9.9975726714791946e-01 +9.9999982262474019e-01 +9.9999982091085116e-01 +9.9999982672953447e-01 +9.9999982745014948e-01 +4.9785076445696926e-05 +5.0045677042523207e-05 +4.8715906849104494e-05 +4.7962099626882969e-05 +4.6926368820655499e-05
 16.50000000 +5.0000000000000000e+00 +1.9999988263618853e+00 +1.9113060138489226e-03 +9.9979360684209051e-01 +9.9999981629569390e-01 +9.9999981648421732e-01 +9.9999982158641010e-01 +9.9999981837767382e-01 +4.2351802097553471e-05 +4.2278662012450749e-05 +4.0841371917483916e-05 +4.0878531118718996e-05 +4.0770040022345502e-05
 17.00000000 +5.0000000000000000e+00 +1.9999991205829026e+00 +1.8979503839867409e-03 +9.9982945649101718e-01 +9.9999980944653888e-01 +9.9999980936270272e-01 +9.9999981436035890e-01 +9.9999981019817552e-01 +3.4303239946682877e-05 +3.5752597117368957e-05 +3.3992036486802433e-05 +3.4044006152276410e-05 +3.3208112531344612e-05
 17.50000000 +5.0000000000000000e+00 +1.9999987916227919e+00 +1.8883164237871732e-03 +9.9985603800494016e-01 +9.9999980104686892e-01 +9.9999980518812992e-01 +9.9999980900757945e-01 +9.9999981271159899e-01 +3.0852963030460033e-05 +3.0376076855449717e-05 +2.9001422711811259e-05 +2.8078390582637540e-05 +2.6425225242601489e-05
 18.00000000 +5.0000000000000000e+00 +1.9999986610225933e+00 +1.8789256544166743e-03 +9.9988224853569641e-01 +9.9999980362518082e-01 +9.9999979986452414e-01 +9.9999980646609588e-01 +9.9999980342424799e-01 +2.4938893460052518e-05 +2.4724039562286023e-05 +2.3329059443289138e-05 +2.3124026439194083e-05 +2.2422124605927349e-05
 18.50000000 +5.0000000000000000e+00 +1.9999985634025068e+00 +1.8723121282392037e-03 +9.9990151975148522e-01 +9.9999979454572074e-01 +9.9999979943844186e-01 +9.9999980567140556e-01 +9.9999979308714748e-01 +2.1090444197216776e-05 +2.0864918107550955e-05 +2.0448969475702186e-05 +1.8013388462363038e-05 +1.8869967512488225e-05
 19.00000000 +5.0000000000000000e+00 +1.9999981183823852e+00 +1.8688195443672989e-03 +9.9991305478916492e-01 +9.9999978823517599e-01 +9.9999980156906443e-01 +9.9999980239869379e-01 +9.9999979885878509e-01 +1.7785240388206150e-05 +1.8564437132649780e-05 +1.7401246193212916e-05 +1.6858803130912954e-05 +1.7144653546140820e-05
 19.50000000 +5.0000000000000000e+00 +1.9999984850756274e+00 +1.8679094614966394e-03 +9.9991814100124388e-01 +9.9999978769012032e-01 +9.9999979147779627e-01 +9.9999979508559200e-01 +9.9999979535469286e-01 +1.6284110425274961e-05 +1.6702494019403473e-05 +1.7285696800617312e-05 +1.5855455662920142e-05 +1.6561629108825028e-05
 20.00000000 +5.0000000000000000e+00 +1.9999983523108067e+00 +1.8676607925626673e-03 +9.9992145164717916e-01 +9.9999979005873185e-01 +9.9999978853632732e-01 +9.9999979307251330e-01 +9.9999978718245286e-01 +1.6270229162826992e-05 +1.5649386028407955e-05 +1.5847533669820818e-05 +1.5448263556313182e-05 +1.6174265547379324e-05
 20.50000000 +5.0000000000000000e+00 +1.9999981095235144e+00 +1.8708660857994560e-03 +9.9991582465521556e-01 +9.9999978661141442e-01 +9.9999978485155616e-01 +9.9999978944242085e-01 +9.9999979027102570e-01 +1.7931474409848992e-05 +1.7778301501486241e-05 +1.7967989980385198e-05 +1.5130420713004740e-05 +1.6215746859589181e-05
 21.00000000 +5.0000000000000000e+00 +1.9999978195766388e+00 +1.8766340987674409e-03 +9.9990383258915261e-01 +9.9999977725618128e-01 +9.9999978649452070e-01 +9.9999978785332000e-01 +9.9999979453349597e-01 +1.9640558539170699e-05 +1.8802215208844066e-05 +2.0308263813214099e-05 +1.9296977073475079e-05 +1.8973170250777966e-05
 21.50000000 +5.0000000000000000e+00 +1.9999982730606218e+00 +1.8844282592292722e-03 +9.9988626504177391e-01 +9.9999978390797184e-01 +9.9999977857619726e-01 +9.9999978469700002e-01 +9.9999978240096365e-01 +2.3058925503875413e-05 +2.1088704004222681e-05 +2.4032509740319239e-05 +2.3634859020110708e-05 +2.2790415565732793e-05
 22.00000000 +5.0000000000000000e+00 +1.9999979426581564e+00 +1.8907422114490373e-03 +9.9987230709812980e-01 +9.9999978265452838e-01 +9.9999978338741424e-01 +9.9999978446097670e-01 +9.9999978035297377e-01 +2.4709759108063474e-05 +2.6736933540083110e-05 +2.6503370223627322e-05 +2.4860163638033238e-05 +2.5751775316374546e-05
 22.50000000 +5.0000000000000000e+00 +1.9999973766840744e+00 +1.9013598457926788e-03 +9.9984692777047068e-01 +9.9999976789046041e-01 +9.9999977539206053e-01 +9.9999976992463868e-01 +9.9999977740569801e-01 +3.0746907893419447e-05 +2.9212499655521477e-05 +2.9994664722408367e-05 +3.1850974033492204e-05 +3.2176626913498719e-05
 23.00000000 +5.0000000000000000e+00 +1.9999977167882053e+00 +1.9114116189363785e-03 +9.9982275556556843e-01 +9.9999975584410894e-01 +9.9999976264683144e-01 +9.9999976309610672e-01 +9.9999976112280131e-01 +3.4512297559011344e-05 +3.4954703876627710e-05 +3.4944557962326586e-05 +3.5629077666260901e-05 +3.8161230133272461e-05
 23.50000000 +5.0000000000000000e+00 +1.9999977190234506e+00 +1.9258744374685427e-03 +9.9978696083192908e-01 +9.9999975546228204e-01 +9.9999976757478781e-01 +9.9999977561231723e-01 +9.9999975879512237e-01 +4.1659476779359396e-05 +4.2399782046347337e-05 +4.3606980920771783e-05 +4.3109394996368842e-05 +4.3206143314124795e-05
 24.00000000 +5.0000000000000000e+00 +1.9999978462290380e+00 +1.9362607291103550e-03 +9.9976095578156954e-01 +9.9999974187300267e-01 +9.9999975570987287e-01 +9.9999976740650109e-01 +9.9999976217376552e-01 +4.6931260660111661e-05 +4.8030105404456253e-05 +4.8787384584230380e-05 +4.8228571149806127e-05 +4.8039961274165525e-05
 24.50000000 +5.0000000000000000e+00 +1.9999974123016870e+00 +1.9486611185847410e-03 +9.9972954794611002e-01 +9.9999973481622506e-01 +9.9999975117917494e-01 +9.9999974965276472e-01 +9.9999974416162452e-01 +5.3989226735389078e-05 +5.2142173969643463e-05 +5.4055932465371651e-05 +5.5507745939999177e-05 +5.5777082580010502e-05
 25.00000000 +5.0000000000000000e+00 +1.9999971983353575e+00 +1.9613540884804359e-03 +9.9969676782083139e-01 +9.9999973645833162e-01 +9.9999972116305802e-01 +9.9999972738471687e-01 +9.9999975466882574e-01 +6.0794898748891743e-05 +6.0741024338197778e-05 +6.1855686192158579e-05 +6.1080473829331177e-05 +5.9820280062873344e-05
 25.50000000 +5.0000000000000000e+00 +1.9999975637536063e+00 +1.9747118640223468e-03 +9.9966211065203026e-01 +9.9999972033956530e-01 +9.9999973005089549e-01 +9.9999972446048513e-01 +9.9999972410190041e-01 +6.9541009110290691e-05 +6.5212023331739249e-05 +6.7220268041935053e-05 +6.7831983279447158e-05 +6.9185147596732981e-05
 26.00000000 +5.0000000000000000e+00 +1.9999974085307233e+00 +1.9851376081986855e-03 +9.9963421615554737e-01 +9.9999969459967641e-01 +9.9999972402110238e-01 +9.9999970448052267e-01 +9.9999972647774327e-01 +7.1551930029656091e-05 +7.2379756080130232e-05 +7.3452382907179394e-05 +7.5217443573379858e-05 +7.4332701508550948e-05
 26.50000000 +5.0000000000000000e+00 +1.9999972928821230e+00 +1.9924925461342270e-03 +9.9961397734238788e-01 +9.9999968760431590e-01 +9.9999969281652179e-01 +9.9999969404772993e-01 +9.9999968250895899e-01 +7.9677249327849250e-05 +7.6857456641045980e-05 +7.4903118013184617e-05 +7.9403246881371044e-05 +7.6424695737879701e-05
 27.00000000 +5.0000000000000000e+00 +1.9999970111058780e+00 +2.0026293287669088e-03 +9.9958618305768687e-01 +9.9999967510488830e-01 +9.9999968067792866e-01 +9.9999969569418123e-01 +9.9999968874890999e-01 +8.3476115302371666e-05 +7.9681031991017499e-05 +8.3568597707169129e-05 +8.4161228735053274e-05 +8.4189748928135020e-05
 27.50000000 +5.0000000000000000e+00 +1.9999970689399689e+00 +2.0084886457232428e-03 +9.9956914020979226e-01 +9.9999965888366760e-01 +9.9999966514067506e-01 +9.9999966201448387e-01 +9.9999967157814340e-01 +8.4331953780534562e-05 +8.6016619109525037e-05 +8.7059388874071854e-05 +8.8384926175660836e-05 +8.6409039307725022e-05
 28.00000000 +5.0000000000000000e+00 +1.9999966260295470e+00 +2.0167997312116460e-03 +9.9954524956640534e-01 +9.9999964457319812e-01 +9.9999965980205507e-01 +9.9999963294773964e-01 +9.9999963215278065e-01 +9.0944553234966860e-05 +9.0884977574414219e-05 +9.1624788448616226e-05 +9.1162472346318301e-05 +9.1564160919994689e-05
 28.50000000 +5.0000000000000000e+00 +1.9999969313057222e+00 +2.0201973984166136e-03 +9.9953382642589972e-01 +9.9999963510626433e-01 +9.9999961495179923e-01 +9.9999962815480625e-01 +9.9999964519767193e-01 +9.3219168231340645e-05 +9.1727790851386004e-05 +9.4197277317632772e-05 +9.5700006006001681e-05 +9.2805919804125989e-05
 29.00000000 +5.0000000000000000e+00 +1.9999969463790437e+00 +2.0241332932021527e-03 +9.9952114421861538e-01 +9.9999958278279422e-01 +9.9999962087786065e-01 +9.9999961531881754e-01 +9.9999961509573565e-01 +9.5289228379120183e-05 +9.6812324497248375e-05 +9.4718149989589579e-05 +9.6683736532398977e-05 +9.6918390061199983e-05
 29.50000000 +5.0000000000000000e+00 +1.9999967924373998e+00 +2.0261183121897844e-03 +9.9951320793899623e-01 +9.9999960112425812e-01 +9.9999959632246460e-01 +9.9999955319179901e-01 +9.9999958340453499e-01 +9.9959765279457219e-05 +9.7339094017008396e-05 +9.8212719463638460e-05 +9.8621849766985961e-05 +9.4324714696712619e-05
 30.00000000 +5.0000000000000000e+00 +1.9999967017584088e+00 +2.0220172886019723e-03 +9.9952066292184938e-01 +9.9999953041642942e-01 +9.9999958377500520e-01 +9.9999957384733940e-01 +9.9999957711336662e-01 +9.7495859676599073e-05 +9.6366132838039497e-05 +9.6368133368049361e-05 +9.4177054455937931e-05 +9.6664873610021951e-05
 30.50000000 +5.0000000000000000e+00 +1.9999963159841383e+00 +2.0196611155028459e-03 +9.9952394417474544e-01 +9.9999954714311667e-01 +9.9999955585057432e-01 +9.9999953894210014e-01 +9.9999951285582078e-01 +9.6688963726492442e-05 +9.7820044912106486e-05 +9.5634065209111317e-05 +9.4917165702527762e-05 +9.2840836805558249e-05
 31.00000000 +5.0000000000000000e+00 +1.9999956592576937e+00 +2.0196700673689662e-03 +9.9952140451674165e-01 +9.9999949970656465e-01 +9.9999949597314142e-01 +9.9999953693802435e-01 +9.9999951723003844e-01 +9.6934555927262331e-05 +9.7096389588100082e-05 +9.4517203551766008e-05 +9.8389858462543289e-05 +9.3607593797913739e-05
 31.50000000 +5.0000000000000000e+00 +1.9999950058592240e+00 +2.0104935666059205e-03 +9.9954225563443688e-01 +9.9999949286324863e-01 +9.9999949012176936e-01 +9.9999947578030368e-01 +9.9999947887316831e-01 +9.2898286021346395e-05 +9.3363731013380383e-05 +9.1608653719854054e-05 +8.8958995464689735e-05 +9.2977069242810393e-05
 32.00000000 +5.0000000000000000e+00 +1.9999947466036478e+00 +2.0065875535512415e-03 +9.9955028334099660e-01 +9.9999945383743993e-01 +9.9999946731207734e-01 +9.9999946784819693e-01 +9.9999947440727754e-01 +9.0704321487441314e-05 +9.2166621789818403e-05 +9.2031127491257176e-05 +8.8773916764583286e-05 +8.8177133915440741e-05
 32.50000000 +5.0000000000000000e+00 +1.9999942929519732e+00 +1.9965312499844803e-03 +9.9957385712691627e-01 +9.9999947229088304e-01 +9.9999945426939785e-01 +9.9999946796416128e-01 +9.9999944451234124e-01 +8.8812891330791946e-05 +8.5708361488037082e-05 +8.4618452996146123e-05 +8.6765613936366684e-05 +8.2398435743220375e-05
 33.00000000 +5.0000000000000000e+00 +1.9999945682013851e+00 +1.9924985653040576e-03 +9.9958293456246483e-01 +9.9999942141781872e-01 +9.9999942859683433e-01 +9.9999945518924049e-01 +9.9999938317985126e-01 +8.8449366307568364e-05 +8.6366452330129617e-05 +8.1409358065272100e-05 +8.3009310010514212e-05 +8.0142529016176262e-05
 33.50000000 +5.0000000000000000e+00 +1.9999939946041168e+00 +1.9828026332840581e-03 +9.9960658075354103e-01 +9.9999941344316812e-01 +9.9999938285555856e-01 +9.9999935888256086e-01 +9.9999939772152535e-01 +8.3098581319310407e-05 +7.7993894567486693e-05 +7.7148438357757131e-05 +8.1336450389538309e-05 +7.6288990983682550e-05
 34.00000000 +5.0000000000000000e+00 +1.9999939789791132e+00 +1.9709400692542209e-03 +9.9963661862024755e-01 +9.9999938536595812e-01 +9.9999935931109252e-01 +9.9999939684771355e-01 +9.9999941404159265e-01 +7.2957505899149734e-05 +7.5515213808175318e-05 +7.5857768423308642e-05 +7.1930089680502483e-05 +6.9565380105526863e-05
 34.50000000 +5.0000000000000000e+00 +1.9999928636955187e+00 +1.9650021423916818e-03 +9.9965161684191162e-01 +9.9999934674940349e-01 +9.9999940458966718e-01 +9.9999939175003805e-01 +9.9999937711351417e-01 +7.3572511120072637e-05 +7.0001542213927168e-05 +7.0387930680352191e-05 +6.9698471501302746e-05 +6.7202627785722344e-05
 35.00000000 +5.0000000000000000e+00 +1.9999932924872412e+00 +1.9558207045366478e-03 +9.9967541406951987e-01 +9.9999932998272389e-01 +9.9999935916079119e-01 +9.9999934617275743e-01 +9.9999937811188899e-01 +6.5902762071869714e-05 +6.6203235211520755e-05 +6.5751034556461928e-05 +6.3612047510352450e-05 +6.5703414705554190e-05
 35.50000000 +5.0000000000000000e+00 +1.9999922690657355e+00 +1.9465944931651193e-03 +9.9969911574425852e-01 +9.9999932708509598e-01 +9.9999934262253509e-01 +9.9999933685689779e-01 +9.9999934676510749e-01 +6.1442100072207843e-05 +6.0531219275727669e-05 +6.3269224607486439e-05 +5.9401417045011876e-05 +5.8886841160076907e-05
 36.00000000 +5.0000000000000000e+00 +1.9999928508710698e+00 +1.9437037303884489e-03 +9.9970781230076566e-01 +9.9999929077901462e-01 +9.9999929174445668e-01 +9.9999931265428821e-01 +9.9999934830694226e-01 +6.1383325194128832e-05 +5.8314981404808648e-05 +5.8131883643381776e-05 +6.0454868839110738e-05 +5.6659157652792284e-05
 36.50000000 +5.0000000000000000e+00 +1.9999927653202039e+00 +1.9383491287152477e-03 +9.9972285702458918e-01 +9.9999931883649817e-01 +9.9999924701488485e-01 +9.9999927504428976e-01 +9.9999929759157280e-01 +5.7902141458339382e-05 +5.4788775836271432e-05 +5.6553581189725387e-05 +5.3734805514781495e-05 +5.7025133172167728e-05
 37.00000000 +5.0000000000000000e+00 +1.9999925668921679e+00 +1.9319012051956209e-03 +9.9974114608884734e-01 +9.9999924185784506e-01 +9.9999930052668340e-01 +9.9999926750361512e-01 +9.9999925253948496e-01 +5.2070719789774185e-05 +5.5557741766061216e-05 +5.1017577564243118e-05 +4.9380929728555955e-05 +5.3764399618709464e-05
 37.50000000 +5.0000000000000000e+00 +1.9999927485691957e+00 +1.9255263188133036e-03 +9.9975931763387782e-01 +9.9999919752858668e-01 +9.9999924064875323e-01 +9.9999926320986399e-01 +9.9999924610054169e-01 +5.0478118486029426e-05 +4.8966969681140951e-05 +4.8363686929285038e-05 +4.6700490267289131e-05 +4.9225688870821677e-05
 38.00000000 +5.0000000000000000e+00 +1.9999918818112550e+00 +1.9253685713972481e-03 +9.9976164999417783e-01 +9.9999929777033270e-01 +9.9999929541153221e-01 +9.9999924773692139e-01 +9.9999923771225840e-01 +4.9875401842941917e-05 +4.7148924108493737e-05 +4.5923494985132290e-05 +4.8402714102485039e-05 +4.9920830676079127e-05
 38.50000000 +5.0000000000000000e+00 +1.9999916505997450e+00 +1.9196133339857546e-03 +9.9977857349299404e-01 +9.9999924576091725e-01 +9.9999923255778755e-01 +9.9999925199079243e-01 +9.9999917244668524e-01 +4.3063983830138028e-05 +4.3538344899462528e-05 +4.8221149930654702e-05 +4.4101205841301459e-05 +4.5599029253847440e-05
 39.00000000 +5.0000000000000000e+00 +1.9999909739039210e+00 +1.9223114802755425e-03 +9.9977410435744651e-01 +9.9999918193148751e-01 +9.9999932930289859e-01 +9.9999919070031329e-01 +9.9999919952062055e-01 +4.8703287606299282e-05 +4.5578516807738419e-05 +4.5346191534983108e-05 +4.6803280458733506e-05 +4.2562912253655710e-05
 39.50000000 +5.0000000000000000e+00 +1.9999917083190779e+00 +1.9203250344020941e-03 +9.9978156563708098e-01 +9.9999917986513220e-01 +9.9999921236264011e-01 +9.9999926266684136e-01 +9.9999922431531263e-01 +4.6697063436995942e-05 +4.8962723560053368e-05 +4.4117009758046548e-05 +3.9049902253079241e-05 +4.2728334000940784e-05
 40.00000000 +5.0000000000000000e+00 +1.9999909222312340e+00 +1.9226443035069438e-03 +9.9977783680436139e-01 +9.9999922853753687e-01 +9.9999914234066423e-01 +9.9999922909307326e-01 +9.9999920034574818e-01 +4.7457532314780054e-05 +4.7168141486954232e-05 +4.3333515766932520e-05 +4.3002775628538684e-05 +4.4400990519973499e-05
 40.50000000 +5.0000000000000000e+00 +1.9999908735986949e+00 +1.9235840130370696e-03 +9.9977765463121160e-01 +9.9999920487254612e-01 +9.9999910863207297e-01 +9.9999920663259345e-01 +9.9999915934980543e-01 +4.6916707037094368e-05 +4.7236487746646775e-05 +4.5419721654149687e-05 +4.3049525006556526e-05 +4.3043229287826709e-05
 41.00000000 +5.0000000000000000e+00 +1.9999909455525147e+00 +1.9282115025676537e-03 +9.9976735558138385e-01 +9.9999909022698041e-01 +9.9999922221577542e-01 +9.9999918685272138e-01 +9.9999923550250347e-01 +4.6172828092513585e-05 +5.0131729498229366e-05 +4.4058678336498589e-05 +4.7385934037906916e-05 +4.8160557536167387e-05
 41.50000000 +5.0000000000000000e+00 +1.9999909518003716e+00 +1.9248527563522143e-03 +9.9977836811342891e-01 +9.9999922299777055e-01 +9.9999917291026119e-01 +9.9999922176286682e-01 +9.9999915792754079e-01 +4.5321700341217468e-05 +4.8454575286157640e-05 +4.6439719197747513e-05 +4.3838605074269005e-05 +4.0801547212204942e-05
 42.00000000 +5.0000000000000000e+00 +1.9999903080325849e+00 +1.9318979403292848e-03 +9.9976176672217509e-01 +9.9999910087344679e-01 +9.9999910319481411e-01 +9.9999916195062744e-01 +9.9999920440655365e-01 +4.6057311273173554e-05 +5.0512877947305622e-05 +4.9329454267211387e-05 +4.8290556238482290e-05 +4.7472475407524215e-05
 42.50000000 +5.0000000000000000e+00 +1.9999913638224887e+00 +1.9376514589425819e-03 +9.9974870389681647e-01 +9.9999909069748738e-01 +9.9999911176498446e-01 +9.9999917925058979e-01 +9.9999914304643778e-01 +4.5421177333624596e-05 +5.1864057443440592e-05 +5.0835527927093219e-05 +5.2649689979852431e-05 +5.4000807684316718e-05
 43.00000000 +5.0000000000000000e+00 +1.9999914814886108e+00 +1.9401326103394892e-03 +9.9974345336508841e-01 +9.9999913252979233e-01 +9.9999903252472244e-01 +9.9999912689681925e-01 +9.9999907167364033e-01 +5.2019975807645215e-05 +5.7764041420589558e-05 +5.2958707958217593e-05 +4.7948142626398243e-05 +4.9492060549622147e-05
 43.50000000 +5.0000000000000000e+00 +1.9999908551375394e+00 +1.9466765265053869e-03 +9.9972720605720977e-01 +9.9999914570118964e-01 +9.9999909604615045e-01 +9.9999908055916364e-01 +9.9999911167953504e-01 +5.4786991550482387e-05 +5.2959540091690920e-05 +5.5204162271804252e-05 +5.5701376830102733e-05 +5.7707810669795868e-05
 44.00000000 +5.0000000000000000e+00 +1.9999914678345010e+00 +1.9531926899071486e-03 +9.9971159457506509e-01 +9.9999905639325126e-01 +9.9999905490199248e-01 +9.9999906743850464e-01 +9.9999903863212536e-01 +5.9557951341629855e-05 +5.7048317144955236e-05 +5.8465838481736005e-05 +5.9646143083902844e-05 +5.7469872335741302e-05
 44.50000000 +5.0000000000000000e+00 +1.9999912479108044e+00 +1.9520388994303964e-03 +9.9971430319487786e-01 +9.9999905693850488e-01 +9.9999910850818119e-01 +9.9999899906246947e-01 +9.9999907002773691e-01 +5.5292074969836781e-05 +6.1323377123842485e-05 +5.8819806381635098e-05 +5.3591645910379092e-05 +6.0435406900290337e-05
 45.00000000 +5.0000000000000000e+00 +1.9999909704001932e+00 +1.9648574761877841e-03 +9.9968115365735943e-01 +9.9999910040478257e-01 +9.9999900953257181e-01 +9.9999902338159807e-01 +9.9999895192394761e-01 +6.3641427081302082e-05 +6.2300529290310470e-05 +6.5461353380529553e-05 +6.5886149997082245e-05 +6.5471650528425856e-05
 45.50000000 +5.0000000000000000e+00 +1.9999917818550732e+00 +1.9669248247697869e-03 +9.9967573311933688e-01 +9.9999899163518868e-01 +9.9999897669624749e-01 +9.9999911518743312e-01 +9.9999905704917724e-01 +6.7933610749133330e-05 +6.1303543396419257e-05 +6.6435126038620618e-05 +6.6592332897124379e-05 +6.5861699404119376e-05
 46.00000000 +5.0000000000000000e+00 +1.9999904430845223e+00 +1.9676854089740181e-03 +9.9967255294215263e-01 +9.9999901418114501e-01 +9.9999903822318115e-01 +9.9999907732852578e-01 +9.9999897003941218e-01 +6.8761159611348770e-05 +6.2450868194343620e-05 +6.8719615657777936e-05 +6.3886472767107612e-05 +6.7529175643922851e-05
 46.50000000 +5.0000000000000000e+00 +1.9999916994882292e+00 +1.9674029654606043e-03 +9.9967273459281714e-01 +9.9999886983208852e-01 +9.9999902890300485e-01 +9.9999906264049432e-01 +9.9999893967507403e-01 +6.2669380224834385e-05 +6.6050508044670792e-05 +6.6496677078451731e-05 +6.8524624876179321e-05 +6.7623164683180761e-05
 47.00000000 +5.0000000000000000e+00 +1.9999908375174760e+00 +1.9814817983014243e-03 +9.9963545372616702e-01 +9.9999892130901424e-01 +9.9999884145831130e-01 +9.9999900891902793e-01 +9.9999893380241656e-01 +7.3753820231880921e-05 +7.6539942588955205e-05 +7.5270511541438023e-05 +7.1690852076959445e-05 +7.1585856107324978e-05
 47.50000000 +5.0000000000000000e+00 +1.9999912015116366e+00 +1.9755895951031012e-03 +9.9964927407677695e-01 +9.9999896418198686e-01 +9.9999894645689613e-01 +9.9999891477949443e-01 +9.9999890118842416e-01 +7.4777549572158377e-05 +7.2648449377804377e-05 +6.9427902970080568e-05 +6.6550340779878889e-05 +7.1595074033791760e-05
 48.00000000 +5.0000000000000000e+00 +1.9999916907829363e+00 +1.9768197256368972e-03 +9.9964486322561441e-01 +9.9999881706080018e-01 +9.9999890668875890e-01 +9.9999887771378670e-01 +9.9999894460455296e-01 +7.3163014382956215e-05 +6.8865660195017021e-05 +7.0247173864317278e-05 +7.4193391139476696e-05 +7.3121337705873865e-05
 48.50000000 +5.0000000000000000e+00 +1.9999903519842070e+00 +1.9831524657879327e-03 +9.9962764663408132e-01 +9.9999881337661467e-01 +9.9999877928818726e-01 +9.9999871894827774e-01 +9.9999881013370007e-01 +7.1317849225534669e-05 +7.6816163413825946e-05 +7.9530567610965302e-05 +7.4815990262708782e-05 +7.4751009109544949e-05
 49.00000000 +5.0000000000000000e+00 +1.9999921036805719e+00 +1.9819807536510057e-03 +9.9962887916695975e-01 +9.9999883753007013e-01 +9.9999883406463352e-01 +9.9999875371101421e-01 +9.9999887222141570e-01 +8.1103030545941128e-05 +7.6983677494602321e-05 +7.1127336858159028e-05 +7.3540124768115616e-05 +7.3069110645480491e-05
 49.50000000 +5.0000000000000000e+00 +1.9999917693633726e+00 +1.9816172561601783e-03 +9.9962806483567490e-01 +9.9999884049603838e-01 +9.9999886987734299e-01 +9.9999858665485608e-01 +9.9999882019271713e-01 +7.4652431760271242e-05 +7.6284684851542721e-05 +7.4781118983122428e-05 +7.5103234318773710e-05 +7.5996376980145324e-05
 50.00000000 +5.0000000000000000e+00 +1.9999907247629358e+00 +1.9785388665117445e-03 +9.9963427659793169e-01 +9.9999885451780435e-01 +9.9999867805428022e-01 +9.9999883496379305e-01 +9.9999878192853553e-01 +7.6327732432790243e-05 +7.3726132633867111e-05 +7.4574611689443924e-05 +7.2856588834144226e-05 +7.3088806773561750e-05
 50.50000000 +5.0000000000000000e+00 +1.9999921883668481e+00 +1.9787363033472363e-03 +9.9963299418930796e-01 +9.9999868693507843e-01 +9.9999883071698714e-01 +9.9999876821124400e-01 +9.9999883364965991e-01 +7.4841983942667588e-05 +7.2469800391233014e-05 +7.4996226636559981e-05 +7.3138850437213696e-05 +7.6439338894193718e-05
 51.00000000 +5.0000000000000000e+00 +1.9999897490804228e+00 +1.9762761576320692e-03 +9.9963709946502144e-01 +9.9999880079906422e-01 +9.9999889123382613e-01 +9.9999873886447443e-01 +9.9999882484195834e-01 +7.9661411691843250e-05 +6.9151021087148252e-05 +7.2740785086330403e-05 +7.4536781452636859e-05 +7.1554675559136111e-05
 51.50000000 +5.0000000000000000e+00 +1.9999907695670402e+00 +1.9807342407396496e-03 +9.9962480802260323e-01 +9.9999870638440369e-01 +9.9999863729685612e-01 +9.9999874465303329e-01 +9.9999865833290169e-01 +7.8900090151410351e-05 +7.8900303140341530e-05 +7.1594999234385440e-05 +7.6329321416175922e-05 +7.4720533260106445e-05
 52.00000000 +5.0000000000000000e+00 +1.9999899487852437e+00 +1.9761713319126082e-03 +9.9963559140459091e-01 +9.9999878608187276e-01 +9.9999857674793691e-01 +9.9999861733300976e-01 +9.9999879787283796e-01 +7.2521253943382631e-05 +7.8090075399984507e-05 +7.7219015790463996e-05 +7.3508455649829948e-05 +6.8291855761928267e-05
 52.50000000 +5.0000000000000000e+00 +1.9999909839477403e+00 +1.9713516079745228e-03 +9.9964665890301962e-01 +9.9999865956896072e-01 +9.9999872909029730e-01 +9.9999854164778235e-01 +9.9999872033292758e-01 +7.8934404930558824e-05 +7.6339251564905722e-05 +6.6765450169049026e-05 +6.5759684924759153e-05 +7.0891696396322901e-05
 53.00000000 +5.0000000000000000e+00 +1.9999906160492360e+00 +1.9680099193272777e-03 +9.9965459861919514e-01 +9.9999855021221229e-01 +9.9999876651659614e-01 +9.9999870420620762e-01 +9.9999854675399447e-01 +7.0969787899093697e-05 +6.8175832994971195e-05 +7.0578515676305545e-05 +6.8740846343234057e-05 +7.2368518022158978e-05
 53.50000000 +5.0000000000000000e+00 +1.9999896580853720e+00 +1.9660900925537730e-03 +9.9965887419270572e-01 +9.9999854603881622e-01 +9.9999862282981489e-01 +9.9999848800010316e-01 +9.9999859273326308e-01 +7.2597880372356270e-05 +7.4304463560499311e-05 +7.1189244535603015e-05 +6.8677309338335159e-05 +6.0107368427624887e-05
 54.00000000 +5.0000000000000000e+00 +1.9999883680600965e+00 +1.9656861217833858e-03 +9.9965940810937592e-01 +9.9999862382823512e-01 +9.9999847156986754e-01 +9.9999854912692032e-01 +9.9999852967267888e-01 +7.1778752474446552e-05 +7.2235456128542464e-05 +7.2094505008323982e-05 +6.0831117073792556e-05 +6.9477770895930640e-05
 54.50000000 +5.0000000000000000e+00 +1.9999888506807990e+00 +1.9576050517481325e-03 +9.9968059964996614e-01 +9.9999846362706124e-01 +9.9999845824678846e-01 +9.9999855956701911e-01 +9.9999864335192090e-01 +6.7532755466177534e-05 +6.3966659098624057e-05 +6.0929906040168780e-05 +6.7699697971479851e-05 +6.5146452063465400e-05
 55.00000000 +5.0000000000000000e+00 +1.9999889866552356e+00 +1.9589529231351850e-03 +9.9967600688892611e-01 +9.9999846010785831e-01 +9.9999830150883018e-01 +9.9999846700321493e-01 +9.9999866288232830e-01 +7.4559481822706572e-05 +6.7277050724304206e-05 +5.8956580230522025e-05 +6.7323430069741300e-05 +6.1985159161323359e-05
 55.50000000 +5.0000000000000000e+00 +1.9999883525220103e+00 +1.9624817490356259e-03 +9.9966889591872066e-01 +9.9999844508216096e-01 +9.9999850262939716e-01 +9.9999849879475056e-01 +9.9999840983405863e-01 +6.9017189478401536e-05 +6.7117135413483813e-05 +6.8185600365168412e-05 +6.6275976325548129e-05 +6.6651957377363024e-05
 56.00000000 +5.0000000000000000e+00 +1.9999881009350469e+00 +1.9603143663045031e-03 +9.9967391518199600e-01 +9.9999860705593080e-01 +9.9999848568478922e-01 +9.9999848673745340e-01 +9.9999874346584705e-01 +7.3414159304373443e-05 +6.7133640834444913e-05 +6.6467950153650270e-05 +6.5491765980136402e-05 +5.9254178139296851e-05
 56.50000000 +5.0000000000000000e+00 +1.9999875836582182e+00 +1.9553256069673695e-03 +9.9968682744267490e-01 +9.9999846891010502e-01 +9.9999846566896300e-01 +9.9999839680371816e-01 +9.9999867886753235e-01 +6.4455224958484382e-05 +6.8451714920870102e-05 +6.4325090586294967e-05 +6.5972094595760544e-05 +5.5958063472916337e-05
 57.00000000 +5.0000000000000000e+00 +1.9999879259147810e+00 +1.9526706595941106e-03 +9.9969535589811231e-01 +9.9999831300813968e-01 +9.9999834055435544e-01 +9.9999834725084225e-01 +9.9999828617852660e-01 +6.7539008831389143e-05 +6.5009675245391517e-05 +6.0611081761567507e-05 +6.3530050196509950e-05 +5.4667175086932640e-05
 57.50000000 +5.0000000000000000e+00 +1.9999865767190157e+00 +1.9506351971326401e-03 +9.9970144801259642e-01 +9.9999834689929412e-01 +9.9999828922121303e-01 +9.9999841832732128e-01 +9.9999851425896435e-01 +6.4797478458755535e-05 +5.7885975087934955e-05 +5.4093201158885697e-05 +6.3964442514165298e-05 +6.4242147757618816e-05
 58.00000000 +5.0000000000000000e+00 +1.9999876323215133e+00 +1.9499485298018592e-03 +9.9970338275013437e-01 +9.9999838723216095e-01 +9.9999831861047028e-01 +9.9999847648146178e-01 +9.9999832188352367e-01 +6.3073631121296253e-05 +6.2393035134991661e-05 +5.7362400891552191e-05 +6.0018425933863179e-05 +6.0265610750235759e-05
 58.50000000 +5.0000000000000000e+00 +1.9999858559768728e+00 +1.9557245970126375e-03 +9.9968897266790613e-01 +9.9999826542757742e-01 +9.9999823734021620e-01 +9.9999828242298228e-01 +9.9999834753154648e-01 +6.6843986684140462e-05 +6.1592455822064639e-05 +6.0481104890984115e-05 +6.5199029906125614e-05 +6.3778008065810903e-05
 59.00000000 +5.0000000000000000e+00 +1.9999856421247051e+00 +1.9487264751260737e-03 +9.9970736337167698e-01 +9.9999834685630196e-01 +9.9999809071555357e-01 +9.9999817279756531e-01 +9.9999818718999067e-01 +5.9500859861782833e-05 +5.8189474307614412e-05 +5.6145210993578510e-05 +6.7120577916173692e-05 +5.8882950805772036e-05
 59.50000000 +5.0000000000000000e+00 +1.9999864158045404e+00 +1.9505565934237702e-03 +9.9970407503790215e-01 +9.9999842467066025e-01 +9.9999811737889610e-01 +9.9999808523164657e-01 +9.9999824089008305e-01 +6.2406503900321126e-05 +6.2017584012246941e-05 +5.6246383307883470e-05 +5.9688723561778244e-05 +6.2697749174733968e-05
 60.00000000 +5.0000000000000000e+00 +1.9999843761542473e+00 +1.9510447781494670e-03 +9.9970324028980317e-01 +9.9999837549268666e-01 +9.9999841975988779e-01 +9.9999823925081710e-01 +9.9999846529587899e-01 +6.4486814759311009e-05 +5.7965601409606487e-05 +6.6416222569245839e-05 +5.3644962382239286e-05 +6.0746198724755033e-05
 60.50000000 +5.0000000000000000e+00 +1.9999854630786860e+00 +1.9486638255486256e-03 +9.9971061216209556e-01 +9.9999832430121771e-01 +9.9999811615819745e-01 +9.9999829269516194e-01 +9.9999809065885847e-01 +5.8619141697314759e-05 +5.8732091286642436e-05 +5.8126799368078883e-05 +5.9213232285242328e-05 +6.1872653131085612e-05
 61.00000000 +5.0000000000000000e+00 +1.9999845358586459e+00 +1.9520700132134193e-03 +9.9970322452245475e-01 +9.9999821199280103e-01 +9.9999825492343775e-01 +9.9999843640373676e-01 +9.9999819099515042e-01 +6.5318736513711171e-05 +6.6194052598586074e-05 +5.7736107063013644e-05 +5.8472552772654600e-05 +5.5959690382616869e-05
 61.50000000 +5.0000000000000000e+00 +1.9999836196407872e+00 +1.9524061861298215e-03 +9.9970221261591596e-01 +9.9999807384692929e-01 +9.9999826866287711e-01 +9.9999808229534182e-01 +9.9999804979577367e-01 +5.5133045905938863e-05 +6.7192867226698429e-05 +5.6807959953132738e-05 +5.7359616801428317e-05 +6.8819207247130284e-05
 62.00000000 +5.0000000000000000e+00 +1.9999841555821067e+00 +1.9608128181233201e-03 +9.9968239877030585e-01 +9.9999836325928571e-01 +9.9999818532947971e-01 +9.9999810391346355e-01 +9.9999785788414752e-01 +7.0233787080196743e-05 +6.5869153666251181e-05 +6.2504555423231330e-05 +5.8021159333141115e-05 +6.8462349503614983e-05
 62.50000000 +5.0000000000000000e+00 +1.9999842620782564e+00 +1.9518447543899358e-03 +9.9970498308165900e-01 +9.9999824275698745e-01 +9.9999840976322918e-01 +9.9999775087716636e-01 +9.9999821623018459e-01 +6.6237431512728459e-05 +5.9355379488620700e-05 +6.1124164779496356e-05 +6.2210087962454936e-05 +5.3470311069736140e-05
 63.00000000 +5.0000000000000000e+00 +1.9999798748564190e+00 +1.9576082536343310e-03 +9.9968926269525338e-01 +9.9999789437034403e-01 +9.9999805311574852e-01 +9.9999819732993944e-01 +9.9999810324736382e-01 +6.4330583672230098e-05 +6.0691662749739968e-05 +6.9203008654345410e-05 +6.3755368698300557e-05 +6.0508722317068683e-05
 63.50000000 +5.0000000000000000e+00 +1.9999818302389307e+00 +1.9510953481632054e-03 +9.9970763984137256e-01 +9.9999803971013246e-01 +9.9999787431067855e-01 +9.9999786710337835e-01 +9.9999806430959992e-01 +6.2313284125018758e-05 +6.0105546023185435e-05 +5.6855899774510680e-05 +6.2189697095583403e-05 +5.9050364001887279e-05
 64.00000000 +5.0000000000000000e+00 +1.9999814229501878e+00 +1.9525891020877009e-03 +9.9970375766057784e-01 +9.9999829867890311e-01 +9.9999791855160813e-01 +9.9999811027792074e-01 +9.9999803277673927e-01 +6.4880000085497001e-05 +5.6345488694991453e-05 +6.5033178599607839e-05 +5.7798156202930383e-05 +5.9825239749181442e-05
 64.50000000 +5.0000000000000000e+00 +1.9999798483005364e+00 +1.9625804108903237e-03 +9.9967797726888985e-01 +9.9999803052254121e-01 +9.9999800180790255e-01 +9.9999817669678692e-01 +9.9999832506983632e-01 +6.5266313128461306e-05 +6.3645835715455122e-05 +6.8581457201573922e-05 +6.2812242546522954e-05 +6.9182631160911136e-05
 65.00000000 +5.0000000000000000e+00 +1.9999801786743949e+00 +1.9569891865882484e-03 +9.9969288257744748e-01 +9.9999762484748322e-01 +9.9999795801540292e-01 +9.9999794282387844e-01 +9.9999798435304210e-01 +6.1666444980381768e-05 +7.0241029712665725e-05 +5.8803931598138102e-05 +6.7554816611561477e-05 +5.7341132127099279e-05
 65.50000000 +5.0000000000000000e+00 +1.9999805960766381e+00 +1.9530551002543270e-03 +9.9970261857979947e-01 +9.9999796509704997e-01 +9.9999785556774912e-01 +9.9999810683090518e-01 +9.9999819818161328e-01 +6.4128781214706131e-05 +6.3268401340499942e-05 +5.9109687140330244e-05 +6.4449209742795634e-05 +5.4299765047662479e-05
 66.00000000 +5.0000000000000000e+00 +1.9999777353742869e+00 +1.9660983579810705e-03 +9.9966922548106918e-01 +9.9999790047747628e-01 +9.9999781994956138e-01 +9.9999790013059719e-01 +9.9999789204707912e-01 +7.1898595239498975e-05 +6.6464351734350405e-05 +6.9748387543715350e-05 +6.6660550616046561e-05 +6.4490033937869510e-05
 66.50000000 +5.0000000000000000e+00 +1.9999768645143687e+00 +1.9647809159150315e-03 +9.9967152882942778e-01 +9.9999782112853863e-01 +9.9999780043042952e-01 +9.9999786489430009e-01 +9.9999783888705263e-01 +7.0063083784693698e-05 +7.2651548419663597e-05 +6.3276544746948120e-05 +6.8034883237716776e-05 +6.3119686877082193e-05
 67.00000000 +5.0000000000000000e+00 +1.9999793388147689e+00 +1.9572583970742063e-03 +9.9969189953101834e-01 +9.9999771805859883e-01 +9.9999766998285888e-01 +9.9999801344415651e-01 +9.9999765734074686e-01 +7.3287895008933738e-05 +6.0624386946300455e-05 +6.4598299384574756e-05 +6.5761661887450836e-05 +5.2769319228425408e-05
 67.50000000 +5.0000000000000000e+00 +1.9999779277159948e+00 +1.9624728510723561e-03 +9.9967815308265873e-01 +9.9999764150266524e-01 +9.9999762432535455e-01 +9.9999758068027789e-01 +9.9999792749750571e-01 +6.6158875274779398e-05 +6.9674124582443100e-05 +6.9451372296546168e-05 +6.5329884451786722e-05 +6.0458705789153307e-05
 68.00000000 +5.0000000000000000e+00 +1.9999772222143437e+00 +1.9728056136907113e-03 +9.9965174171495841e-01 +9.9999791224546875e-01 +9.9999773341524734e-01 +9.9999778672752138e-01 +9.9999784671103997e-01 +7.1596976236000930e-05 +6.5049372784472718e-05 +7.1520076444788142e-05 +7.1616741561254826e-05 +7.7196019018742091e-05
 68.50000000 +5.0000000000000000e+00 +1.9999741932288908e+00 +1.9625560474848748e-03 +9.9967548643530868e-01 +9.9999774786201134e-01 +9.9999784922143620e-01 +9.9999795529629698e-01 +9.9999779926933519e-01 +7.1666211182880144e-05 +7.1450096222115916e-05 +7.0015560047505251e-05 +5.8229163747154495e-05 +6.1800860009301930e-05
 69.00000000 +5.0000000000000000e+00 +1.9999758272960440e+00 +1.9562045008569067e-03 +9.9969211208010256e-01 +9.9999732355471882e-01 +9.9999809173164689e-01 +9.9999737752192930e-01 +9.9999751511218082e-01 +6.0368813115623886e-05 +6.6900451312991576e-05 +7.1101670124648611e-05 +6.2197989103530648e-05 +5.7011174280465656e-05
 69.50000000 +5.0000000000000000e+00 +1.9999749018572002e+00 +1.9553611195755791e-03 +9.9969413230549187e-01 +9.9999778676384310e-01 +9.9999723936607920e-01 +9.9999749206395572e-01 +9.9999755235246612e-01 +6.2991787612888463e-05 +6.4273626839259630e-05 +6.3699437742379062e-05 +6.4513555687470414e-05 +6.0318838685569108e-05
 70.00000000 +5.0000000000000000e+00 +1.9999762164069419e+00 +1.9557956999083550e-03 +9.9969221436250100e-01 +9.9999767243727500e-01 +9.9999764069710362e-01 +9.9999765767154758e-01 +9.9999779374600828e-01 +6.7974496128211576e-05 +6.1872809079955559e-05 +6.4780261997664910e-05 +6.4065444841914665e-05 +5.8328070809562262e-05
 70.50000000 +5.0000000000000000e+00 +1.9999749042516419e+00 +1.9585666823449628e-03 +9.9968555194386932e-01 +9.9999746075491736e-01 +9.9999714756547431e-01 +9.9999776013504449e-01 +9.9999787727784162e-01 +6.9321101548310948e-05 +6.5225441084459010e-05 +5.6286539008420860e-05 +6.6188072438223684e-05 +6.7181164248559475e-05
 71.00000000 +5.0000000000000000e+00 +1.9999756681495995e+00 +1.9741861909700628e-03 +9.9964550516451978e-01 +9.9999793243935731e-01 +9.9999742408082493e-01 +9.9999784853976958e-01 +9.9999752822881993e-01 +7.4591822212433071e-05 +7.0748956874002920e-05 +7.1374275188042707e-05 +7.1583248832008664e-05 +7.5463173033218090e-05
 71.50000000 +5.0000000000000000e+00 +1.9999737448708028e+00 +1.9613995335526361e-03 +9.9967809583679990e-01 +9.9999751593099018e-01 +9.9999769625139279e-01 +9.9999774646957651e-01 +9.9999711366794419e-01 +7.0373731753807300e-05 +5.9762766722359499e-05 +7.3441085778745154e-05 +5.8591194314989055e-05 +6.9662937717406597e-05
 72.00000000 +5.0000000000000000e+00 +1.9999733084564697e+00 +1.9526582375215833e-03 +9.9969902624669216e-01 +9.9999747783440496e-01 +9.9999738548801365e-01 +9.9999731748648968e-01 +9.9999748641733865e-01 +6.2838904450251629e-05 +5.8081728372321409e-05 +6.8863851789376996e-05 +5.8480800545297149e-05 +6.3041172654452687e-05
 72.50000000 +5.0000000000000000e+00 +1.9999725537715485e+00 +1.9588106909069966e-03 +9.9968343056516762e-01 +9.9999744598503337e-01 +9.9999727579283793e-01 +9.9999738393531123e-01 +9.9999714325787370e-01 +6.3157557339864058e-05 +6.9905649519042502e-05 +6.6956336229291791e-05 +6.8685372905350476e-05 +5.8615472053202598e-05
 73.00000000 +5.0000000000000000e+00 +1.9999717240188877e+00 +1.9719888327194919e-03 +9.9964977551262335e-01 +9.9999749448948594e-01 +9.9999748830179502e-01 +9.9999732987270706e-01 +9.9999750375715579e-01 +7.3510827539450844e-05 +7.9469339177356063e-05 +7.6124291989521556e-05 +7.9690049368595845e-05 +5.1613600837484768e-05
 73.50000000 +5.0000000000000000e+00 +1.9999702122342160e+00 +1.9702749681908454e-03 +9.9965401603107806e-01 +9.9999763240383410e-01 +9.9999700110953638e-01 +9.9999703272134466e-01 +9.9999758586070608e-01 +7.1271870370818091e-05 +7.3613893149671654e-05 +7.9451444188550628e-05 +6.8101041608340028e-05 +6.4293535312995580e-05
 74.00000000 +5.0000000000000000e+00 +1.9999706161517539e+00 +1.9630381465332715e-03 +9.9967378852907773e-01 +9.9999761349016714e-01 +9.9999743634199534e-01 +9.9999762444907403e-01 +9.9999705819720863e-01 +6.4463471905326945e-05 +6.3509118446647501e-05 +6.5718808533701440e-05 +7.3268441089656395e-05 +6.9519105041495599e-05
 74.50000000 +5.0000000000000000e+00 +1.9999702516694491e+00 +1.9617474259318547e-03 +9.9967636088527534e-01 +9.9999737179055703e-01 +9.9999641939362560e-01 +9.9999735693903458e-01 +9.9999721381990692e-01 +7.7384429772464080e-05 +7.1744373861405019e-05 +6.5658652846780298e-05 +6.4635395024701365e-05 +5.5854341681980199e-05
 75.00000000 +5.0000000000000000e+00 +1.9999710787678886e+00 +1.9547054571726458e-03 +9.9969397541824279e-01 +9.9999725660538530e-01 +9.9999675543754041e-01 +9.9999730403025044e-01 +9.9999732176312461e-01 +5.7573897000405274e-05 +6.4337060091166273e-05 +6.4705268202625973e-05 +6.6261572639088567e-05 +6.4509039153240453e-05
 75.50000000 +5.0000000000000000e+00 +1.9999697804964554e+00 +1.9584115941613215e-03 +9.9968432726644685e-01 +9.9999733803577551e-01 +9.9999674347702738e-01 +9.9999697678475696e-01 +9.9999709687735661e-01 +7.1372241281384704e-05 +6.5410512098756845e-05 +6.8906898857828332e-05 +5.8443651762609787e-05 +6.3384186380485577e-05
 76.00000000 +5.0000000000000000e+00 +1.9999686346704160e+00 +1.9702487863832480e-03 +9.9965438257817574e-01 +9.9999765848150401e-01 +9.9999763471907110e-01 +9.9999675515822162e-01 +9.9999709605866949e-01 +6.4688506750243087e-05 +6.9710952237777069e-05 +6.9531260271938640e-05 +8.1133532742403615e-05 +7.1408796396655238e-05
 76.50000000 +5.0000000000000000e+00 +1.9999701925535618e+00 +1.9652868635911536e-03 +9.9966785103681677e-01 +9.9999678816540982e-01 +9.9999682490173192e-01 +9.9999728713087055e-01 +9.9999684260093880e-01 +7.0904852825782525e-05 +6.3896768840472488e-05 +7.3149995719795340e-05 +7.8311635203458737e-05 +5.8142906135554198e-05
 77.00000000 +5.0000000000000000e+00 +1.9999697042027342e+00 +1.9629885169658834e-03 +9.9967236537955562e-01 +9.9999703220707259e-01 +9.9999698472503906e-01 +9.9999691982842953e-01 +9.9999654409587091e-01 +6.9974695249881813e-05 +7.3576780508368469e-05 +6.8598349811286677e-05 +6.3305734508769783e-05 +6.4698247264280431e-05
 77.50000000 +5.0000000000000000e+00 +1.9999697702212571e+00 +1.9614941628231094e-03 +9.9967688245683750e-01 +9.9999709114811119e-01 +9.9999701679665487e-01 +9.9999688394330466e-01 +9.9999740408478954e-01 +5.7902764512994878e-05 +6.7530472518973682e-05 +7.6767195974121471e-05 +5.7355352802567423e-05 +7.5165740765053060e-05
 78.00000000 +5.0000000000000000e+00 +1.9999693889639762e+00 +1.9674325389833379e-03 +9.9966241479773144e-01 +9.9999707129825399e-01 +9.9999748485341267e-01 +9.9999703914652560e-01 +9.9999672522470351e-01 +7.9801273845382938e-05 +7.4501441190587262e-05 +6.2386321375011342e-05 +7.0089145294392605e-05 +6.2486362630979699e-05
 78.50000000 +5.0000000000000000e+00 +1.9999676224010225e+00 +1.9606871444074509e-03 +9.9968048692101052e-01 +9.9999636767947886e-01 +9.9999688301213874e-01 +9.9999706785242859e-01 +9.9999673504851239e-01 +5.8276333386555059e-05 +7.2227403029868171e-05 +7.2136139897079993e-05 +7.2305239843690677e-05 +5.7514390732988159e-05
 79.00000000 +5.0000000000000000e+00 +1.9999671301044413e+00 +1.9630763119789069e-03 +9.9967399882852026e-01 +9.9999731995343921e-01 +9.9999705132053063e-01 +9.9999630610214529e-01 +9.9999709972595341e-01 +6.8009990109065758e-05 +6.7499550040449750e-05 +6.9039923168259801e-05 +6.5646233767367525e-05 +6.8028303042485372e-05
 79.50000000 +5.0000000000000000e+00 +1.9999700449312816e+00 +1.9540550640501841e-03 +9.9969661522252651e-01 +9.9999701097491844e-01 +9.9999754102856009e-01 +9.9999695564431079e-01 +9.9999681686870678e-01 +6.4419946028947733e-05 +5.7937157824055858e-05 +5.5359400984555987e-05 +6.2954017087200301e-05 +7.4389827846392967e-05
 80.00000000 +5.0000000000000000e+00 +1.9999692086849321e+00 +1.9504842727070051e-03 +9.9970505481334571e-01 +9.9999687677022797e-01 +9.9999658290400550e-01 +9.9999675358801987e-01 +9.9999700987740092e-01 +5.6039645908254796e-05 +6.4747776021403951e-05 +5.7053867651485501e-05 +7.4658421959190288e-05 +5.5222363478970169e-05
 80.50000000 +5.0000000000000000e+00 +1.9999656511572348e+00 +1.9580841950092606e-03 +9.9968586089394218e-01 +9.9999692572922372e-01 +9.9999649232682064e-01 +9.9999614471668252e-01 +9.9999654782560965e-01 +6.3432565502859003e-05 +6.4185601935206265e-05 +7.9724091438942827e-05 +6.6323730036453742e-05 +5.4362544588577242e-05
 81.00000000 +5.0000000000000000e+00 +1.9999639778903742e+00 +1.9514903128148569e-03 +9.9970050774574071e-01 +9.9999661552742858e-01 +9.9999708189261394e-01 +9.9999671859833017e-01 +9.9999690432662525e-01 +6.6245851533340978e-05 +6.7603196893773810e-05 +7.0717592569593729e-05 +5.8655149123597056e-05 +4.8950133922005386e-05
 81.50000000 +5.0000000000000000e+00 +1.9999650863071028e+00 +1.9578601866093765e-03 +9.9968671718244539e-01 +9.9999638587421735e-01 +9.9999675497427942e-01 +9.9999683853001264e-01 +9.9999672165737596e-01 +6.4847507765004750e-05 +6.2092847517123052e-05 +6.8655680105573135e-05 +7.2749704002996406e-05 +5.8236124226648353e-05
 82.00000000 +5.0000000000000000e+00 +1.9999655936069975e+00 +1.9545329473361927e-03 +9.9969496824072535e-01 +9.9999645452993080e-01 +9.9999645352825450e-01 +9.9999738393622428e-01 +9.9999643156546902e-01 +5.7957882632806159e-05 +6.7451543386792432e-05 +6.6740680789731312e-05 +5.7841080460379723e-05 +6.8316947162926393e-05
 82.50000000 +5.0000000000000000e+00 +1.9999663175124371e+00 +1.9506707854000851e-03 +9.9970496166920042e-01 +9.9999699245161811e-01 +9.9999664586749260e-01 +9.9999680719549400e-01 +9.9999676134734305e-01 +6.3487310112689648e-05 +7.5103583194252848e-05 +5.6882706721372472e-05 +5.9912744192636536e-05 +5.2445046660047120e-05
 83.00000000 +5.0000000000000000e+00 +1.9999654938290989e+00 +1.9499408429646046e-03 +9.9970718215836396e-01 +9.9999667776863566e-01 +9.9999623015739969e-01 +9.9999702116540323e-01 +9.9999698089337041e-01 +6.5513990953300545e-05 +6.1608343447800903e-05 +6.4743063683002190e-05 +4.5731259792467324e-05 +6.8311279192228219e-05
 83.50000000 +5.0000000000000000e+00 +1.9999634331744773e+00 +1.9556599354066504e-03 +9.9969225145130369e-01 +9.9999694073254375e-01 +9.9999619433720477e-01 +9.9999681119568362e-01 +9.9999694746973167e-01 +5.8426680966207169e-05 +5.8706277699746665e-05 +6.2175546627074802e-05 +7.2467893622174694e-05 +6.9078437654286325e-05
 84.00000000 +5.0000000000000000e+00 +1.9999624059912315e+00 +1.9551328945570925e-03 +9.9969376933620591e-01 +9.9999608969439457e-01 +9.9999626673532671e-01 +9.9999677666230746e-01 +9.9999683328263511e-01 +7.0918480079739377e-05 +6.2351336613772256e-05 +6.5692552900385070e-05 +7.3615139290704072e-05 +4.7686734739886049e-05
 84.50000000 +5.0000000000000000e+00 +1.9999609249164620e+00 +1.9579917732255371e-03 +9.9968609375329553e-01 +9.9999686158482171e-01 +9.9999652844102971e-01 +9.9999703286203179e-01 +9.9999620098149666e-01 +6.5080045445446160e-05 +5.3926553352527453e-05 +7.9059572453120757e-05 +6.8973264813171505e-05 +6.0242826484310057e-05
 85.00000000 +5.0000000000000000e+00 +1.9999634310867016e+00 +1.9599863357797767e-03 +9.9968292652306134e-01 +9.9999649850508499e-01 +9.9999701739906877e-01 +9.9999689589512797e-01 +9.9999641371336911e-01 +5.9005912742690099e-05 +6.3441595596480763e-05 +5.8382245076505379e-05 +7.7617271849187230e-05 +7.1800837298236804e-05
 85.50000000 +5.0000000000000000e+00 +1.9999591434441208e+00 +1.9680964836743505e-03 +9.9965955639333670e-01 +9.9999677273973320e-01 +9.9999572918266943e-01 +9.9999636784896617e-01 +9.9999694494275271e-01 +6.9032934884793982e-05 +7.5163184820104559e-05 +6.6692519814892835e-05 +6.8296325117213951e-05 +7.5443995366218324e-05
 86.00000000 +5.0000000000000000e+00 +1.9999620918651366e+00 +1.9515451306336474e-03 +9.9970376977708952e-01 +9.9999647265997160e-01 +9.9999677904415174e-01 +9.9999652583478327e-01 +9.9999714496465208e-01 +7.2744375991866446e-05 +5.7299880176813617e-05 +6.7238762456429369e-05 +6.5275626253753609e-05 +4.6749142675538670e-05
 86.50000000 +5.0000000000000000e+00 +1.9999605448590094e+00 +1.9680143539063848e-03 +9.9966086879192784e-01 +9.9999659835647936e-01 +9.9999675325069659e-01 +9.9999696518158709e-01 +9.9999650481621649e-01 +7.6253903059679963e-05 +6.4257647308827435e-05 +8.4283419444866554e-05 +6.8257008813876407e-05 +5.9257584109172277e-05
 87.00000000 +5.0000000000000000e+00 +1.9999614556310830e+00 +1.9641658230775444e-03 +9.9967099356956723e-01 +9.9999668226221794e-01 +9.9999617795884554e-01 +9.9999600884188034e-01 +9.9999679565249755e-01 +7.5190143201067517e-05 +6.6708869132901282e-05 +8.2739739619987307e-05 +5.5613188840650647e-05 +6.3089848857745452e-05
 87.50000000 +5.0000000000000000e+00 +1.9999642390542653e+00 +1.9675513431824457e-03 +9.9966428835077648e-01 +9.9999667147211868e-01 +9.9999601802945093e-01 +9.9999670247102979e-01 +9.9999655939159615e-01 +7.3878548666792039e-05 +7.2398469325347527e-05 +7.4173586481815365e-05 +8.1229608204864474e-05 +4.8080068354091065e-05
 88.00000000 +5.0000000000000000e+00 +1.9999631467591270e+00 +1.9530657840195541e-03 +9.9970043999415137e-01 +9.9999598893450348e-01 +9.9999629565596548e-01 +9.9999586042379329e-01 +9.9999621697224883e-01 +7.4226629511503421e-05 +6.2674835321989601e-05 +6.0376276996146302e-05 +5.7144327275866266e-05 +6.0775924942973822e-05
 88.50000000 +5.0000000000000000e+00 +1.9999617440202690e+00 +1.9480533432533766e-03 +9.9971107708678597e-01 +9.9999602569056723e-01 +9.9999667327447517e-01 +9.9999598335974571e-01 +9.9999639402714813e-01 +6.7995918337944333e-05 +6.2894619963409343e-05 +6.3763214836050933e-05 +4.6472085577404150e-05 +6.2720665522525716e-05
 89.00000000 +5.0000000000000000e+00 +1.9999646610589230e+00 +1.9519338432701274e-03 +9.9970459520425414e-01 +9.9999566352454561e-01 +9.9999566667135042e-01 +9.9999567635811260e-01 +9.9999608809301810e-01 +6.5510980148066850e-05 +7.2141629735273258e-05 +4.8138707870615510e-05 +6.0596978081303476e-05 +6.5921742695615099e-05
 89.50000000 +5.0000000000000000e+00 +1.9999585865933427e+00 +1.9607669437593320e-03 +9.9967893833262822e-01 +9.9999621166560160e-01 +9.9999637954288412e-01 +9.9999602462412307e-01 +9.9999608436118215e-01 +5.9610528782447577e-05 +6.9457981825628702e-05 +7.2438306434595472e-05 +7.7788535841468698e-05 +5.7066157527648056e-05
 90.00000000 +5.0000000000000000e+00 +1.9999618591371260e+00 +1.9637073163361581e-03 +9.9967423884118689e-01 +9.9999632092329482e-01 +9.9999556462767869e-01 +9.9999629130662060e-01 +9.9999555263396633e-01 +5.8576626826180198e-05 +7.0046354949975919e-05 +7.7300779608960906e-05 +7.4940063727774303e-05 +6.1167885158976260e-05
 90.50000000 +5.0000000000000000e+00 +1.9999621652402175e+00 +1.9576900742219864e-03 +9.9969030164483486e-01 +9.9999679246881645e-01 +9.9999594767822997e-01 +9.9999641284252161e-01 +9.9999637868241964e-01 +8.9922529053387536e-05 +5.8252751909439873e-05 +5.4627512758515048e-05 +5.5886865910723163e-05 +6.5477044023812302e-05
 91.00000000 +5.0000000000000000e+00 +1.9999596484353475e+00 +1.9582570450085604e-03 +9.9968548801185841e-01 +9.9999651189866279e-01 +9.9999621066775568e-01 +9.9999591537364152e-01 +9.9999619440336018e-01 +7.3000597198012138e-05 +5.6646066580258436e-05 +7.7866971981722813e-05 +6.1675400953141072e-05 +6.0490607252142802e-05
 91.50000000 +5.0000000000000000e+00 +1.9999597023032085e+00 +1.9656985092313065e-03 +9.9966694709070536e-01 +9.9999544291284237e-01 +9.9999548760600232e-01 +9.9999563510290879e-01 +9.9999548031333874e-01 +5.9830496651799203e-05 +7.9776903112842082e-05 +5.6828686751485776e-05 +7.4621414425327947e-05 +7.9949491503887723e-05
 92.00000000 +5.0000000000000000e+00 +1.9999592198065588e+00 +1.9578308362491678e-03 +9.9968453642228294e-01 +9.9999591368848262e-01 +9.9999640801248857e-01 +9.9999670214740055e-01 +9.9999661918194038e-01 +5.9252069771256407e-05 +7.4989622776552763e-05 +6.3982042834657003e-05 +7.1978822140770414e-05 +5.9618008535199055e-05
 92.50000000 +5.0000000000000000e+00 +1.9999563481884026e+00 +1.9589595038723537e-03 +9.9968303281795612e-01 +9.9999475167884777e-01 +9.9999583748170207e-01 +9.9999581067041288e-01 +9.9999602904678120e-01 +5.4941299313197133e-05 +7.0515624392966000e-05 +7.2539829423429980e-05 +7.1080893090611939e-05 +6.5460605709768407e-05
 93.00000000 +5.0000000000000000e+00 +1.9999573432322137e+00 +1.9583153016816475e-03 +9.9968685641145572e-01 +9.9999544802704099e-01 +9.9999566237216808e-01 +9.9999555477444646e-01 +9.9999531583706003e-01 +6.2798767594103477e-05 +7.6110538265524303e-05 +5.8582570409145843e-05 +5.8970219959288237e-05 +7.4700550839875218e-05
 93.50000000 +5.0000000000000000e+00 +1.9999582148766173e+00 +1.9546179633451134e-03 +9.9969564804252387e-01 +9.9999564919917017e-01 +9.9999533104961247e-01 +9.9999571862413872e-01 +9.9999543245956324e-01 +4.7523821253323517e-05 +7.1540496846586059e-05 +7.1024970698938821e-05 +7.1023716301320071e-05 +6.1107729577923164e-05
 94.00000000 +5.0000000000000000e+00 +1.9999555144381000e+00 +1.9695539821791160e-03 +9.9965617545820473e-01 +9.9999594979230721e-01 +9.9999620248799836e-01 +9.9999510421081772e-01 +9.9999538518661713e-01 +5.9463886356502398e-05 +7.6116292077295212e-05 +6.8041443724340794e-05 +7.2750547028455729e-05 +8.4810673368926248e-05
 94.50000000 +5.0000000000000000e+00 +1.9999553976392919e+00 +1.9676078441036543e-03 +9.9966094979953357e-01 +9.9999615482068283e-01 +9.9999485436570945e-01 +9.9999563899399946e-01 +9.9999523195846896e-01 +7.3271643572305213e-05 +6.1351688869336075e-05 +7.8980470825157093e-05 +7.2144522227746513e-05 +7.1421831587190581e-05
 95.00000000 +5.0000000000000000e+00 +1.9999564390824940e+00 +1.9638120810302859e-03 +9.9967145392680923e-01 +9.9999536064131334e-01 +9.9999464612480105e-01 +9.9999571392975695e-01 +9.9999570538355631e-01 +6.4582053805151292e-05 +7.6433146029430686e-05 +6.2200904896219785e-05 +7.3692952496386897e-05 +7.0211031204098125e-05
 95.50000000 +5.0000000000000000e+00 +1.9999549839998569e+00 +1.9648947383655883e-03 +9.9966858082352317e-01 +9.9999586635859428e-01 +9.9999519347070409e-01 +9.9999608503772719e-01 +9.9999552445728856e-01 +7.5624574824372041e-05 +6.4798842612461696e-05 +7.8058282413662989e-05 +6.2889693662901411e-05 +6.7378563526367569e-05
 96.00000000 +5.0000000000000000e+00 +1.9999552726349039e+00 +1.9698509098540554e-03 +9.9965679164374577e-01 +9.9999510790160839e-01 +9.9999469674099650e-01 +9.9999530801413405e-01 +9.9999490532711421e-01 +7.2635497587818956e-05 +7.7618531433391286e-05 +6.0220551593243123e-05 +7.8104960636798213e-05 +7.4610763468931188e-05
 96.50000000 +5.0000000000000000e+00 +1.9999557494925595e+00 +1.9632446018039121e-03 +9.9967401459022132e-01 +9.9999565859274830e-01 +9.9999528095838286e-01 +9.9999534553905156e-01 +9.9999501475679187e-01 +5.9738728152082497e-05 +6.3242862442849072e-05 +8.1182359415381296e-05 +6.9958269371340944e-05 +7.0563350667193899e-05
 97.00000000 +5.0000000000000000e+00 +1.9999517893093994e+00 +1.9622009613553585e-03 +9.9967368170946458e-01 +9.9999546270565653e-01 +9.9999455230628220e-01 +9.9999456310827750e-01 +9.9999506235829883e-01 +6.7844452952177172e-05 +7.2353821068401843e-05 +5.5913725698474395e-05 +7.1076343678445859e-05 +7.9489485490405579e-05
 97.50000000 +5.0000000000000000e+00 +1.9999562143729270e+00 +1.9489132830626480e-03 +9.9970983706625838e-01 +9.9999568297599950e-01 +9.9999496394761023e-01 +9.9999535413030716e-01 +9.9999530616597854e-01 +6.4032480619361759e-05 +5.7316624402550380e-05 +6.0080068479825970e-05 +6.3020089572616566e-05 +6.4406433673267578e-05
 98.00000000 +5.0000000000000000e+00 +1.9999532378043063e+00 +1.9713411071343432e-03 +9.9965285251370151e-01 +9.9999473566869246e-01 +9.9999498514240581e-01 +9.9999624785431063e-01 +9.9999450733767270e-01 +7.2635141335604134e-05 +7.2851903749886652e-05 +6.5233842270361668e-05 +7.5338308424692649e-05 +8.0612303736942587e-05
 98.50000000 +5.0000000000000000e+00 +1.9999555224470209e+00 +1.9543111641159841e-03 +9.9969706446877493e-01 +9.9999526956390661e-01 +9.9999464302336594e-01 +9.9999655130139808e-01 +9.9999583103617384e-01 +5.0024225754520330e-05 +7.0823236256234556e-05 +6.0903878937719999e-05 +6.4527160299798623e-05 +7.4362193532144511e-05
 99.00000000 +5.0000000000000000e+00 +1.9999543804959166e+00 +1.9589625735945151e-03 +9.9968203138380318e-01 +9.9999519418225302e-01 +9.9999492900237985e-01 +9.9999545562197589e-01 +9.9999637324402124e-01 +8.0731526570789410e-05 +6.6148745999073717e-05 +5.1942011451346292e-05 +7.2023818420648727e-05 +6.5170416065274113e-05
 99.50000000 +5.0000000000000000e+00 +1.9999514433131675e+00 +1.9577828556301790e-03 +9.9968683171039840e-01 +9.9999605780618706e-01 +9.9999463533311739e-01 +9.9999525273925605e-01 +9.9999640687341707e-01 +6.6234778353510554e-05 +7.4052449771522938e-05 +5.7071410761254311e-05 +7.0792470488257223e-05 +6.2664408635858246e-05
100.00000000 +5.0000000000000000e+00 +1.9999520064637066e+00 +1.9594742476677341e-03 +9.9968184641207514e-01 +9.9999544208860192e-01 +9.9999472247588228e-01 +9.9999502575989552e-01 +9.9999444898426759e-01 +6.6072629677519802e-05 +7.3215410987964442e-05 +7.1183028937200617e-05 +6.4074889043737375e-05 +6.3968418450397171e-05
100.50000000 +5.0000000000000000e+00 +1.9999514949253392e+00 +1.9544784955597052e-03 +9.9969519667821527e-01 +9.9999548057082299e-01 +9.9999465875551541e-01 +9.9999560593741932e-01 +9.9999643570597796e-01 +7.7626134930918793e-05 +5.2198566639479205e-05 +7.3320582599562014e-05 +6.3749220417395493e-05 +5.5727942911995360e-05
101.00000000 +5.0000000000000000e+00 +1.9999550090094187e+00 +1.9518616966527711e-03 +9.9970312043350540e-01 +9.9999375964400816e-01 +9.9999579272875527e-01 +9.9999513078861291e-01 +9.9999569494710583e-01 +6.0099348485991422e-05 +6.7375291543786872e-05 +6.1458131713403266e-05 +6.5794928955659724e-05 +6.1773703966567771e-05
101.50000000 +5.0000000000000000e+00 +1.9999545253910620e+00 +1.9439717567123177e-03 +9.9972136138539813e-01 +9.9999405119221407e-01 +9.9999503079108931e-01 +9.9999464612055833e-01 +9.9999479560570403e-01 +5.0288245512801770e-05 +6.1212487736592077e-05 +6.1412519815009031e-05 +5.3851890043568452e-05 +7.3349728615322243e-05
102.00000000 +5.0000000000000000e+00 +1.9999487913634537e+00 +1.9584592844407254e-03 +9.9968358501824683e-01 +9.9999549178981562e-01 +9.9999469081792458e-01 +9.9999490653854906e-01 +9.9999537982204945e-01 +7.0169091769687171e-05 +7.8960842500237126e-05 +7.6554800625283436e-05 +5.3214014956758551e-05 +5.7047260680298024e-05
102.50000000 +5.0000000000000000e+00 +1.9999493933554400e+00 +1.9657507818868626e-03 +9.9966414764889289e-01 +9.9999469623898252e-01 +9.9999584676323372e-01 +9.9999409722752797e-01 +9.9999364130170509e-01 +6.1747630858366580e-05 +8.5081081171650043e-05 +6.8885094787758753e-05 +6.2185141490976665e-05 +7.9671962666391674e-05
103.00000000 +5.0000000000000000e+00 +1.9999466222537050e+00 +1.9609697497803766e-03 +9.9967824245798109e-01 +9.9999442653304282e-01 +9.9999464732705601e-01 +9.9999649250649658e-01 +9.9999477824797667e-01 +5.9970175785325705e-05 +7.6702605785404341e-05 +6.7924712283327855e-05 +6.7872759364251604e-05 +6.8942582384735291e-05
103.50000000 +5.0000000000000000e+00 +1.9999501329216374e+00 +1.9569827281937287e-03 +9.9968806642459829e-01 +9.9999484877081835e-01 +9.9999357827315272e-01 +9.9999432833706048e-01 +9.9999429103243920e-01 +5.9130276397896064e-05 +5.6101470772410472e-05 +5.8912954973445212e-05 +8.1059512010808518e-05 +7.9682891070782753e-05
104.00000000 +5.0000000000000000e+00 +1.9999485307438816e+00 +1.9593386438222916e-03 +9.9968571672857853e-01 +9.9999498363841099e-01 +9.9999470752842778e-01 +9.9999544134167229e-01 +9.9999479059470842e-01 +6.7819679618900228e-05 +7.9641785711774375e-05 +7.1434350719919612e-05 +5.5550607963336868e-05 +5.9913742785131539e-05
104.50000000 +5.0000000000000000e+00 +1.9999440842534759e+00 +1.9593258975754550e-03 +9.9968170327150851e-01 +9.9999503857215133e-01 +9.9999452746116091e-01 +9.9999559674181870e-01 +9.9999436918421947e-01 +7.6645986801262335e-05 +6.5227955200273049e-05 +6.3698515089170751e-05 +8.4933013402423805e-05 +4.8259283683931868e-05
105.00000000 +5.0000000000000000e+00 +1.9999489210519041e+00 +1.9619850247675494e-03 +9.9967854091666397e-01 +9.9999429571438003e-01 +9.9999354371399984e-01 +9.9999546635772296e-01 +9.9999457207704145e-01 +8.0471986083006166e-05 +6.0687482558091830e-05 +8.4535032223443562e-05 +6.8405426918884067e-05 +4.9481307989485447e-05
105.50000000 +5.0000000000000000e+00 +1.9999467115448568e+00 +1.9687348161113224e-03 +9.9965929235603246e-01 +9.9999472974497861e-01 +9.9999487584556279e-01 +9.9999669341171049e-01 +9.9999471787131244e-01 +8.5739352830133220e-05 +7.0812361787308634e-05 +5.9995431500798245e-05 +7.0011524177860627e-05 +7.3132096546884125e-05
106.00000000 +5.0000000000000000e+00 +1.9999456727511453e+00 +1.9593534352594336e-03 +9.9968247071844818e-01 +9.9999553392490814e-01 +9.9999501000557645e-01 +9.9999295912735053e-01 +9.9999478183635981e-01 +6.1320270094920851e-05 +7.8297950180510485e-05 +6.0584734609096977e-05 +7.3789733387327533e-05 +6.5251714700562420e-05
106.50000000 +5.0000000000000000e+00 +1.9999462519670728e+00 +1.9593897982366384e-03 +9.9968391481239938e-01 +9.9999393609948295e-01 +9.9999570766309220e-01 +9.9999429645071691e-01 +9.9999487699222733e-01 +7.6912504850913744e-05 +8.6102514119652405e-05 +6.9439305019168530e-05 +5.2277541683114577e-05 +5.2536126309882190e-05
107.00000000 +5.0000000000000000e+00 +1.9999463431383140e+00 +1.9687943049645600e-03 +9.9966104514924137e-01 +9.9999454882377381e-01 +9.9999350409115340e-01 +9.9999479566694782e-01 +9.9999394234347261e-01 +7.8719050703561605e-05 +6.6260826544267741e-05 +8.5106395301989216e-05 +6.5112585359298559e-05 +6.6965154771950444e-05
107.50000000 +5.0000000000000000e+00 +1.9999416197982438e+00 +1.9652845211225330e-03 +9.9966857553421617e-01 +9.9999455722229624e-01 +9.9999405895231497e-01 +9.9999511946737318e-01 +9.9999389984408282e-01 +6.4983810159422470e-05 +6.4473056145406769e-05 +7.5158084523045844e-05 +6.5421584181242466e-05 +8.3752385905010876e-05
108.00000000 +5.0000000000000000e+00 +1.9999451785500102e+00 +1.9605102305920159e-03 +9.9968195247135672e-01 +9.9999413273069437e-01 +9.9999461396528000e-01 +9.9999505700849611e-01 +9.9999349738245047e-01 +8.2455409404558184e-05 +7.1237556664323817e-05 +6.6045266940989626e-05 +6.3924252488391516e-05 +5.7084010888928964e-05
108.50000000 +5.0000000000000000e+00 +1.9999400135989549e+00 +1.9708267448873351e-03 +9.9965276302439654e-01 +9.9999385977782318e-01 +9.9999528998970466e-01 +9.9999516140470401e-01 +9.9999512168288418e-01 +8.5319859947147279e-05 +5.9004573868752051e-05 +7.2242844023982206e-05 +8.5956195838306063e-05 +6.5280588268548699e-05
109.00000000 +5.0000000000000000e+00 +1.9999467252280267e+00 +1.9565997780828983e-03 +9.9969036136362166e-01 +9.9999508287421712e-01 +9.9999492177972360e-01 +9.9999398590315225e-01 +9.9999377302659520e-01 +6.0753910279587478e-05 +7.2837033759177929e-05 +7.6588112275951807e-05 +7.4062710871047990e-05 +4.7633318691241036e-05
109.50000000 +5.0000000000000000e+00 +1.9999471429295883e+00 +1.9598719458703605e-03 +9.9968321480551792e-01 +9.9999378383705662e-01 +9.9999372872996117e-01 +9.9999316614309508e-01 +9.9999599315744492e-01 +5.7267051945624952e-05 +7.1237570069756397e-05 +5.8448550500862438e-05 +6.6726651680196661e-05 +8.6433458171849206e-05
110.00000000 +5.0000000000000000e+00 +1.9999442248483115e+00 +1.9649962084456237e-03 +9.9967067746455851e-01 +9.9999648125419005e-01 +9.9999341836632827e-01 +9.9999479508600442e-01 +9.9999400666353933e-01 +5.9288220770699308e-05 +5.9248519008446103e-05 +8.5773252872818896e-05 +6.9805728520018563e-05 +7.6505360613210666e-05
110.50000000 +5.0000000000000000e+00 +1.9999499912173015e+00 +1.9375659938299478e-03 +9.9974001416265990e-01 +9.9999089554439147e-01 +9.9999490465824392e-01 +9.9999417740051422e-01 +9.9999325911106918e-01 +8.1158180611967505e-05 +4.7203820554606611e-05 +6.1904048251158042e-05 +4.8203958473168616e-05 +4.8279129519744745e-05
111.00000000 +5.0000000000000000e+00 +1.9999415633191664e+00 +1.9627367172124280e-03 +9.9967288971520740e-01 +9.9999302136309476e-01 +9.9999461497313424e-01 +9.9999470711494876e-01 +9.9999483527305710e-01 +6.9095650529593167e-05 +8.6162673248937590e-05 +7.7282711047433562e-05 +6.0183756267515039e-05 +5.7206824590228612e-05
111.50000000 +5.0000000000000000e+00 +1.9999443697622314e+00 +1.9531687418433462e-03 +9.9969845092435861e-01 +9.9999387186146393e-01 +9.9999304818223289e-01 +9.9999306732850479e-01 +9.9999366201066420e-01 +6.2585552888961811e-05 +5.6189338744255567e-05 +5.7449660634457599e-05 +6.1544629615564226e-05 +9.0130566601671092e-05
112.00000000 +5.0000000000000000e+00 +1.9999384980823394e+00 +1.9573930645904189e-03 +9.9968845676606444e-01 +9.9999352800710828e-01 +9.9999334705742882e-01 +9.9999429621874514e-01 +9.9999407100752646e-01 +6.9108121820537642e-05 +7.3880452061885935e-05 +7.0314159456287832e-05 +5.8913856614383623e-05 +6.4084394276638361e-05
112.50000000 +5.0000000000000000e+00 +1.9999464213658162e+00 +1.9499770890304068e-03 +9.9970829461709476e-01 +9.9999507568830115e-01 +9.9999287748264620e-01 +9.9999481669435686e-01 +9.9999271507133147e-01 +6.9491087082100526e-05 +7.8025055559895131e-05 +5.5389922902310402e-05 +5.6186731459837606e-05 +5.7127634147982475e-05
113.00000000 +5.0000000000000000e+00 +1.9999383302394302e+00 +1.9613213316438914e-03 +9.9967863030999859e-01 +9.9999480398844154e-01 +9.9999342771169542e-01 +9.9999245830041539e-01 +9.9999447214706783e-01 +5.8944829131529862e-05 +6.2173985445112748e-05 +7.4966169295899660e-05 +7.6643887993908404e-05 +7.3478645919710124e-05
113.50000000 +5.0000000000000000e+00 +1.9999354119545352e+00 +1.9734312738156601e-03 +9.9964605556700781e-01 +9.9999331262487101e-01 +9.9999380289926976e-01 +9.9999371718427588e-01 +9.9999353554767856e-01 +9.7030837937871567e-05 +7.2942594648263905e-05 +7.6830916526730983e-05 +6.6275593040106319e-05 +6.6496275111933541e-05
114.00000000 +5.0000000000000000e+00 +1.9999435033453206e+00 +1.9746962058667028e-03 +9.9964887571362027e-01 +9.9999352375107531e-01 +9.9999389454485510e-01 +9.9999145478017659e-01 +9.9999464890592127e-01 +8.4216771187587363e-05 +8.1928933818766392e-05 +5.5230386100735413e-05 +8.0359830734323909e-05 +7.5866460610875079e-05
114.50000000 +5.0000000000000000e+00 +1.9999372975566019e+00 +1.9592169528702933e-03 +9.9968202893635194e-01 +9.9999504047611931e-01 +9.9999430910778508e-01 +9.9999238370351839e-01 +9.9999412649467923e-01 +7.5644113597864591e-05 +7.9168272373607336e-05 +6.7467959847619609e-05 +6.9123750137028986e-05 +5.0707173892807286e-05
115.00000000 +5.0000000000000000e+00 +1.9999461476728448e+00 +1.9547153275967107e-03 +9.9969582066467366e-01 +9.9999318280642902e-01 +9.9999433053643771e-01 +9.9999392135047327e-01 +9.9999241414340811e-01 +8.2468118077662689e-05 +8.1983105835131977e-05 +5.9802737686786840e-05 +5.5355487226262402e-05 +5.0721048337690117e-05
115.50000000 +5.0000000000000000e+00 +1.9999412584581604e+00 +1.9565755136709273e-03 +9.9968991050267120e-01 +9.9999350787229335e-01 +9.9999296264127824e-01 +9.9999290038272026e-01 +9.9999347933602079e-01 +7.5908296237267063e-05 +5.7423959770778751e-05 +5.0450155604406984e-05 +7.4792127530817827e-05 +7.8664760688191966e-05
116.00000000 +5.0000000000000000e+00 +1.9999391363399939e+00 +1.9590857285291161e-03 +9.9968311111256580e-01 +9.9999382125729208e-01 +9.9999373349547227e-01 +9.9999322181497952e-01 +9.9999313642842491e-01 +5.4428167279865200e-05 +5.5792096389375530e-05 +9.3567535792490216e-05 +7.5074333583036607e-05 +6.4113770909538111e-05
116.50000000 +5.0000000000000000e+00 +1.9999431253049642e+00 +1.9539820310994077e-03 +9.9969877970063281e-01 +9.9999552533689762e-01 +9.9999445471943971e-01 +9.9999242200845728e-01 +9.9999373192714203e-01 +5.3648885269713281e-05 +6.4142609628091752e-05 +5.6444675293233059e-05 +1.0124526845108666e-04 +4.9604794099456244e-05
117.00000000 +5.0000000000000000e+00 +1.9999460791260666e+00 +1.9398806561338087e-03 +9.9973448399649956e-01 +9.9999387146654495e-01 +9.9999455789392544e-01 +9.9999139049068253e-01 +9.9999267855287299e-01 +6.3846232986023417e-05 +6.2726666274268093e-05 +7.2243410133314076e-05 +5.9071582929713862e-05 +3.5129700354731147e-05
117.50000000 +5.0000000000000000e+00 +1.9999430119392188e+00 +1.9494586335077467e-03 +9.9970637186076028e-01 +9.9999211678210131e-01 +9.9999175023900155e-01 +9.9999287942183790e-01 +9.9999281717740851e-01 +7.1790231270793574e-05 +7.9858681346572417e-05 +6.1114764209454464e-05 +4.9974807993269866e-05 +6.1326033236528440e-05
118.00000000 +5.0000000000000000e+00 +1.9999433444628705e+00 +1.9411000421060652e-03 +9.9973149137392092e-01 +9.9999282674635603e-01 +9.9999174073431907e-01 +9.9999204886428772e-01 +9.9999186523570527e-01 +5.4484980897870458e-05 +6.3013542210525395e-05 +5.9942009268144306e-05 +5.1804274357055521e-05 +7.0782238957150604e-05
118.50000000 +5.0000000000000000e+00 +1.9999356864057620e+00 +1.9660661891473881e-03 +9.9966704863037514e-01 +9.9999224708229995e-01 +9.9999394477567671e-01 +9.9999383643556727e-01 +9.9999459521627543e-01 +5.4531536376774170e-05 +6.0007006366523943e-05 +8.9200489817192936e-05 +7.3251152733087388e-05 +8.1337734898187657e-05
119.00000000 +5.0000000000000000e+00 +1.9999344424807881e+00 +1.9551438953928362e-03 +9.9969125424532923e-01 +9.9999311952962777e-01 +9.9999427849392197e-01 +9.9999164600091683e-01 +9.9999221293948992e-01 +8.2575756249632810e-05 +6.7486005764780686e-05 +7.1981194149747278e-05 +6.0976268774699972e-05 +5.4469637513139131e-05
119.50000000 +5.0000000000000000e+00 +1.9999424520670388e+00 +1.9473935217783726e-03 +9.9971668986000406e-01 +9.9999235198881475e-01 +9.9999293107287102e-01 +9.9999378390706084e-01 +9.9999347824374962e-01 +5.9410795049458881e-05 +5.3491394345736729e-05 +7.4257304032827401e-05 +6.3604099335121247e-05 +6.0001324352080679e-05
120.00000000 +5.0000000000000000e+00 +1.9999370014283808e+00 +1.9498024917770191e-03 +9.9970779419204081e-01 +9.9999490866941743e-01 +9.9999177258693239e-01 +9.9999374743862357e-01 +9.9999233707782442e-01 +5.5352831514057568e-05 +6.8336283700324196e-05 +6.8928082009546196e-05 +5.6427419905431098e-05 +7.0395409332167899e-05
120.50000000 +5.0000000000000000e+00 +1.9999382774628400e+00 +1.9527364621567086e-03 +9.9970221225212208e-01 +9.9999406570952276e-01 +9.9999107411162258e-01 +9.9999138490867834e-01 +9.9999399370831998e-01 +4.8300621712807696e-05 +7.5876597830584709e-05 +6.6892861224556930e-05 +8.0475562793960839e-05 +5.5723606179897207e-05
121.00000000 +5.0000000000000000e+00 +1.9999360743825159e+00 +1.9495992677110922e-03 +9.9970895347371402e-01 +9.9999358460389820e-01 +9.9999078302709510e-01 +9.9999377532869671e-01 +9.9999348217308803e-01 +8.2388989873108704e-05 +3.3207355117558829e-05 +6.1275960654510379e-05 +6.5451282834561294e-05 +7.7097819211202439e-05
121.50000000 +5.0000000000000000e+00 +1.9999340020645004e+00 +1.9634110977396102e-03 +9.9967202974967062e-01 +9.9999202718175595e-01 +9.9999413475936816e-01 +9.9999138788921038e-01 +9.9999256510861745e-01 +7.4540094004636257e-05 +8.6429856082128210e-05 +4.4679330589927649e-05 +7.0845597650660464e-05 +8.1360478567890266e-05
122.00000000 +5.0000000000000000e+00 +1.9999377482148710e+00 +1.9701003590357580e-03 +9.9965728413045740e-01 +9.9999272519767657e-01 +9.9999304471520478e-01 +9.9999237104863459e-01 +9.9999271232940612e-01 +8.9426916539460898e-05 +6.2494962668802626e-05 +7.5098063098281420e-05 +6.3576646875744379e-05 +8.1266004605975301e-05
122.50000000 +5.0000000000000000e+00 +1.9999377821088380e+00 +1.9508111636216728e-03 +9.9970370273661546e-01 +9.9999315168566993e-01 +9.9999074037807756e-01 +9.9999230070528466e-01 +9.9999327626360479e-01 +6.2744709787360134e-05 +7.6157277435521113e-05 +6.9089762073098177e-05 +3.9710867639016891e-05 +7.9125598344718918e-05
123.00000000 +5.0000000000000000e+00 +1.9999320094378912e+00 +1.9465433552438292e-03 +9.9970945775477194e-01 +9.9999402215083522e-01 +9.9999219386241389e-01 +9.9999216923722500e-01 +9.9999451888096968e-01 +7.0134617923824430e-05 +5.2333835013996765e-05 +6.1707179134017174e-05 +4.9771010259567598e-05 +8.3691426269021473e-05
123.50000000 +5.0000000000000000e+00 +1.9999349801800439e+00 +1.9753848554410962e-03 +9.9964489742088070e-01 +9.9999263161975682e-01 +9.9999333636884757e-01 +9.9999278955817361e-01 +9.9999467837847522e-01 +7.8941166502128317e-05 +8.1586681698672339e-05 +8.2752475063278155e-05 +7.8967303955479375e-05 +5.9419062240471303e-05
124.00000000 +5.0000000000000000e+00 +1.9999434680234138e+00 +1.9557936920928010e-03 +9.9969368169445738e-01 +9.9999356236329195e-01 +9.9999289092532462e-01 +9.9999293043858284e-01 +9.9999319649744944e-01 +6.2589353810611431e-05 +6.0807217044502409e-05 +7.8334639619693879e-05 +5.1405256674101359e-05 +8.0601581041757578e-05
124.50000000 +5.0000000000000000e+00 +1.9999297141128800e+00 +1.9241180851353398e-03 +9.9976879131525442e-01 +9.9999294505389880e-01 +9.9999392761996386e-01 +9.9998992137595910e-01 +9.9999278577816431e-01 +5.4278061824968631e-05 +4.8497712882156491e-05 +7.2618564287961628e-05 +5.4519186025809988e-05 +3.1715354963119415e-05
125.00000000 +5.0000000000000000e+00 +1.9999258699689202e+00 +1.9683660243106317e-03 +9.9965836492066673e-01 +9.9999413973237194e-01 +9.9999181826974293e-01 +9.9999324776335141e-01 +9.9998963702503130e-01 +9.2346350127490775e-05 +7.7932001871315533e-05 +5.8672588304556116e-05 +6.9640508506552706e-05 +7.4200841546094340e-05
125.50000000 +5.0000000000000000e+00 +1.9999321294303525e+00 +1.9479791211658129e-03 +9.9970986513475568e-01 +9.9999110431733651e-01 +9.9999205887158094e-01 +9.9999358984149167e-01 +9.9999628792517792e-01 +5.6367116957622126e-05 +6.4444522469069726e-05 +7.1040507906790150e-05 +6.5529264447626437e-05 +5.9712497691564942e-05
126.00000000 +5.0000000000000000e+00 +1.9999271125712215e+00 +1.9624717649010474e-03 +9.9967391382908632e-01 +9.9999104770897917e-01 +9.9999178428864754e-01 +9.9999466416707006e-01 +9.9999414959509880e-01 +7.9411081617466355e-05 +6.5780268350656187e-05 +7.6651637356198657e-05 +6.1295856601151233e-05 +7.1301632792998028e-05
126.50000000 +5.0000000000000000e+00 +1.9999308570878940e+00 +1.9402916904237570e-03 +9.9973164284760752e-01 +9.9999251908410358e-01 +9.9999187163029901e-01 +9.9999175149922970e-01 +9.9999539638138679e-01 +5.7386376711926738e-05 +6.3216152828694821e-05 +4.9961569745730532e-05 +5.4709042718481070e-05 +7.1545408869968746e-05
127.00000000 +5.0000000000000000e+00 +1.9999341817376322e+00 +1.9492460558241890e-03 +9.9970917216914501e-01 +9.9999022545099292e-01 +9.9999171114680263e-01 +9.9999346239934717e-01 +9.9999275795711517e-01 +5.2032531469137551e-05 +7.6130000853404930e-05 +8.1607677955137850e-05 +7.9999152056224441e-05 +3.2901504178453004e-05
127.50000000 +5.0000000000000000e+00 +1.9999294593010450e+00 +1.9406893839650303e-03 +9.9972984007344334e-01 +9.9999226731675017e-01 +9.9999504925108884e-01 +9.9999249770073295e-01 +9.9998993933164626e-01 +7.0784254631710877e-05 +7.6407018005170734e-05 +5.7975015490775322e-05 +4.4642496064987716e-05 +5.0597512963081121e-05
128.00000000 +5.0000000000000000e+00 +1.9999244650496588e+00 +1.9789672521082066e-03 +9.9963232349947084e-01 +9.9998864985430780e-01 +9.9999179160833107e-01 +9.9999091840447041e-01 +9.9999252289824869e-01 +7.9613625066781143e-05 +8.3808050037774198e-05 +1.0257389773897143e-04 +6.1422864747171259e-05 +7.6375275624252940e-05
128.50000000 +5.0000000000000000e+00 +1.9999247921261187e+00 +1.9747953022743489e-03 +9.9964413412697739e-01 +9.9999069299410837e-01 +9.9999227373613486e-01 +9.9999029649469751e-01 +9.9999207648840649e-01 +8.1626937044242215e-05 +8.7728887596812358e-05 +8.2898782642262662e-05 +6.9012163572384691e-05 +6.9259452754911885e-05
129.00000000 +5.0000000000000000e+00 +1.9999251310422543e+00 +1.9457303643721482e-03 +9.9971596629564696e-01 +9.9998993410197212e-01 +9.9999326263695643e-01 +9.9999196120147427e-01 +9.9998912122878580e-01 +8.4947963389395655e-05 +8.1684244499019283e-05 +4.0756248459135164e-05 +6.8710016965391587e-05 +4.3656010675939506e-05
129.50000000 +5.0000000000000000e+00 +1.9999267299859584e+00 +1.9745835383146175e-03 +9.9964333716694165e-01 +9.9999406607051711e-01 +9.9999088046700624e-01 +9.9999321732761004e-01 +9.9999198999498762e-01 +6.1827773493708431e-05 +8.7324704593795302e-05 +5.7390941333734530e-05 +7.5464759273105795e-05 +1.0450082537876899e-04
130.00000000 +5.0000000000000000e+00 +1.9999277588805120e+00 +1.9585300767380660e-03 +9.9968529581988397e-01 +9.9999071316459365e-01 +9.9999181520105762e-01 +9.9999438042550526e-01 +9.9999286746266636e-01 +7.1444507589405284e-05 +5.7188493257163876e-05 +7.2319570804454359e-05 +7.8865397408620251e-05 +6.5109935811518652e-05
130.50000000 +5.0000000000000000e+00 +1.9999276672965818e+00 +1.9586397339470432e-03 +9.9968380568965998e-01 +9.9999417409772950e-01 +9.9999438365370519e-01 +9.9999260542829438e-01 +9.9999214278509030e-01 +8.1522476676246594e-05 +6.5302162582200692e-05 +5.3943602811073548e-05 +7.0712537803368526e-05 +7.1407564141251918e-05
131.00000000 +5.0000000000000000e+00 +1.9999223043104624e+00 +1.9725993134647171e-03 +9.9965319799771146e-01 +9.9999234485087951e-01 +9.9999349168750784e-01 +9.9998979742586347e-01 +9.9999036878274095e-01 +6.6050106174008150e-05 +6.4876881469549269e-05 +1.0273241669128833e-04 +5.5207201852424954e-05 +9.1932587463035181e-05
131.50000000 +5.0000000000000000e+00 +1.9999261015508323e+00 +1.9793200090463350e-03 +9.9963254697562998e-01 +9.9999312596754986e-01 +9.9998946319875415e-01 +9.9999090745031816e-01 +9.9999328065494697e-01 +5.8898065859565750e-05 +5.3951743030232054e-05 +1.1212029003953737e-04 +9.1603559069401149e-05 +8.4102121221330529e-05
132.00000000 +5.0000000000000000e+00 +1.9999209084229799e+00 +1.9611814233426650e-03 +9.9968210265144131e-01 +9.9999102309179733e-01 +9.9998867647647660e-01 +9.9999149034071899e-01 +9.9998795098876603e-01 +6.3191436006606130e-05 +6.6823406301244731e-05 +6.8111860080094668e-05 +8.1734029499439065e-05 +7.8895726197160697e-05
132.50000000 +5.0000000000000000e+00 +1.9999245460642754e+00 +1.9852402843995053e-03 +9.9961902472791042e-01 +9.9999233672148724e-01 +9.9999165932093237e-01 +9.9999276425511985e-01 +9.9999084431737251e-01 +8.5161567071318444e-05 +9.5690025186645020e-05 +6.6540058493481106e-05 +8.6353142629591153e-05 +7.9625883453860480e-05
133.00000000 +5.0000000000000000e+00 +1.9999203005433284e+00 +1.9554117006462266e-03 +9.9969527907303257e-01 +9.9999243291343709e-01 +9.9999211136961674e-01 +9.9998724719435705e-01 +9.9999258944053337e-01 +7.0709412301366392e-05 +7.7472111702858382e-05 +5.4209984103476839e-05 +6.6694924256646189e-05 +7.1253599273662870e-05
133.50000000 +5.0000000000000000e+00 +1.9999265546746448e+00 +1.9468602030104228e-03 +9.9971537268042709e-01 +9.9999165258365663e-01 +9.9999026727884366e-01 +9.9999091367554516e-01 +9.9999208449970389e-01 +5.0974644671250550e-05 +5.8822406418177304e-05 +6.5465556558246793e-05 +7.0200176819261786e-05 +7.4246508341029624e-05
134.00000000 +5.0000000000000000e+00 +1.9999215283018299e+00 +1.9735465703173407e-03 +9.9964639439564529e-01 +9.9999023574874546e-01 +9.9998879353765713e-01 +9.9999309871572206e-01 +9.9998799443795394e-01 +6.7241537299892758e-05 +7.1271273971107752e-05 +1.0322114726552243e-04 +8.1214951219567481e-05 +7.0534256900165338e-05
134.50000000 +5.0000000000000000e+00 +1.9999246349301631e+00 +1.9406548690603135e-03 +9.9972879456570041e-01 +9.9999433741424859e-01 +9.9999002756159394e-01 +9.9999069673214747e-01 +9.9998944805945122e-01 +6.9060207305780201e-05 +5.7900420286059533e-05 +7.1378702934325934e-05 +4.2305084602859185e-05 +6.6051242378220774e-05
135.00000000 +5.0000000000000000e+00 +1.9999266049044757e+00 +1.9760382611717455e-03 +9.9964042490250671e-01 +9.9999321169579636e-01 +9.9999230954492069e-01 +9.9999391163899709e-01 +9.9999043558623379e-01 +1.0716134988937774e-04 +9.8424555564105847e-05 +7.4772481813561794e-05 +5.8148645169903416e-05 +5.1199588984272245e-05
135.50000000 +5.0000000000000000e+00 +1.9999151771560948e+00 +1.9779054612641552e-03 +9.9963057818971002e-01 +9.9999003374616813e-01 +9.9998905453509312e-01 +9.9998937563493306e-01 +9.9999196761433451e-01 +9.1712189329421883e-05 +8.0462394087460991e-05 +9.6368901714515606e-05 +7.7181746411675420e-05 +6.3265066680826616e-05
136.00000000 +5.0000000000000000e+00 +1.9999257353436510e+00 +1.9486229130933606e-03 +9.9970932313126115e-01 +9.9999562124193475e-01 +9.9999168830800822e-01 +9.9999238723445816e-01 +9.9999054768452134e-01 +4.3005785651791846e-05 +6.6734827052057334e-05 +5.6351336114930982e-05 +7.9961883726816256e-05 +7.4378558456822708e-05
136.50000000 +5.0000000000000000e+00 +1.9999284194598679e+00 +1.9313621143662470e-03 +9.9975190407860348e-01 +9.9999027512346261e-01 +9.9999220377611331e-01 +9.9998936657848070e-01 +9.9999118303312196e-01 +7.9734819820052183e-05 +3.3830887653896987e-05 +7.8518229337980189e-05 +5.3835227831589398e-05 +3.9148258539874011e-05
137.00000000 +5.0000000000000000e+00 +1.9999215860214508e+00 +1.9516741544090266e-03 +9.9969736850030677e-01 +9.9999191535736420e-01 +9.9999228032150844e-01 +9.9998795533727536e-01 +9.9999191911694008e-01 +7.2942762268610029e-05 +6.4823086869723531e-05 +5.3110374548563874e-05 +9.0764453436526256e-05 +5.6920656302095356e-05
137.50000000 +5.0000000000000000e+00 +1.9999173686918588e+00 +1.9500970720963823e-03 +9.9970535929756221e-01 +9.9999302257034073e-01 +9.9999229916712606e-01 +9.9999182167351619e-01 +9.9999192650404745e-01 +8.3065927007092364e-05 +3.5785318914774780e-05 +9.8039731637658635e-05 +6.2716737822050595e-05 +4.5963064656481483e-05
138.00000000 +5.0000000000000000e+00 +1.9999154296920951e+00 +1.9601976565277257e-03 +9.9967968601692658e-01 +9.9998997949703694e-01 +9.9999155410673246e-01 +9.9999178426645441e-01 +9.9999368907959807e-01 +6.0137194201814078e-05 +5.8740004521138242e-05 +8.5201752573969166e-05 +6.6202649218629323e-05 +8.3025432557583284e-05
138.50000000 +5.0000000000000000e+00 +1.9999169095608027e+00 +1.9658872426504925e-03 +9.9966800165412140e-01 +9.9999165530796141e-01 +9.9998937525836562e-01 +9.9998894308279651e-01 +9.9999060931165784e-01 +6.3028075061278218e-05 +1.0380294809796393e-04 +7.9577034423390029e-05 +3.7150133574535955e-05 +8.7857164902280561e-05
139.00000000 +5.0000000000000000e+00 +1.9999119823518743e+00 +1.9865759022487986e-03 +9.9961450850007760e-01 +9.9998906416115152e-01 +9.9998965741671897e-01 +9.9998888639169947e-01 +9.9999190521751713e-01 +7.2280322439693468e-05 +9.6363875492302162e-05 +8.6041759637813818e-05 +6.1733734631213297e-05 +1.0955862985928053e-04
139.50000000 +5.0000000000000000e+00 +1.9999060206488919e+00 +1.9785755844538401e-03 +9.9963653755917459e-01 +9.9999086270331439e-01 +9.9998738106375396e-01 +9.9998956497606684e-01 +9.9998865892296851e-01 +1.0024639026135108e-04 +4.2043671700065893e-05 +8.4493034716465168e-05 +7.7978522946998155e-05 +1.0223316277011040e-04
140.00000000 +5.0000000000000000e+00 +1.9999216280223564e+00 +1.9486872788864206e-03 +9.9971171639062650e-01 +9.9999338786949976e-01 +9.9999046065312336e-01 +9.9998974816970576e-01 +9.9999185331627949e-01 +7.8703019878679359e-05 +3.8201403907836277e-05 +8.5327518106041175e-05 +5.6911410086506004e-05 +6.3690216032196779e-05
140.50000000 +5.0000000000000000e+00 +1.9999070533072572e+00 +1.9737784927413792e-03 +9.9964378783584895e-01 +9.9998965416904817e-01 +9.9998874652151259e-01 +9.9999034833356248e-01 +9.9998960685440519e-01 +1.1036076753506433e-04 +1.1164048448772218e-04 +3.4279850051878518e-05 +8.4210638387148423e-05 +5.7364561091156062e-05
141.00000000 +5.0000000000000000e+00 +1.9999171851572974e+00 +1.9373372858272216e-03 +9.9973949641810966e-01 +9.9999078466280367e-01 +9.9999468419020077e-01 +9.9998884455030945e-01 +9.9998966261253930e-01 +6.7124759592213039e-05 +7.2633380512941300e-05 +5.5848395006224159e-05 +4.9069359059327200e-05 +5.1851677893617280e-05
141.50000000 +5.0000000000000000e+00 +1.9999043613009135e+00 +1.9781115558076467e-03 +9.9963370583232192e-01 +9.9998919834403566e-01 +9.9998946195831728e-01 +9.9998999667249355e-01 +9.9999047505132332e-01 +7.7855705447506298e-05 +1.1710925597479475e-04 +5.9555204822592516e-05 +7.2559217699125810e-05 +8.0082731670811784e-05
142.00000000 +5.0000000000000000e+00 +1.9999106914776386e+00 +1.9421705567622370e-03 +9.9973065936931815e-01 +9.9999209987067017e-01 +9.9998561598682179e-01 +9.9999052569434399e-01 +9.9998997221713282e-01 +8.6984604230409325e-05 +6.3442143299418345e-05 +3.9645399628998625e-05 +8.0813244845309311e-05 +4.0241476599592023e-05
142.50000000 +5.0000000000000000e+00 +1.9999071620678062e+00 +1.9701366949149775e-03 +9.9965676435313244e-01 +9.9998886028890988e-01 +9.9998954798730388e-01 +9.9998809913873377e-01 +9.9999117718480091e-01 +8.7184106533739090e-05 +4.9501268656632489e-05 +6.1841033012824279e-05 +7.3617112124585383e-05 +1.1340757589268847e-04
143.00000000 +5.0000000000000000e+00 +1.9999117571379350e+00 +1.9618758599184464e-03 +9.9967592384149095e-01 +9.9999189779628095e-01 +9.9998858050115946e-01 +9.9998989314372133e-01 +9.9999208611748869e-01 +9.1135616377375573e-05 +8.2313386173034762e-05 +4.7893360422881214e-05 +7.3852730064745715e-05 +6.6423537691030871e-05
143.50000000 +5.0000000000000000e+00 +1.9999095137275686e+00 +1.9436014769251939e-03 +9.9972053834604269e-01 +9.9999331950694337e-01 +9.9998883304423181e-01 +9.9999115992371623e-01 +9.9999479451323559e-01 +7.7287485441674401e-05 +5.8203495007539676e-05 +8.2498800752961980e-05 +3.7296756982980656e-05 +5.6068140608909728e-05
144.00000000 +5.0000000000000000e+00 +1.9999122201695523e+00 +1.9660212043552529e-03 +9.9967311247454116e-01 +9.9999106404729432e-01 +9.9999253255295084e-01 +9.9998826437624255e-01 +9.9999177121211824e-01 +4.9289347154575399e-05 +9.0768146133901145e-05 +6.6114490184948714e-05 +5.1581683478510502e-05 +1.0550167911464948e-04
144.50000000 +5.0000000000000000e+00 +1.9999074251186510e+00 +1.9477675387480516e-03 +9.9971039256436056e-01 +9.9999259054336220e-01 +9.9998923764521530e-01 +9.9998821295255758e-01 +9.9999001920642316e-01 +8.5961711021873417e-05 +8.8172750544815909e-05 +1.9949460615572660e-05 +7.4024635941534467e-05 +6.1438504606427610e-05
145.00000000 +5.0000000000000000e+00 +1.9999121304308884e+00 +1.9587839592970589e-03 +9.9968641616429765e-01 +9.9999232188608089e-01 +9.9999025656009211e-01 +9.9998972544285836e-01 +9.9998816552722514e-01 +6.5950039018273859e-05 +8.3738142717735365e-05 +5.7332510607016764e-05 +4.9197922821964417e-05 +9.6895805103200118e-05
145.50000000 +5.0000000000000000e+00 +1.9999106099159001e+00 +1.9534108762778030e-03 +9.9969998170233743e-01 +9.9998752672713132e-01 +9.9999088311527984e-01 +9.9999043218093830e-01 +9.9999345048826038e-01 +3.9552053373230257e-05 +8.9296109848995724e-05 +7.1637896635214012e-05 +7.0786629639189890e-05 +6.6453096346152894e-05
146.00000000 +5.0000000000000000e+00 +1.9999111453990179e+00 +1.9679745269688032e-03 +9.9965842225994672e-01 +9.9999201133101245e-01 +9.9998998707777798e-01 +9.9998727488877936e-01 +9.9998833527116404e-01 +5.5809728135809053e-05 +6.7419154755905274e-05 +9.4762420665772979e-05 +7.8217970470350511e-05 +8.7759905274855456e-05
146.50000000 +5.0000000000000000e+00 +1.9999140849160022e+00 +1.9323315580203713e-03 +9.9974679201668726e-01 +9.9998621236000729e-01 +9.9998958421949502e-01 +9.9998829872021167e-01 +9.9998724421364593e-01 +7.7216513235264415e-05 +5.2154387375695725e-05 +2.7999067953627064e-05 +6.8001715566281184e-05 +7.6496765789518475e-05
147.00000000 +5.0000000000000000e+00 +1.9999079068546897e+00 +1.9770164621974650e-03 +9.9964323780853559e-01 +9.9998851528267729e-01 +9.9998729462065750e-01 +9.9998831935656696e-01 +9.9998912362436476e-01 +9.5035808512334449e-05 +1.1237730489051928e-04 +8.1436334085035770e-05 +7.6118256664176287e-05 +3.8541569959124455e-05
147.50000000 +5.0000000000000000e+00 +1.9999014976311793e+00 +2.0015045077996772e-03 +9.9957490641258662e-01 +9.9998588000143984e-01 +9.9999483149111790e-01 +9.9998991262698500e-01 +9.9998959655050279e-01 +1.0961919389807465e-04 +7.5534637323279003e-05 +9.0955176360406245e-05 +9.7552789361527115e-05 +9.1211130838219021e-05
148.00000000 +5.0000000000000000e+00 +1.9999060434511799e+00 +1.9645958518783022e-03 +9.9966667599225467e-01 +9.9999449209442892e-01 +9.9998830178353915e-01 +9.9998772057834973e-01 +9.9999142361719240e-01 +1.1417423212236153e-04 +5.4903185046251094e-05 +7.4241721251394488e-05 +6.5820202073245198e-05 +6.2246575586388718e-05
148.50000000 +5.0000000000000000e+00 +1.9999099540746035e+00 +1.9681701413032508e-03 +9.9966234134954324e-01 +9.9998511053341332e-01 +9.9999101570005144e-01 +9.9999155167577503e-01 +9.9999344751519958e-01 +7.8041073877935515e-05 +6.4254315908187303e-05 +1.1348606324583998e-04 +6.8539620317018660e-05 +5.2212195157315527e-05
149.00000000 +5.0000000000000000e+00 +1.9999074257880596e+00 +1.9580027734791457e-03 +9.9968925888984539e-01 +9.9999190764022206e-01 +9.9998627385196470e-01 +9.9999510062369201e-01 +9.9999417396823065e-01 +1.1270502224938438e-04 +9.9271485097093685e-05 +3.2685696527916110e-05 +5.5645028798791077e-05 +4.2977764918193305e-05
149.50000000 +5.0000000000000000e+00 +1.9998987309843312e+00 +1.9658585445165794e-03 +9.9966258558247167e-01 +9.9999117413413641e-01 +9.9998949951068861e-01 +9.9998601678119192e-01 +9.9998424737160696e-01 +8.1861449973250847e-05 +7.0201395321884414e-05 +1.0017748516633143e-04 +7.2636634608370194e-05 +6.1599677853015354e-05
150.00000000 +5.0000000000000000e+00 +1.9998973150389177e+00 +1.9676755279290203e-03 +9.9965856419866150e-01 +9.9998777183912846e-01 +9.9998714553463497e-01 +9.9999087915507834e-01 +9.9998917000869203e-01 +7.4054410792269415e-05 +1.0888478453672981e-04 +8.3686872640104082e-05 +4.2211601962042143e-05 +7.7631598392743846e-05
